Area Codes,Area Names,All Ages,0-4,5-9,10-14,15-19,20-24,25-29,30-34,35-39,40-44,45-49,50-54,55-59,60-64,65-69,70-74,75-79,80-84,85-89,90+,Gender,Year 
E06000047,,261826,14048,12703,13589,16030,17506,15150,14365,15265,18873,19862,18448,16738,17969,14423,12042,9882,7538,4737,2658,F,2011
E01020634,County Durham 001A,809,44,36,25,43,36,41,53,54,59,62,61,45,60,59,52,25,25,17,12,F,2011
E01020635,County Durham 001B,690,35,28,25,44,21,46,43,43,51,59,68,43,56,53,26,22,14,11,2,F,2011
E01020636,County Durham 001C,846,44,25,43,45,50,57,59,56,63,60,54,64,50,44,30,39,33,20,10,F,2011
E01020654,County Durham 001D,875,41,40,47,41,37,63,62,66,64,80,73,41,55,40,38,38,23,16,10,F,2011
E01020676,County Durham 001E,763,42,26,37,51,41,33,45,49,52,79,65,67,49,45,33,22,16,9,2,F,2011
E01020613,County Durham 002A,705,37,40,47,42,28,21,35,44,67,69,36,44,50,65,44,21,9,5,1,F,2011
E01020614,County Durham 002B,750,39,49,34,36,26,32,47,44,40,46,37,50,55,59,57,49,24,15,11,F,2011
E01020622,County Durham 002C,832,46,41,43,46,44,49,52,57,66,85,73,74,69,37,22,15,7,5,1,F,2011
E01020623,County Durham 002D,751,37,42,38,46,43,56,48,59,54,90,70,62,46,24,20,7,2,5,2,F,2011
E01020627,County Durham 003A,774,34,35,46,42,24,47,37,57,74,54,70,62,51,40,39,27,17,14,4,F,2011
E01020628,County Durham 003B,830,44,42,49,29,26,25,37,51,62,67,62,62,80,45,47,47,32,15,8,F,2011
E01020629,County Durham 003C,791,45,49,55,44,38,38,30,51,66,66,67,45,58,41,30,31,22,11,4,F,2011
E01020655,County Durham 003D,1025,60,39,47,55,42,49,60,77,69,88,72,73,68,57,51,46,24,25,23,F,2011
E01020656,County Durham 003E,764,34,23,33,38,28,34,39,38,47,69,45,52,56,47,50,38,30,36,27,F,2011
E01020657,County Durham 003F,774,38,34,45,54,22,33,44,51,60,67,81,55,72,42,31,26,12,5,2,F,2011
E01020661,County Durham 004A,963,64,38,42,62,54,69,64,51,85,55,57,62,43,36,46,36,32,39,28,F,2011
E01020662,County Durham 004B,891,42,43,48,49,47,52,51,62,66,76,68,62,50,53,39,25,23,23,12,F,2011
E01020663,County Durham 004C,925,53,42,36,37,59,53,62,54,75,57,74,53,79,59,44,41,25,19,3,F,2011
E01020674,County Durham 004D,817,41,37,48,43,47,46,53,48,57,58,55,62,52,46,33,22,35,24,10,F,2011
E01020678,County Durham 004E,703,35,34,27,56,37,40,32,38,48,61,60,59,53,39,31,25,18,8,2,F,2011
E01020606,County Durham 005A,757,43,32,38,42,44,55,37,34,51,60,47,52,52,44,47,31,24,15,9,F,2011
E01020615,County Durham 005B,933,46,54,51,60,39,49,54,48,73,83,72,30,45,48,45,46,50,24,16,F,2011
E01020616,County Durham 005C,885,69,53,58,48,54,63,69,61,65,71,59,49,45,39,27,24,16,11,4,F,2011
E01020617,County Durham 005D,924,37,39,44,49,39,53,50,62,70,75,73,71,80,54,59,32,21,7,9,F,2011
E01020626,County Durham 006A,790,50,42,33,24,43,46,47,34,43,53,42,56,55,57,52,39,38,21,15,F,2011
E01020638,County Durham 006B,794,39,33,31,39,45,42,35,37,67,53,58,62,70,61,43,43,20,11,5,F,2011
E01020639,County Durham 006C,774,57,46,47,39,56,57,51,43,58,56,49,40,55,33,28,20,16,13,10,F,2011
E01020653,County Durham 006D,813,63,28,45,47,50,48,49,51,57,58,51,51,68,46,31,29,22,14,5,F,2011
E01020677,County Durham 006E,794,33,43,38,60,43,31,42,50,42,65,59,46,56,46,46,39,26,19,10,F,2011
E01020596,County Durham 007A,890,55,49,63,52,48,46,60,55,61,60,58,51,47,53,44,41,24,14,9,F,2011
E01020597,County Durham 007B,763,23,37,43,42,31,31,34,46,42,58,52,54,76,86,52,32,12,12,0,F,2011
E01020598,County Durham 007C,900,39,38,44,43,44,51,49,55,63,70,63,42,68,66,54,40,38,25,8,F,2011
E01020611,County Durham 007D,713,28,35,36,30,23,28,28,36,52,66,64,37,61,59,44,47,28,10,1,F,2011
E01020612,County Durham 007E,823,26,41,40,37,30,16,38,40,62,57,58,61,68,77,72,52,34,8,6,F,2011
E01020647,County Durham 008A,1108,104,77,77,72,93,84,85,91,89,76,65,52,64,38,16,16,4,4,1,F,2011
E01020648,County Durham 008B,982,77,72,73,57,65,89,75,73,74,55,60,45,43,43,27,26,16,7,5,F,2011
E01020649,County Durham 008C,781,63,42,46,51,49,62,44,41,69,50,51,51,65,31,22,18,14,10,2,F,2011
E01020673,County Durham 008D,806,41,34,40,42,46,45,29,43,70,52,66,58,58,43,48,33,26,19,13,F,2011
E01020675,County Durham 008E,874,37,29,45,49,55,44,38,49,59,58,62,55,56,45,46,48,47,31,21,F,2011
E01020624,County Durham 009A,793,46,40,38,58,60,65,51,55,52,73,47,38,61,30,30,24,14,9,2,F,2011
E01020625,County Durham 009B,828,40,44,35,55,48,61,50,53,56,52,75,54,54,39,26,24,25,20,17,F,2011
E01020670,County Durham 009C,849,45,36,47,44,45,47,34,44,58,51,54,65,51,57,56,51,26,25,13,F,2011
E01020671,County Durham 009D,673,50,55,32,43,62,58,45,36,43,44,37,29,38,36,23,18,12,5,7,F,2011
E01020672,County Durham 009E,815,46,44,33,59,46,64,44,42,61,74,60,54,55,46,32,22,18,7,8,F,2011
E01020632,County Durham 010A,895,50,39,46,40,67,62,61,53,74,84,73,50,42,40,34,23,30,17,10,F,2011
E01020640,County Durham 010B,1141,73,61,62,73,73,100,69,96,108,83,74,69,67,51,26,23,13,12,8,F,2011
E01020641,County Durham 010C,1085,57,58,45,51,55,50,81,76,82,72,74,53,60,57,59,50,38,43,24,F,2011
E01020642,County Durham 010D,731,32,26,57,35,36,36,35,41,60,53,59,34,56,40,44,34,22,12,19,F,2011
E01020643,County Durham 010E,1094,85,50,46,62,82,80,81,84,75,82,73,50,64,48,40,30,35,17,10,F,2011
E01020667,County Durham 010F,782,36,23,25,33,44,49,44,39,41,53,58,66,66,64,51,39,25,19,7,F,2011
E01020592,County Durham 011A,836,62,57,61,63,69,70,54,43,71,43,53,46,41,27,26,15,15,11,9,F,2011
E01020593,County Durham 011B,633,37,28,26,36,44,46,39,40,48,51,32,47,37,29,30,25,22,8,8,F,2011
E01020599,County Durham 011C,853,42,28,48,44,37,49,37,34,65,66,57,59,58,48,44,45,41,33,18,F,2011
E01020601,County Durham 011D,807,38,35,51,61,38,26,43,50,86,74,60,49,44,51,29,27,22,15,8,F,2011
E01020602,County Durham 011E,992,45,37,47,48,35,53,40,45,66,82,57,48,60,63,56,64,78,44,24,F,2011
E01020618,County Durham 011F,782,44,36,31,46,49,60,50,60,70,57,55,43,35,41,42,25,19,15,4,F,2011
E01020650,County Durham 012A,1131,79,70,76,62,55,93,89,90,81,79,73,57,75,51,49,29,12,8,3,F,2011
E01020651,County Durham 012B,911,48,48,41,43,39,32,60,51,54,66,56,51,64,64,65,51,42,26,10,F,2011
E01020652,County Durham 012C,1025,73,46,50,56,72,57,59,67,89,57,66,53,59,37,40,43,47,36,18,F,2011
E01020668,County Durham 012D,765,49,46,38,41,57,62,46,32,63,57,56,60,25,26,34,27,26,14,6,F,2011
E01020669,County Durham 012E,773,37,39,37,42,55,55,44,43,53,63,59,50,45,33,25,38,28,18,9,F,2011
E01020594,County Durham 013A,822,47,29,27,34,64,76,71,54,58,62,53,47,55,42,26,32,24,8,13,F,2011
E01020595,County Durham 013B,917,41,35,52,41,36,36,23,51,71,89,72,52,73,68,56,47,29,25,20,F,2011
E01020600,County Durham 013C,763,29,26,42,38,27,19,25,30,63,57,85,51,65,70,57,42,24,11,2,F,2011
E01020603,County Durham 013D,930,45,51,64,72,46,26,33,61,99,97,89,63,52,45,33,31,14,6,3,F,2011
E01020605,County Durham 013E,909,43,49,52,54,38,42,43,64,89,96,72,87,58,39,31,25,20,6,1,F,2011
E01020630,County Durham 014A,745,48,38,55,45,55,43,33,43,52,61,56,40,49,33,37,27,19,9,2,F,2011
E01020631,County Durham 014B,870,47,39,46,61,34,42,50,49,65,58,54,48,61,51,49,50,27,25,14,F,2011
E01020637,County Durham 014C,833,34,37,37,46,39,28,45,44,73,64,69,59,64,65,47,31,25,18,8,F,2011
E01020644,County Durham 014D,1223,96,69,85,74,80,123,93,110,92,84,80,52,70,50,39,14,4,6,2,F,2011
E01020645,County Durham 014E,765,44,39,72,59,40,43,46,42,59,44,54,42,53,28,30,18,24,18,10,F,2011
E01020590,County Durham 015A,709,39,32,34,25,74,32,35,32,45,52,54,52,63,44,38,27,14,9,8,F,2011
E01020591,County Durham 015B,807,50,39,48,60,43,64,33,44,41,58,52,48,70,42,26,30,21,23,15,F,2011
E01020608,County Durham 015C,952,68,54,68,48,34,49,44,82,113,75,46,59,52,45,27,40,32,14,2,F,2011
E01020609,County Durham 015D,733,42,28,43,46,30,32,31,42,60,43,38,48,62,54,63,40,19,9,3,F,2011
E01020610,County Durham 015E,770,37,44,51,35,29,34,38,42,70,74,62,68,57,45,31,19,21,8,5,F,2011
E01020750,County Durham 016A,631,19,19,27,41,46,25,27,25,45,62,65,51,34,47,30,33,19,12,4,F,2011
E01020781,County Durham 016B,591,14,26,27,34,31,24,29,17,48,39,53,44,30,20,46,55,34,10,10,F,2011
E01020786,County Durham 016D,776,22,24,35,44,37,30,28,27,65,81,75,74,65,57,37,34,30,11,0,F,2011
E01020787,County Durham 016E,956,56,55,50,57,51,70,50,59,75,70,68,42,67,41,35,31,37,29,13,F,2011
E01033163,County Durham 016F,1004,101,57,50,41,36,80,139,111,70,64,53,50,33,26,37,27,10,11,8,F,2011
E01033202,County Durham 016G,591,43,23,28,23,36,52,39,39,41,35,40,35,32,23,30,30,25,11,6,F,2011
E01020740,County Durham 017A,705,37,43,38,46,35,42,57,51,48,50,55,58,40,37,30,19,13,6,0,F,2011
E01020741,County Durham 017B,580,44,21,33,35,59,53,40,31,34,49,46,39,25,29,17,14,4,5,2,F,2011
E01020742,County Durham 017C,856,72,31,46,62,59,80,70,54,66,55,67,32,34,40,27,26,16,13,6,F,2011
E01020782,County Durham 017D,624,15,18,33,27,25,35,26,37,38,49,49,46,57,42,27,31,32,18,19,F,2011
E01020783,County Durham 017E,695,42,31,33,37,44,50,42,39,42,61,67,32,24,41,38,38,21,9,4,F,2011
E01020784,County Durham 017F,729,33,28,31,40,45,60,35,38,40,54,62,40,49,30,36,45,32,22,9,F,2011
E01020743,County Durham 018A,745,73,46,65,66,38,75,69,55,54,42,28,37,22,23,18,15,9,8,2,F,2011
E01020747,County Durham 018B,711,56,47,68,57,57,46,48,41,49,32,36,37,38,24,21,18,20,9,7,F,2011
E01020748,County Durham 018C,666,38,32,52,64,48,35,40,51,61,64,41,37,27,27,9,23,10,5,2,F,2011
E01020749,County Durham 018D,751,35,24,18,21,28,29,21,35,29,37,52,48,83,64,73,61,45,38,10,F,2011
E01020773,County Durham 018E,712,42,32,27,38,31,43,31,39,52,52,55,61,70,53,35,24,16,6,5,F,2011
E01020775,County Durham 018F,938,71,55,36,66,80,78,45,44,59,58,57,59,41,46,43,43,33,14,10,F,2011
E01020604,County Durham 019A,707,33,35,34,48,41,32,31,32,60,68,67,62,42,33,29,38,12,6,4,F,2011
E01020607,County Durham 019B,799,40,43,41,44,42,43,47,43,66,60,58,60,55,46,45,32,24,6,4,F,2011
E01020619,County Durham 019C,804,36,44,45,42,44,48,62,57,59,50,57,50,62,35,43,33,18,13,6,F,2011
E01020620,County Durham 019D,808,47,41,58,54,53,48,35,53,77,76,51,47,39,34,37,26,14,13,5,F,2011
E01020621,County Durham 019E,925,65,42,34,53,53,102,50,61,59,61,62,53,63,65,48,25,13,8,8,F,2011
E01020633,County Durham 020A,787,59,39,33,32,59,51,58,49,49,54,54,54,67,40,28,27,17,13,4,F,2011
E01020664,County Durham 020B,717,27,23,26,30,18,22,25,36,45,58,67,73,61,61,42,39,28,27,9,F,2011
E01020665,County Durham 020C,707,30,30,24,32,25,31,29,33,54,70,47,53,69,39,41,27,42,27,4,F,2011
E01020666,County Durham 020D,734,26,28,36,34,23,27,26,47,49,56,50,55,61,69,60,30,31,17,9,F,2011
E01020776,County Durham 021C,960,35,35,41,52,46,38,41,53,77,93,63,69,58,69,57,47,36,35,15,F,2011
E01033161,County Durham 021D,743,50,30,41,45,45,69,69,44,52,61,56,28,30,21,27,25,16,21,13,F,2011
E01033198,County Durham 021E,715,46,32,25,48,140,72,43,25,43,39,40,28,37,28,23,24,15,5,2,F,2011
E01033205,County Durham 021F,734,54,42,35,41,46,51,49,35,55,75,55,47,42,35,30,18,14,7,3,F,2011
E01033206,County Durham 021G,765,52,40,54,48,54,83,49,50,46,61,46,32,50,28,22,18,18,11,3,F,2011
E01020709,County Durham 022A,935,45,27,45,44,81,91,78,74,73,80,95,52,63,41,23,8,8,7,0,F,2011
E01020717,County Durham 022B,838,27,24,27,49,24,36,25,27,55,58,58,72,105,77,62,52,31,17,12,F,2011
E01020718,County Durham 022C,694,25,30,31,34,24,29,28,36,62,42,51,47,55,61,44,45,31,16,3,F,2011
E01020719,County Durham 022D,642,27,38,35,37,33,28,39,42,48,49,46,64,72,46,15,10,7,4,2,F,2011
E01020721,County Durham 022E,579,20,29,26,42,23,33,25,35,47,52,57,59,66,40,10,6,6,2,1,F,2011
E01020708,County Durham 023A,592,29,33,25,25,33,42,43,33,36,39,44,40,27,37,30,30,29,16,1,F,2011
E01020710,County Durham 023B,798,44,38,36,34,45,71,49,56,54,64,62,57,52,52,25,23,21,12,3,F,2011
E01020711,County Durham 023C,937,45,42,38,49,43,52,48,60,67,61,67,50,61,33,55,50,48,41,27,F,2011
E01020720,County Durham 023D,780,45,49,33,32,31,35,51,46,57,59,41,44,56,46,51,53,20,25,6,F,2011
E01020646,County Durham 024A,805,40,47,43,52,42,36,44,53,66,56,67,55,62,50,28,29,17,7,11,F,2011
E01020658,County Durham 024B,986,60,55,65,49,63,67,81,64,55,61,60,53,55,30,33,39,46,32,18,F,2011
E01020659,County Durham 024C,813,42,33,57,54,41,40,44,54,79,88,67,43,48,31,37,20,20,12,3,F,2011
E01020660,County Durham 024D,816,35,33,50,46,26,40,20,53,81,56,57,78,64,39,54,41,19,15,9,F,2011
E01020751,County Durham 025A,938,69,50,44,64,51,89,72,55,62,73,62,48,54,50,33,28,24,5,5,F,2011
E01020752,County Durham 025B,585,41,36,30,32,54,44,36,36,31,43,36,35,35,25,24,14,18,5,10,F,2011
E01020754,County Durham 025C,652,20,35,23,37,24,21,36,42,46,55,49,52,49,41,37,41,22,18,4,F,2011
E01020756,County Durham 025D,673,27,34,49,27,29,31,31,42,56,67,57,49,65,42,32,19,8,6,2,F,2011
E01020679,County Durham 026A,803,57,40,43,34,46,60,50,45,63,61,43,49,49,49,46,24,27,8,9,F,2011
E01020680,County Durham 026B,812,56,39,32,28,48,32,53,63,63,63,50,60,67,57,32,35,15,17,2,F,2011
E01020681,County Durham 026C,759,31,43,37,37,50,56,40,51,67,58,44,43,64,47,34,27,15,8,7,F,2011
E01020714,County Durham 026D,796,34,26,23,37,43,64,52,46,49,70,54,80,70,60,49,16,15,3,5,F,2011
E01020716,County Durham 026E,917,64,47,66,65,78,66,58,56,64,67,53,49,46,31,33,31,27,12,4,F,2011
E01020725,County Durham 027A,791,46,46,57,33,29,32,43,50,55,80,61,63,60,40,35,26,19,7,9,F,2011
E01020726,County Durham 027B,634,23,32,33,25,33,31,50,36,52,44,50,48,49,43,34,20,10,11,10,F,2011
E01020727,County Durham 027C,582,39,38,31,26,23,40,35,33,52,34,39,35,43,34,33,26,13,5,3,F,2011
E01020729,County Durham 027D,1104,86,54,72,61,57,88,72,76,91,85,78,64,73,45,39,32,23,5,3,F,2011
E01020730,County Durham 027E,872,41,38,38,45,41,63,62,39,55,64,66,41,52,60,45,46,44,23,9,F,2011
E01020731,County Durham 027F,712,24,33,36,30,33,37,42,56,63,65,59,58,61,34,31,28,10,8,4,F,2011
E01020682,County Durham 028A,991,29,40,47,41,25,33,37,51,48,69,68,81,124,96,76,51,38,28,9,F,2011
E01020683,County Durham 028B,857,37,37,52,49,29,47,56,49,53,65,54,61,77,52,41,30,25,17,26,F,2011
E01020690,County Durham 028C,673,24,14,23,18,30,29,22,32,35,43,58,42,62,59,62,55,35,24,6,F,2011
E01020691,County Durham 028D,691,39,27,38,27,33,53,47,45,49,56,47,43,43,25,41,24,32,19,3,F,2011
E01020692,County Durham 028E,702,24,14,24,27,28,32,37,22,45,46,29,62,81,84,64,45,22,12,4,F,2011
E01020693,County Durham 029A,654,41,21,21,29,62,70,50,36,32,45,46,46,36,42,25,27,13,12,0,F,2011
E01020722,County Durham 029B,1003,55,45,44,50,124,92,64,64,56,53,44,61,62,51,49,43,30,11,5,F,2011
E01020723,County Durham 029C,849,42,24,30,39,223,87,37,43,39,31,47,32,46,32,27,28,20,12,10,F,2011
E01020724,County Durham 029D,846,69,57,62,74,65,72,66,55,52,64,58,31,43,23,27,17,5,4,2,F,2011
E01020703,County Durham 030A,1006,12,12,7,66,603,37,24,18,19,23,19,21,27,19,22,20,16,19,22,F,2011
E01033164,County Durham 030D,1124,8,8,15,319,544,52,17,16,14,7,14,14,26,13,16,17,8,9,7,F,2011
E01033195,County Durham 030E,692,20,8,10,150,221,34,26,16,14,24,24,24,21,25,21,32,11,7,4,F,2011
E01033197,County Durham 030F,786,4,4,5,130,398,29,11,6,8,11,14,21,18,19,22,14,30,19,23,F,2011
E01033221,County Durham 030G,2248,11,7,9,765,1078,106,48,13,17,22,24,22,25,18,24,22,21,13,3,F,2011
E01020705,County Durham 031A,736,32,34,34,42,40,52,36,30,66,49,53,47,54,39,40,29,32,16,11,F,2011
E01020706,County Durham 031B,940,39,38,43,47,35,46,38,69,73,82,72,87,72,57,61,33,24,17,7,F,2011
E01020715,County Durham 031C,1211,78,68,71,63,91,102,96,79,93,95,94,56,76,53,42,26,16,8,4,F,2011
E01020745,County Durham 032A,725,38,31,32,54,38,46,38,48,40,56,43,46,47,46,35,31,23,17,16,F,2011
E01020753,County Durham 032B,1040,56,52,59,64,59,42,56,53,78,73,55,56,55,54,42,62,59,38,27,F,2011
E01020757,County Durham 032C,593,50,32,31,39,38,45,35,29,41,37,53,35,30,28,12,25,23,8,2,F,2011
E01020758,County Durham 032D,759,61,49,47,70,54,51,51,41,66,40,40,43,39,29,29,23,20,3,3,F,2011
E01020759,County Durham 032E,582,45,33,45,47,53,51,31,28,42,51,31,28,27,20,19,11,11,8,1,F,2011
E01020765,County Durham 032F,831,53,45,59,63,52,46,57,59,80,67,64,44,43,29,31,18,13,4,4,F,2011
E01020684,County Durham 033A,1167,51,77,80,88,80,93,59,73,128,99,85,64,51,42,39,21,13,17,7,F,2011
E01020702,County Durham 033B,1186,59,61,41,52,185,94,81,67,66,73,60,71,67,55,40,31,27,31,25,F,2011
E01020704,County Durham 033C,920,27,18,42,100,363,30,22,24,41,35,45,40,44,30,28,11,12,6,2,F,2011
E01020712,County Durham 033D,788,37,34,41,44,93,51,47,37,41,70,54,49,58,41,29,22,22,12,6,F,2011
E01020713,County Durham 033E,988,58,69,48,36,74,50,55,63,81,87,73,75,63,41,37,32,26,16,4,F,2011
E01020760,County Durham 034A,819,37,42,47,54,40,35,33,54,57,65,74,54,55,53,53,30,23,11,2,F,2011
E01020761,County Durham 034B,651,54,39,34,38,50,52,44,36,45,42,48,38,38,33,17,18,8,12,5,F,2011
E01020762,County Durham 034C,726,42,47,51,55,42,44,46,51,53,50,35,37,43,33,29,27,16,14,11,F,2011
E01020763,County Durham 034D,909,50,40,53,47,55,55,67,53,67,60,70,70,56,52,34,40,10,22,8,F,2011
E01020733,County Durham 035A,667,51,35,46,51,34,55,39,32,54,65,46,36,43,24,25,17,10,3,1,F,2011
E01020734,County Durham 035B,669,46,37,48,51,49,60,40,36,44,49,46,29,32,39,22,22,13,2,4,F,2011
E01020735,County Durham 035C,729,38,41,30,37,21,60,31,57,68,42,45,33,48,44,40,37,36,16,5,F,2011
E01020770,County Durham 035D,650,31,49,43,34,37,43,32,42,43,66,41,44,41,33,35,19,11,2,4,F,2011
E01020771,County Durham 035E,534,21,21,41,40,25,24,41,31,41,41,40,32,23,30,33,26,19,5,0,F,2011
E01020780,County Durham 035F,603,32,36,37,36,40,29,33,35,45,52,34,39,27,32,38,30,16,9,3,F,2011
E01020764,County Durham 036A,714,52,26,37,50,55,36,34,37,42,46,60,41,54,38,29,41,19,14,3,F,2011
E01020766,County Durham 036B,767,29,36,26,36,43,40,31,32,50,51,53,54,51,49,56,51,34,29,16,F,2011
E01020767,County Durham 036C,1013,57,56,63,69,72,62,63,49,68,82,64,58,58,52,50,29,37,14,10,F,2011
E01020768,County Durham 036D,782,38,42,50,54,61,43,41,52,69,63,51,50,46,45,29,28,12,6,2,F,2011
E01020746,County Durham 037A,601,13,33,25,31,30,20,24,32,38,54,43,49,42,45,41,40,28,11,2,F,2011
E01020769,County Durham 037B,638,23,43,43,39,48,36,41,37,50,53,50,46,38,26,24,20,10,9,2,F,2011
E01020777,County Durham 037C,776,43,36,47,46,55,46,56,45,54,60,49,53,42,36,42,35,19,8,4,F,2011
E01020778,County Durham 037D,592,19,22,26,34,27,32,26,34,36,51,51,61,54,45,32,19,16,4,3,F,2011
E01020779,County Durham 037E,836,21,36,53,53,42,19,37,50,83,85,93,71,64,54,26,26,17,3,3,F,2011
E01020685,County Durham 038A,854,31,42,42,39,28,35,37,40,50,88,70,75,75,52,49,31,36,18,16,F,2011
E01020686,County Durham 038B,783,33,43,44,48,57,61,49,48,50,52,38,48,54,41,44,27,27,12,7,F,2011
E01020687,County Durham 038C,735,34,24,24,35,36,40,44,41,52,54,56,66,67,48,33,24,25,19,13,F,2011
E01020688,County Durham 038D,824,63,57,48,45,38,52,75,51,60,52,58,56,70,37,25,16,12,7,2,F,2011
E01020689,County Durham 038E,757,48,53,41,48,35,56,49,41,49,44,54,37,53,36,27,25,31,11,19,F,2011
E01020736,County Durham 039A,617,34,37,40,42,37,37,38,33,47,37,53,41,43,38,24,17,9,4,6,F,2011
E01020737,County Durham 039B,743,27,26,52,49,54,30,25,31,53,60,71,55,38,38,37,36,29,19,13,F,2011
E01020738,County Durham 039C,513,17,19,25,24,21,21,25,19,30,42,47,33,38,45,38,31,28,6,4,F,2011
E01020739,County Durham 039D,688,44,36,27,33,41,51,34,41,29,36,50,44,49,41,41,33,31,18,9,F,2011
E01020744,County Durham 039E,493,11,14,27,29,28,20,22,25,36,41,44,28,41,39,37,34,13,3,1,F,2011
E01020788,County Durham 040A,767,49,46,38,44,44,41,40,56,63,51,56,44,52,48,31,31,16,12,5,F,2011
E01020789,County Durham 040B,727,37,29,47,36,38,31,40,47,43,50,58,53,46,49,37,29,26,20,11,F,2011
E01020790,County Durham 040C,667,39,42,44,41,47,48,26,40,48,47,37,33,51,36,36,28,11,7,6,F,2011
E01020791,County Durham 040D,648,45,25,26,39,43,44,40,43,46,55,41,29,35,38,28,35,23,10,3,F,2011
E01020792,County Durham 040E,761,48,45,35,45,40,44,42,54,67,54,39,38,51,41,27,27,32,18,14,F,2011
E01020694,County Durham 041A,747,52,31,25,50,47,46,41,33,54,74,44,44,41,43,39,21,27,21,14,F,2011
E01020696,County Durham 041B,654,24,37,28,30,39,32,48,36,51,44,55,47,52,43,33,22,13,13,7,F,2011
E01020697,County Durham 041C,796,54,50,35,36,54,72,57,49,61,59,50,51,33,43,30,18,17,20,7,F,2011
E01020732,County Durham 041D,951,50,43,63,56,31,37,32,40,74,72,80,74,78,60,41,37,36,22,25,F,2011
E01020889,County Durham 042A,749,33,20,37,36,20,21,15,36,64,70,62,68,76,54,41,49,25,12,10,F,2011
E01020890,County Durham 042B,872,29,40,38,39,34,29,38,54,72,62,73,64,77,71,31,35,35,24,27,F,2011
E01020891,County Durham 042C,806,22,44,35,34,43,18,22,45,63,68,76,64,78,64,60,31,21,7,11,F,2011
E01020905,County Durham 042D,793,36,26,37,44,29,31,37,51,59,63,56,58,77,46,45,38,35,15,10,F,2011
E01020906,County Durham 042E,867,45,39,55,40,31,28,34,52,62,75,60,83,88,62,39,30,25,9,10,F,2011
E01020772,County Durham 043A,1007,42,46,62,61,41,43,51,64,98,81,75,74,67,68,40,35,31,18,10,F,2011
E01020793,County Durham 043B,872,46,56,43,55,48,60,54,42,66,76,61,51,60,46,33,32,24,12,7,F,2011
E01020794,County Durham 043C,905,46,45,55,61,42,55,44,62,82,94,61,53,46,42,37,43,19,14,4,F,2011
E01020795,County Durham 043D,950,78,55,53,61,62,88,75,50,75,62,61,51,47,41,26,29,19,13,4,F,2011
E01020695,County Durham 044A,884,54,40,41,52,46,88,68,53,72,63,58,47,58,55,34,35,12,5,3,F,2011
E01020698,County Durham 044B,813,43,39,50,49,39,40,52,75,97,76,60,43,52,34,29,20,7,6,2,F,2011
E01020699,County Durham 044C,577,35,37,27,42,32,27,35,35,42,50,41,33,41,27,29,22,9,11,2,F,2011
E01020700,County Durham 044D,797,38,44,46,55,36,30,42,62,58,68,43,45,58,55,43,31,22,18,3,F,2011
E01020701,County Durham 044E,699,43,35,38,36,33,32,36,42,57,69,50,47,32,34,43,31,28,10,3,F,2011
E01020876,County Durham 045A,893,51,62,57,42,33,60,63,56,69,57,54,55,65,51,41,31,29,13,4,F,2011
E01020878,County Durham 045B,875,50,52,56,51,52,61,57,68,77,70,53,36,53,44,26,29,19,16,5,F,2011
E01020887,County Durham 045C,914,59,31,38,62,39,57,49,62,77,71,82,62,62,45,41,34,21,19,3,F,2011
E01020892,County Durham 045D,557,24,44,25,39,17,21,30,28,47,48,40,33,31,38,25,27,21,10,9,F,2011
E01020894,County Durham 045E,633,61,34,45,24,33,44,35,38,52,44,26,26,48,27,31,13,20,16,16,F,2011
E01020898,County Durham 045F,831,52,61,41,57,64,53,48,50,34,59,42,46,56,41,35,36,28,16,12,F,2011
E01020877,County Durham 046A,796,48,26,30,40,42,38,38,36,48,75,67,63,57,57,38,31,27,21,14,F,2011
E01020879,County Durham 046B,1110,62,50,44,64,57,73,75,76,73,72,81,83,89,71,40,46,27,19,8,F,2011
E01020893,County Durham 046C,874,49,60,46,40,53,52,47,59,55,62,63,58,66,48,30,28,28,11,19,F,2011
E01020899,County Durham 046D,642,22,20,20,35,39,28,35,35,39,43,63,46,57,44,32,32,20,16,16,F,2011
E01020903,County Durham 046E,575,28,35,29,25,19,37,30,32,67,53,48,41,42,28,18,21,8,8,6,F,2011
E01020904,County Durham 046F,895,67,50,44,62,42,58,56,52,75,79,52,48,59,49,46,23,14,14,5,F,2011
E01020817,County Durham 047A,634,22,25,29,39,29,24,37,32,38,61,67,80,61,42,19,10,9,6,4,F,2011
E01020818,County Durham 047B,744,34,44,43,36,26,39,38,36,49,48,60,52,60,59,41,31,25,12,11,F,2011
E01020819,County Durham 047C,549,22,27,28,26,34,27,35,28,43,36,37,46,28,22,28,39,25,10,8,F,2011
E01020837,County Durham 047D,879,39,38,43,42,26,37,46,48,62,74,68,87,98,70,37,23,23,13,5,F,2011
E01020843,County Durham 047E,810,44,41,38,39,31,33,58,58,63,59,53,65,71,54,35,29,23,11,5,F,2011
E01020809,County Durham 048A,743,41,45,38,44,46,44,42,40,54,60,62,47,47,46,30,16,24,10,7,F,2011
E01020810,County Durham 048B,673,38,36,47,48,35,32,37,44,55,61,52,44,34,39,24,15,18,7,7,F,2011
E01020811,County Durham 048C,665,41,37,36,44,36,33,38,47,65,52,37,36,47,42,20,22,19,11,2,F,2011
E01020812,County Durham 048D,775,45,36,44,39,39,40,44,44,47,53,60,71,55,43,44,27,23,17,4,F,2011
E01020827,County Durham 048E,927,55,45,42,60,54,66,53,49,63,62,89,62,60,42,45,38,25,12,5,F,2011
E01020806,County Durham 049A,740,37,50,40,47,34,25,38,45,40,57,42,67,62,41,33,23,23,17,19,F,2011
E01020807,County Durham 049B,660,39,39,33,49,53,54,38,37,48,47,37,54,47,22,21,17,15,7,3,F,2011
E01020820,County Durham 049C,795,44,36,41,53,31,43,69,54,46,55,36,42,48,39,45,33,36,30,14,F,2011
E01020842,County Durham 049D,1055,78,56,69,61,80,75,55,72,68,81,65,67,70,54,44,24,18,10,8,F,2011
E01020797,County Durham 050A,1264,85,45,62,65,74,82,53,58,79,89,95,89,87,94,59,52,43,36,17,F,2011
E01020798,County Durham 050B,798,33,34,48,37,33,40,31,42,60,47,49,50,57,50,60,50,47,22,8,F,2011
E01020799,County Durham 050C,755,44,34,35,49,49,40,40,36,54,73,56,54,60,27,39,26,17,15,7,F,2011
E01020808,County Durham 050D,705,20,31,20,35,31,34,27,37,50,54,54,54,56,53,33,30,35,24,27,F,2011
E01020873,County Durham 051A,751,47,41,48,44,48,50,41,44,62,48,49,42,48,42,31,22,24,16,4,F,2011
E01020875,County Durham 051B,653,34,29,36,37,41,34,35,37,52,66,51,44,57,28,29,26,12,1,4,F,2011
E01020900,County Durham 051C,706,40,55,45,40,34,29,41,44,58,57,63,43,54,28,29,15,18,10,3,F,2011
E01020901,County Durham 051D,714,37,29,35,40,38,39,30,37,45,37,42,33,49,42,49,38,37,29,28,F,2011
E01020902,County Durham 051E,742,52,51,39,40,53,41,44,45,50,55,55,42,46,35,41,19,17,9,8,F,2011
E01020821,County Durham 052A,951,66,61,55,56,41,54,53,70,73,83,63,71,61,53,42,18,12,10,9,F,2011
E01020822,County Durham 052B,912,28,39,43,52,37,39,45,78,71,84,71,82,91,43,40,31,19,11,8,F,2011
E01020823,County Durham 052C,896,70,38,35,33,77,59,35,41,46,66,59,64,68,39,44,39,35,37,11,F,2011
E01020835,County Durham 052D,849,54,52,39,51,46,61,46,56,74,62,73,47,55,38,33,19,19,10,14,F,2011
E01020836,County Durham 052E,1001,72,50,50,50,54,64,72,71,60,83,65,58,68,44,41,42,40,14,3,F,2011
E01020803,County Durham 053B,980,47,54,44,65,55,41,51,55,89,91,72,78,62,52,51,28,19,12,14,F,2011
E01020805,County Durham 053D,1055,60,70,66,48,52,65,53,53,72,60,62,64,72,71,56,55,42,20,14,F,2011
E01033203,County Durham 053E,1423,89,71,91,75,86,95,76,103,109,110,112,85,94,87,57,28,31,14,10,F,2011
E01020796,County Durham 054A,667,29,39,36,33,29,34,38,42,49,50,57,55,54,43,26,16,21,9,7,F,2011
E01020828,County Durham 054B,830,30,31,38,33,26,22,28,33,60,62,84,65,90,61,64,33,30,26,14,F,2011
E01020829,County Durham 054C,1225,77,78,55,59,44,56,82,114,102,84,80,69,112,72,48,44,27,15,7,F,2011
E01020830,County Durham 054D,791,31,29,33,37,31,32,37,36,46,66,50,52,62,52,64,40,39,31,23,F,2011
E01020868,County Durham 055A,932,39,44,46,46,45,49,55,68,60,71,66,58,60,55,53,40,42,22,13,F,2011
E01020869,County Durham 055B,704,39,35,27,42,51,41,54,52,51,57,75,32,33,23,32,15,21,14,10,F,2011
E01020874,County Durham 055C,714,47,40,33,46,62,44,39,39,31,59,53,37,42,42,32,27,18,16,7,F,2011
E01020880,County Durham 055D,780,55,39,48,67,82,50,53,47,50,55,52,41,48,29,23,20,12,7,2,F,2011
E01020881,County Durham 055E,709,30,31,28,41,23,37,24,45,56,65,55,47,50,37,31,34,28,20,27,F,2011
E01020870,County Durham 056A,709,16,25,32,41,23,17,24,21,36,64,49,61,71,52,61,51,42,19,4,F,2011
E01020871,County Durham 056B,748,47,53,30,45,49,42,34,51,52,61,51,42,47,42,34,37,17,11,3,F,2011
E01020872,County Durham 056C,977,45,43,50,50,40,42,43,50,64,73,68,59,67,59,48,38,55,40,43,F,2011
E01020883,County Durham 056D,887,33,41,66,71,36,27,28,53,95,101,84,55,68,43,32,26,15,9,4,F,2011
E01020886,County Durham 056E,663,45,42,37,32,40,43,40,34,49,64,50,51,40,30,16,28,7,12,3,F,2011
E01020882,County Durham 057A,716,30,38,27,48,33,33,24,36,61,81,68,57,51,40,36,24,16,11,2,F,2011
E01020888,County Durham 057B,984,57,51,48,59,53,48,47,67,97,79,83,82,76,48,25,24,16,15,9,F,2011
E01020895,County Durham 057C,779,51,37,40,44,50,60,48,41,63,47,51,55,63,39,22,29,19,15,5,F,2011
E01020896,County Durham 057D,717,36,44,43,31,26,33,33,37,54,47,43,47,77,51,40,31,25,14,5,F,2011
E01020897,County Durham 057E,1288,109,83,83,60,96,118,113,97,72,80,60,63,74,56,41,30,24,19,10,F,2011
E01020884,County Durham 058A,777,49,39,41,38,36,39,39,39,51,50,59,51,67,43,30,32,23,31,20,F,2011
E01020885,County Durham 058B,582,28,39,25,28,18,40,34,33,44,50,43,33,42,37,28,29,19,8,4,F,2011
E01020907,County Durham 058C,851,38,41,54,71,56,46,40,57,71,63,43,60,58,39,31,26,28,26,3,F,2011
E01020908,County Durham 058D,741,63,43,32,62,61,42,49,43,53,65,47,44,43,33,21,18,13,5,4,F,2011
E01020909,County Durham 058E,906,101,71,73,57,92,67,48,44,53,64,55,48,32,26,31,15,17,8,4,F,2011
E01020801,County Durham 059A,791,41,42,33,55,38,49,41,48,58,70,68,43,56,30,35,26,27,21,10,F,2011
E01020802,County Durham 059B,1083,62,58,59,49,61,71,59,72,77,78,68,49,57,48,55,52,37,39,32,F,2011
E01020838,County Durham 059C,840,44,44,36,46,53,38,43,47,59,86,64,53,68,45,43,38,20,10,3,F,2011
E01020839,County Durham 059D,844,41,37,35,37,58,49,39,46,52,54,56,51,66,53,54,46,40,29,1,F,2011
E01020840,County Durham 059E,795,44,44,45,54,50,42,40,49,46,50,56,50,68,66,31,23,21,9,7,F,2011
E01020841,County Durham 059F,928,62,51,63,60,68,61,55,56,55,77,56,61,60,43,29,31,24,11,5,F,2011
E01020813,County Durham 060A,616,27,31,35,36,16,21,28,45,50,54,48,63,62,58,24,11,3,4,0,F,2011
E01020814,County Durham 060B,749,37,31,34,56,36,34,51,59,68,78,65,34,48,30,25,17,20,16,10,F,2011
E01020815,County Durham 060C,621,36,33,24,46,27,31,30,27,44,58,52,47,63,47,24,13,15,3,1,F,2011
E01020848,County Durham 060D,592,42,32,29,29,21,27,33,32,54,51,44,28,55,30,21,23,26,9,6,F,2011
E01020850,County Durham 060E,947,61,46,84,69,26,49,59,75,100,104,92,66,53,38,11,7,6,0,1,F,2011
E01020851,County Durham 060F,722,26,34,30,28,33,32,32,32,54,75,62,52,71,51,40,36,24,9,1,F,2011
E01020816,County Durham 061A,798,77,56,66,51,64,51,42,45,53,55,42,50,33,22,23,23,23,12,10,F,2011
E01020844,County Durham 061B,799,74,49,50,43,72,58,61,40,48,50,41,27,43,52,27,27,29,6,2,F,2011
E01020847,County Durham 061C,827,75,65,53,83,57,62,71,66,53,54,37,39,41,30,18,10,10,3,0,F,2011
E01020849,County Durham 061D,674,40,37,49,38,45,48,36,39,50,56,56,45,31,18,25,12,13,18,18,F,2011
E01020825,County Durham 062A,808,38,32,38,67,38,33,45,42,53,56,63,49,64,54,33,49,29,19,6,F,2011
E01020831,County Durham 062B,796,50,39,45,40,36,58,41,43,47,48,55,44,45,40,47,41,39,23,15,F,2011
E01020833,County Durham 062C,627,24,35,38,40,27,33,33,35,50,49,48,39,31,34,37,41,20,12,1,F,2011
E01020834,County Durham 062D,697,45,35,31,28,45,60,44,33,45,52,49,36,42,33,32,47,30,6,4,F,2011
E01020824,County Durham 063A,843,49,34,43,34,47,49,38,39,63,60,56,42,58,48,48,54,46,27,8,F,2011
E01020826,County Durham 063B,783,27,39,52,57,35,23,31,47,61,65,61,53,53,45,45,36,25,21,7,F,2011
E01020832,County Durham 063C,723,37,24,24,41,35,31,34,32,34,64,51,41,58,48,50,56,37,20,6,F,2011
E01020845,County Durham 063D,715,23,33,39,46,37,49,31,36,47,57,51,41,63,29,41,41,36,12,3,F,2011
E01020846,County Durham 063E,621,18,22,30,30,43,18,25,31,38,56,58,50,53,42,53,30,12,8,4,F,2011
E01020856,County Durham 064A,763,47,24,39,37,45,25,36,53,65,57,54,59,52,44,41,35,29,13,8,F,2011
E01020858,County Durham 064B,531,21,29,26,27,15,25,26,34,49,39,44,34,47,33,34,19,14,12,3,F,2011
E01020859,County Durham 064C,655,23,29,38,49,20,29,21,39,54,60,50,44,47,45,32,35,14,13,13,F,2011
E01020860,County Durham 064D,532,22,27,24,36,25,32,33,34,45,42,45,41,35,21,14,16,16,17,7,F,2011
E01020861,County Durham 064E,613,20,23,27,42,27,35,23,35,40,52,44,43,57,54,36,17,24,10,4,F,2011
E01020862,County Durham 064F,1230,37,70,60,65,29,34,40,66,97,105,100,93,110,93,77,62,48,27,17,F,2011
E01020864,County Durham 064G,1013,41,47,48,41,33,39,42,60,77,79,87,104,94,70,58,34,27,21,11,F,2011
E01020867,County Durham 064H,1166,58,68,68,68,49,55,50,70,86,79,87,89,80,62,66,46,46,28,11,F,2011
E01020857,County Durham 065A,780,33,36,55,53,28,22,28,32,59,72,56,59,76,46,38,45,20,15,7,F,2011
E01020863,County Durham 065B,691,28,28,34,35,29,24,29,34,59,63,65,62,69,54,34,20,14,7,3,F,2011
E01020865,County Durham 065C,675,25,23,33,27,24,21,29,24,41,55,59,56,74,49,53,30,27,18,7,F,2011
E01020866,County Durham 065D,499,26,23,20,27,25,19,19,23,30,37,45,42,46,45,24,16,17,12,3,F,2011
E01020852,County Durham 066A,849,33,25,60,61,36,33,40,34,45,53,48,56,76,59,58,49,48,28,7,F,2011
E01020853,County Durham 066B,830,38,25,43,39,36,23,40,38,61,58,55,40,62,53,47,43,46,44,39,F,2011
E01020854,County Durham 066C,1127,29,52,58,63,53,49,39,46,81,119,90,100,90,72,51,49,39,24,23,F,2011
E01020855,County Durham 066D,642,22,23,37,40,24,8,17,30,39,50,52,46,56,40,51,42,30,22,13,F,2011
E06000005,,54124,3247,2916,3117,3120,3103,3369,3243,3513,3876,4022,3719,3156,3386,2656,2374,1973,1571,1132,631,F,2011
E01012334,Darlington 001B,1243,81,96,88,67,33,43,70,109,126,107,83,74,87,65,41,27,23,18,5,F,2011
E01012335,Darlington 001C,700,31,32,46,30,19,15,20,42,53,54,56,48,65,56,51,40,22,14,6,F,2011
E01012366,Darlington 001D,1030,35,47,48,68,55,37,39,56,71,89,90,96,86,78,46,34,28,22,5,F,2011
E01033481,Darlington 001E,683,80,46,30,32,34,93,83,72,58,38,45,18,17,16,14,4,1,2,0,F,2011
E01033482,Darlington 001F,814,72,52,48,47,36,52,68,105,69,86,51,25,34,26,27,12,2,1,1,F,2011
E01012323,Darlington 002C,762,50,40,46,48,39,49,68,52,65,64,64,44,37,29,27,16,14,8,2,F,2011
E01012324,Darlington 002D,731,39,39,43,40,29,35,45,58,60,65,40,38,52,47,42,21,19,14,5,F,2011
E01032545,Darlington 002E,630,48,41,32,21,36,52,41,37,60,54,45,28,35,39,19,18,18,2,4,F,2011
E01032546,Darlington 002F,891,39,60,46,61,36,25,34,66,89,81,64,62,74,51,33,33,22,11,4,F,2011
E01012328,Darlington 003A,805,38,51,39,45,27,51,54,58,66,65,61,58,59,35,29,28,24,15,2,F,2011
E01012329,Darlington 003B,916,41,26,48,37,42,37,41,47,51,67,86,94,105,45,52,47,33,14,3,F,2011
E01012330,Darlington 003C,599,31,31,37,33,38,22,32,35,51,76,48,30,37,43,20,12,13,7,3,F,2011
E01012331,Darlington 003D,651,43,25,28,37,43,42,34,38,42,60,54,49,38,34,22,25,20,9,8,F,2011
E01012349,Darlington 004A,767,60,36,51,51,61,70,55,45,54,37,35,30,44,33,26,22,20,20,17,F,2011
E01012350,Darlington 004B,772,48,32,32,47,55,58,48,57,44,67,44,42,44,42,39,36,23,10,4,F,2011
E01012351,Darlington 004C,722,24,31,40,68,37,36,43,46,72,73,81,43,42,31,20,17,7,10,1,F,2011
E01012352,Darlington 004D,807,47,35,27,40,70,84,43,42,57,44,37,42,49,39,35,36,30,32,18,F,2011
E01012325,Darlington 005A,749,25,35,44,34,48,36,33,38,47,60,61,73,70,46,21,30,18,16,14,F,2011
E01012326,Darlington 005B,578,32,32,27,29,26,27,27,35,38,39,42,46,48,22,34,22,27,17,8,F,2011
E01012332,Darlington 005C,768,31,37,45,44,37,20,43,43,46,39,62,50,61,39,36,28,41,46,20,F,2011
E01012333,Darlington 005D,758,42,30,54,33,40,41,31,39,48,56,60,69,60,40,22,29,22,25,17,F,2011
E01012309,Darlington 006A,940,52,50,55,60,38,59,77,77,74,102,67,53,45,43,30,33,19,4,2,F,2011
E01012310,Darlington 006B,1001,51,42,59,60,30,52,68,63,82,80,74,70,64,62,43,39,28,17,17,F,2011
E01012311,Darlington 006C,836,37,55,62,60,42,44,39,60,74,66,70,39,44,26,32,27,31,16,12,F,2011
E01012312,Darlington 006D,705,54,50,52,48,45,50,45,40,38,38,43,36,36,23,31,24,21,19,12,F,2011
E01012313,Darlington 006E,740,41,46,36,38,28,38,47,47,50,59,44,40,45,38,30,31,39,28,15,F,2011
E01012314,Darlington 006F,718,44,45,47,53,38,34,36,54,55,54,36,39,37,49,36,29,14,13,5,F,2011
E01012362,Darlington 007A,704,59,47,35,38,62,78,64,65,44,33,52,26,24,18,23,18,8,6,4,F,2011
E01012363,Darlington 007B,690,45,31,35,34,66,77,60,55,38,45,53,34,29,25,25,19,10,5,4,F,2011
E01012364,Darlington 007C,800,50,41,22,31,68,90,69,59,43,56,60,39,56,33,23,16,26,14,4,F,2011
E01012365,Darlington 007D,669,39,33,33,38,32,34,32,36,47,57,63,40,47,36,27,27,20,18,10,F,2011
E01012353,Darlington 008B,800,73,40,33,42,87,114,79,62,49,55,44,28,26,22,19,9,10,4,4,F,2011
E01012354,Darlington 008C,741,62,63,51,61,80,64,53,49,50,48,44,36,25,16,11,12,11,3,2,F,2011
E01012355,Darlington 008D,738,48,40,37,31,65,67,63,60,50,37,49,37,31,18,25,28,22,24,6,F,2011
E01033483,Darlington 008E,470,25,17,34,44,43,35,34,35,33,19,39,29,14,16,12,21,7,9,4,F,2011
E01033484,Darlington 008F,571,21,17,18,42,64,58,32,39,30,32,32,20,26,26,25,39,29,15,6,F,2011
E01012307,Darlington 009A,933,64,48,61,48,77,77,62,47,49,68,58,51,53,41,47,36,20,14,12,F,2011
E01012327,Darlington 009B,876,78,86,85,59,60,69,53,55,47,42,42,45,46,31,30,25,14,6,3,F,2011
E01012342,Darlington 009C,950,59,47,48,51,68,62,68,43,45,58,63,41,66,42,52,54,40,31,12,F,2011
E01012343,Darlington 009D,1021,52,49,54,45,56,58,47,47,75,82,80,66,68,63,64,57,27,29,2,F,2011
E01012315,Darlington 010A,865,48,46,74,55,22,19,31,61,70,72,64,56,65,49,43,36,25,17,12,F,2011
E01012316,Darlington 010B,1257,64,58,69,70,50,82,60,80,116,93,102,73,72,50,53,47,45,45,28,F,2011
E01012360,Darlington 010C,921,43,49,50,43,31,23,23,50,70,60,57,61,64,54,59,65,50,50,19,F,2011
E01012336,Darlington 011A,927,25,40,55,52,30,12,18,29,65,89,72,59,72,66,65,69,44,31,34,F,2011
E01012337,Darlington 011B,899,23,44,44,54,23,24,29,44,60,72,79,66,71,62,47,48,43,27,39,F,2011
E01012347,Darlington 011C,890,31,41,51,43,37,29,27,42,74,67,65,59,75,57,69,45,41,27,10,F,2011
E01012348,Darlington 011D,1034,34,42,48,49,26,22,39,43,77,58,53,54,74,88,123,78,74,35,17,F,2011
E01012361,Darlington 011E,1010,43,63,55,52,34,26,38,58,70,84,77,67,89,66,62,45,42,26,13,F,2011
E01012304,Darlington 012A,624,47,19,36,46,41,47,42,29,49,42,35,34,34,19,28,30,17,17,12,F,2011
E01012305,Darlington 012B,612,48,26,32,25,65,73,52,34,41,44,31,26,32,22,14,20,18,7,2,F,2011
E01012306,Darlington 012C,817,46,34,38,41,37,43,51,32,51,59,64,53,58,43,31,37,40,21,38,F,2011
E01012340,Darlington 012D,1225,87,75,66,74,86,110,72,81,92,95,66,57,59,47,56,44,21,21,16,F,2011
E01012341,Darlington 012E,933,70,62,63,56,79,57,63,66,62,54,54,48,66,34,31,23,22,18,5,F,2011
E01012317,Darlington 013A,693,44,39,35,26,25,39,41,29,49,43,53,46,48,56,56,29,19,9,7,F,2011
E01012318,Darlington 013B,1186,129,81,79,58,94,115,107,84,77,69,60,44,44,30,36,28,20,17,14,F,2011
E01012319,Darlington 013C,1456,131,110,84,94,101,117,104,121,90,98,81,66,62,63,56,32,24,17,5,F,2011
E01012356,Darlington 014A,813,45,44,53,94,59,57,45,59,62,56,46,40,32,39,22,19,19,14,8,F,2011
E01012357,Darlington 014B,706,47,33,53,51,53,55,46,61,48,62,39,48,38,20,24,10,7,9,2,F,2011
E01012358,Darlington 014C,842,60,39,55,45,47,48,71,46,58,61,58,53,49,31,40,33,23,16,9,F,2011
E01012359,Darlington 014D,884,95,77,77,72,73,86,56,68,45,47,36,33,34,29,17,15,13,9,2,F,2011
E01012338,Darlington 015A,994,49,42,66,46,60,45,54,60,75,60,73,71,79,67,60,24,32,25,6,F,2011
E01012339,Darlington 015B,887,24,36,58,53,24,27,42,44,52,79,66,59,81,72,66,40,36,23,5,F,2011
E01012344,Darlington 015C,689,40,34,39,33,32,43,50,54,44,54,63,35,53,28,22,25,20,13,7,F,2011
E01012345,Darlington 015D,760,25,20,24,29,33,32,36,44,37,64,44,68,67,47,33,37,41,44,35,F,2011
E01012346,Darlington 015E,921,58,61,57,64,51,53,66,81,102,88,59,52,42,33,20,13,12,6,3,F,2011
E06000001,,47328,2811,2549,2780,3104,2930,2977,2672,2648,3368,3677,3274,2848,2929,2186,2125,1848,1311,862,429,F,2011
E01011954,Hartlepool 001A,1148,69,77,75,71,66,68,90,80,87,85,81,50,61,36,53,43,36,17,3,F,2011
E01011969,Hartlepool 001B,687,23,27,35,34,32,34,22,30,53,42,46,65,68,47,50,43,22,10,4,F,2011
E01011970,Hartlepool 001C,579,21,23,33,43,34,23,35,43,46,55,48,47,54,30,21,14,5,3,1,F,2011
E01011971,Hartlepool 001D,756,44,43,87,52,34,36,46,79,99,65,50,36,29,15,17,11,7,6,0,F,2011
E01033465,Hartlepool 001F,908,75,56,42,65,44,99,106,84,65,67,60,32,30,30,30,9,11,2,1,F,2011
E01033467,Hartlepool 001G,642,49,30,22,25,27,41,42,38,27,35,25,27,35,43,41,52,47,27,9,F,2011
E01011952,Hartlepool 002A,905,56,51,58,64,60,59,41,38,57,62,45,59,53,29,42,48,26,31,26,F,2011
E01011953,Hartlepool 002B,970,87,71,65,63,79,78,69,53,49,74,59,54,51,25,24,25,21,14,9,F,2011
E01011991,Hartlepool 002C,909,40,44,51,60,52,47,48,38,62,77,69,55,67,41,63,40,33,11,11,F,2011
E01011992,Hartlepool 002D,791,58,44,47,48,81,73,59,43,62,63,48,37,43,23,29,22,5,6,0,F,2011
E01011993,Hartlepool 002E,889,48,48,59,49,57,65,49,58,61,63,60,56,60,36,33,37,32,16,2,F,2011
E01011994,Hartlepool 002F,797,56,52,48,44,59,70,49,44,38,55,37,45,38,36,35,32,26,15,18,F,2011
E01011955,Hartlepool 003A,693,58,43,42,44,53,57,37,36,51,55,35,39,35,38,33,19,5,8,5,F,2011
E01011957,Hartlepool 003C,654,50,38,35,43,55,52,41,42,48,44,40,35,40,34,23,17,12,4,1,F,2011
E01032540,Hartlepool 003G,533,44,23,31,39,28,36,30,37,56,30,40,23,34,30,18,17,8,8,1,F,2011
E01032541,Hartlepool 003H,1147,66,58,70,67,51,69,52,59,71,80,64,62,84,73,78,70,41,20,12,F,2011
E01033466,Hartlepool 003I,1045,98,73,60,67,98,71,48,46,62,79,75,64,50,50,44,26,22,11,1,F,2011
E01011973,Hartlepool 005A,639,59,39,37,46,68,53,39,40,43,51,28,35,34,24,18,10,8,3,4,F,2011
E01011974,Hartlepool 005B,792,42,25,52,52,91,86,37,57,55,59,58,55,37,21,25,23,12,4,1,F,2011
E01011975,Hartlepool 005C,693,68,31,22,41,75,66,46,38,46,35,44,40,40,26,25,24,14,8,4,F,2011
E01011976,Hartlepool 005D,489,29,32,28,30,27,39,44,29,31,40,30,28,25,21,14,14,15,9,4,F,2011
E01011965,Hartlepool 006A,854,46,41,46,57,34,22,42,40,71,81,78,65,63,39,33,34,26,26,10,F,2011
E01011966,Hartlepool 006B,686,37,22,22,43,51,33,47,34,41,54,61,54,48,44,38,26,21,7,3,F,2011
E01011983,Hartlepool 006C,890,32,61,54,65,25,28,45,38,89,77,73,58,55,48,42,33,31,18,18,F,2011
E01012002,Hartlepool 006D,720,33,31,55,46,37,47,34,37,46,54,59,42,52,27,33,35,26,16,10,F,2011
E01011951,Hartlepool 007A,701,66,23,30,60,71,85,31,39,61,52,52,22,17,21,21,18,21,9,2,F,2011
E01011964,Hartlepool 007B,734,55,44,59,56,45,34,36,46,54,45,55,39,48,29,21,27,19,13,9,F,2011
E01011967,Hartlepool 007C,767,41,52,51,55,51,47,51,50,50,79,53,48,27,21,22,25,17,18,9,F,2011
E01011999,Hartlepool 007D,1096,78,73,76,97,87,88,59,61,62,68,68,51,46,32,30,45,26,30,19,F,2011
E01012000,Hartlepool 007E,652,34,38,37,35,49,54,37,35,33,38,30,43,44,46,32,27,27,9,4,F,2011
E01011950,Hartlepool 008A,726,63,31,29,63,73,64,48,35,41,60,52,40,31,26,30,15,14,7,4,F,2011
E01011986,Hartlepool 008B,665,36,24,44,48,42,35,17,38,50,57,66,45,43,30,30,27,18,9,6,F,2011
E01011987,Hartlepool 008C,743,55,37,35,42,60,59,43,48,48,65,55,44,43,32,34,19,10,11,3,F,2011
E01012001,Hartlepool 008D,1026,76,59,54,69,67,82,72,65,72,92,73,50,56,45,30,38,15,6,5,F,2011
E01011949,Hartlepool 009A,1006,61,65,76,78,58,69,59,60,70,81,60,63,53,39,41,30,18,20,5,F,2011
E01011980,Hartlepool 009B,861,53,42,56,46,51,52,61,34,58,71,51,32,47,39,62,41,36,20,9,F,2011
E01011981,Hartlepool 009C,886,45,47,62,61,48,57,45,47,61,64,53,51,33,26,40,56,33,31,26,F,2011
E01011984,Hartlepool 009D,660,22,20,31,27,26,23,25,25,33,42,50,58,54,36,46,52,42,34,14,F,2011
E01011985,Hartlepool 010A,596,29,23,20,27,24,32,32,28,41,38,58,29,65,36,35,26,13,21,19,F,2011
E01011988,Hartlepool 010B,1018,58,51,48,54,58,53,77,57,74,69,64,61,60,50,57,36,49,33,9,F,2011
E01011989,Hartlepool 010C,995,69,70,56,57,65,76,61,40,70,88,71,53,57,33,39,38,27,16,9,F,2011
E01011990,Hartlepool 010D,898,45,57,54,61,51,80,51,49,56,71,66,52,63,31,38,28,26,13,6,F,2011
E01011995,Hartlepool 011A,733,22,40,54,48,24,21,32,41,49,63,53,52,59,53,48,31,27,10,6,F,2011
E01011996,Hartlepool 011B,756,16,34,33,40,23,35,36,33,56,60,61,49,65,56,43,41,25,31,19,F,2011
E01011997,Hartlepool 011C,1056,66,58,58,71,65,48,59,80,78,99,73,70,76,60,40,22,19,14,0,F,2011
E01011998,Hartlepool 011D,763,23,32,47,43,29,31,23,38,53,73,53,60,53,44,52,47,28,18,16,F,2011
E01011961,Hartlepool 012A,746,36,42,41,62,50,43,50,46,50,45,49,46,46,33,41,35,21,8,2,F,2011
E01011962,Hartlepool 012B,791,50,51,52,64,52,56,44,42,56,61,49,30,35,43,30,39,21,15,1,F,2011
E01011977,Hartlepool 012C,911,77,51,57,74,72,82,64,43,60,70,64,58,54,22,21,14,19,9,0,F,2011
E01011978,Hartlepool 012D,802,65,53,44,44,70,60,52,37,61,47,44,38,33,26,26,42,27,22,11,F,2011
E01011979,Hartlepool 012E,827,47,63,49,75,63,67,56,54,60,53,54,40,36,29,25,19,13,15,9,F,2011
E01011959,Hartlepool 014A,1053,46,47,67,63,38,37,49,51,92,100,84,70,80,67,50,47,24,28,13,F,2011
E01011960,Hartlepool 014B,708,13,24,35,38,24,10,18,26,60,47,50,50,89,68,58,56,28,11,3,F,2011
E01011963,Hartlepool 014C,710,25,23,32,50,19,14,30,30,52,58,60,64,50,59,52,42,23,22,5,F,2011
E01011968,Hartlepool 014D,1123,36,47,57,63,43,48,41,53,69,98,97,97,101,59,53,55,60,28,18,F,2011
E01011982,Hartlepool 014E,662,19,31,45,32,29,10,18,30,48,70,51,50,52,51,45,30,24,20,7,F,2011
E01012003,Hartlepool 014F,814,31,36,43,64,43,36,21,29,64,59,68,71,73,48,56,46,18,7,1,F,2011
E01012005,Hartlepool 014G,1027,65,78,72,79,42,37,76,97,110,112,74,59,54,30,15,10,11,4,2,F,2011
E06000002,,70677,4707,4119,4198,4870,5534,4970,4173,4119,4651,5075,4691,4100,3797,2928,2735,2417,1864,1105,624,F,2011
E01012068,Middlesbrough 001A,1043,67,36,45,136,349,82,73,42,40,43,39,23,25,10,12,6,8,5,2,F,2011
E01012092,Middlesbrough 001D,979,75,57,45,196,232,72,46,36,42,41,18,21,11,16,16,18,23,10,4,F,2011
E01012093,Middlesbrough 001E,904,92,61,84,70,164,96,83,66,40,29,27,23,17,14,16,9,5,4,4,F,2011
E01012094,Middlesbrough 001F,1186,111,90,85,81,158,127,96,79,74,62,64,55,30,16,20,22,9,4,3,F,2011
E01033468,Middlesbrough 001G,1118,91,71,67,66,126,86,88,70,64,58,67,58,58,38,37,40,16,11,6,F,2011
E01012058,Middlesbrough 002A,812,70,37,39,71,96,81,45,53,45,60,53,49,29,27,22,16,7,10,2,F,2011
E01012059,Middlesbrough 002B,789,52,33,34,55,94,59,43,31,62,52,52,38,31,42,22,26,32,16,15,F,2011
E01012060,Middlesbrough 002C,923,101,74,75,62,71,75,68,47,58,60,58,47,50,25,25,12,8,7,0,F,2011
E01012061,Middlesbrough 002D,776,79,57,47,48,54,58,52,52,46,45,41,43,39,20,30,35,15,10,5,F,2011
E01012036,Middlesbrough 003A,714,71,38,41,51,133,83,68,35,38,33,27,20,15,15,16,16,11,0,3,F,2011
E01012037,Middlesbrough 003B,731,77,46,35,51,93,66,59,46,54,43,47,29,20,21,15,17,8,1,3,F,2011
E01012038,Middlesbrough 003C,732,73,48,37,52,75,83,56,52,45,43,38,34,35,10,21,12,13,4,1,F,2011
E01012039,Middlesbrough 003D,612,56,16,14,51,151,79,28,40,31,22,27,23,21,14,12,9,13,3,2,F,2011
E01012040,Middlesbrough 003E,727,71,50,23,56,121,89,61,53,38,30,31,23,24,16,18,13,7,1,2,F,2011
E01012041,Middlesbrough 003F,485,24,13,19,34,43,35,19,24,23,31,32,39,34,25,29,27,18,7,9,F,2011
E01012074,Middlesbrough 004A,821,76,53,51,46,57,66,56,50,53,51,54,60,22,15,19,17,40,26,9,F,2011
E01012075,Middlesbrough 004B,912,71,71,55,84,67,50,54,48,63,63,47,46,37,24,21,27,47,25,12,F,2011
E01012076,Middlesbrough 004C,896,86,70,74,59,76,75,51,47,57,61,55,46,33,26,22,30,23,2,3,F,2011
E01012077,Middlesbrough 004D,733,45,33,43,46,41,47,35,26,42,68,62,52,40,30,27,30,46,16,4,F,2011
E01012088,Middlesbrough 004E,779,64,62,69,76,48,42,40,58,57,44,41,28,26,21,24,28,23,20,8,F,2011
E01012078,Middlesbrough 005A,730,59,48,36,44,94,80,69,46,41,53,46,27,23,17,16,12,8,5,6,F,2011
E01012079,Middlesbrough 005B,744,46,49,50,46,42,58,38,47,38,57,54,39,40,33,22,32,23,12,18,F,2011
E01012080,Middlesbrough 005C,647,42,39,34,57,46,45,40,25,41,53,47,42,42,20,17,19,16,12,10,F,2011
E01012081,Middlesbrough 005D,882,66,45,72,65,69,58,57,60,54,52,58,52,32,34,28,27,23,13,17,F,2011
E01012026,Middlesbrough 006A,802,49,48,38,58,49,58,50,50,43,69,76,45,37,33,29,35,18,10,7,F,2011
E01012027,Middlesbrough 006B,925,65,63,53,63,59,68,75,53,51,89,59,52,41,28,26,30,24,13,13,F,2011
E01033469,Middlesbrough 006E,1013,83,69,69,60,60,93,61,58,73,83,66,62,55,39,31,28,17,4,2,F,2011
E01012015,Middlesbrough 007A,774,42,35,44,48,45,41,41,35,58,70,44,44,33,38,63,36,30,19,8,F,2011
E01012016,Middlesbrough 007B,876,62,41,46,61,53,75,48,47,56,80,59,42,41,40,44,34,11,21,15,F,2011
E01012017,Middlesbrough 007C,769,30,28,34,37,29,45,34,24,58,68,52,61,53,54,52,54,35,16,5,F,2011
E01012089,Middlesbrough 007D,806,80,57,45,68,64,53,56,48,44,44,56,39,48,27,21,21,19,13,3,F,2011
E01012090,Middlesbrough 007E,764,60,47,52,66,57,51,40,52,55,64,44,53,46,22,21,18,7,8,1,F,2011
E01012091,Middlesbrough 007F,923,104,96,74,67,54,71,67,51,51,53,68,48,32,30,18,10,13,9,7,F,2011
E01012011,Middlesbrough 008A,1007,64,62,77,74,62,77,58,65,89,66,66,52,65,48,40,20,13,6,3,F,2011
E01012012,Middlesbrough 008B,918,73,59,69,70,61,62,55,57,61,82,49,59,41,37,33,22,17,6,5,F,2011
E01012013,Middlesbrough 008C,680,38,35,52,34,38,59,50,39,42,50,62,50,33,20,26,26,17,8,1,F,2011
E01012014,Middlesbrough 008D,818,71,52,52,60,69,94,59,44,57,56,50,39,32,13,20,31,16,2,1,F,2011
E01012053,Middlesbrough 009A,856,55,46,60,54,62,37,48,51,58,76,63,53,55,35,24,36,21,14,8,F,2011
E01012054,Middlesbrough 009B,896,63,61,63,71,57,57,50,67,70,62,72,47,42,29,27,22,21,12,3,F,2011
E01012055,Middlesbrough 009C,961,63,51,58,50,80,63,49,51,64,55,56,64,64,53,46,37,27,17,13,F,2011
E01012056,Middlesbrough 009D,1117,92,73,63,75,115,135,101,81,86,68,64,41,27,24,25,19,13,10,5,F,2011
E01012057,Middlesbrough 009E,1033,61,60,63,76,69,76,69,68,74,82,67,59,39,38,28,35,25,30,14,F,2011
E01012082,Middlesbrough 010A,851,69,58,52,60,69,65,57,48,56,53,57,52,38,25,22,34,24,5,7,F,2011
E01012083,Middlesbrough 010B,841,75,61,54,51,75,67,53,52,61,60,50,40,31,18,18,23,30,20,2,F,2011
E01012084,Middlesbrough 010C,933,80,56,80,74,63,61,59,47,73,61,59,50,43,26,19,31,40,11,0,F,2011
E01012085,Middlesbrough 010D,803,58,62,54,46,52,66,40,46,48,77,58,49,30,24,23,25,25,16,4,F,2011
E01012018,Middlesbrough 011A,821,46,36,33,39,85,71,56,41,61,63,60,31,36,26,36,24,32,28,17,F,2011
E01012019,Middlesbrough 011B,717,78,59,43,51,47,48,33,45,48,36,34,38,43,27,31,21,12,16,7,F,2011
E01012020,Middlesbrough 011C,827,47,61,63,56,43,58,46,49,66,67,61,43,35,26,26,26,20,21,13,F,2011
E01012021,Middlesbrough 011D,741,60,55,55,69,52,57,45,51,55,55,41,26,37,17,22,17,8,13,6,F,2011
E01012007,Middlesbrough 012A,774,23,37,38,36,34,46,33,33,42,50,58,36,60,64,61,47,47,20,9,F,2011
E01012008,Middlesbrough 012B,751,36,50,48,73,37,45,41,35,63,60,61,49,38,29,32,20,13,14,7,F,2011
E01012009,Middlesbrough 012C,889,51,43,41,52,61,72,61,61,78,71,52,47,38,37,33,38,28,18,7,F,2011
E01012010,Middlesbrough 012D,686,23,30,36,47,38,37,31,33,42,61,54,48,51,37,39,31,24,17,7,F,2011
E01012046,Middlesbrough 013A,909,32,35,40,40,29,38,43,33,37,57,69,54,78,79,81,62,55,33,14,F,2011
E01012047,Middlesbrough 013B,839,42,63,63,63,45,29,39,66,70,56,62,54,32,44,27,26,36,14,8,F,2011
E01012048,Middlesbrough 013C,896,42,46,33,55,42,45,27,47,52,78,63,59,58,55,80,55,35,20,4,F,2011
E01012049,Middlesbrough 014A,721,30,32,37,28,26,51,32,50,40,61,58,68,64,39,29,40,18,16,2,F,2011
E01012050,Middlesbrough 014B,774,58,59,41,47,46,64,52,39,45,50,66,31,28,26,35,44,28,13,2,F,2011
E01012051,Middlesbrough 014C,714,56,47,47,51,60,48,42,31,47,70,51,29,23,20,27,31,15,14,5,F,2011
E01012052,Middlesbrough 014D,677,25,34,37,36,35,35,28,29,41,62,56,59,59,35,32,39,12,16,7,F,2011
E01012022,Middlesbrough 015A,770,30,38,45,55,43,54,49,45,64,63,66,71,52,38,14,20,13,8,2,F,2011
E01012023,Middlesbrough 015B,742,9,27,22,30,23,16,16,27,33,52,39,51,85,72,80,68,42,34,16,F,2011
E01012024,Middlesbrough 015C,796,35,42,35,48,37,39,45,42,41,70,50,52,74,70,52,32,22,10,0,F,2011
E01012025,Middlesbrough 015D,657,28,28,43,42,35,19,33,35,55,44,42,56,72,36,40,22,10,11,6,F,2011
E01012065,Middlesbrough 017A,867,41,30,45,41,38,36,39,49,60,61,64,53,60,70,67,46,43,18,6,F,2011
E01012066,Middlesbrough 017B,1011,47,65,79,89,45,52,53,102,110,103,85,39,54,34,23,10,5,3,13,F,2011
E01012067,Middlesbrough 017C,836,37,31,31,36,20,36,30,46,28,64,66,65,60,76,61,69,48,23,9,F,2011
E01012042,Middlesbrough 018A,752,45,37,37,27,37,49,45,40,56,44,64,66,59,54,28,30,19,10,5,F,2011
E01012043,Middlesbrough 018B,739,32,15,46,43,41,27,47,40,40,46,41,54,74,61,54,35,27,13,3,F,2011
E01012044,Middlesbrough 018C,827,71,70,57,54,80,65,70,67,42,50,46,42,38,22,18,17,11,3,4,F,2011
E01012045,Middlesbrough 018D,786,70,66,54,59,59,72,47,60,45,49,45,60,38,20,15,12,4,6,5,F,2011
E01032552,Middlesbrough 018G,869,54,50,63,58,45,54,63,59,71,77,60,68,45,25,19,15,13,15,15,F,2011
E01032553,Middlesbrough 018H,653,16,18,22,21,36,36,25,31,44,41,51,52,55,47,55,44,31,16,12,F,2011
E01012030,Middlesbrough 019A,825,38,38,45,59,42,41,35,47,65,65,64,63,41,33,42,34,25,22,26,F,2011
E01012031,Middlesbrough 019B,809,36,38,34,45,30,62,62,42,45,72,54,59,71,41,36,22,32,19,9,F,2011
E01012032,Middlesbrough 019C,867,64,57,64,60,53,48,56,86,83,77,76,60,35,21,22,0,3,1,1,F,2011
E01012033,Middlesbrough 019D,705,33,24,31,30,29,43,29,44,52,54,57,44,48,40,34,38,36,16,23,F,2011
E01012034,Middlesbrough 019E,771,32,46,63,78,43,41,38,50,78,90,58,50,45,23,18,11,5,2,0,F,2011
E01012035,Middlesbrough 019F,692,38,28,34,35,48,54,28,33,30,60,60,42,51,24,33,33,35,19,7,F,2011
E01012062,Middlesbrough 020A,773,28,36,43,59,29,40,27,43,52,54,57,51,76,61,47,30,25,11,4,F,2011
E01012063,Middlesbrough 020B,767,39,32,42,30,37,33,40,34,42,60,66,64,55,31,39,37,40,27,19,F,2011
E01012064,Middlesbrough 020C,922,56,60,47,53,51,68,49,60,67,79,70,51,62,45,35,34,19,12,4,F,2011
E01012071,Middlesbrough 020D,738,14,37,44,41,28,13,20,34,51,60,53,60,79,82,59,34,19,8,2,F,2011
E01012073,Middlesbrough 020E,721,24,44,40,33,34,30,34,35,57,44,46,62,64,57,45,35,14,9,14,F,2011
E01032593,Middlesbrough 020F,1005,39,58,51,75,49,32,39,58,79,77,83,75,64,54,45,41,35,22,29,F,2011
E06000048,,162044,7683,7891,8552,8911,8079,8221,8127,8988,11456,12744,12466,11295,12637,9830,8044,6642,5126,3340,2012,F,2011
E01027376,Northumberland 001A,923,53,49,51,34,66,61,56,47,52,62,68,60,52,49,56,38,27,21,21,F,2011
E01027377,Northumberland 001B,874,33,31,24,37,62,53,55,31,45,40,59,77,66,54,48,61,47,30,21,F,2011
E01027385,Northumberland 001C,724,66,42,48,47,59,60,42,36,46,53,43,25,31,27,20,16,23,21,19,F,2011
E01027387,Northumberland 001D,963,59,39,31,37,42,59,53,50,61,56,67,68,79,62,53,41,44,35,27,F,2011
E01027388,Northumberland 001E,760,44,38,45,48,57,56,39,43,62,57,61,47,46,28,21,32,22,11,3,F,2011
E01027389,Northumberland 001F,826,43,39,52,43,43,58,32,45,58,67,62,64,68,36,25,46,24,15,6,F,2011
E01027378,Northumberland 002A,545,15,32,31,29,13,15,10,28,34,48,41,30,53,37,33,35,28,15,18,F,2011
E01027379,Northumberland 002B,709,24,24,26,43,12,17,31,38,41,50,55,63,86,65,46,42,21,23,2,F,2011
E01027380,Northumberland 002C,697,25,29,27,37,25,35,30,37,44,67,60,55,62,67,40,22,22,7,6,F,2011
E01027382,Northumberland 002D,868,32,24,48,35,33,35,29,34,51,78,54,79,76,87,59,47,30,19,18,F,2011
E01027386,Northumberland 002E,710,30,34,39,32,31,29,33,49,46,51,58,47,67,62,34,34,18,10,6,F,2011
E01027374,Northumberland 003A,1044,30,29,55,48,47,36,34,44,75,67,81,89,130,76,68,59,35,26,15,F,2011
E01027375,Northumberland 003B,888,39,20,40,47,38,37,31,40,60,79,88,78,99,70,38,39,18,15,12,F,2011
E01027381,Northumberland 003C,916,33,38,38,40,44,33,38,39,61,79,97,72,96,71,43,41,31,11,11,F,2011
E01027383,Northumberland 003D,688,26,24,22,25,26,26,30,28,36,29,50,43,76,71,56,48,47,15,10,F,2011
E01027384,Northumberland 003E,724,19,28,23,34,18,28,23,31,42,50,67,70,53,69,61,50,33,15,10,F,2011
E01027390,Northumberland 003F,1039,38,36,39,37,40,34,35,43,47,88,77,84,104,64,89,49,59,49,27,F,2011
E01027356,Northumberland 004A,890,28,31,28,42,37,37,27,36,52,60,81,80,81,72,74,58,37,20,9,F,2011
E01027357,Northumberland 004B,704,20,23,32,42,21,12,14,27,44,67,58,50,64,48,38,44,24,45,31,F,2011
E01027366,Northumberland 004C,798,24,29,32,37,24,25,23,28,42,75,73,69,74,69,72,42,31,18,11,F,2011
E01027367,Northumberland 004D,940,70,62,75,49,66,63,69,67,104,58,56,31,44,38,30,33,15,5,5,F,2011
E01027358,Northumberland 005A,1076,32,29,40,43,50,58,80,42,55,87,94,87,86,65,66,58,47,39,18,F,2011
E01027359,Northumberland 005B,1220,80,101,89,68,82,68,76,70,77,83,89,58,67,58,41,41,41,20,11,F,2011
E01033715,Northumberland 005D,540,12,21,17,27,30,28,29,25,37,39,37,46,37,29,38,35,24,20,9,F,2011
E01033717,Northumberland 005E,745,22,42,44,53,26,38,38,42,69,63,72,37,64,32,28,24,15,17,19,F,2011
E01027361,Northumberland 006A,1059,53,39,43,66,62,63,61,47,76,79,91,75,86,69,50,35,33,16,15,F,2011
E01027362,Northumberland 006B,645,36,26,39,38,24,37,32,39,52,60,41,45,46,35,30,29,16,13,7,F,2011
E01027363,Northumberland 006C,630,41,37,39,34,47,29,51,33,37,35,40,34,37,30,32,34,25,7,8,F,2011
E01027364,Northumberland 006D,1051,35,39,58,67,49,39,42,55,84,95,92,79,79,69,68,44,28,16,13,F,2011
E01027370,Northumberland 006E,946,34,28,52,57,32,23,19,34,67,96,99,97,97,77,52,27,40,13,2,F,2011
E01027371,Northumberland 006F,932,59,56,59,39,34,48,46,78,80,76,65,46,68,63,44,23,37,8,3,F,2011
E01027372,Northumberland 006G,1098,40,35,45,40,37,16,22,47,77,90,103,98,126,98,76,57,41,29,21,F,2011
E01027365,Northumberland 007A,1116,40,47,55,61,23,29,32,45,74,107,98,114,100,75,69,44,51,33,19,F,2011
E01027368,Northumberland 007B,902,42,44,42,41,31,39,37,42,93,66,86,68,75,52,39,39,32,25,9,F,2011
E01027369,Northumberland 007C,787,32,31,32,22,9,22,27,42,39,51,51,74,93,70,64,49,46,20,13,F,2011
E01027373,Northumberland 007D,997,41,35,51,49,35,33,35,46,72,78,104,85,104,89,41,48,20,19,12,F,2011
E01027443,Northumberland 008A,794,58,50,49,44,58,71,49,56,66,46,39,42,39,50,32,19,12,10,4,F,2011
E01027444,Northumberland 008B,706,37,35,34,28,31,50,40,48,45,59,65,46,57,38,30,26,18,13,6,F,2011
E01027445,Northumberland 008C,805,38,31,34,46,40,45,44,44,54,57,75,65,91,39,37,29,19,12,5,F,2011
E01027446,Northumberland 008D,697,20,25,30,44,29,30,15,36,44,68,71,61,63,59,38,32,18,13,1,F,2011
E01027451,Northumberland 008E,940,65,48,64,53,64,58,57,51,65,54,77,64,51,40,37,35,21,23,13,F,2011
E01027474,Northumberland 008F,977,52,64,70,62,72,60,61,70,74,73,53,59,64,53,37,21,13,11,8,F,2011
E01027475,Northumberland 008G,728,18,19,35,51,24,18,34,33,50,52,68,69,78,60,45,30,21,16,7,F,2011
E01027541,Northumberland 009A,912,33,39,43,46,60,49,42,50,60,56,79,69,84,61,53,42,23,18,5,F,2011
E01027542,Northumberland 009B,973,67,58,55,54,61,69,51,44,60,46,56,57,57,56,51,58,38,21,14,F,2011
E01027543,Northumberland 009C,687,48,44,42,42,40,51,38,41,41,56,45,48,48,31,21,17,22,4,8,F,2011
E01027544,Northumberland 009D,689,30,30,23,33,25,35,26,34,49,45,51,70,51,67,43,39,13,18,7,F,2011
E01027528,Northumberland 010A,617,30,26,31,45,46,37,41,37,48,47,48,37,52,26,19,17,15,9,6,F,2011
E01027529,Northumberland 010B,548,22,32,21,33,29,26,29,40,39,53,57,34,42,29,18,23,10,9,2,F,2011
E01027539,Northumberland 010C,887,67,41,49,40,85,65,50,63,62,51,54,38,45,59,32,22,28,18,18,F,2011
E01027545,Northumberland 010D,1092,93,65,63,53,111,91,75,55,63,84,69,52,52,35,35,29,34,19,14,F,2011
E01027546,Northumberland 010E,889,60,46,45,60,83,76,52,70,58,56,51,53,51,43,22,34,21,6,2,F,2011
E01027457,Northumberland 011A,780,22,28,44,36,30,25,27,40,52,69,69,53,58,42,34,41,42,37,31,F,2011
E01027462,Northumberland 011B,980,79,44,53,50,46,83,65,55,51,83,69,52,58,40,52,37,39,18,6,F,2011
E01027463,Northumberland 011C,840,53,44,38,35,45,48,59,61,73,75,79,69,47,42,31,23,12,3,3,F,2011
E01027524,Northumberland 012A,771,37,39,24,55,45,58,48,48,52,58,37,49,53,35,30,30,26,25,22,F,2011
E01027525,Northumberland 012B,870,34,29,37,37,35,50,56,38,62,64,62,48,53,50,50,41,56,37,31,F,2011
E01027526,Northumberland 012C,659,16,22,36,40,25,23,27,36,55,67,61,68,55,50,29,26,15,6,2,F,2011
E01027527,Northumberland 012D,704,29,44,42,53,43,37,43,50,45,54,43,45,53,25,24,18,19,29,8,F,2011
E01027536,Northumberland 012E,741,21,31,41,52,37,49,31,33,54,76,74,68,51,45,27,21,12,13,5,F,2011
E01027533,Northumberland 013A,860,55,31,45,44,76,74,57,44,45,51,46,52,44,48,36,47,33,20,12,F,2011
E01027540,Northumberland 013B,1006,69,47,60,80,97,87,58,52,81,66,63,44,47,36,31,35,18,15,20,F,2011
E01027549,Northumberland 013E,774,54,50,52,44,34,45,62,71,65,66,63,71,55,24,11,2,4,1,0,F,2011
E01033716,Northumberland 013F,1199,77,53,64,69,75,62,62,70,75,85,75,63,102,96,72,44,35,19,1,F,2011
E01027532,Northumberland 014A,954,50,34,54,54,48,55,54,69,80,84,76,63,90,42,41,24,24,11,1,F,2011
E01027537,Northumberland 014B,708,31,33,40,34,33,42,35,36,47,56,37,50,54,43,50,37,25,13,12,F,2011
E01027538,Northumberland 014C,929,48,62,51,48,38,38,55,61,78,92,74,68,76,54,29,29,18,6,4,F,2011
E01027447,Northumberland 015A,913,32,46,72,52,31,33,31,54,74,87,98,77,78,50,40,24,20,6,8,F,2011
E01027448,Northumberland 015B,993,40,50,62,60,25,28,30,49,91,101,81,77,93,61,49,42,24,17,13,F,2011
E01027450,Northumberland 015C,842,32,36,55,41,19,29,33,39,76,80,90,67,69,56,36,32,32,17,3,F,2011
E01027473,Northumberland 015D,884,43,40,53,46,30,28,34,53,64,67,75,78,79,61,49,41,27,12,4,F,2011
E01027452,Northumberland 016A,739,33,21,35,49,27,26,35,38,49,67,70,48,59,45,25,39,28,25,20,F,2011
E01027453,Northumberland 016B,780,24,22,26,20,31,17,45,25,40,56,58,43,52,55,51,53,72,64,26,F,2011
E01027461,Northumberland 016E,723,48,40,41,42,41,46,31,32,44,50,56,43,45,43,30,45,26,18,2,F,2011
E01033718,Northumberland 016F,1112,45,53,77,55,41,61,68,62,71,86,81,68,63,42,61,58,54,42,24,F,2011
E01027530,Northumberland 017A,768,60,61,45,43,50,58,57,41,48,51,72,45,35,20,33,20,15,9,5,F,2011
E01027531,Northumberland 017B,867,54,59,55,51,41,64,73,62,74,71,63,51,37,38,31,24,7,10,2,F,2011
E01027534,Northumberland 017C,999,66,56,54,53,57,69,60,60,64,72,62,44,47,47,52,57,38,27,14,F,2011
E01027535,Northumberland 017D,762,22,32,36,29,27,26,20,37,61,53,63,48,73,80,73,52,17,10,3,F,2011
E01027553,Northumberland 017E,858,34,32,37,41,41,49,57,52,69,75,64,49,57,52,39,39,29,24,18,F,2011
E01027554,Northumberland 017F,678,29,18,24,26,28,25,44,30,50,48,36,49,55,68,54,48,30,9,7,F,2011
E01027455,Northumberland 018A,752,24,28,38,42,14,24,25,44,58,61,56,50,76,65,51,42,35,13,6,F,2011
E01027456,Northumberland 018B,669,25,29,44,40,20,16,17,25,42,50,73,55,80,55,37,35,19,4,3,F,2011
E01027458,Northumberland 018C,836,34,34,42,55,27,13,20,38,69,89,72,61,74,36,59,35,35,28,15,F,2011
E01027460,Northumberland 018D,851,36,51,47,38,24,27,34,48,66,70,57,70,58,59,59,51,25,23,8,F,2011
E01027479,Northumberland 019A,1173,66,53,67,57,47,39,47,59,89,99,111,76,87,83,63,51,42,21,16,F,2011
E01027480,Northumberland 019B,619,17,24,37,40,26,10,20,27,56,66,67,51,55,38,34,21,13,11,6,F,2011
E01027503,Northumberland 019C,873,35,40,22,37,31,47,30,53,56,67,82,77,90,60,62,38,23,14,9,F,2011
E01027511,Northumberland 019D,551,29,21,19,20,28,23,22,26,42,47,60,46,45,33,36,26,11,13,4,F,2011
E01027515,Northumberland 020A,742,36,42,40,35,44,41,48,41,48,72,57,52,55,30,27,24,27,17,6,F,2011
E01027517,Northumberland 020B,980,49,48,46,56,57,80,60,68,89,67,65,71,56,51,39,23,24,19,12,F,2011
E01027518,Northumberland 020C,765,49,50,50,48,45,49,40,49,55,49,44,45,46,31,38,36,18,19,4,F,2011
E01027519,Northumberland 020D,759,55,42,48,59,41,59,66,42,43,57,41,37,43,27,31,25,16,17,10,F,2011
E01027550,Northumberland 020E,659,29,40,23,39,38,51,31,38,33,50,43,35,42,41,39,39,25,16,7,F,2011
E01027551,Northumberland 020F,723,50,41,48,42,62,51,42,55,39,49,48,40,46,36,26,24,16,3,5,F,2011
E01027552,Northumberland 020G,624,22,29,35,25,37,40,22,42,45,57,52,44,56,41,24,17,16,17,3,F,2011
E01027514,Northumberland 021A,850,23,37,37,55,30,37,36,46,51,72,65,70,57,70,55,44,36,18,11,F,2011
E01027516,Northumberland 021B,657,19,22,31,26,33,23,23,30,54,52,50,47,35,28,40,30,51,43,20,F,2011
E01027520,Northumberland 021C,760,39,46,45,38,28,21,44,54,67,70,57,51,63,33,38,34,19,11,2,F,2011
E01027521,Northumberland 021D,854,66,60,61,59,27,35,55,79,79,99,66,38,60,24,17,13,10,6,0,F,2011
E01027522,Northumberland 021E,701,41,28,27,49,42,49,33,34,50,58,58,32,50,31,42,37,19,13,8,F,2011
E01027523,Northumberland 021F,591,22,31,33,25,28,39,40,35,36,58,43,42,35,26,30,26,22,16,4,F,2011
E01027392,Northumberland 022A,902,47,49,62,62,62,59,40,47,66,61,49,46,54,54,40,27,29,29,19,F,2011
E01027393,Northumberland 022B,809,60,69,68,57,55,63,38,43,53,66,44,40,40,32,17,26,25,5,8,F,2011
E01027416,Northumberland 022C,816,48,55,40,52,83,67,44,47,72,44,48,34,39,40,36,25,25,9,8,F,2011
E01027424,Northumberland 022D,1062,73,68,65,77,79,70,65,52,71,76,57,64,62,39,36,29,38,23,18,F,2011
E01027414,Northumberland 023A,717,38,32,33,51,63,54,36,42,47,44,66,52,55,28,31,21,14,10,0,F,2011
E01027415,Northumberland 023B,882,46,29,43,53,73,53,38,39,52,64,62,59,56,36,40,36,40,28,35,F,2011
E01027431,Northumberland 023C,875,56,41,39,47,72,84,71,40,51,58,59,55,50,45,40,26,19,18,4,F,2011
E01027441,Northumberland 023D,1022,53,44,54,50,65,74,72,66,74,64,78,59,61,48,57,43,31,20,9,F,2011
E01027442,Northumberland 023E,770,52,28,28,24,38,54,43,40,50,63,56,70,50,46,25,38,29,22,14,F,2011
E01027391,Northumberland 024A,803,39,47,56,58,46,57,45,53,46,75,44,47,50,16,34,24,30,15,21,F,2011
E01027422,Northumberland 024B,938,61,52,55,61,48,62,51,55,66,60,56,59,84,53,28,36,36,11,4,F,2011
E01027423,Northumberland 024C,766,41,39,45,48,42,43,50,44,41,46,41,56,66,58,42,36,16,11,1,F,2011
E01027429,Northumberland 024D,1002,57,55,57,48,59,57,48,53,64,70,70,75,67,40,49,44,42,40,7,F,2011
E01027430,Northumberland 024E,849,58,42,49,59,56,47,36,48,52,55,44,44,75,44,50,43,29,13,5,F,2011
E01027425,Northumberland 025A,1183,67,69,80,72,55,67,70,109,114,90,92,50,83,46,64,25,18,12,0,F,2011
E01027426,Northumberland 025B,817,70,91,71,83,60,66,57,50,62,35,45,37,37,14,14,14,8,3,0,F,2011
E01027427,Northumberland 025C,817,43,42,47,41,63,75,50,38,53,55,54,45,38,43,43,35,33,18,1,F,2011
E01027428,Northumberland 025D,787,32,33,53,51,44,50,44,45,64,75,59,62,75,50,24,12,11,3,0,F,2011
E01027437,Northumberland 026A,910,31,34,39,53,28,41,40,55,60,79,97,82,94,66,34,39,25,10,3,F,2011
E01027438,Northumberland 026B,757,36,39,26,55,51,39,44,43,51,76,50,67,69,47,23,25,9,6,1,F,2011
E01027439,Northumberland 026C,999,46,67,67,69,43,55,62,74,93,93,77,71,70,46,33,17,14,1,1,F,2011
E01027440,Northumberland 026D,718,29,34,31,35,29,29,42,37,64,48,54,55,90,57,26,26,20,7,5,F,2011
E01027400,Northumberland 027A,697,45,58,62,48,25,29,46,96,93,58,48,27,23,14,7,9,6,1,2,F,2011
E01027401,Northumberland 027B,743,35,53,59,44,27,25,22,75,90,75,61,58,52,38,11,13,4,1,0,F,2011
E01027402,Northumberland 027C,677,28,41,47,52,29,21,36,50,63,73,61,59,61,29,11,4,4,8,0,F,2011
E01027403,Northumberland 027D,618,30,33,35,23,29,32,31,35,43,51,68,55,71,38,18,13,8,5,0,F,2011
E01027395,Northumberland 028A,790,50,35,26,35,58,60,56,56,67,45,47,36,50,35,22,37,28,24,23,F,2011
E01027396,Northumberland 028B,739,52,50,51,52,41,58,55,43,56,55,49,41,38,30,29,16,16,5,2,F,2011
E01027397,Northumberland 028C,755,35,37,34,53,44,38,41,36,64,48,46,52,56,41,37,36,25,22,10,F,2011
E01027399,Northumberland 028D,776,48,55,31,36,54,42,74,60,50,73,84,75,44,22,10,11,5,1,1,F,2011
E01027404,Northumberland 028E,778,36,33,32,52,38,39,70,49,58,70,69,56,73,27,29,12,11,12,12,F,2011
E01027405,Northumberland 028F,759,30,33,23,47,37,31,50,40,46,53,54,92,104,45,30,22,17,2,3,F,2011
E01027398,Northumberland 029A,1221,79,92,93,97,85,86,114,93,90,80,92,70,61,35,25,12,8,7,2,F,2011
E01027409,Northumberland 029B,812,28,24,36,42,37,32,21,55,52,50,40,45,73,79,60,43,39,36,20,F,2011
E01027411,Northumberland 029C,752,40,43,27,28,23,47,37,42,41,38,41,46,58,48,51,28,31,41,42,F,2011
E01027412,Northumberland 029D,814,60,41,57,53,69,65,49,50,46,59,56,38,47,28,40,18,12,19,7,F,2011
E01027413,Northumberland 029E,963,50,51,50,55,59,61,51,63,82,69,55,81,81,54,47,26,17,6,5,F,2011
E01027417,Northumberland 030A,811,31,30,37,32,18,30,28,44,50,51,58,53,77,69,62,52,49,24,16,F,2011
E01027418,Northumberland 030B,949,52,53,48,66,48,53,82,65,68,68,78,69,63,37,30,26,19,12,12,F,2011
E01027419,Northumberland 030C,802,21,30,29,44,36,21,40,43,43,62,56,50,72,66,55,48,48,20,18,F,2011
E01027420,Northumberland 030D,743,25,28,20,30,29,27,33,40,44,55,62,72,54,75,53,41,19,16,20,F,2011
E01027421,Northumberland 030E,778,23,40,24,37,36,38,46,40,50,58,65,43,68,57,45,44,32,20,12,F,2011
E01027394,Northumberland 031A,575,25,19,17,34,41,36,32,25,40,48,41,51,49,37,40,13,14,12,1,F,2011
E01027406,Northumberland 031B,660,16,19,17,25,29,31,27,30,30,42,45,62,95,66,48,42,16,14,6,F,2011
E01027407,Northumberland 031C,644,18,18,25,28,40,40,32,25,30,48,59,58,100,55,27,17,16,5,3,F,2011
E01027408,Northumberland 031D,671,23,33,26,38,38,43,43,33,42,38,32,45,61,65,43,22,22,16,8,F,2011
E01027410,Northumberland 031E,835,26,47,54,55,29,32,31,50,64,68,67,62,86,68,43,25,17,10,1,F,2011
E01027432,Northumberland 032A,767,34,32,41,32,43,57,51,47,53,56,51,45,49,47,47,25,27,21,9,F,2011
E01027433,Northumberland 032B,859,47,38,56,44,58,56,48,72,63,71,61,50,56,46,32,28,17,11,5,F,2011
E01027434,Northumberland 032C,698,27,24,38,32,40,36,37,31,55,50,45,57,64,66,40,22,21,10,3,F,2011
E01027435,Northumberland 032D,732,27,38,39,43,40,32,48,42,53,56,59,44,65,41,32,23,26,13,11,F,2011
E01027436,Northumberland 032E,785,35,41,54,39,37,44,52,51,72,56,55,37,56,63,34,25,19,10,5,F,2011
E01027464,Northumberland 033A,725,17,30,34,34,23,33,19,23,43,44,57,49,55,72,48,59,47,29,9,F,2011
E01027465,Northumberland 033B,779,31,30,43,46,24,30,32,35,55,53,81,52,64,44,45,38,35,27,14,F,2011
E01027466,Northumberland 033C,658,20,29,34,44,24,22,29,25,49,52,55,32,43,34,30,39,36,32,29,F,2011
E01033714,Northumberland 033F,1262,41,55,78,75,52,51,40,56,85,98,88,92,114,95,73,76,48,29,16,F,2011
E01027449,Northumberland 034A,789,32,26,40,31,37,17,28,39,49,76,61,52,75,51,64,54,33,19,5,F,2011
E01027468,Northumberland 034B,633,15,30,28,38,19,16,11,21,34,47,50,61,53,57,67,37,26,16,7,F,2011
E01027469,Northumberland 034C,721,20,44,50,47,19,9,24,30,51,80,56,45,55,57,40,42,25,19,8,F,2011
E01027471,Northumberland 034D,843,28,40,44,57,28,24,26,33,68,74,68,59,84,68,60,43,30,6,3,F,2011
E01027472,Northumberland 034E,818,53,55,42,50,51,37,42,46,73,75,56,60,40,55,28,24,14,8,9,F,2011
E01027476,Northumberland 035A,1197,49,57,34,57,70,91,44,63,77,94,89,77,96,79,76,60,38,23,23,F,2011
E01027489,Northumberland 035B,824,29,43,51,59,40,24,35,31,62,80,83,75,62,48,37,28,17,15,5,F,2011
E01027490,Northumberland 035C,996,51,55,64,54,54,59,39,57,77,79,76,50,52,45,43,41,43,28,29,F,2011
E01027491,Northumberland 035D,824,18,37,45,55,27,25,12,34,44,70,75,84,67,57,48,37,41,25,23,F,2011
E01027492,Northumberland 035E,969,51,74,48,57,51,25,33,43,89,81,91,63,61,64,48,28,35,17,10,F,2011
E01027493,Northumberland 035F,879,46,42,22,50,45,56,48,31,44,58,46,46,51,33,42,55,51,52,61,F,2011
E01027494,Northumberland 035G,1184,29,65,65,53,64,53,57,54,61,74,74,91,112,85,64,61,67,33,22,F,2011
E01027483,Northumberland 036A,714,30,33,72,24,20,24,31,29,59,63,66,65,50,39,29,17,30,20,13,F,2011
E01027496,Northumberland 036B,644,26,30,40,36,22,26,30,36,47,64,45,47,42,58,38,24,11,15,7,F,2011
E01027508,Northumberland 036C,569,30,30,24,30,19,29,32,43,41,45,52,40,53,32,26,15,13,11,4,F,2011
E01027513,Northumberland 036D,996,37,42,47,59,20,23,35,62,83,88,88,59,84,67,60,51,35,38,18,F,2011
E01027484,Northumberland 037A,1156,53,56,59,69,50,35,37,55,81,100,101,99,96,96,64,48,29,18,10,F,2011
E01027485,Northumberland 037B,765,37,46,43,31,38,39,39,39,44,53,47,54,58,58,42,32,40,19,6,F,2011
E01027486,Northumberland 037C,573,26,24,29,30,40,34,17,28,35,47,58,39,37,30,28,25,22,12,12,F,2011
E01027487,Northumberland 037D,594,24,20,39,33,24,23,28,27,38,52,45,49,53,36,33,35,18,12,5,F,2011
E01027512,Northumberland 037E,496,18,24,20,29,18,22,23,24,32,44,51,40,54,36,27,17,10,4,3,F,2011
E01027497,Northumberland 038A,1378,80,113,99,74,65,83,77,109,142,146,102,77,78,53,29,28,13,3,7,F,2011
E01027498,Northumberland 038B,1391,78,90,74,81,74,72,98,102,122,120,81,65,83,64,56,51,38,22,20,F,2011
E01027499,Northumberland 038C,759,35,31,38,39,29,30,28,46,56,71,52,45,66,60,65,42,16,6,4,F,2011
E01027500,Northumberland 038D,897,46,46,52,40,57,42,59,48,50,69,54,42,88,48,34,44,31,29,18,F,2011
E01027501,Northumberland 038E,574,21,29,24,35,46,24,30,37,40,40,46,45,51,46,21,16,15,5,3,F,2011
E01027502,Northumberland 038F,640,25,24,45,44,46,24,34,45,47,71,55,50,53,27,27,14,5,3,1,F,2011
E01027481,Northumberland 039A,881,35,38,36,36,21,21,44,42,65,57,69,63,58,61,67,47,54,36,31,F,2011
E01027482,Northumberland 039B,780,20,34,25,48,27,27,29,37,48,59,71,56,75,43,61,54,30,23,13,F,2011
E01027504,Northumberland 039C,1037,32,38,41,63,36,31,47,35,52,77,94,74,92,88,66,57,57,32,25,F,2011
E01027506,Northumberland 039D,582,34,27,37,32,20,19,31,35,45,63,48,44,50,33,29,20,9,4,2,F,2011
E01027507,Northumberland 039E,697,30,38,36,43,23,16,17,38,56,54,65,64,72,58,39,25,16,5,2,F,2011
E01027509,Northumberland 039F,715,29,35,32,25,16,30,28,33,52,62,55,53,50,56,52,35,37,24,11,F,2011
E01027477,Northumberland 040A,606,18,25,37,31,21,17,18,24,40,58,64,64,57,54,28,21,12,12,5,F,2011
E01027478,Northumberland 040B,559,25,11,26,28,23,19,25,23,27,43,51,42,55,39,28,35,29,18,12,F,2011
E01027488,Northumberland 040C,1107,46,54,56,63,49,63,51,59,69,110,96,75,111,38,46,49,31,24,17,F,2011
E01027495,Northumberland 040D,543,24,19,32,32,19,12,18,25,42,50,38,59,40,40,35,27,18,9,4,F,2011
E01027505,Northumberland 040E,707,22,49,45,37,23,19,25,40,43,70,66,61,75,49,26,28,15,7,7,F,2011
E01027510,Northumberland 040F,582,22,28,34,24,16,18,31,34,48,54,53,50,56,41,22,26,15,7,3,F,2011
E06000003,,69510,3660,3389,3793,4268,4020,4001,3649,3897,4916,5366,4791,4389,4847,4048,3483,2705,2168,1377,743,F,2011
E01012100,Redcar and Cleveland 001A,731,48,28,37,49,80,59,47,41,46,46,53,43,39,24,27,26,19,14,5,F,2011
E01012101,Redcar and Cleveland 001B,756,35,28,28,43,54,42,42,32,45,64,45,49,51,41,40,37,33,34,13,F,2011
E01012102,Redcar and Cleveland 001C,1139,97,62,58,63,118,127,103,67,66,79,72,50,55,28,26,25,20,18,5,F,2011
E01012184,Redcar and Cleveland 001D,729,39,34,41,41,31,46,45,46,51,63,55,42,44,33,44,27,22,15,10,F,2011
E01012105,Redcar and Cleveland 002A,692,35,35,45,43,38,37,48,39,48,64,52,29,33,35,34,32,23,17,5,F,2011
E01012142,Redcar and Cleveland 002B,877,38,45,46,54,56,48,41,46,75,77,43,45,53,50,46,45,35,25,9,F,2011
E01012143,Redcar and Cleveland 002C,673,52,45,58,48,41,51,54,42,35,63,32,38,22,22,27,19,11,9,4,F,2011
E01012144,Redcar and Cleveland 002D,706,23,20,32,45,47,35,36,37,47,70,54,49,53,34,38,33,26,21,6,F,2011
E01012106,Redcar and Cleveland 003C,686,32,33,32,41,39,41,37,41,50,51,44,34,37,47,35,43,23,18,8,F,2011
E01012107,Redcar and Cleveland 003D,733,32,38,47,52,38,44,34,36,47,53,49,39,46,46,29,42,29,20,12,F,2011
E01032560,Redcar and Cleveland 003E,536,14,15,31,37,22,23,17,21,46,45,37,39,37,37,39,33,28,12,3,F,2011
E01032561,Redcar and Cleveland 003F,834,65,61,46,68,80,72,58,59,46,73,48,38,35,28,21,10,11,11,4,F,2011
E01012176,Redcar and Cleveland 004A,739,26,23,30,30,29,25,31,29,56,47,62,54,58,54,57,43,39,32,14,F,2011
E01012177,Redcar and Cleveland 004B,752,33,46,51,40,43,41,34,59,67,77,63,47,34,31,34,29,16,5,2,F,2011
E01012178,Redcar and Cleveland 004C,761,36,44,49,43,38,45,33,40,49,74,58,52,48,44,41,29,21,11,6,F,2011
E01012179,Redcar and Cleveland 004D,786,29,34,43,50,32,42,29,50,63,57,56,48,43,46,49,44,46,18,7,F,2011
E01012180,Redcar and Cleveland 004E,894,46,57,79,90,41,36,52,65,94,114,81,42,34,36,12,8,7,0,0,F,2011
E01012185,Redcar and Cleveland 004F,776,48,36,51,34,54,65,39,40,59,61,55,42,52,31,35,32,19,17,6,F,2011
E01012186,Redcar and Cleveland 004G,836,38,37,38,32,36,42,46,42,64,47,66,59,79,53,53,36,37,22,9,F,2011
E01012127,Redcar and Cleveland 005A,564,40,37,29,37,50,42,23,27,39,41,39,34,37,22,23,16,12,11,5,F,2011
E01012128,Redcar and Cleveland 005B,599,28,20,37,39,44,36,33,39,33,38,48,39,38,31,38,20,17,14,7,F,2011
E01012129,Redcar and Cleveland 005C,1138,69,63,51,61,72,86,56,80,68,57,76,79,80,76,53,36,22,28,25,F,2011
E01012130,Redcar and Cleveland 005D,671,21,14,26,42,42,32,35,33,46,60,54,59,59,50,46,23,14,14,1,F,2011
E01012131,Redcar and Cleveland 005E,761,44,45,46,45,37,41,36,38,36,46,43,30,43,58,50,46,32,25,20,F,2011
E01012138,Redcar and Cleveland 006A,1348,95,82,89,73,55,60,99,119,135,117,93,70,79,56,46,41,22,16,1,F,2011
E01012139,Redcar and Cleveland 006B,973,38,49,52,58,39,35,40,44,74,88,74,66,109,94,59,22,22,3,7,F,2011
E01012140,Redcar and Cleveland 006C,705,55,27,31,40,51,31,40,47,41,41,35,56,55,52,53,19,19,5,7,F,2011
E01012141,Redcar and Cleveland 006D,551,15,17,29,36,20,18,15,24,45,51,32,32,51,59,48,29,19,4,7,F,2011
E01012154,Redcar and Cleveland 006E,657,20,17,18,45,28,25,14,31,33,51,33,40,75,74,66,38,19,21,9,F,2011
E01012155,Redcar and Cleveland 006F,779,31,38,23,35,39,39,47,37,54,49,40,43,70,58,49,52,40,22,13,F,2011
E01012156,Redcar and Cleveland 006G,900,26,39,51,46,38,28,37,45,67,66,68,61,75,74,69,55,32,18,5,F,2011
E01012157,Redcar and Cleveland 006H,851,27,28,56,46,37,49,29,37,58,75,48,53,65,58,49,51,43,30,12,F,2011
E01012158,Redcar and Cleveland 007A,740,27,31,27,37,23,20,25,34,48,48,62,45,60,79,59,31,46,21,17,F,2011
E01012159,Redcar and Cleveland 007B,756,24,36,33,35,36,46,38,44,59,58,50,57,55,44,34,32,26,32,17,F,2011
E01012160,Redcar and Cleveland 007C,773,25,43,49,55,26,31,23,47,53,73,59,54,65,35,28,29,34,33,11,F,2011
E01012161,Redcar and Cleveland 007D,803,33,44,53,34,28,34,48,55,59,47,49,41,43,41,42,41,47,32,32,F,2011
E01012113,Redcar and Cleveland 009A,791,104,56,50,54,81,79,48,40,51,42,33,42,26,24,23,20,11,2,5,F,2011
E01012114,Redcar and Cleveland 009B,721,65,46,42,71,99,76,37,39,36,54,47,25,23,19,12,13,11,5,1,F,2011
E01012175,Redcar and Cleveland 009E,737,45,44,48,61,52,57,37,54,52,51,44,34,37,34,35,24,18,7,3,F,2011
E01033471,Redcar and Cleveland 009F,1224,116,97,109,101,106,121,63,79,91,92,61,55,46,29,21,18,14,5,0,F,2011
E01012095,Redcar and Cleveland 010A,676,43,24,41,41,23,31,32,43,51,56,50,48,57,50,32,24,16,10,4,F,2011
E01012097,Redcar and Cleveland 010B,594,26,27,36,33,18,25,23,34,39,43,34,36,64,53,47,21,16,7,12,F,2011
E01012098,Redcar and Cleveland 010C,673,37,36,44,43,28,41,59,35,58,42,54,44,53,31,30,9,16,8,5,F,2011
E01012099,Redcar and Cleveland 010D,786,81,52,47,59,75,51,50,50,43,61,41,38,33,32,20,17,15,10,11,F,2011
E01012108,Redcar and Cleveland 011A,780,41,45,43,48,59,49,54,43,61,60,57,36,46,41,44,21,19,11,2,F,2011
E01012109,Redcar and Cleveland 011B,726,41,28,32,37,41,44,44,41,42,48,62,61,30,45,28,31,37,20,14,F,2011
E01012110,Redcar and Cleveland 011C,684,31,29,22,47,49,47,54,47,56,67,63,45,34,28,22,26,14,1,2,F,2011
E01012111,Redcar and Cleveland 011D,683,27,24,20,35,39,31,33,40,39,44,54,52,38,38,43,47,22,41,16,F,2011
E01012171,Redcar and Cleveland 011E,763,29,37,36,51,47,36,29,36,60,43,40,51,63,42,63,45,30,16,9,F,2011
E01012172,Redcar and Cleveland 011F,706,28,24,32,37,24,41,33,35,57,36,58,61,53,50,50,32,30,19,6,F,2011
E01012162,Redcar and Cleveland 012A,745,64,40,43,46,41,55,55,51,67,53,52,40,37,37,22,14,15,9,4,F,2011
E01012163,Redcar and Cleveland 012B,1077,58,66,69,66,49,42,59,82,82,92,92,87,78,60,37,25,25,4,4,F,2011
E01012164,Redcar and Cleveland 012C,830,37,35,42,45,36,40,37,47,58,70,67,67,81,52,44,23,21,23,5,F,2011
E01012165,Redcar and Cleveland 012D,1177,81,62,84,89,61,71,82,73,94,81,66,59,68,50,50,29,37,31,9,F,2011
E01012096,Redcar and Cleveland 013A,783,65,36,55,55,60,59,49,44,59,52,46,37,60,26,35,17,13,7,8,F,2011
E01012136,Redcar and Cleveland 013D,717,39,36,30,45,45,73,28,36,51,55,56,45,51,40,25,18,18,15,11,F,2011
E01033473,Redcar and Cleveland 013E,1114,77,67,75,56,84,74,70,59,65,81,71,70,66,46,44,31,39,23,16,F,2011
E01012112,Redcar and Cleveland 015A,727,44,35,41,43,51,41,43,49,54,49,62,44,50,36,23,18,27,10,7,F,2011
E01012145,Redcar and Cleveland 015B,763,42,29,45,55,45,62,47,41,61,59,50,41,44,35,37,22,18,22,8,F,2011
E01012147,Redcar and Cleveland 015C,809,22,45,38,41,41,28,41,37,68,69,67,48,94,67,31,32,26,11,3,F,2011
E01012149,Redcar and Cleveland 015D,605,19,24,35,34,35,18,19,35,42,51,53,29,68,52,39,22,17,7,6,F,2011
E01012132,Redcar and Cleveland 016A,1016,40,40,64,59,70,46,41,53,73,76,61,59,90,84,59,41,31,19,10,F,2011
E01012134,Redcar and Cleveland 016B,722,25,30,25,29,43,35,31,35,38,55,47,55,68,63,48,47,26,16,6,F,2011
E01012137,Redcar and Cleveland 016C,666,26,36,35,42,34,30,34,34,50,52,41,63,55,42,33,22,21,12,4,F,2011
E01012181,Redcar and Cleveland 016D,833,49,40,39,59,44,73,52,54,66,70,57,43,44,45,27,17,27,16,11,F,2011
E01012117,Redcar and Cleveland 018A,742,28,18,15,46,49,48,43,32,51,47,34,32,54,46,33,44,56,32,34,F,2011
E01012118,Redcar and Cleveland 018B,713,43,35,36,32,38,48,49,38,43,52,40,50,52,41,25,30,28,22,11,F,2011
E01012119,Redcar and Cleveland 018C,1107,53,69,70,67,62,62,66,66,90,105,70,68,55,52,42,35,25,27,23,F,2011
E01012121,Redcar and Cleveland 018D,681,30,39,45,56,30,41,35,47,61,43,49,43,45,24,27,16,26,14,10,F,2011
E01032548,Redcar and Cleveland 019E,810,31,36,23,40,24,15,27,26,51,51,48,60,88,84,65,66,41,25,9,F,2011
E01032549,Redcar and Cleveland 019F,869,35,41,46,46,36,33,26,41,44,74,68,71,106,66,42,27,23,22,22,F,2011
E01033472,Redcar and Cleveland 019G,1285,86,73,88,64,54,95,96,100,89,103,93,98,87,46,44,40,17,8,4,F,2011
E01012120,Redcar and Cleveland 020A,710,21,21,33,33,24,18,22,32,36,50,51,50,69,71,58,44,35,20,22,F,2011
E01012124,Redcar and Cleveland 020B,709,26,22,36,34,19,18,19,35,48,48,56,67,91,73,48,23,32,10,4,F,2011
E01012182,Redcar and Cleveland 020C,726,16,40,27,41,19,20,22,34,36,54,62,57,77,68,47,39,36,19,12,F,2011
E01012183,Redcar and Cleveland 020D,788,42,41,39,53,35,36,52,50,55,80,68,71,66,37,29,17,10,5,2,F,2011
E01012148,Redcar and Cleveland 021A,700,40,31,48,54,51,62,38,36,63,61,43,37,37,32,18,28,14,5,2,F,2011
E01012150,Redcar and Cleveland 021B,840,39,46,51,78,65,54,45,42,68,71,45,48,48,42,32,32,18,11,5,F,2011
E01012151,Redcar and Cleveland 021C,779,39,24,32,48,45,27,24,40,43,62,52,59,58,69,54,61,31,10,1,F,2011
E01012152,Redcar and Cleveland 021D,782,25,26,37,41,38,33,37,33,47,74,69,62,65,54,54,44,32,10,1,F,2011
E01032594,Redcar and Cleveland 021E,726,22,35,36,36,21,17,28,29,51,53,57,49,61,53,70,55,28,15,10,F,2011
E01012146,Redcar and Cleveland 022A,623,28,19,30,33,32,23,21,30,36,57,43,48,57,57,51,28,20,7,3,F,2011
E01012167,Redcar and Cleveland 022B,779,51,50,49,47,44,57,47,42,63,56,71,41,40,34,29,23,23,8,4,F,2011
E01012168,Redcar and Cleveland 022C,1013,66,50,49,76,73,88,66,60,82,68,67,61,46,35,41,35,19,25,6,F,2011
E01012170,Redcar and Cleveland 022D,734,57,48,47,65,50,48,45,36,52,58,53,38,32,16,26,22,19,11,11,F,2011
E01012173,Redcar and Cleveland 022E,592,25,14,23,42,33,20,21,14,42,52,47,56,50,41,32,29,28,12,11,F,2011
E01012174,Redcar and Cleveland 022F,595,19,30,28,33,43,18,22,25,37,47,32,39,47,32,57,40,30,13,3,F,2011
E01033470,Redcar and Cleveland 022G,874,52,40,41,54,73,70,50,50,62,65,59,71,47,43,36,27,16,11,7,F,2011
E06000004,,97655,6101,5377,5426,6149,6063,6405,5942,6037,7149,7560,6905,5858,5925,4514,3895,3385,2572,1578,814,F,2011
E01012242,Stockton-on-Tees 001A,761,37,24,35,42,46,30,47,35,41,69,65,58,58,61,41,35,19,15,3,F,2011
E01012243,Stockton-on-Tees 001B,861,46,53,40,54,43,70,55,58,63,74,65,53,56,38,24,25,23,15,6,F,2011
E01012244,Stockton-on-Tees 001C,744,30,30,33,53,43,42,32,42,77,61,61,62,52,35,35,31,17,7,1,F,2011
E01012246,Stockton-on-Tees 001D,716,27,32,42,51,50,39,46,37,56,68,88,65,48,22,20,14,8,2,1,F,2011
E01012296,Stockton-on-Tees 001E,702,38,33,19,31,32,33,42,44,46,62,56,51,64,32,39,27,23,20,10,F,2011
E01012297,Stockton-on-Tees 001F,1343,89,72,84,112,74,59,72,89,131,144,139,73,73,53,28,28,20,2,1,F,2011
E01012197,Stockton-on-Tees 002A,1092,92,75,73,83,81,100,63,80,72,86,58,48,45,43,24,30,22,13,4,F,2011
E01012256,Stockton-on-Tees 002B,676,16,14,32,32,31,19,19,22,35,43,55,47,54,75,66,55,39,13,9,F,2011
E01012257,Stockton-on-Tees 002C,731,21,35,34,31,31,30,27,35,51,65,50,49,66,50,41,36,39,29,11,F,2011
E01012275,Stockton-on-Tees 002D,807,55,33,50,53,45,54,50,46,59,61,68,39,40,31,27,32,36,18,10,F,2011
E01012276,Stockton-on-Tees 002E,861,48,29,33,51,61,66,35,31,48,64,70,50,48,37,47,61,53,26,3,F,2011
E01012277,Stockton-on-Tees 002F,874,69,50,51,56,48,67,61,45,66,67,57,47,36,28,33,31,45,15,2,F,2011
E01012196,Stockton-on-Tees 003A,862,50,51,43,74,58,53,60,56,52,68,68,47,42,30,28,28,18,24,12,F,2011
E01012198,Stockton-on-Tees 003B,758,54,55,46,51,52,78,44,34,59,58,52,33,43,25,28,25,7,13,1,F,2011
E01012214,Stockton-on-Tees 003C,865,80,60,49,58,64,56,49,51,64,78,43,41,36,28,45,30,22,10,1,F,2011
E01012215,Stockton-on-Tees 003D,682,58,42,46,43,63,49,40,33,45,49,36,23,18,22,26,23,35,17,14,F,2011
E01012216,Stockton-on-Tees 003E,676,43,45,43,40,51,60,50,37,46,57,44,28,27,32,38,25,7,2,1,F,2011
E01012245,Stockton-on-Tees 003F,848,66,49,48,64,60,66,45,46,47,55,48,36,47,44,41,46,26,10,4,F,2011
E01012278,Stockton-on-Tees 004A,663,39,45,37,56,38,41,59,39,52,58,27,48,39,26,20,17,11,10,1,F,2011
E01012279,Stockton-on-Tees 004B,913,77,57,46,59,53,65,67,59,63,68,79,56,56,27,14,23,16,8,20,F,2011
E01012280,Stockton-on-Tees 004C,796,44,47,38,39,47,46,47,32,54,48,64,49,52,57,46,32,25,17,12,F,2011
E01012281,Stockton-on-Tees 004D,683,41,38,42,28,42,53,25,31,38,38,55,45,44,35,28,38,32,23,7,F,2011
E01012255,Stockton-on-Tees 005A,726,23,17,22,29,24,22,22,24,32,43,48,60,77,84,62,59,45,22,11,F,2011
E01012269,Stockton-on-Tees 005B,848,27,44,38,56,28,26,23,61,68,65,68,69,72,65,52,26,19,20,21,F,2011
E01012294,Stockton-on-Tees 005D,617,27,27,33,36,12,20,16,38,51,63,56,47,55,39,35,19,14,19,10,F,2011
E01012295,Stockton-on-Tees 005E,623,33,37,46,35,25,49,39,54,55,48,47,36,36,27,16,11,17,8,4,F,2011
E01033476,Stockton-on-Tees 005F,831,60,56,57,53,31,32,36,76,94,96,76,58,53,26,16,5,4,2,0,F,2011
E01033480,Stockton-on-Tees 005G,834,25,32,48,51,37,31,32,40,67,87,82,83,90,64,28,25,7,3,2,F,2011
E01012210,Stockton-on-Tees 006A,802,50,34,39,48,32,33,36,45,61,47,79,72,76,67,22,34,13,13,1,F,2011
E01012211,Stockton-on-Tees 006B,948,47,65,55,60,40,31,58,87,88,93,67,52,66,42,30,29,25,9,4,F,2011
E01012212,Stockton-on-Tees 006C,732,37,21,16,31,44,38,45,42,39,53,59,62,79,55,46,29,26,8,2,F,2011
E01012213,Stockton-on-Tees 006D,777,21,25,14,20,25,25,24,27,35,41,50,66,75,65,74,75,58,47,10,F,2011
E01012192,Stockton-on-Tees 007A,795,40,38,49,31,33,43,43,52,50,55,72,45,62,44,58,42,21,14,3,F,2011
E01012193,Stockton-on-Tees 007B,776,51,56,52,50,52,49,72,64,48,58,55,36,45,19,26,18,14,7,4,F,2011
E01012260,Stockton-on-Tees 007C,843,47,25,33,31,36,58,35,48,55,53,59,65,61,47,61,55,43,20,11,F,2011
E01012261,Stockton-on-Tees 007D,738,42,34,33,32,38,68,73,50,57,60,44,47,45,41,21,24,17,9,3,F,2011
E01012247,Stockton-on-Tees 008A,679,56,28,47,40,55,51,38,46,52,49,53,25,28,22,17,17,19,25,11,F,2011
E01012249,Stockton-on-Tees 008B,812,53,47,49,40,40,58,49,41,43,75,53,39,49,25,37,31,39,27,17,F,2011
E01012271,Stockton-on-Tees 008C,790,58,59,59,67,56,69,59,62,47,42,58,36,46,19,24,11,8,3,7,F,2011
E01012272,Stockton-on-Tees 008D,540,12,18,19,30,17,25,17,22,36,42,34,37,67,51,41,34,24,12,2,F,2011
E01012273,Stockton-on-Tees 008E,815,64,49,57,51,60,55,61,53,68,69,59,41,38,17,24,18,18,10,3,F,2011
E01012274,Stockton-on-Tees 008F,702,54,54,44,50,41,48,34,51,54,55,53,42,33,25,18,14,13,13,6,F,2011
E01012248,Stockton-on-Tees 009D,747,30,36,47,38,24,47,52,26,54,62,51,55,55,36,45,39,27,14,9,F,2011
E01012250,Stockton-on-Tees 009E,751,56,34,45,38,47,47,39,39,46,50,48,54,44,36,43,31,28,17,9,F,2011
E01032542,Stockton-on-Tees 009F,592,62,45,33,39,56,81,45,26,38,32,24,15,25,13,13,14,14,11,6,F,2011
E01032543,Stockton-on-Tees 009G,1193,111,80,77,98,101,114,73,57,66,93,70,54,55,41,26,44,25,8,0,F,2011
E01032544,Stockton-on-Tees 009H,1063,113,62,60,62,66,105,92,72,87,102,79,43,28,10,31,16,13,10,12,F,2011
E01012194,Stockton-on-Tees 010A,780,66,51,30,38,72,73,74,48,41,53,47,37,33,20,26,27,22,11,11,F,2011
E01012195,Stockton-on-Tees 010B,826,75,65,60,52,55,79,62,49,39,57,56,43,35,35,19,24,7,10,4,F,2011
E01012258,Stockton-on-Tees 010C,626,41,22,41,32,40,43,46,31,29,33,36,42,37,21,38,33,30,16,15,F,2011
E01012259,Stockton-on-Tees 010D,898,60,41,40,46,59,64,50,61,63,65,77,65,52,40,43,26,18,17,11,F,2011
E01012268,Stockton-on-Tees 010E,804,60,44,32,51,59,70,57,54,45,64,57,55,45,32,21,24,14,13,7,F,2011
E01012187,Stockton-on-Tees 011A,696,38,38,43,44,37,51,41,48,46,55,61,55,57,26,25,15,8,7,1,F,2011
E01012188,Stockton-on-Tees 011B,611,38,20,32,36,27,43,47,24,45,55,54,54,57,27,21,15,6,8,2,F,2011
E01012189,Stockton-on-Tees 011C,722,30,26,28,32,31,25,44,31,35,58,56,48,63,59,62,44,25,20,5,F,2011
E01012205,Stockton-on-Tees 011D,729,31,24,27,44,44,36,32,35,55,52,71,48,61,49,50,31,28,5,6,F,2011
E01012219,Stockton-on-Tees 012A,897,46,41,56,66,47,54,53,48,57,96,71,66,65,34,33,22,20,15,7,F,2011
E01012251,Stockton-on-Tees 012B,838,60,62,56,69,61,69,63,45,60,75,56,40,47,18,17,19,16,3,2,F,2011
E01012252,Stockton-on-Tees 012C,834,82,61,59,77,72,70,59,53,70,42,39,44,26,21,18,25,6,5,5,F,2011
E01012253,Stockton-on-Tees 012D,670,32,28,37,64,39,32,35,46,49,55,43,40,28,19,23,23,27,35,15,F,2011
E01012254,Stockton-on-Tees 012E,713,59,54,40,56,74,78,48,56,55,47,37,33,22,17,13,14,6,3,1,F,2011
E01012204,Stockton-on-Tees 013A,691,14,17,24,25,26,23,19,18,39,54,62,58,92,49,52,49,42,22,6,F,2011
E01012206,Stockton-on-Tees 013B,782,34,35,28,29,22,45,36,29,38,53,59,58,71,54,50,58,41,31,11,F,2011
E01012207,Stockton-on-Tees 013C,971,60,51,58,68,40,29,60,63,70,75,58,62,45,58,66,42,35,18,13,F,2011
E01012208,Stockton-on-Tees 013D,849,34,40,50,67,35,35,42,50,69,89,60,47,60,42,35,33,33,21,7,F,2011
E01012262,Stockton-on-Tees 014A,1096,108,56,56,96,204,127,74,54,70,60,48,37,30,28,16,11,9,8,4,F,2011
E01012264,Stockton-on-Tees 014C,1194,79,63,71,67,78,117,97,79,122,80,93,62,46,37,32,26,18,19,8,F,2011
E01012266,Stockton-on-Tees 014E,1255,108,90,78,75,123,97,79,82,76,69,60,59,50,52,35,38,39,24,21,F,2011
E01012267,Stockton-on-Tees 014F,851,61,44,31,65,74,61,42,57,55,58,38,58,39,37,34,37,28,19,13,F,2011
E01033477,Stockton-on-Tees 014G,1109,85,52,69,69,173,120,100,62,89,53,50,48,33,25,26,23,14,12,6,F,2011
E01012190,Stockton-on-Tees 015A,764,18,38,42,40,35,49,42,52,57,60,83,52,61,37,38,22,20,8,10,F,2011
E01012191,Stockton-on-Tees 015B,926,34,41,51,61,41,30,32,40,63,54,58,53,53,53,57,81,52,48,24,F,2011
E01012224,Stockton-on-Tees 015C,937,46,40,36,55,34,41,54,47,67,73,63,51,81,86,43,53,41,14,12,F,2011
E01012225,Stockton-on-Tees 015D,802,14,34,42,54,42,24,34,46,52,69,55,47,67,62,68,46,35,7,4,F,2011
E01012226,Stockton-on-Tees 015E,699,19,24,31,41,22,30,28,33,47,60,48,64,74,63,45,26,30,7,7,F,2011
E01012209,Stockton-on-Tees 016A,881,32,51,52,77,31,31,42,54,64,75,84,60,52,44,35,39,24,25,9,F,2011
E01012217,Stockton-on-Tees 016B,764,63,34,31,53,59,79,57,55,51,56,46,42,26,20,30,19,15,20,8,F,2011
E01012218,Stockton-on-Tees 016C,816,62,47,53,42,52,52,45,46,43,60,62,43,51,43,28,29,37,13,8,F,2011
E01012223,Stockton-on-Tees 016D,810,25,51,34,36,32,33,29,50,60,68,61,56,53,54,47,49,32,25,15,F,2011
E01012286,Stockton-on-Tees 017A,757,68,48,34,42,109,80,53,47,57,42,43,34,33,17,24,13,5,6,2,F,2011
E01012287,Stockton-on-Tees 017B,1145,38,33,35,185,308,117,61,37,50,48,39,35,38,13,19,22,20,30,17,F,2011
E01012288,Stockton-on-Tees 017C,760,59,45,51,46,97,73,61,48,39,54,35,26,26,32,24,15,14,7,8,F,2011
E01012289,Stockton-on-Tees 017D,649,41,46,37,38,48,40,44,31,52,48,37,36,31,30,18,26,19,12,15,F,2011
E01012238,Stockton-on-Tees 018A,805,49,34,60,59,47,54,56,45,68,70,43,53,49,28,24,29,23,10,4,F,2011
E01012239,Stockton-on-Tees 018B,1002,94,77,70,58,73,127,98,73,68,61,51,41,30,20,15,20,13,7,6,F,2011
E01012240,Stockton-on-Tees 018C,928,70,30,50,52,59,80,44,49,72,71,69,60,54,48,32,21,35,18,14,F,2011
E01012241,Stockton-on-Tees 018D,769,49,29,35,49,48,38,38,42,53,67,67,61,72,39,35,27,15,3,2,F,2011
E01012290,Stockton-on-Tees 019A,908,45,29,27,31,39,50,42,44,49,47,56,66,85,81,73,71,37,24,12,F,2011
E01012291,Stockton-on-Tees 019B,927,84,47,47,60,62,81,62,55,54,51,64,60,48,24,27,31,39,20,11,F,2011
E01012292,Stockton-on-Tees 019C,1189,88,84,54,73,102,134,81,66,86,81,62,67,53,40,44,29,21,15,9,F,2011
E01012282,Stockton-on-Tees 020A,687,37,45,40,61,53,56,38,32,39,54,48,38,47,29,23,18,20,8,1,F,2011
E01012283,Stockton-on-Tees 020B,697,54,59,53,51,47,42,34,46,48,39,50,46,37,36,22,14,12,4,3,F,2011
E01012284,Stockton-on-Tees 020C,849,56,38,42,47,43,49,32,39,46,57,50,55,50,56,52,52,38,36,11,F,2011
E01012285,Stockton-on-Tees 020D,686,37,21,18,40,45,43,36,34,38,43,49,59,77,51,32,34,19,7,3,F,2011
E01012199,Stockton-on-Tees 021A,745,25,35,31,45,43,23,25,38,46,61,75,68,74,56,46,32,16,4,2,F,2011
E01012200,Stockton-on-Tees 021B,1031,51,49,53,55,45,56,56,68,75,79,63,61,61,66,75,46,40,23,9,F,2011
E01012201,Stockton-on-Tees 021C,929,50,63,46,53,23,32,39,62,70,78,58,39,64,77,63,50,33,22,7,F,2011
E01012202,Stockton-on-Tees 021D,801,41,36,46,46,31,34,42,47,60,62,56,56,60,31,31,38,32,35,17,F,2011
E01012203,Stockton-on-Tees 021E,902,51,54,54,68,45,46,78,84,92,73,66,51,51,36,21,20,8,4,0,F,2011
E01012270,Stockton-on-Tees 021F,712,44,38,39,44,33,39,45,53,45,64,50,29,49,31,35,32,20,14,8,F,2011
E01012228,Stockton-on-Tees 022A,707,36,52,58,53,29,33,61,48,63,77,58,39,40,23,15,10,10,1,1,F,2011
E01012230,Stockton-on-Tees 022B,785,51,41,65,55,39,40,61,66,74,87,59,49,34,27,19,13,4,1,0,F,2011
E01012233,Stockton-on-Tees 022C,730,38,36,40,43,20,26,33,45,54,77,77,61,50,46,36,27,14,2,5,F,2011
E01012236,Stockton-on-Tees 022D,669,45,36,35,36,35,43,47,49,53,42,65,56,48,25,22,13,13,5,1,F,2011
E01012237,Stockton-on-Tees 022E,670,26,32,43,59,27,35,34,31,64,77,67,56,45,23,21,20,7,3,0,F,2011
E01012227,Stockton-on-Tees 023A,817,73,71,63,51,40,65,84,73,104,57,50,29,12,14,6,9,4,4,8,F,2011
E01012231,Stockton-on-Tees 023C,1035,77,111,99,71,42,53,73,108,157,101,45,35,24,21,8,5,4,0,1,F,2011
E01012232,Stockton-on-Tees 023D,718,41,55,57,50,24,44,54,69,81,73,63,32,27,25,13,5,4,1,0,F,2011
E01012234,Stockton-on-Tees 023E,870,55,75,70,68,43,36,42,72,101,93,73,51,42,20,14,11,2,1,1,F,2011
E01033474,Stockton-on-Tees 023F,869,105,63,55,34,51,123,116,108,59,51,24,23,17,8,6,5,10,5,6,F,2011
E01033475,Stockton-on-Tees 023G,926,107,93,83,59,31,49,106,136,108,67,38,19,11,7,7,1,4,0,0,F,2011
E01033478,Stockton-on-Tees 023H,939,86,96,88,68,38,29,77,103,113,97,62,26,19,14,15,3,5,0,0,F,2011
E01033479,Stockton-on-Tees 023I,903,86,69,69,63,42,55,83,108,104,58,45,33,38,21,12,12,4,1,0,F,2011
E01012235,Stockton-on-Tees 024A,543,15,25,24,26,23,15,17,26,37,50,41,52,56,58,33,24,15,4,2,F,2011
E01012298,Stockton-on-Tees 024B,689,27,31,29,47,32,21,22,28,51,68,63,73,64,62,29,20,15,4,3,F,2011
E01012299,Stockton-on-Tees 024C,711,51,28,31,25,43,76,48,49,49,56,46,45,42,37,25,28,14,16,2,F,2011
E01012300,Stockton-on-Tees 024D,848,45,37,35,38,34,46,34,45,44,58,65,58,61,52,59,63,42,19,13,F,2011
E01012301,Stockton-on-Tees 024E,684,24,38,40,41,34,29,32,33,52,66,67,58,69,42,16,20,13,6,4,F,2011
E01012302,Stockton-on-Tees 024F,637,20,31,38,28,28,45,26,31,43,53,45,47,61,40,27,11,22,21,20,F,2011
E01012303,Stockton-on-Tees 024G,698,29,40,28,27,35,37,56,38,54,55,80,61,60,35,26,10,15,6,6,F,2011
E08000020,,102318,5806,5186,5276,5946,6075,7260,6477,6340,7328,7647,6968,5903,6404,5085,4683,4060,2998,1851,1025,F,2011
E01008246,Gateshead 001A,743,36,56,43,40,31,36,48,53,73,60,44,43,46,32,35,34,22,11,0,F,2011
E01008247,Gateshead 001B,859,48,32,46,58,49,40,30,46,59,59,52,54,68,57,48,56,31,21,5,F,2011
E01008248,Gateshead 001C,862,48,36,51,52,31,57,58,72,90,75,62,52,62,42,32,15,9,11,7,F,2011
E01008249,Gateshead 001D,815,28,19,19,34,38,26,22,39,36,53,66,61,80,69,70,62,40,38,15,F,2011
E01008250,Gateshead 001E,770,47,51,44,49,31,43,49,45,60,71,53,51,50,42,38,25,12,8,1,F,2011
E01008195,Gateshead 002A,1070,61,58,61,71,42,49,89,85,96,94,84,69,58,49,38,31,12,13,10,F,2011
E01008197,Gateshead 002B,752,33,25,30,28,46,64,70,42,67,65,55,53,51,44,28,23,15,7,6,F,2011
E01008198,Gateshead 002C,755,51,39,45,44,39,44,40,44,48,62,38,33,44,47,38,30,30,27,12,F,2011
E01008199,Gateshead 002D,741,39,32,43,37,44,50,41,44,38,57,69,37,42,35,41,33,28,15,16,F,2011
E01008200,Gateshead 002E,684,25,29,45,39,23,25,27,36,60,73,61,52,69,43,26,18,15,12,6,F,2011
E01008245,Gateshead 002F,740,34,23,46,39,34,22,26,47,47,63,65,58,52,50,52,43,19,12,8,F,2011
E01008214,Gateshead 003A,909,67,47,56,55,85,86,58,50,68,47,42,48,48,30,32,30,18,17,25,F,2011
E01008215,Gateshead 003B,770,47,40,37,48,77,77,53,50,44,52,65,45,41,24,23,27,14,4,2,F,2011
E01008243,Gateshead 003C,804,33,26,39,35,33,48,40,41,50,60,56,59,62,62,53,48,35,14,10,F,2011
E01008244,Gateshead 003D,1046,70,43,32,55,93,112,102,60,88,67,78,51,50,33,28,32,28,15,9,F,2011
E01008178,Gateshead 004A,903,75,65,60,58,59,122,107,77,67,45,46,26,31,23,16,14,5,4,3,F,2011
E01008180,Gateshead 004B,812,57,54,60,43,47,62,50,50,51,53,56,45,39,42,36,32,19,10,6,F,2011
E01008182,Gateshead 004C,837,57,47,42,54,37,90,62,75,72,52,33,38,50,37,26,26,18,18,3,F,2011
E01008277,Gateshead 004D,786,37,34,42,46,34,39,35,39,50,59,42,43,58,51,50,58,34,27,8,F,2011
E01008280,Gateshead 004E,975,63,37,67,54,73,70,62,63,81,65,64,39,47,43,36,43,26,28,14,F,2011
E01008177,Gateshead 005A,801,40,37,43,32,60,52,53,41,41,53,54,57,35,43,47,34,31,22,26,F,2011
E01008179,Gateshead 005B,633,30,38,36,42,29,33,49,61,64,65,42,40,32,23,21,11,6,6,5,F,2011
E01008181,Gateshead 005C,775,44,30,40,38,27,36,42,40,48,71,64,69,58,58,36,35,17,16,6,F,2011
E01008276,Gateshead 005D,771,46,32,26,28,33,47,55,48,49,52,56,45,46,50,39,55,27,18,19,F,2011
E01008279,Gateshead 005E,753,13,29,37,37,31,33,20,26,50,55,54,49,60,77,68,49,30,20,15,F,2011
E01008209,Gateshead 007A,1063,70,54,34,54,85,134,119,78,71,50,64,44,54,42,42,24,25,10,9,F,2011
E01008210,Gateshead 007B,720,50,47,37,40,46,68,56,42,52,43,46,28,45,31,28,16,20,14,11,F,2011
E01008258,Gateshead 007C,1152,114,53,48,45,148,183,128,100,59,72,41,33,45,25,19,20,14,3,2,F,2011
E01008259,Gateshead 007D,871,55,53,34,31,47,82,76,57,57,76,61,45,52,31,36,24,19,14,21,F,2011
E01008167,Gateshead 008A,809,66,41,41,35,71,79,67,55,68,39,43,40,47,21,33,22,16,14,11,F,2011
E01008169,Gateshead 008B,794,109,119,94,74,45,66,33,45,33,32,40,35,28,19,7,12,2,0,1,F,2011
E01008170,Gateshead 008C,981,58,35,50,51,108,112,75,74,65,67,51,43,54,27,30,28,20,17,16,F,2011
E01008171,Gateshead 008D,574,59,38,25,32,78,58,50,41,24,25,32,23,24,17,14,9,13,7,5,F,2011
E01008257,Gateshead 008E,753,35,27,24,46,41,49,33,44,49,47,50,44,50,54,52,33,42,20,13,F,2011
E01008262,Gateshead 009A,883,72,40,45,41,74,89,74,65,67,80,49,57,37,34,24,11,16,4,4,F,2011
E01008263,Gateshead 009B,800,81,35,51,32,48,88,54,50,63,63,43,28,47,37,18,28,12,21,1,F,2011
E01008264,Gateshead 009C,710,33,21,41,36,30,17,37,46,50,76,41,46,46,49,52,39,30,14,6,F,2011
E01008265,Gateshead 009D,749,60,42,44,44,44,52,45,48,73,54,49,41,44,24,34,19,14,15,3,F,2011
E01008266,Gateshead 009E,706,41,28,28,28,30,30,34,41,36,42,49,62,65,41,47,47,26,23,8,F,2011
E01008251,Gateshead 010A,853,54,41,31,28,63,142,105,62,55,56,48,35,35,29,26,22,15,4,2,F,2011
E01008252,Gateshead 010B,884,95,74,49,69,66,98,84,48,55,44,44,39,32,26,16,24,7,4,10,F,2011
E01008253,Gateshead 010C,841,71,35,47,40,95,140,105,71,41,50,39,26,26,13,16,11,8,5,2,F,2011
E01008254,Gateshead 010D,675,45,31,32,34,53,87,73,55,47,39,37,35,35,17,20,17,12,5,1,F,2011
E01008255,Gateshead 010E,883,43,37,35,37,46,46,51,49,66,84,61,63,49,43,51,48,31,29,14,F,2011
E01008165,Gateshead 011A,703,44,29,38,55,47,60,60,27,48,61,66,45,32,29,25,20,9,6,2,F,2011
E01008201,Gateshead 011B,842,54,70,73,79,45,54,54,43,76,67,47,30,43,24,38,18,15,7,5,F,2011
E01008202,Gateshead 011C,990,78,63,61,58,75,89,83,66,87,91,45,53,39,25,33,29,11,3,1,F,2011
E01008204,Gateshead 011D,790,56,47,37,41,53,77,55,54,56,62,51,46,45,28,35,26,16,2,3,F,2011
E01008212,Gateshead 012A,685,34,33,32,42,50,66,42,45,47,40,49,44,35,32,32,21,21,14,6,F,2011
E01008213,Gateshead 012B,778,32,35,39,45,37,35,41,37,61,65,54,60,53,42,45,48,34,11,4,F,2011
E01008216,Gateshead 012C,796,44,42,35,33,36,59,45,46,45,55,43,45,61,46,35,46,30,27,23,F,2011
E01008228,Gateshead 012D,629,38,32,32,36,45,42,32,43,37,57,40,46,30,33,30,29,17,9,1,F,2011
E01008206,Gateshead 013A,895,46,45,49,45,56,47,55,65,68,76,64,54,51,33,39,46,33,15,8,F,2011
E01008207,Gateshead 013B,737,28,30,47,46,33,44,27,48,57,61,72,51,54,47,27,35,20,9,1,F,2011
E01008208,Gateshead 013C,860,48,59,45,48,41,54,58,46,61,70,59,58,56,44,34,33,17,14,15,F,2011
E01008211,Gateshead 013D,877,44,35,43,64,53,66,40,62,64,73,65,58,57,44,32,28,19,23,7,F,2011
E01008283,Gateshead 014A,653,14,24,24,35,38,30,21,41,41,73,69,58,66,47,29,23,16,1,3,F,2011
E01008284,Gateshead 014B,728,36,35,39,44,39,52,41,45,39,59,73,46,55,36,37,22,21,8,1,F,2011
E01008286,Gateshead 014C,782,38,51,44,38,38,46,42,42,46,60,56,54,47,49,40,48,20,15,8,F,2011
E01008287,Gateshead 014D,1055,70,63,69,66,55,75,89,102,103,85,74,45,44,18,25,25,22,14,11,F,2011
E01008231,Gateshead 015A,836,46,52,46,43,45,70,72,43,57,52,65,48,48,36,35,30,29,16,3,F,2011
E01008240,Gateshead 015B,793,41,51,42,42,38,50,56,45,58,56,58,44,47,42,40,31,30,16,6,F,2011
E01008241,Gateshead 015C,871,42,47,55,40,48,46,44,37,77,75,45,55,51,48,40,44,59,14,4,F,2011
E01008242,Gateshead 015D,879,65,43,49,40,47,65,45,71,71,52,49,59,68,37,22,37,41,13,5,F,2011
E01008281,Gateshead 015E,804,50,53,46,49,43,38,48,41,55,54,45,46,54,40,22,35,59,20,6,F,2011
E01008282,Gateshead 015F,766,40,50,45,43,49,59,51,42,51,44,78,42,29,24,31,50,28,9,1,F,2011
E01008219,Gateshead 016A,897,48,61,53,50,51,50,64,65,72,75,52,45,46,37,41,29,18,22,18,F,2011
E01008235,Gateshead 016B,758,30,30,30,41,31,41,34,43,51,87,80,48,55,38,30,50,25,12,2,F,2011
E01008236,Gateshead 016C,795,34,31,21,27,36,65,52,41,52,55,50,44,49,40,43,45,35,34,41,F,2011
E01008237,Gateshead 016D,797,41,37,57,44,37,29,42,58,76,73,52,53,54,33,34,33,31,9,4,F,2011
E01008238,Gateshead 016E,790,52,48,35,34,33,45,68,68,75,54,65,41,55,37,28,27,14,8,3,F,2011
E01008267,Gateshead 017A,767,21,25,39,36,23,19,26,29,53,50,40,50,61,47,60,68,65,36,19,F,2011
E01008269,Gateshead 017B,775,39,31,35,46,29,25,20,46,57,57,51,55,71,61,68,36,30,17,1,F,2011
E01008270,Gateshead 017C,673,25,23,25,20,17,12,23,37,48,35,42,48,86,76,55,52,34,10,5,F,2011
E01008271,Gateshead 017D,708,31,36,31,38,21,29,35,39,57,47,58,59,84,53,35,30,15,7,3,F,2011
E01008275,Gateshead 017E,774,22,37,37,39,27,29,36,35,63,46,69,59,76,53,56,44,24,14,8,F,2011
E01008229,Gateshead 018A,700,13,12,27,33,39,31,26,29,41,47,59,45,67,50,65,63,40,8,5,F,2011
E01008230,Gateshead 018B,730,40,46,38,44,47,39,33,61,58,57,48,33,32,35,24,35,29,18,13,F,2011
E01008232,Gateshead 018C,715,56,49,46,41,43,68,38,40,39,47,49,43,34,32,25,26,24,12,3,F,2011
E01008233,Gateshead 018D,687,20,26,24,51,40,37,41,30,50,68,71,57,58,36,36,25,11,2,4,F,2011
E01008285,Gateshead 018E,750,41,34,40,45,49,56,52,34,46,64,70,50,38,35,21,33,24,14,4,F,2011
E01008256,Gateshead 019A,928,45,48,46,39,43,51,67,60,59,84,70,70,65,47,53,34,22,17,8,F,2011
E01008260,Gateshead 019B,795,38,46,44,46,31,30,42,64,84,82,78,44,51,30,26,19,15,15,10,F,2011
E01008261,Gateshead 019C,776,47,43,46,45,47,47,46,51,59,57,57,39,43,34,45,29,21,13,7,F,2011
E01008268,Gateshead 019D,764,31,37,41,58,33,38,31,48,61,76,59,48,49,39,36,43,18,14,4,F,2011
E01008272,Gateshead 019E,748,23,40,23,36,17,24,27,42,46,61,49,59,63,74,52,46,31,20,15,F,2011
E01008273,Gateshead 019F,740,49,41,43,33,29,52,54,58,62,42,51,55,90,33,14,10,11,8,5,F,2011
E01008274,Gateshead 019G,777,49,45,39,51,43,54,60,54,66,54,53,38,47,44,31,22,12,10,5,F,2011
E01008193,Gateshead 020A,687,23,30,38,26,24,18,25,30,55,64,50,33,63,45,39,28,38,24,34,F,2011
E01008194,Gateshead 020B,708,24,33,32,44,31,17,30,42,56,64,45,46,62,60,39,37,16,22,8,F,2011
E01008234,Gateshead 020C,1066,38,44,44,48,44,60,58,56,78,86,87,62,76,72,77,48,39,36,13,F,2011
E01008239,Gateshead 020D,779,46,45,39,35,24,29,53,38,57,87,62,52,57,38,34,29,26,18,10,F,2011
E01008218,Gateshead 021A,837,30,37,46,46,36,46,44,38,62,62,59,56,54,44,49,38,42,30,18,F,2011
E01008220,Gateshead 021B,651,46,53,39,51,37,55,47,35,33,48,38,29,30,23,33,17,19,10,8,F,2011
E01008221,Gateshead 021C,900,61,56,58,75,55,60,45,46,97,59,59,42,48,35,40,34,16,8,6,F,2011
E01008225,Gateshead 021D,859,23,41,37,42,39,33,36,49,69,68,78,63,80,64,42,35,39,17,4,F,2011
E01008227,Gateshead 021E,915,85,103,55,70,69,88,56,68,68,65,64,40,27,19,11,19,6,1,1,F,2011
E01008184,Gateshead 022A,730,23,30,41,26,18,17,25,29,60,66,60,44,67,68,54,50,29,18,5,F,2011
E01008185,Gateshead 022B,753,38,32,67,60,38,32,47,40,62,47,49,39,34,50,37,34,28,13,6,F,2011
E01008188,Gateshead 022C,764,36,32,44,47,41,25,36,43,56,68,63,49,57,42,45,32,24,19,5,F,2011
E01008278,Gateshead 022D,719,27,27,27,30,31,20,29,39,43,62,64,44,76,67,48,36,25,19,5,F,2011
E01008189,Gateshead 023A,702,30,36,39,47,43,40,52,39,56,46,34,41,32,45,49,43,17,8,5,F,2011
E01008190,Gateshead 023B,681,23,25,37,49,28,24,25,31,56,59,48,29,47,55,65,33,26,11,10,F,2011
E01008191,Gateshead 023C,756,39,37,48,51,43,44,43,59,65,57,48,27,34,42,52,22,28,13,4,F,2011
E01008192,Gateshead 023D,724,26,29,43,41,40,30,47,42,57,69,51,28,45,29,68,46,20,12,1,F,2011
E01008217,Gateshead 023E,837,43,29,44,54,39,53,42,56,63,67,53,41,34,53,56,46,40,19,5,F,2011
E01008183,Gateshead 024A,789,59,45,43,52,39,38,58,50,64,59,58,40,58,43,22,17,28,10,6,F,2011
E01008186,Gateshead 024B,965,60,44,48,55,71,80,54,68,59,80,71,72,60,39,34,31,16,17,6,F,2011
E01008187,Gateshead 024C,864,39,24,35,61,44,49,43,52,43,64,70,61,63,51,43,54,38,20,10,F,2011
E01008196,Gateshead 024D,1000,34,36,42,53,71,39,42,62,62,95,81,58,76,66,51,44,44,23,21,F,2011
E01008222,Gateshead 025A,810,65,50,63,41,39,53,57,69,53,41,58,58,54,34,26,22,18,8,1,F,2011
E01008223,Gateshead 025B,946,72,63,57,54,65,79,76,60,58,72,49,53,41,45,35,16,23,19,9,F,2011
E01008224,Gateshead 025C,953,35,53,31,61,34,37,42,67,66,71,78,63,71,56,68,44,32,27,17,F,2011
E01008226,Gateshead 025D,760,35,33,29,46,44,44,41,42,48,64,53,62,54,40,39,30,23,21,12,F,2011
E01008172,Gateshead 026A,886,27,39,46,47,41,30,40,40,64,74,45,52,90,60,77,54,25,23,12,F,2011
E01008173,Gateshead 026B,835,59,44,49,68,60,61,41,57,77,71,51,42,34,39,24,17,15,13,13,F,2011
E01008174,Gateshead 026C,1101,66,72,69,69,46,43,59,81,89,86,61,58,61,54,50,45,48,29,15,F,2011
E01008175,Gateshead 026D,767,45,35,39,33,49,67,48,47,53,51,59,46,44,27,33,25,22,23,21,F,2011
E01008176,Gateshead 026E,729,31,31,28,37,25,39,45,43,46,57,59,58,66,59,35,29,28,11,2,F,2011
E01008162,Gateshead 027A,1133,72,49,39,43,151,206,125,82,74,54,68,41,30,20,29,20,16,13,1,F,2011
E01008164,Gateshead 027B,635,38,23,24,30,64,81,59,42,41,49,30,37,30,18,12,16,11,17,13,F,2011
E01008166,Gateshead 027C,619,26,17,12,17,100,126,51,22,34,30,30,30,33,19,23,22,18,7,2,F,2011
E01008168,Gateshead 027D,1154,36,17,20,321,154,181,57,46,35,42,44,42,42,24,26,31,22,11,3,F,2011
E01008163,Gateshead 028A,989,109,100,76,63,68,74,78,52,40,58,58,31,42,33,26,22,22,24,13,F,2011
E01008203,Gateshead 028B,866,63,34,26,86,77,122,76,55,64,55,43,36,39,18,23,19,17,9,4,F,2011
E01008205,Gateshead 028C,789,51,33,32,25,32,42,40,55,57,57,61,44,60,35,43,34,55,25,8,F,2011
E08000021,,139160,7997,6861,6922,10323,17357,11053,8791,8063,8346,9063,8263,7137,6960,5266,4966,4333,3665,2332,1462,F,2011
E01008294,Newcastle upon Tyne 001A,782,58,42,24,33,52,50,57,55,49,58,79,66,50,36,23,13,15,8,14,F,2011
E01008306,Newcastle upon Tyne 001B,832,24,36,40,50,27,29,35,42,61,61,69,77,84,59,48,33,27,21,9,F,2011
E01008307,Newcastle upon Tyne 001C,575,30,24,39,25,27,35,46,35,42,32,29,29,39,24,26,31,24,24,14,F,2011
E01008308,Newcastle upon Tyne 001D,708,45,32,46,39,41,60,48,51,60,56,41,35,42,28,28,28,16,9,3,F,2011
E01008311,Newcastle upon Tyne 001E,826,58,37,37,38,39,57,76,78,63,76,56,66,54,32,22,22,8,6,1,F,2011
E01008312,Newcastle upon Tyne 001F,665,42,54,44,33,43,39,53,48,46,49,55,43,60,20,18,9,5,3,1,F,2011
E01008313,Newcastle upon Tyne 001G,610,38,35,34,36,40,29,51,46,41,44,43,57,53,24,16,8,11,4,0,F,2011
E01008309,Newcastle upon Tyne 002A,942,53,51,54,60,15,30,43,52,59,81,60,66,52,62,46,51,57,36,14,F,2011
E01008352,Newcastle upon Tyne 002C,755,52,43,44,43,42,43,57,54,53,53,48,49,30,26,34,36,28,14,6,F,2011
E01008357,Newcastle upon Tyne 002D,842,38,35,47,51,31,26,29,41,48,69,67,80,78,57,35,43,35,22,10,F,2011
E01008358,Newcastle upon Tyne 002E,801,46,41,26,35,40,62,56,64,54,58,47,46,59,42,27,34,28,30,6,F,2011
E01033550,Newcastle upon Tyne 002F,1014,112,104,72,50,32,48,97,125,112,82,56,34,26,16,13,14,11,7,3,F,2011
E01033551,Newcastle upon Tyne 002G,883,51,51,37,40,30,37,45,51,63,71,75,63,65,58,49,38,32,21,6,F,2011
E01008336,Newcastle upon Tyne 003A,706,36,33,31,31,47,54,46,53,42,56,44,34,44,39,33,36,27,13,7,F,2011
E01008337,Newcastle upon Tyne 003B,721,38,40,58,43,34,54,48,45,54,51,45,39,30,26,34,25,21,22,14,F,2011
E01008338,Newcastle upon Tyne 003C,647,50,36,43,50,39,55,48,36,58,46,47,25,25,24,23,19,10,11,2,F,2011
E01008339,Newcastle upon Tyne 003D,732,30,43,43,49,47,53,58,53,44,55,46,51,32,20,30,28,32,13,5,F,2011
E01008340,Newcastle upon Tyne 003E,755,65,48,54,57,71,63,55,44,54,52,47,41,27,17,12,18,10,11,9,F,2011
E01008341,Newcastle upon Tyne 003F,753,40,44,47,51,48,39,65,37,57,42,52,45,39,31,25,20,36,30,5,F,2011
E01008342,Newcastle upon Tyne 003G,716,29,19,21,24,43,42,34,26,38,50,55,56,58,48,49,49,42,21,12,F,2011
E01008293,Newcastle upon Tyne 004A,697,40,34,36,36,39,53,53,42,43,61,61,52,56,26,16,25,16,5,3,F,2011
E01008456,Newcastle upon Tyne 004B,788,46,39,44,48,57,50,44,40,54,61,74,24,30,35,48,46,28,16,4,F,2011
E01008457,Newcastle upon Tyne 004C,810,44,42,31,55,59,58,58,45,48,57,61,40,42,27,34,42,31,15,21,F,2011
E01008458,Newcastle upon Tyne 004D,868,37,46,36,52,36,34,44,45,60,78,67,44,63,51,36,51,43,22,23,F,2011
E01008459,Newcastle upon Tyne 004E,1042,115,81,77,69,72,101,65,76,55,67,60,33,33,20,32,32,21,17,16,F,2011
E01008460,Newcastle upon Tyne 004F,805,49,43,79,69,40,39,41,63,57,56,51,38,32,42,44,36,16,5,5,F,2011
E01008351,Newcastle upon Tyne 005A,769,52,34,43,34,28,35,32,59,51,56,50,39,62,45,42,35,42,14,16,F,2011
E01008354,Newcastle upon Tyne 005B,854,55,41,39,44,70,76,82,61,67,69,34,48,35,29,37,25,20,14,8,F,2011
E01008418,Newcastle upon Tyne 005C,985,45,47,56,56,39,77,50,65,66,74,86,68,63,39,38,27,37,31,21,F,2011
E01008420,Newcastle upon Tyne 005D,682,27,43,35,40,37,36,20,33,51,59,61,52,41,36,32,25,14,17,23,F,2011
E01008422,Newcastle upon Tyne 005E,832,33,32,47,41,126,73,52,56,44,61,45,56,37,33,30,17,20,15,14,F,2011
E01008424,Newcastle upon Tyne 005F,838,47,22,26,93,119,142,77,58,38,25,26,36,25,21,16,20,18,19,10,F,2011
E01008353,Newcastle upon Tyne 006A,820,65,33,47,46,69,62,48,55,53,45,43,49,36,35,38,43,33,11,9,F,2011
E01008355,Newcastle upon Tyne 006B,815,45,36,40,35,39,80,78,59,56,51,41,55,30,34,22,29,33,33,19,F,2011
E01008356,Newcastle upon Tyne 006C,667,34,28,31,56,23,39,39,43,49,69,51,53,48,27,24,17,16,13,7,F,2011
E01008378,Newcastle upon Tyne 006D,761,50,45,46,55,33,35,34,39,53,62,58,49,41,38,35,29,39,17,3,F,2011
E01008419,Newcastle upon Tyne 006E,774,45,48,51,33,45,67,55,57,52,82,55,57,28,29,20,13,11,8,18,F,2011
E01008421,Newcastle upon Tyne 006F,790,47,53,52,33,34,61,59,63,74,57,50,44,40,31,28,17,25,15,7,F,2011
E01008423,Newcastle upon Tyne 006G,710,38,44,53,45,17,21,23,23,60,62,57,42,50,48,39,20,30,20,18,F,2011
E01008317,Newcastle upon Tyne 007A,783,53,53,49,46,31,30,40,58,54,75,65,46,40,25,25,23,30,28,12,F,2011
E01008319,Newcastle upon Tyne 007B,916,55,55,58,50,40,41,62,74,91,97,87,73,52,33,21,10,5,9,3,F,2011
E01008320,Newcastle upon Tyne 007C,737,41,37,32,40,46,45,32,42,34,73,59,61,58,31,30,25,26,15,10,F,2011
E01008321,Newcastle upon Tyne 007D,909,45,49,53,38,48,72,69,40,58,62,75,66,60,32,29,28,27,25,33,F,2011
E01008322,Newcastle upon Tyne 007E,741,39,46,36,49,27,39,43,49,69,67,63,46,46,25,22,22,34,12,7,F,2011
E01008323,Newcastle upon Tyne 007F,870,33,28,25,122,89,110,75,55,50,45,45,41,30,25,14,21,20,26,16,F,2011
E01008295,Newcastle upon Tyne 008A,849,78,70,68,71,58,56,67,48,53,58,42,40,40,31,25,20,14,8,2,F,2011
E01008374,Newcastle upon Tyne 008B,799,46,45,39,48,47,40,57,51,66,69,50,56,46,32,32,35,19,15,6,F,2011
E01008375,Newcastle upon Tyne 008C,765,68,35,48,28,35,56,64,49,61,50,59,44,52,34,25,19,11,15,12,F,2011
E01008376,Newcastle upon Tyne 008D,607,39,34,32,32,26,27,39,33,50,49,59,44,42,38,14,22,13,7,7,F,2011
E01008377,Newcastle upon Tyne 008E,1109,94,88,75,71,81,135,107,90,68,64,59,36,28,24,20,14,20,15,20,F,2011
E01008379,Newcastle upon Tyne 008F,766,46,48,43,35,39,67,31,48,42,48,52,39,37,50,51,24,30,27,9,F,2011
E01008380,Newcastle upon Tyne 008G,821,82,59,46,57,76,64,69,72,60,45,63,33,28,13,13,15,14,8,4,F,2011
E01008296,Newcastle upon Tyne 011A,748,37,31,25,40,38,39,50,36,41,46,63,57,78,59,35,34,27,8,4,F,2011
E01008297,Newcastle upon Tyne 011B,702,40,50,52,53,45,35,42,44,46,46,43,33,32,37,39,23,21,9,12,F,2011
E01008298,Newcastle upon Tyne 011C,768,56,53,61,47,42,49,50,62,47,47,43,45,38,31,36,26,21,8,6,F,2011
E01008299,Newcastle upon Tyne 011D,692,47,42,56,60,33,44,38,45,55,47,43,32,44,26,23,27,13,11,6,F,2011
E01008314,Newcastle upon Tyne 012A,753,21,26,18,212,72,46,42,31,38,43,43,16,31,26,31,25,20,12,0,F,2011
E01008315,Newcastle upon Tyne 012B,810,46,54,50,43,61,53,50,52,56,60,63,52,41,29,25,27,30,13,5,F,2011
E01008316,Newcastle upon Tyne 012C,794,35,36,32,48,52,56,55,50,65,61,67,51,42,42,39,24,19,11,9,F,2011
E01008318,Newcastle upon Tyne 012D,707,41,29,28,50,45,52,40,36,39,53,54,55,35,36,25,33,30,17,9,F,2011
E01008363,Newcastle upon Tyne 012E,818,37,16,15,25,76,95,71,35,43,50,33,44,57,55,62,36,34,22,12,F,2011
E01008365,Newcastle upon Tyne 012F,825,49,54,49,50,68,61,31,49,69,83,67,59,59,22,12,14,15,11,3,F,2011
E01008366,Newcastle upon Tyne 013A,995,15,12,15,45,618,51,25,23,28,26,20,34,21,16,16,11,10,4,5,F,2011
E01008369,Newcastle upon Tyne 013B,860,13,20,24,63,402,84,30,20,28,39,34,29,27,17,10,4,5,8,3,F,2011
E01008371,Newcastle upon Tyne 013C,702,26,30,42,54,58,20,21,17,38,61,59,55,54,30,33,34,33,23,14,F,2011
E01008372,Newcastle upon Tyne 013D,857,7,8,4,38,517,56,33,13,15,28,19,22,23,13,14,21,11,12,3,F,2011
E01008373,Newcastle upon Tyne 013E,1119,9,4,10,91,804,79,33,9,9,9,15,12,8,5,4,4,7,4,3,F,2011
E01008400,Newcastle upon Tyne 014A,705,43,32,34,43,53,47,43,36,32,45,46,36,39,44,39,35,32,16,10,F,2011
E01008401,Newcastle upon Tyne 014B,777,29,46,41,43,27,29,46,52,60,56,38,39,72,48,38,38,27,26,22,F,2011
E01008402,Newcastle upon Tyne 014C,752,56,36,23,33,44,60,51,48,43,61,49,41,61,37,37,26,29,13,4,F,2011
E01008403,Newcastle upon Tyne 014D,751,22,32,35,45,32,21,34,37,41,52,61,44,60,53,63,53,27,23,16,F,2011
E01008404,Newcastle upon Tyne 014E,851,70,33,39,47,63,94,70,50,60,69,61,43,46,38,22,21,15,7,3,F,2011
E01008405,Newcastle upon Tyne 014F,718,42,40,43,40,36,59,50,42,54,56,51,42,41,36,21,28,17,10,10,F,2011
E01008443,Newcastle upon Tyne 014G,739,30,40,42,37,19,22,34,39,61,84,63,51,54,32,49,33,29,14,6,F,2011
E01008324,Newcastle upon Tyne 015A,704,38,36,52,32,34,39,45,37,34,56,51,30,29,34,48,40,32,27,10,F,2011
E01008325,Newcastle upon Tyne 015B,755,37,29,51,37,35,39,51,40,42,45,30,33,62,62,61,53,17,19,12,F,2011
E01008326,Newcastle upon Tyne 015C,780,32,30,42,54,51,45,24,43,63,92,60,39,29,30,29,44,43,15,15,F,2011
E01008327,Newcastle upon Tyne 015D,662,46,46,42,44,49,42,50,35,39,51,39,24,25,25,45,30,20,7,3,F,2011
E01008328,Newcastle upon Tyne 015E,659,15,24,15,36,20,16,26,23,51,51,41,51,56,40,63,70,26,26,9,F,2011
E01008329,Newcastle upon Tyne 015F,755,39,40,36,44,45,41,37,56,53,78,61,53,40,31,34,18,27,14,8,F,2011
E01008330,Newcastle upon Tyne 015G,765,77,50,50,46,47,68,44,35,47,55,37,38,31,36,24,24,29,21,6,F,2011
E01008300,Newcastle upon Tyne 016A,863,74,64,47,50,59,68,72,73,46,37,58,39,44,23,26,15,30,22,16,F,2011
E01008450,Newcastle upon Tyne 016B,836,68,71,60,60,52,53,73,60,53,46,49,35,36,20,27,21,18,26,8,F,2011
E01008451,Newcastle upon Tyne 016C,955,69,49,47,56,74,107,92,57,59,66,49,49,45,41,35,28,18,6,8,F,2011
E01008452,Newcastle upon Tyne 016D,710,51,24,46,47,55,53,41,37,57,42,57,34,44,26,32,17,24,16,7,F,2011
E01008367,Newcastle upon Tyne 017A,987,14,10,14,83,482,123,49,27,26,35,19,28,24,19,11,6,9,3,5,F,2011
E01008368,Newcastle upon Tyne 017B,837,18,11,12,51,504,52,26,26,16,19,12,19,18,12,2,9,11,11,8,F,2011
E01008370,Newcastle upon Tyne 017C,831,14,15,16,30,237,92,51,48,21,41,28,41,42,26,23,28,18,28,32,F,2011
E01008409,Newcastle upon Tyne 017D,815,12,14,23,39,313,82,44,48,32,39,37,21,20,23,9,15,12,15,17,F,2011
E01008411,Newcastle upon Tyne 017E,843,9,4,7,52,479,80,36,23,18,18,12,16,22,11,23,12,8,6,7,F,2011
E01008303,Newcastle upon Tyne 018A,946,39,34,28,98,105,72,72,43,54,49,34,45,59,45,41,51,39,19,19,F,2011
E01008359,Newcastle upon Tyne 018B,733,13,22,14,51,316,82,48,29,24,29,30,25,12,10,10,8,7,1,2,F,2011
E01008360,Newcastle upon Tyne 018C,777,35,22,7,62,222,174,76,49,23,18,16,11,17,9,11,10,5,5,5,F,2011
E01008361,Newcastle upon Tyne 018D,710,16,21,20,51,244,121,53,27,34,31,20,23,17,8,5,8,7,2,2,F,2011
E01008362,Newcastle upon Tyne 018E,831,12,15,7,38,380,112,55,28,26,21,23,27,21,13,12,12,14,8,7,F,2011
E01008364,Newcastle upon Tyne 018F,780,27,18,10,35,233,148,68,41,31,31,22,18,19,11,14,15,12,13,14,F,2011
E01008343,Newcastle upon Tyne 019A,790,51,53,50,47,37,40,46,54,55,54,67,39,38,37,45,23,32,15,7,F,2011
E01008344,Newcastle upon Tyne 019B,826,49,50,47,45,53,50,46,57,51,62,50,50,45,41,38,36,25,19,12,F,2011
E01008345,Newcastle upon Tyne 019C,845,64,28,36,43,74,82,50,39,52,63,46,48,44,32,33,29,41,25,16,F,2011
E01008346,Newcastle upon Tyne 019D,849,30,30,24,294,76,47,43,34,41,45,43,35,27,21,19,10,22,6,2,F,2011
E01008347,Newcastle upon Tyne 019E,750,44,38,53,60,40,45,31,40,54,57,50,57,49,28,25,20,28,15,16,F,2011
E01008348,Newcastle upon Tyne 019F,639,59,42,61,64,39,30,46,34,39,40,53,28,26,12,22,20,17,4,3,F,2011
E01008349,Newcastle upon Tyne 019G,741,64,52,59,53,70,74,59,52,44,43,30,33,27,23,14,22,14,6,2,F,2011
E01008350,Newcastle upon Tyne 019H,684,48,47,37,34,47,61,37,41,59,51,41,23,35,28,22,20,20,16,17,F,2011
E01008430,Newcastle upon Tyne 020A,702,48,28,34,49,56,47,29,54,48,58,49,47,42,28,22,18,27,10,8,F,2011
E01008431,Newcastle upon Tyne 020B,669,30,36,25,37,43,43,53,36,45,41,50,59,54,28,32,21,19,8,9,F,2011
E01008433,Newcastle upon Tyne 020C,692,13,15,34,34,31,21,29,25,44,58,66,52,53,46,46,59,35,21,10,F,2011
E01008434,Newcastle upon Tyne 020D,744,17,31,40,58,36,26,19,33,61,81,66,54,50,45,28,45,27,20,7,F,2011
E01008435,Newcastle upon Tyne 020E,787,56,41,48,52,58,63,48,43,60,66,50,40,40,27,30,27,24,11,3,F,2011
E01008436,Newcastle upon Tyne 020F,708,40,36,42,48,62,58,39,46,55,49,54,32,31,19,29,29,26,8,5,F,2011
E01008381,Newcastle upon Tyne 021A,692,38,30,31,31,43,44,50,58,44,71,44,54,50,39,28,19,9,6,3,F,2011
E01008382,Newcastle upon Tyne 021B,713,47,55,59,56,37,43,49,25,42,51,44,29,48,29,19,23,24,18,15,F,2011
E01008383,Newcastle upon Tyne 021C,787,53,55,46,44,44,56,60,55,62,62,48,36,46,38,27,27,20,7,1,F,2011
E01008384,Newcastle upon Tyne 021D,725,46,34,40,45,41,43,39,51,51,50,48,53,39,33,41,27,24,15,5,F,2011
E01008385,Newcastle upon Tyne 021E,704,63,30,26,38,62,79,53,36,43,51,54,47,35,16,28,20,10,6,7,F,2011
E01008386,Newcastle upon Tyne 021F,700,37,31,46,39,34,46,36,38,57,53,56,46,41,42,33,26,24,7,8,F,2011
E01008387,Newcastle upon Tyne 021G,710,42,35,32,38,49,51,49,41,48,43,40,48,63,44,35,31,12,7,2,F,2011
E01008396,Newcastle upon Tyne 022B,1338,89,77,49,367,320,125,83,56,43,37,26,12,22,8,9,9,4,2,0,F,2011
E01008398,Newcastle upon Tyne 022C,707,65,60,53,50,53,79,61,63,40,40,33,30,24,14,17,7,10,7,1,F,2011
E01008449,Newcastle upon Tyne 022D,723,54,45,30,45,150,108,64,55,40,46,26,10,15,11,5,8,5,2,4,F,2011
E01008453,Newcastle upon Tyne 022E,835,57,49,36,42,65,77,45,46,64,48,57,50,36,33,24,32,34,24,16,F,2011
E01008455,Newcastle upon Tyne 022G,756,86,71,55,47,69,95,58,76,31,30,26,31,19,14,16,12,9,9,2,F,2011
E01033556,Newcastle upon Tyne 022H,1063,62,45,27,54,303,162,87,64,32,41,32,30,30,23,27,13,13,11,7,F,2011
E01008406,Newcastle upon Tyne 023A,719,27,27,22,46,165,56,44,36,43,35,30,39,37,27,27,23,16,16,3,F,2011
E01008407,Newcastle upon Tyne 023B,1329,24,14,12,381,603,74,33,26,25,24,21,18,14,17,15,15,8,3,2,F,2011
E01008410,Newcastle upon Tyne 023D,835,25,11,25,44,332,76,33,31,28,42,32,24,40,33,22,13,12,9,3,F,2011
E01008412,Newcastle upon Tyne 023E,769,34,12,14,32,286,93,45,43,35,35,34,35,20,16,7,11,8,7,2,F,2011
E01008413,Newcastle upon Tyne 023F,649,24,8,12,22,285,80,38,30,21,19,28,23,22,8,5,13,8,2,1,F,2011
E01033548,Newcastle upon Tyne 023G,482,18,5,9,23,81,69,48,34,26,32,24,22,20,20,13,7,16,6,9,F,2011
E01033553,Newcastle upon Tyne 023H,1241,11,5,4,496,493,100,45,17,10,12,9,8,9,5,6,4,2,2,3,F,2011
E01008394,Newcastle upon Tyne 024A,743,6,4,7,374,240,35,21,12,3,7,8,2,3,2,5,3,9,2,0,F,2011
E01008395,Newcastle upon Tyne 024B,765,23,17,11,29,162,90,36,26,33,40,31,38,29,27,38,48,44,19,24,F,2011
E01008397,Newcastle upon Tyne 024C,767,4,2,2,171,362,95,20,27,20,12,12,13,7,9,6,2,3,0,0,F,2011
E01008399,Newcastle upon Tyne 024D,965,84,85,52,79,81,75,64,62,61,66,41,42,42,39,36,24,22,5,5,F,2011
E01008439,Newcastle upon Tyne 024E,887,65,73,63,79,71,75,75,67,55,52,51,47,36,22,13,20,11,8,4,F,2011
E01033543,Newcastle upon Tyne 024G,469,13,4,6,47,169,111,42,31,11,8,8,8,2,3,5,1,0,0,0,F,2011
E01033545,Newcastle upon Tyne 024H,436,14,1,1,29,136,105,54,23,17,14,10,7,6,8,6,2,3,0,0,F,2011
E01033554,Newcastle upon Tyne 024I,531,18,9,9,29,153,101,43,34,25,21,10,16,13,12,10,10,10,5,3,F,2011
E01008415,Newcastle upon Tyne 025B,630,49,41,37,39,48,57,39,39,43,42,44,40,29,21,23,15,12,7,5,F,2011
E01008416,Newcastle upon Tyne 025C,863,50,39,42,44,46,51,49,55,77,68,67,57,57,38,42,31,19,17,14,F,2011
E01033547,Newcastle upon Tyne 025E,1076,95,68,59,68,73,92,52,54,65,66,77,61,64,46,34,34,38,15,15,F,2011
E01008301,Newcastle upon Tyne 026A,837,57,35,27,41,103,115,84,51,55,57,55,42,40,21,22,16,10,4,2,F,2011
E01008302,Newcastle upon Tyne 026B,847,74,41,41,41,57,78,54,46,51,75,52,39,44,36,51,29,16,14,8,F,2011
E01008304,Newcastle upon Tyne 026C,882,61,47,46,58,70,98,79,59,63,50,46,52,40,24,37,16,20,15,1,F,2011
E01008305,Newcastle upon Tyne 026D,1135,104,93,74,80,84,115,83,86,58,56,57,48,46,26,39,24,27,21,14,F,2011
E01008391,Newcastle upon Tyne 026E,778,49,51,64,54,50,56,43,57,68,61,54,45,36,29,24,21,9,4,3,F,2011
E01008392,Newcastle upon Tyne 026F,768,43,33,49,40,60,65,45,57,61,68,61,39,37,38,33,17,12,6,4,F,2011
E01008432,Newcastle upon Tyne 026G,680,19,27,36,48,36,40,32,24,63,57,52,50,41,40,39,21,25,18,12,F,2011
E01008288,Newcastle upon Tyne 027A,662,31,28,32,17,42,66,51,38,36,52,54,47,39,33,30,26,23,11,6,F,2011
E01008289,Newcastle upon Tyne 027B,867,50,55,64,57,56,41,47,52,43,71,62,50,35,31,34,36,31,20,32,F,2011
E01008290,Newcastle upon Tyne 027C,647,51,49,36,54,45,58,48,42,29,48,42,34,38,28,19,10,10,5,1,F,2011
E01008291,Newcastle upon Tyne 027D,1087,126,91,80,88,86,98,82,67,61,68,50,43,44,33,24,15,18,8,5,F,2011
E01008292,Newcastle upon Tyne 027E,679,33,34,34,41,27,36,37,35,49,61,70,52,44,31,33,25,20,12,5,F,2011
E01008388,Newcastle upon Tyne 028A,922,63,80,54,52,76,91,59,54,55,59,54,45,33,35,38,24,26,16,8,F,2011
E01008389,Newcastle upon Tyne 028B,951,72,65,66,67,79,78,64,66,57,77,54,44,44,22,27,36,21,6,6,F,2011
E01008426,Newcastle upon Tyne 028C,884,63,74,74,62,63,50,60,65,58,58,62,47,40,23,33,11,20,13,8,F,2011
E01008429,Newcastle upon Tyne 028D,777,45,46,48,47,40,59,41,40,49,49,56,33,52,36,32,36,29,25,14,F,2011
E01008331,Newcastle upon Tyne 029A,917,91,77,85,70,89,99,95,81,46,42,49,30,31,15,8,6,2,1,0,F,2011
E01008332,Newcastle upon Tyne 029B,1048,102,86,66,91,81,104,94,77,72,45,46,32,41,29,23,26,20,8,5,F,2011
E01008333,Newcastle upon Tyne 029C,806,69,58,63,48,69,77,73,57,39,42,34,31,29,22,19,25,22,15,14,F,2011
E01008334,Newcastle upon Tyne 029D,965,101,54,58,50,80,115,91,72,48,57,43,47,40,23,29,26,15,12,4,F,2011
E01008335,Newcastle upon Tyne 029E,973,113,83,87,54,84,95,89,75,66,42,36,30,34,24,17,14,17,8,5,F,2011
E01008437,Newcastle upon Tyne 029F,559,52,33,19,25,39,48,44,29,21,32,41,23,30,20,31,18,13,20,21,F,2011
E01008438,Newcastle upon Tyne 029G,739,36,39,62,47,53,50,46,47,62,51,55,50,40,27,31,22,12,6,3,F,2011
E01008390,Newcastle upon Tyne 030A,894,81,59,86,51,51,93,80,56,54,60,46,36,30,21,21,31,16,16,6,F,2011
E01008425,Newcastle upon Tyne 030B,796,45,31,26,43,63,70,29,49,62,53,53,36,41,26,46,38,37,30,18,F,2011
E01008427,Newcastle upon Tyne 030C,585,44,31,33,48,55,44,39,23,42,51,37,28,29,27,17,13,10,9,5,F,2011
E01008428,Newcastle upon Tyne 030D,662,45,33,37,48,53,50,40,44,42,45,32,29,36,28,29,26,20,17,8,F,2011
E01008441,Newcastle upon Tyne 031A,865,44,31,45,53,45,49,38,45,60,60,72,53,62,37,50,42,46,23,10,F,2011
E01008442,Newcastle upon Tyne 031B,709,29,25,26,37,29,29,24,34,44,51,49,47,69,61,61,42,35,14,3,F,2011
E01008444,Newcastle upon Tyne 031C,796,32,30,41,36,29,49,45,46,44,48,60,64,64,55,58,40,30,19,6,F,2011
E01008445,Newcastle upon Tyne 031D,1004,64,40,56,54,54,44,48,54,74,88,77,58,65,44,47,62,32,27,16,F,2011
E01008446,Newcastle upon Tyne 031E,738,32,29,35,29,30,22,26,31,30,65,47,50,68,74,64,48,36,19,3,F,2011
E01008447,Newcastle upon Tyne 031F,695,20,21,29,47,17,25,25,29,36,51,55,41,58,56,53,60,43,20,9,F,2011
E01008448,Newcastle upon Tyne 031G,750,26,24,38,31,30,29,38,38,43,59,74,72,88,64,39,29,17,7,4,F,2011
E08000022,,104137,5583,5243,5298,5687,5507,6506,6795,6956,7665,7994,7280,6520,6725,5190,4556,3985,3320,2135,1192,F,2011
E01008547,North Tyneside 001A,683,17,37,40,35,17,16,14,28,49,48,43,36,76,73,63,36,30,17,8,F,2011
E01008548,North Tyneside 001B,660,10,25,37,42,37,17,18,27,31,63,50,62,74,69,47,29,16,6,0,F,2011
E01008549,North Tyneside 001C,781,23,21,36,45,23,15,32,33,57,53,47,46,73,65,51,75,45,30,11,F,2011
E01008551,North Tyneside 001D,756,28,35,37,35,16,20,27,38,45,61,45,61,58,59,61,44,39,37,10,F,2011
E01008478,North Tyneside 002A,814,43,41,37,51,60,41,46,52,52,54,59,51,65,46,32,31,26,10,17,F,2011
E01008480,North Tyneside 002B,815,34,49,44,38,33,52,49,50,47,60,60,48,71,55,37,33,29,13,13,F,2011
E01008504,North Tyneside 002C,753,27,37,35,45,26,26,29,51,72,79,64,57,66,57,41,18,17,4,2,F,2011
E01008578,North Tyneside 002D,711,28,41,41,47,39,38,52,67,42,62,53,39,73,27,29,13,8,10,2,F,2011
E01008583,North Tyneside 002E,751,45,38,40,50,54,65,49,41,50,65,58,46,45,23,26,28,18,7,3,F,2011
E01008520,North Tyneside 003A,699,30,41,34,45,23,25,28,47,61,62,63,36,49,42,35,25,23,20,10,F,2011
E01008523,North Tyneside 003B,665,35,48,57,42,23,17,23,50,55,64,58,40,54,40,20,20,7,10,2,F,2011
E01008546,North Tyneside 003C,753,36,46,48,36,18,10,29,40,55,71,67,45,57,47,54,32,30,22,10,F,2011
E01008550,North Tyneside 003D,832,43,59,64,58,28,22,38,67,77,71,84,57,48,36,31,24,17,4,4,F,2011
E01008577,North Tyneside 004A,709,31,32,29,29,24,42,35,44,54,36,46,44,46,59,44,37,39,24,14,F,2011
E01008579,North Tyneside 004B,826,29,36,27,23,28,26,18,39,47,48,48,64,74,68,75,79,51,30,16,F,2011
E01008580,North Tyneside 004C,729,45,45,34,34,46,40,40,48,56,45,50,49,63,48,33,23,22,7,1,F,2011
E01008581,North Tyneside 004D,733,22,21,21,20,18,15,18,27,44,51,52,51,73,49,71,60,61,38,21,F,2011
E01008582,North Tyneside 004E,681,39,28,37,24,37,42,47,63,36,59,50,43,45,32,28,30,28,9,4,F,2011
E01008517,North Tyneside 005A,822,57,63,54,54,32,22,48,65,98,67,36,42,58,37,36,23,15,12,3,F,2011
E01008519,North Tyneside 005B,747,27,32,45,40,24,32,39,47,73,70,59,46,49,45,35,26,32,16,10,F,2011
E01008521,North Tyneside 005C,813,20,27,40,40,33,24,45,36,63,61,59,63,71,61,46,34,45,29,16,F,2011
E01008522,North Tyneside 005D,830,43,42,47,53,33,19,39,50,77,73,72,54,61,61,32,26,25,14,9,F,2011
E01008584,North Tyneside 006A,736,42,36,37,43,59,72,52,56,71,56,61,35,31,24,24,19,8,6,4,F,2011
E01008585,North Tyneside 006B,835,41,54,45,44,53,52,65,69,59,70,57,52,44,35,14,27,11,22,21,F,2011
E01008587,North Tyneside 006C,693,34,27,34,21,29,50,56,51,52,52,36,54,47,39,26,17,22,22,24,F,2011
E01008588,North Tyneside 006D,794,37,47,39,50,48,48,61,68,77,57,69,46,62,23,28,13,15,6,0,F,2011
E01008589,North Tyneside 006E,736,41,50,42,50,26,13,33,56,65,66,66,55,56,38,27,20,16,9,7,F,2011
E01008518,North Tyneside 007A,851,33,40,34,41,28,21,45,63,59,65,62,53,54,44,48,40,60,38,23,F,2011
E01008564,North Tyneside 007B,742,24,35,25,39,27,24,44,50,50,57,61,63,57,37,43,49,28,15,14,F,2011
E01008565,North Tyneside 007C,1082,81,72,63,65,63,89,93,93,73,89,63,63,46,38,31,17,21,15,7,F,2011
E01008567,North Tyneside 007D,753,66,47,48,37,54,51,56,42,61,54,51,37,46,32,31,15,9,8,8,F,2011
E01008475,North Tyneside 008A,850,49,51,41,43,41,69,77,82,82,72,53,42,55,49,19,14,7,3,1,F,2011
E01008476,North Tyneside 008B,889,50,57,47,54,51,71,70,45,65,68,43,51,60,49,33,25,23,17,10,F,2011
E01008477,North Tyneside 008C,887,70,53,65,58,64,49,74,54,71,72,48,48,43,27,36,31,16,6,2,F,2011
E01008479,North Tyneside 008D,716,39,22,38,31,32,48,50,34,47,53,57,58,80,46,29,19,17,8,8,F,2011
E01008552,North Tyneside 009A,845,38,39,36,52,27,48,49,57,62,65,61,60,56,51,48,34,33,22,7,F,2011
E01008553,North Tyneside 009B,962,45,56,60,43,48,40,69,76,83,68,70,41,68,38,45,33,31,31,17,F,2011
E01008554,North Tyneside 009C,868,39,51,65,60,28,36,48,69,72,86,76,58,47,40,35,26,22,7,3,F,2011
E01008555,North Tyneside 009D,855,47,64,57,59,30,31,58,47,88,75,43,39,41,41,36,34,25,21,19,F,2011
E01008586,North Tyneside 009E,803,45,36,45,41,35,31,59,52,69,61,59,45,50,42,25,36,24,33,15,F,2011
E01008495,North Tyneside 010A,882,34,43,42,42,36,25,37,61,64,75,70,51,80,47,56,51,34,25,9,F,2011
E01008496,North Tyneside 010B,760,33,35,26,31,33,33,59,57,64,43,59,56,46,48,34,23,34,34,12,F,2011
E01008497,North Tyneside 010C,750,29,35,36,38,19,16,36,47,55,58,52,49,52,58,51,45,43,19,12,F,2011
E01008498,North Tyneside 010D,801,20,26,31,35,24,9,26,26,37,57,45,60,63,54,83,92,60,40,13,F,2011
E01008568,North Tyneside 011B,771,32,28,24,38,41,44,39,39,51,51,48,53,61,55,50,50,42,18,7,F,2011
E01008569,North Tyneside 011C,788,47,58,50,35,42,57,59,54,69,41,46,32,53,35,28,31,23,21,7,F,2011
E01008570,North Tyneside 011D,694,42,42,37,23,37,61,60,62,75,51,49,36,39,19,19,25,9,6,2,F,2011
E01032647,North Tyneside 011E,872,101,51,39,36,62,75,130,106,75,60,51,38,24,14,4,4,0,1,1,F,2011
E01032648,North Tyneside 011F,811,57,75,50,37,53,67,87,78,56,54,41,30,28,23,19,21,14,13,8,F,2011
E01008500,North Tyneside 012A,815,35,33,40,36,32,56,47,62,58,62,62,49,56,36,41,46,29,21,14,F,2011
E01008505,North Tyneside 012B,843,52,29,48,35,44,67,57,50,45,61,53,48,71,47,45,37,31,16,7,F,2011
E01008506,North Tyneside 012C,739,48,20,32,41,34,55,60,48,48,39,39,57,82,44,35,33,12,6,6,F,2011
E01008507,North Tyneside 012D,758,37,32,50,50,29,35,40,52,58,71,72,60,57,30,27,21,21,7,9,F,2011
E01008493,North Tyneside 013A,781,26,34,48,49,30,30,28,44,60,75,53,59,63,42,50,35,24,22,9,F,2011
E01008494,North Tyneside 013B,819,28,47,40,32,31,38,40,56,52,63,47,59,57,49,49,36,58,26,11,F,2011
E01008556,North Tyneside 013C,1048,37,44,51,79,37,48,45,63,97,83,63,54,67,52,51,53,57,35,32,F,2011
E01008557,North Tyneside 013D,830,26,33,59,67,39,22,25,38,72,90,76,73,57,47,43,33,11,14,5,F,2011
E01008470,North Tyneside 014A,753,33,33,25,41,40,51,36,37,53,47,53,58,52,44,32,38,32,24,24,F,2011
E01008499,North Tyneside 014B,876,62,57,38,56,29,47,71,70,75,66,59,55,50,32,39,24,28,13,5,F,2011
E01008502,North Tyneside 014C,860,56,57,49,41,51,68,55,36,51,71,63,55,43,43,33,36,32,15,5,F,2011
E01008516,North Tyneside 014D,683,31,29,35,26,22,23,26,35,47,47,52,40,55,49,37,53,55,16,5,F,2011
E01008488,North Tyneside 015A,742,52,44,38,49,47,50,54,75,53,38,49,43,47,38,26,19,13,6,1,F,2011
E01008489,North Tyneside 015B,963,72,64,54,69,59,74,57,83,68,54,47,47,41,32,37,42,29,21,13,F,2011
E01008490,North Tyneside 015C,797,28,28,27,47,46,38,35,41,51,74,47,58,55,67,53,58,28,11,5,F,2011
E01008491,North Tyneside 015D,832,60,45,68,56,45,52,57,59,69,64,47,47,52,33,31,20,13,10,4,F,2011
E01008558,North Tyneside 016A,814,40,29,21,29,27,46,57,66,54,58,62,56,71,42,47,33,40,21,15,F,2011
E01008560,North Tyneside 016B,868,45,30,30,28,29,43,77,57,67,72,77,73,43,53,27,31,39,32,15,F,2011
E01008561,North Tyneside 016C,815,32,35,23,27,38,57,60,64,50,62,49,58,82,38,43,42,23,16,16,F,2011
E01008562,North Tyneside 016D,785,40,20,51,37,27,34,32,64,40,63,62,55,62,44,30,47,36,24,17,F,2011
E01008525,North Tyneside 017A,806,43,24,29,39,28,42,49,51,46,56,50,49,46,54,60,42,40,37,21,F,2011
E01008527,North Tyneside 017B,764,44,22,25,29,47,63,53,59,62,57,56,52,42,36,27,30,28,22,10,F,2011
E01008559,North Tyneside 017C,819,54,30,29,34,49,70,81,83,62,60,53,49,42,27,16,20,26,16,18,F,2011
E01008563,North Tyneside 017D,732,25,47,46,44,14,10,19,31,62,68,63,55,57,48,45,38,36,16,8,F,2011
E01008469,North Tyneside 018A,738,22,24,26,29,42,47,31,38,49,63,52,60,53,38,37,51,33,32,11,F,2011
E01008472,North Tyneside 018B,783,38,33,48,39,19,31,34,48,62,60,69,55,46,48,44,31,43,23,12,F,2011
E01008473,North Tyneside 018C,659,35,33,35,40,24,28,29,45,51,61,54,40,53,41,30,26,22,7,5,F,2011
E01008501,North Tyneside 018D,1079,85,90,76,62,41,57,108,122,116,92,72,54,42,25,15,11,5,5,1,F,2011
E01008503,North Tyneside 018E,861,46,44,55,45,54,65,57,49,45,67,48,47,52,45,33,39,34,18,18,F,2011
E01008471,North Tyneside 019A,862,53,64,50,45,55,73,68,42,55,63,49,42,68,33,36,24,20,12,10,F,2011
E01008474,North Tyneside 019B,750,46,49,42,47,43,64,58,47,57,67,63,33,31,29,30,20,12,4,8,F,2011
E01008513,North Tyneside 019C,1182,89,46,41,56,94,156,132,87,61,72,64,50,51,31,37,39,34,28,14,F,2011
E01008514,North Tyneside 019D,970,67,47,56,65,57,78,68,60,71,74,61,51,36,36,41,25,52,17,8,F,2011
E01032649,North Tyneside 019F,565,39,19,17,16,40,106,66,42,35,30,26,19,17,14,19,23,23,8,6,F,2011
E01032650,North Tyneside 019G,529,33,16,16,28,43,42,45,27,36,44,52,37,32,20,16,11,19,8,4,F,2011
E01008486,North Tyneside 020A,743,37,31,34,46,36,50,50,53,54,61,56,46,37,33,37,35,30,12,5,F,2011
E01008487,North Tyneside 020B,733,25,23,31,39,43,34,33,44,53,61,49,52,55,39,41,51,27,25,8,F,2011
E01008526,North Tyneside 020C,779,35,41,34,55,36,30,31,53,61,88,59,56,60,55,37,25,8,11,4,F,2011
E01008530,North Tyneside 020D,863,20,36,29,50,39,30,27,34,54,63,81,53,63,56,82,64,35,29,18,F,2011
E01008461,North Tyneside 021A,789,47,40,62,58,49,47,55,54,67,47,41,42,72,48,29,13,10,7,1,F,2011
E01008466,North Tyneside 021B,685,23,28,32,36,38,39,32,38,34,55,79,85,70,40,18,16,14,6,2,F,2011
E01008467,North Tyneside 021C,735,41,30,23,44,42,69,72,42,39,48,69,61,56,31,28,18,15,5,2,F,2011
E01008468,North Tyneside 021D,781,61,53,41,46,58,69,46,63,60,51,47,42,40,39,24,18,12,6,5,F,2011
E01008483,North Tyneside 022A,777,45,38,41,29,57,80,71,75,51,62,56,53,43,22,20,14,10,7,3,F,2011
E01008524,North Tyneside 022B,829,27,17,19,29,51,68,58,38,49,61,54,65,67,44,49,45,40,33,15,F,2011
E01008528,North Tyneside 022C,721,33,38,25,34,40,60,55,51,53,56,47,48,44,35,24,21,32,17,8,F,2011
E01008529,North Tyneside 022D,846,40,34,34,37,36,43,53,71,58,66,53,54,64,38,43,38,42,25,17,F,2011
E01008481,North Tyneside 023A,814,47,48,53,63,56,65,48,37,62,87,60,29,33,26,33,27,17,16,7,F,2011
E01008482,North Tyneside 023B,906,68,39,51,51,63,73,63,63,50,54,59,44,33,50,35,24,33,24,29,F,2011
E01008484,North Tyneside 023C,701,70,42,28,43,74,69,48,40,40,52,45,45,33,25,14,15,12,5,1,F,2011
E01008485,North Tyneside 023D,820,89,61,67,61,74,55,63,59,61,53,44,26,19,28,20,22,8,4,6,F,2011
E01008492,North Tyneside 023E,891,45,49,59,50,51,74,56,62,81,82,61,44,43,37,26,25,17,22,7,F,2011
E01008462,North Tyneside 024A,648,26,33,35,35,34,48,46,31,52,43,39,36,39,27,31,30,30,18,15,F,2011
E01008463,North Tyneside 024B,694,18,38,39,45,43,41,35,31,37,44,54,63,49,44,41,31,18,17,6,F,2011
E01008464,North Tyneside 024C,736,37,46,34,34,25,48,39,39,51,54,58,48,55,63,39,26,20,13,7,F,2011
E01008465,North Tyneside 024D,740,34,28,40,35,42,31,36,54,38,54,60,42,61,65,35,40,22,15,8,F,2011
E01008531,North Tyneside 025A,722,32,22,19,33,55,46,48,31,47,78,85,74,60,33,21,16,15,7,0,F,2011
E01008532,North Tyneside 025B,791,44,40,45,32,35,69,61,64,57,51,51,37,51,46,31,25,32,14,6,F,2011
E01008534,North Tyneside 025C,690,33,24,30,36,44,36,45,34,38,54,75,64,54,29,36,27,18,11,2,F,2011
E01008538,North Tyneside 025D,627,24,26,33,51,39,51,28,41,50,60,66,56,32,34,15,11,7,3,0,F,2011
E01008508,North Tyneside 026A,800,40,55,51,53,50,33,50,53,73,69,51,50,51,35,25,27,16,12,6,F,2011
E01008509,North Tyneside 026B,831,50,43,61,35,35,61,52,56,58,71,63,53,44,23,30,36,26,24,10,F,2011
E01008510,North Tyneside 026C,802,34,37,39,30,44,61,67,57,62,46,58,55,46,56,39,35,22,12,2,F,2011
E01008512,North Tyneside 026D,824,45,23,45,60,61,48,48,50,59,54,56,58,48,30,28,30,36,30,15,F,2011
E01008539,North Tyneside 027A,718,40,35,36,29,35,63,65,68,71,60,55,56,43,26,16,9,9,2,0,F,2011
E01008540,North Tyneside 027B,864,69,62,52,66,65,69,67,58,66,65,37,38,38,24,30,28,18,8,4,F,2011
E01008541,North Tyneside 027C,782,51,48,41,43,47,49,63,50,76,49,46,36,48,35,34,26,20,10,10,F,2011
E01008544,North Tyneside 027D,728,56,31,24,35,56,74,48,42,52,53,52,40,42,31,24,26,19,16,7,F,2011
E01008545,North Tyneside 027E,617,34,28,33,44,35,40,39,45,44,45,36,28,26,29,31,24,28,17,11,F,2011
E01008511,North Tyneside 028A,887,48,61,38,53,66,75,64,62,74,57,58,50,40,35,33,31,26,12,4,F,2011
E01008542,North Tyneside 028B,851,61,62,48,47,81,71,59,54,69,45,39,49,23,30,37,31,27,13,5,F,2011
E01008543,North Tyneside 028C,1152,105,68,63,63,101,123,111,84,77,70,70,61,42,20,17,16,20,21,20,F,2011
E01008571,North Tyneside 028D,934,51,34,38,38,50,71,81,56,55,67,48,58,53,34,45,41,42,38,34,F,2011
E01008572,North Tyneside 029A,768,36,28,30,44,75,97,76,58,58,52,39,51,41,20,14,17,16,13,3,F,2011
E01008573,North Tyneside 029B,800,59,36,36,58,80,86,89,47,45,64,47,35,37,16,26,16,11,9,3,F,2011
E01008574,North Tyneside 029C,830,34,43,38,56,40,41,48,49,56,72,62,67,46,42,42,33,35,19,7,F,2011
E01008576,North Tyneside 029D,1090,71,75,72,82,66,103,93,79,85,83,69,56,39,36,25,14,27,12,3,F,2011
E01008533,North Tyneside 030A,817,56,53,36,62,53,44,54,49,60,65,55,43,46,27,36,33,23,11,11,F,2011
E01008535,North Tyneside 030B,798,32,33,38,58,30,55,39,50,53,67,66,55,63,36,43,33,18,18,11,F,2011
E01008536,North Tyneside 030C,704,48,24,28,32,56,81,75,55,54,44,46,43,29,22,16,22,11,12,6,F,2011
E01008537,North Tyneside 030D,662,33,25,28,44,32,65,39,31,43,62,45,50,32,35,21,34,23,14,6,F,2011
E01008575,North Tyneside 030E,708,42,29,27,38,41,49,57,66,47,56,50,41,46,29,24,22,15,16,13,F,2011
E08000023,,76611,4013,3719,4058,4560,4587,4689,4273,4403,5399,6044,5665,4838,4889,3784,3464,3125,2564,1695,842,F,2011
E01008595,South Tyneside 001A,805,46,34,31,44,61,75,81,60,53,58,48,59,44,36,24,25,16,5,5,F,2011
E01008596,South Tyneside 001B,778,73,69,50,57,40,62,48,40,56,46,33,41,26,30,28,30,21,9,19,F,2011
E01008597,South Tyneside 001C,1147,71,51,46,62,68,111,84,88,78,98,85,66,91,50,31,26,17,15,9,F,2011
E01008598,South Tyneside 001D,762,41,62,50,34,56,58,62,43,39,51,81,52,37,37,23,15,12,6,3,F,2011
E01008599,South Tyneside 001E,784,47,31,54,39,40,49,44,46,43,60,41,53,60,54,37,36,24,12,14,F,2011
E01008664,South Tyneside 002A,684,45,31,47,57,49,62,47,41,44,46,34,37,33,22,23,10,18,24,14,F,2011
E01008665,South Tyneside 002B,691,45,26,32,44,65,50,60,32,56,51,50,39,52,26,14,22,15,7,5,F,2011
E01008666,South Tyneside 002C,675,33,38,31,35,65,52,48,31,43,44,56,39,43,24,27,22,22,16,6,F,2011
E01008667,South Tyneside 002D,769,34,30,36,31,41,60,47,47,57,51,44,56,56,44,45,38,32,13,7,F,2011
E01008668,South Tyneside 002E,751,40,41,38,37,46,62,46,46,55,57,66,54,37,33,26,21,18,20,8,F,2011
E01008673,South Tyneside 003A,612,27,27,28,48,30,28,27,41,41,64,53,40,43,34,26,22,20,5,8,F,2011
E01008675,South Tyneside 003B,714,49,32,19,32,49,76,69,45,50,49,45,38,31,30,18,32,21,11,18,F,2011
E01008676,South Tyneside 003C,634,39,27,36,35,35,53,39,35,42,53,53,36,36,15,20,27,19,19,15,F,2011
E01008677,South Tyneside 003D,656,19,22,24,35,40,30,27,36,43,52,59,38,51,40,34,32,43,26,5,F,2011
E01008678,South Tyneside 003E,627,25,19,32,36,48,52,39,33,46,39,50,42,26,29,32,21,22,18,18,F,2011
E01008647,South Tyneside 004A,759,20,20,33,44,33,22,25,36,51,59,64,72,48,52,52,62,41,20,5,F,2011
E01008648,South Tyneside 004B,709,21,20,22,42,30,30,22,27,55,37,62,46,59,49,52,53,33,35,14,F,2011
E01008649,South Tyneside 004C,892,40,57,54,66,54,40,47,49,53,74,61,48,52,35,37,32,28,39,26,F,2011
E01008651,South Tyneside 004D,1052,103,74,65,69,76,83,78,60,70,72,58,46,34,38,25,30,24,25,22,F,2011
E01008679,South Tyneside 005A,684,33,30,33,41,37,45,36,44,54,58,45,39,41,39,40,33,17,16,3,F,2011
E01008680,South Tyneside 005B,729,26,26,47,32,27,23,22,47,47,60,57,53,71,50,44,44,27,19,7,F,2011
E01008682,South Tyneside 005C,663,40,43,63,57,40,27,38,45,41,45,30,33,30,38,30,27,16,14,6,F,2011
E01008683,South Tyneside 005D,718,42,26,20,53,53,69,55,38,47,48,60,38,36,40,15,22,24,14,18,F,2011
E01008635,South Tyneside 006A,741,25,30,34,42,40,29,31,29,38,59,71,45,51,47,44,49,42,24,11,F,2011
E01008650,South Tyneside 006B,732,24,35,34,43,39,35,29,39,53,61,58,65,63,48,22,32,32,12,8,F,2011
E01008674,South Tyneside 006C,651,29,29,37,33,32,23,27,33,45,66,57,63,56,29,37,21,19,12,3,F,2011
E01008681,South Tyneside 006D,740,18,27,41,48,22,11,18,30,42,57,65,64,67,64,52,58,27,20,9,F,2011
E01008600,South Tyneside 007A,670,45,31,34,48,44,58,52,41,47,54,38,57,51,24,21,14,8,1,2,F,2011
E01008604,South Tyneside 007B,832,64,37,40,61,55,79,53,44,65,54,45,43,43,37,30,18,22,25,17,F,2011
E01008660,South Tyneside 007C,693,33,34,22,40,41,39,44,54,53,67,60,47,55,32,28,16,19,8,1,F,2011
E01008661,South Tyneside 007D,573,24,24,27,32,39,22,26,23,43,47,42,47,54,38,29,21,11,13,11,F,2011
E01008633,South Tyneside 008A,742,42,51,36,57,44,42,49,47,61,67,39,37,46,28,22,17,26,20,11,F,2011
E01008634,South Tyneside 008B,712,36,33,32,52,42,43,45,36,53,42,44,36,45,27,33,30,36,35,12,F,2011
E01008636,South Tyneside 008C,747,35,36,42,48,46,42,28,39,56,69,46,44,49,35,39,30,23,22,18,F,2011
E01008637,South Tyneside 008D,730,37,30,43,58,41,28,40,34,55,54,54,50,41,38,34,31,29,24,9,F,2011
E01008639,South Tyneside 009A,1019,72,58,65,63,88,116,82,76,73,75,62,48,49,35,22,11,10,10,4,F,2011
E01008652,South Tyneside 009B,542,28,17,30,26,38,31,36,28,41,40,44,33,42,22,35,15,17,11,8,F,2011
E01008653,South Tyneside 009C,696,37,50,38,51,54,48,60,42,42,59,51,34,37,23,23,18,14,11,4,F,2011
E01008654,South Tyneside 009D,602,35,25,19,37,54,72,43,36,38,57,44,37,30,17,18,17,13,7,3,F,2011
E01008655,South Tyneside 009E,745,37,38,33,49,38,39,35,43,46,66,56,53,36,32,39,33,36,22,14,F,2011
E01008657,South Tyneside 009F,716,33,27,40,36,35,34,45,45,48,66,50,56,56,38,39,26,19,18,5,F,2011
E01008638,South Tyneside 010A,707,48,45,44,48,52,65,45,60,88,76,42,27,29,19,10,4,2,2,1,F,2011
E01008640,South Tyneside 010B,1028,63,50,66,67,60,91,79,56,83,84,72,50,57,35,32,29,28,18,8,F,2011
E01008641,South Tyneside 010C,752,43,31,38,37,40,47,38,56,46,60,45,55,37,33,39,36,34,19,18,F,2011
E01008642,South Tyneside 010D,755,26,25,38,43,50,27,35,30,47,80,64,60,61,40,39,28,35,20,7,F,2011
E01008590,South Tyneside 011A,761,44,36,27,31,57,56,40,44,60,49,52,63,54,53,31,25,23,8,8,F,2011
E01008591,South Tyneside 011B,709,48,26,28,39,60,75,58,31,57,54,63,41,39,25,26,13,15,8,3,F,2011
E01008592,South Tyneside 011C,740,59,23,28,40,68,58,67,38,49,68,45,36,40,20,34,26,17,10,14,F,2011
E01008594,South Tyneside 011D,933,46,45,59,54,42,63,54,65,65,70,58,56,57,31,38,44,36,26,24,F,2011
E01008601,South Tyneside 012A,843,40,55,63,51,37,42,54,56,55,52,59,40,58,42,26,29,37,28,19,F,2011
E01008669,South Tyneside 012B,717,30,37,48,55,46,49,42,30,50,50,53,48,39,52,29,29,17,10,3,F,2011
E01008671,South Tyneside 012C,578,46,21,16,53,66,38,37,29,37,39,42,37,32,28,18,13,11,8,7,F,2011
E01008672,South Tyneside 012D,654,18,21,40,36,43,34,26,40,58,46,55,51,53,34,37,24,14,13,11,F,2011
E01008622,South Tyneside 013A,844,26,30,30,39,52,25,23,32,54,69,79,71,84,55,65,53,32,16,9,F,2011
E01008625,South Tyneside 013C,777,37,50,39,49,34,33,41,53,43,48,70,59,62,38,39,32,22,18,10,F,2011
E01033074,South Tyneside 013E,1143,48,56,60,81,76,77,63,53,80,96,92,70,72,62,41,48,31,23,14,F,2011
E01008602,South Tyneside 014A,758,54,35,42,58,59,53,42,55,50,55,55,44,38,26,21,21,20,23,7,F,2011
E01008603,South Tyneside 014B,627,37,26,25,47,41,35,29,38,38,54,56,38,41,22,21,18,32,18,11,F,2011
E01008608,South Tyneside 014C,632,39,33,40,35,53,40,37,31,25,40,44,33,34,24,29,42,34,15,4,F,2011
E01008670,South Tyneside 014D,826,43,35,46,50,55,46,43,42,57,69,73,48,34,37,46,37,34,26,5,F,2011
E01008643,South Tyneside 015A,747,39,39,40,44,38,33,37,38,59,68,74,43,52,37,27,24,19,25,11,F,2011
E01008644,South Tyneside 015B,761,36,26,33,34,28,52,40,42,45,52,55,47,40,41,53,51,51,25,10,F,2011
E01008645,South Tyneside 015C,761,46,45,39,43,54,51,39,49,56,48,64,43,29,27,25,39,38,16,10,F,2011
E01008646,South Tyneside 015D,747,27,35,24,33,39,32,28,32,37,51,73,49,52,48,41,53,50,26,17,F,2011
E01008656,South Tyneside 015E,754,26,28,43,60,44,31,26,40,48,60,68,53,43,40,47,33,28,29,7,F,2011
E01008658,South Tyneside 015F,769,49,37,62,57,44,53,46,42,54,61,49,35,41,41,41,33,16,7,1,F,2011
E01008593,South Tyneside 016A,687,52,48,47,34,52,55,56,43,54,48,52,32,28,24,24,23,9,3,3,F,2011
E01008605,South Tyneside 016B,614,30,29,39,36,41,41,30,33,55,44,55,47,41,19,31,19,13,8,3,F,2011
E01008606,South Tyneside 016C,730,39,55,43,53,56,54,35,45,46,58,38,45,38,28,26,27,24,15,5,F,2011
E01008607,South Tyneside 016D,767,70,45,33,41,59,89,47,30,57,48,44,37,49,24,26,27,23,15,3,F,2011
E01008609,South Tyneside 016E,798,53,59,41,52,50,60,50,51,51,66,56,37,31,37,30,31,23,15,5,F,2011
E01008631,South Tyneside 017A,774,41,45,62,41,56,39,37,51,66,53,60,58,51,41,29,12,20,8,4,F,2011
E01008632,South Tyneside 017B,663,29,34,37,35,50,42,35,38,37,54,61,43,42,33,31,23,22,14,3,F,2011
E01008659,South Tyneside 017C,763,43,41,42,43,35,36,32,49,56,59,55,49,48,45,47,28,28,21,6,F,2011
E01008662,South Tyneside 017D,651,34,29,50,49,28,33,31,41,60,53,54,39,31,31,28,20,19,14,7,F,2011
E01008663,South Tyneside 017E,739,37,31,37,40,42,37,33,39,43,47,35,48,49,51,39,45,39,31,16,F,2011
E01008624,South Tyneside 018A,744,37,56,65,48,32,34,36,49,75,79,59,37,35,32,28,24,12,6,0,F,2011
E01008684,South Tyneside 018B,638,31,29,19,26,39,42,31,28,39,61,49,43,47,32,36,33,30,16,7,F,2011
E01008685,South Tyneside 018C,964,46,36,49,67,56,37,40,67,72,81,76,62,85,65,42,36,30,12,5,F,2011
E01008686,South Tyneside 018D,906,37,47,56,50,35,34,47,55,62,67,57,57,57,57,67,45,45,24,7,F,2011
E01008687,South Tyneside 018E,897,28,33,35,38,28,29,40,45,48,63,60,62,77,63,65,71,66,38,8,F,2011
E01008688,South Tyneside 019A,770,42,43,42,39,43,49,40,28,66,66,54,39,35,24,33,53,43,21,10,F,2011
E01008689,South Tyneside 019B,794,37,32,34,48,53,43,39,31,44,69,49,44,43,35,48,61,47,30,7,F,2011
E01008690,South Tyneside 019C,726,38,29,44,67,53,49,37,53,59,66,49,42,29,25,30,29,15,8,4,F,2011
E01008691,South Tyneside 019D,626,23,17,38,45,37,29,34,30,38,64,70,51,49,48,24,17,4,6,2,F,2011
E01008692,South Tyneside 019E,707,24,27,43,43,42,28,34,41,44,68,67,46,41,31,31,45,25,18,9,F,2011
E01008627,South Tyneside 020A,671,31,29,32,29,27,34,38,43,47,28,40,70,99,43,32,21,18,10,0,F,2011
E01008628,South Tyneside 020B,771,36,47,52,53,44,47,44,46,52,60,53,32,43,50,35,35,27,12,3,F,2011
E01008629,South Tyneside 020C,725,38,33,38,26,34,38,40,51,60,48,58,63,69,39,37,22,18,12,1,F,2011
E01008630,South Tyneside 020D,775,50,54,49,48,40,58,53,52,59,74,41,33,42,35,40,25,9,7,6,F,2011
E01008610,South Tyneside 021A,740,44,60,42,44,33,51,51,46,51,45,49,33,48,30,32,32,22,21,6,F,2011
E01008611,South Tyneside 021B,747,36,29,49,44,54,37,39,50,77,85,66,65,43,21,20,10,14,5,3,F,2011
E01008612,South Tyneside 021C,750,35,38,30,39,45,40,39,54,56,75,76,58,55,32,30,20,17,9,2,F,2011
E01008613,South Tyneside 021D,770,57,48,39,29,62,68,58,45,57,62,41,46,38,26,43,18,19,11,3,F,2011
E01008616,South Tyneside 022A,818,46,43,42,52,32,29,40,60,72,85,59,59,47,38,33,30,26,16,9,F,2011
E01008618,South Tyneside 022B,661,19,26,36,38,29,26,16,32,43,70,55,34,63,50,38,45,25,13,3,F,2011
E01008619,South Tyneside 022C,845,19,31,38,37,34,24,10,36,49,69,65,61,72,81,62,65,54,24,14,F,2011
E01008621,South Tyneside 022D,738,33,37,39,33,24,27,25,44,41,69,53,57,60,49,51,43,33,16,4,F,2011
E01008614,South Tyneside 023A,858,54,47,47,41,37,53,56,58,60,64,59,44,46,40,37,52,36,19,8,F,2011
E01008615,South Tyneside 023B,763,43,30,34,34,41,39,34,43,66,53,64,54,64,33,38,33,27,27,6,F,2011
E01008617,South Tyneside 023C,742,34,32,39,42,24,20,27,40,71,63,67,53,53,48,46,35,23,17,8,F,2011
E01008620,South Tyneside 023D,778,36,32,40,38,27,22,36,45,62,49,56,37,55,55,50,47,50,33,8,F,2011
E08000024,,141453,7424,6840,7420,8656,9784,8456,8110,8660,10374,10601,10093,8971,9327,7085,6375,5537,4148,2386,1206,F,2011
E01008713,Sunderland 001A,789,29,27,49,58,39,26,29,43,66,89,85,50,60,33,36,34,23,10,3,F,2011
E01008722,Sunderland 001B,787,26,24,44,36,39,33,29,36,69,68,59,42,46,58,59,42,39,28,10,F,2011
E01008724,Sunderland 001C,642,17,19,41,49,34,21,25,30,57,67,55,38,30,37,33,45,34,10,0,F,2011
E01008726,Sunderland 001D,781,37,27,41,40,32,34,33,47,68,76,60,43,45,31,50,47,45,13,12,F,2011
E01008723,Sunderland 002A,727,17,38,49,50,20,15,16,36,62,72,49,43,51,42,40,42,49,16,20,F,2011
E01008725,Sunderland 002B,731,25,33,40,26,26,25,34,40,55,66,43,54,56,48,56,44,26,22,12,F,2011
E01008727,Sunderland 002C,818,27,34,30,36,40,50,35,51,68,76,62,59,45,48,46,45,32,22,12,F,2011
E01008728,Sunderland 002D,756,24,30,44,56,42,34,38,50,58,79,68,41,60,35,37,29,15,11,5,F,2011
E01008792,Sunderland 002E,681,22,25,25,31,29,18,21,30,44,53,41,48,52,49,52,43,43,35,20,F,2011
E01008698,Sunderland 003A,776,43,31,31,40,49,35,46,45,53,59,47,42,56,35,50,49,36,21,8,F,2011
E01008837,Sunderland 003B,706,57,28,36,35,55,56,34,45,57,65,40,28,34,28,40,28,19,13,8,F,2011
E01008838,Sunderland 003C,851,51,45,47,54,66,65,54,52,72,75,61,34,31,30,33,47,25,7,2,F,2011
E01008839,Sunderland 003D,727,54,38,30,46,63,55,48,41,53,51,60,28,28,28,33,35,19,10,7,F,2011
E01008840,Sunderland 003E,756,40,54,59,49,53,55,58,41,58,51,53,36,28,27,28,34,22,10,0,F,2011
E01008841,Sunderland 003F,644,47,32,31,50,47,45,31,37,51,49,36,35,25,38,32,30,22,5,1,F,2011
E01008712,Sunderland 004A,861,51,24,51,53,57,47,40,72,65,68,59,44,44,44,54,34,30,15,9,F,2011
E01008817,Sunderland 004B,634,40,48,49,40,45,44,39,31,42,52,47,31,36,23,18,20,14,5,10,F,2011
E01008819,Sunderland 004C,748,35,35,38,43,51,54,46,45,46,56,52,39,33,47,41,34,23,24,6,F,2011
E01008821,Sunderland 004D,768,44,47,56,48,50,35,37,50,48,53,37,37,45,41,41,30,32,20,17,F,2011
E01008822,Sunderland 004E,852,56,43,46,58,71,66,45,64,57,62,37,53,43,47,36,23,22,19,4,F,2011
E01008842,Sunderland 004F,736,40,35,39,38,39,46,38,44,50,63,69,72,44,34,28,22,14,13,8,F,2011
E01008708,Sunderland 005A,766,32,36,33,27,45,38,38,36,54,68,59,50,45,41,42,42,42,23,15,F,2011
E01008709,Sunderland 005B,742,53,35,39,55,62,50,45,52,63,53,42,44,49,26,24,30,9,5,6,F,2011
E01008711,Sunderland 005D,761,49,40,28,33,57,47,45,42,46,58,61,57,54,35,27,33,23,16,10,F,2011
E01008820,Sunderland 005F,580,39,21,20,26,45,43,36,40,24,41,50,42,47,35,18,26,15,8,4,F,2011
E01033075,Sunderland 005G,1064,62,73,47,52,83,77,72,51,56,77,73,66,74,55,43,40,21,25,17,F,2011
E01008786,Sunderland 006A,749,41,44,27,31,42,31,37,48,71,50,50,40,50,52,44,44,23,15,9,F,2011
E01008787,Sunderland 006B,800,43,23,32,40,89,66,40,55,63,59,58,44,54,49,25,20,21,8,11,F,2011
E01008788,Sunderland 006C,774,33,33,25,33,41,51,61,59,45,57,47,52,58,41,43,56,21,15,3,F,2011
E01008789,Sunderland 006D,686,34,33,32,31,36,52,35,43,56,55,60,42,54,30,32,27,22,8,4,F,2011
E01008790,Sunderland 006E,753,31,33,39,55,52,37,39,48,62,69,59,50,42,32,36,31,22,11,5,F,2011
E01008791,Sunderland 006F,835,31,20,28,50,114,48,38,43,43,52,54,61,45,46,50,46,42,17,7,F,2011
E01008855,Sunderland 007A,724,40,52,41,50,55,39,53,62,69,66,50,46,49,23,13,5,8,1,2,F,2011
E01008856,Sunderland 007B,711,25,22,19,37,26,31,31,39,46,58,52,66,71,71,56,30,14,15,2,F,2011
E01008876,Sunderland 007C,753,22,34,31,43,41,27,34,48,44,59,59,72,89,49,33,26,13,14,15,F,2011
E01008877,Sunderland 007D,748,30,37,36,41,31,40,50,53,55,59,50,54,42,46,50,31,21,14,8,F,2011
E01008693,Sunderland 008A,636,18,24,39,52,26,39,26,35,52,48,56,52,40,24,29,30,25,15,6,F,2011
E01008694,Sunderland 008B,758,49,46,46,42,46,59,45,50,60,46,47,41,38,34,27,27,30,25,0,F,2011
E01008695,Sunderland 008C,794,57,48,47,38,60,63,48,64,62,48,56,44,41,29,25,27,22,9,6,F,2011
E01008696,Sunderland 008D,639,28,36,44,54,35,29,29,49,67,69,64,35,34,19,17,9,11,4,6,F,2011
E01008697,Sunderland 008E,708,25,38,37,30,31,42,29,32,46,41,50,41,48,55,45,43,43,18,14,F,2011
E01008699,Sunderland 008F,748,45,33,47,42,50,60,42,47,57,52,47,45,49,36,39,21,21,13,2,F,2011
E01008853,Sunderland 009A,729,52,49,35,36,62,54,48,44,56,43,48,42,49,38,21,20,19,12,1,F,2011
E01008854,Sunderland 009B,743,41,25,40,50,64,61,49,47,60,45,55,44,31,26,20,17,26,23,19,F,2011
E01008857,Sunderland 009C,730,47,40,46,38,46,55,44,38,48,41,47,59,38,18,29,32,32,22,10,F,2011
E01008858,Sunderland 009D,768,73,56,36,56,59,64,69,41,49,44,33,44,34,21,27,30,18,7,7,F,2011
E01008859,Sunderland 009E,736,65,66,48,50,55,62,59,50,47,45,46,53,39,22,14,9,4,1,1,F,2011
E01008860,Sunderland 009F,727,42,28,41,48,52,54,44,40,58,47,45,54,55,36,35,24,11,10,3,F,2011
E01008878,Sunderland 009G,834,47,48,62,50,40,53,47,50,60,58,53,54,48,43,47,38,21,12,3,F,2011
E01008873,Sunderland 010A,660,17,38,37,31,37,17,46,49,54,47,47,50,80,50,24,20,11,3,2,F,2011
E01008874,Sunderland 010B,950,60,71,67,80,59,67,68,62,78,59,60,56,65,32,34,9,13,6,4,F,2011
E01008875,Sunderland 010C,806,55,31,43,50,40,58,72,91,58,51,51,62,56,30,23,14,10,8,3,F,2011
E01008879,Sunderland 010D,737,32,29,46,39,43,55,40,44,52,53,62,59,46,42,37,24,16,14,4,F,2011
E01008880,Sunderland 010E,588,26,30,28,30,33,39,25,36,35,43,49,59,58,34,28,12,9,8,6,F,2011
E01008701,Sunderland 011A,932,57,48,39,148,133,59,46,64,65,50,60,48,36,20,25,16,12,3,3,F,2011
E01008704,Sunderland 011B,784,51,40,49,48,65,62,49,56,66,60,51,47,32,25,31,20,19,8,5,F,2011
E01008706,Sunderland 011C,815,70,43,44,45,90,60,57,66,50,44,39,36,37,19,30,25,27,16,17,F,2011
E01008707,Sunderland 011D,817,53,40,31,60,211,63,44,42,54,48,44,27,23,20,15,22,8,7,5,F,2011
E01008756,Sunderland 012A,802,30,36,45,44,64,35,38,44,55,75,56,48,52,37,37,41,35,22,8,F,2011
E01008762,Sunderland 012B,833,57,51,52,61,66,38,49,64,63,57,59,46,52,32,27,29,18,10,2,F,2011
E01008812,Sunderland 012C,951,77,62,46,57,66,95,69,72,63,81,47,43,55,37,26,29,12,9,5,F,2011
E01033076,Sunderland 012F,802,55,34,50,60,64,64,44,35,57,70,60,46,49,36,30,24,15,5,4,F,2011
E01008700,Sunderland 013A,642,38,29,23,74,78,45,34,36,46,32,39,36,36,16,23,24,15,12,6,F,2011
E01008703,Sunderland 013B,944,14,9,12,99,305,87,42,34,27,43,41,41,43,33,38,45,15,12,4,F,2011
E01008705,Sunderland 013C,559,28,19,35,26,94,39,46,30,26,37,38,36,31,25,18,13,6,4,8,F,2011
E01008831,Sunderland 013D,947,65,32,24,58,249,99,70,41,49,32,32,25,35,22,44,25,28,8,9,F,2011
E01008834,Sunderland 013E,809,29,16,35,51,193,78,64,37,72,62,41,29,27,19,10,20,19,5,2,F,2011
E01008810,Sunderland 014A,830,55,34,47,45,53,64,66,63,52,52,62,44,44,37,41,37,21,11,2,F,2011
E01008811,Sunderland 014B,843,36,40,40,41,53,47,53,66,63,58,69,41,55,44,47,45,24,13,8,F,2011
E01008813,Sunderland 014C,828,44,39,45,49,53,41,48,38,57,64,56,38,52,43,40,45,32,24,20,F,2011
E01008814,Sunderland 014D,800,45,37,34,44,35,66,46,45,70,61,57,56,49,53,40,30,12,15,5,F,2011
E01008757,Sunderland 015A,767,40,40,31,49,60,46,44,59,52,48,52,50,40,48,40,37,16,8,7,F,2011
E01008758,Sunderland 015B,752,26,30,39,58,38,35,26,42,57,52,70,55,53,40,48,31,28,18,6,F,2011
E01008759,Sunderland 015C,741,34,20,31,37,53,42,37,48,49,39,55,53,55,39,52,38,35,15,9,F,2011
E01008761,Sunderland 015D,765,24,27,43,31,22,28,37,34,51,64,57,38,61,51,43,44,43,26,41,F,2011
E01008702,Sunderland 016A,577,40,38,35,29,46,39,28,24,35,46,32,43,47,24,30,24,11,5,1,F,2011
E01008735,Sunderland 016B,978,64,60,40,50,107,95,56,49,58,44,57,46,34,50,29,47,40,32,20,F,2011
E01008736,Sunderland 016C,619,48,26,34,53,54,46,41,36,46,48,59,21,29,26,21,14,11,6,0,F,2011
E01008737,Sunderland 016D,681,47,41,36,36,44,56,50,36,56,53,59,39,50,15,14,15,19,12,3,F,2011
E01008738,Sunderland 016E,639,43,37,28,27,73,46,47,34,54,46,45,55,28,24,16,19,11,5,1,F,2011
E01008836,Sunderland 016F,666,43,38,34,64,61,43,32,41,35,45,46,38,37,30,32,19,14,12,2,F,2011
E01008845,Sunderland 017A,689,20,20,35,33,30,26,37,53,52,44,43,54,88,62,46,18,22,6,0,F,2011
E01008846,Sunderland 017B,654,47,45,45,52,39,42,36,49,42,47,41,36,25,24,20,18,18,19,9,F,2011
E01008847,Sunderland 017C,707,62,43,55,58,43,43,54,41,72,31,38,53,51,30,15,7,10,1,0,F,2011
E01008850,Sunderland 017D,879,40,54,44,77,52,41,48,66,86,86,86,58,51,30,32,13,8,5,2,F,2011
E01008851,Sunderland 017E,839,46,39,50,54,38,46,61,61,55,62,77,54,45,32,40,26,38,12,3,F,2011
E01008760,Sunderland 018A,762,26,33,43,44,45,51,55,47,66,62,50,57,46,42,22,31,19,19,4,F,2011
E01008830,Sunderland 018B,729,50,52,48,49,134,53,61,64,36,31,23,22,28,18,17,23,13,5,2,F,2011
E01008832,Sunderland 018C,826,67,55,39,60,68,65,63,61,55,44,38,47,36,34,31,34,15,12,2,F,2011
E01008833,Sunderland 018D,744,45,30,25,42,46,38,41,50,49,46,59,52,50,31,36,47,31,15,11,F,2011
E01008843,Sunderland 019A,634,30,26,28,36,33,24,46,25,49,47,60,45,67,44,26,20,22,4,2,F,2011
E01008844,Sunderland 019B,744,35,25,20,39,38,32,43,45,42,45,41,48,74,61,47,44,40,16,9,F,2011
E01008848,Sunderland 019C,679,19,20,23,25,26,19,27,37,33,47,50,64,95,57,50,37,28,15,7,F,2011
E01008849,Sunderland 019D,680,45,48,60,51,36,45,50,55,40,65,42,46,37,20,14,10,6,6,4,F,2011
E01008852,Sunderland 019E,628,36,16,21,37,31,31,49,39,41,49,54,84,51,39,20,12,11,6,1,F,2011
E01008867,Sunderland 020A,791,61,60,37,54,68,84,79,64,44,57,52,48,37,20,14,6,5,0,1,F,2011
E01008868,Sunderland 020B,613,26,21,23,42,37,32,30,41,43,56,50,66,73,32,18,9,7,6,1,F,2011
E01008869,Sunderland 020C,678,35,43,46,26,32,37,48,48,48,36,52,67,66,41,23,12,12,4,2,F,2011
E01008870,Sunderland 020D,707,29,43,42,34,30,47,44,52,52,64,62,69,53,31,20,11,13,8,3,F,2011
E01008871,Sunderland 020E,776,32,45,51,48,52,47,50,52,52,63,67,61,51,36,30,17,12,6,4,F,2011
E01008872,Sunderland 020F,753,18,21,36,40,39,36,50,38,69,53,64,78,81,39,25,24,27,11,4,F,2011
E01008729,Sunderland 021A,584,40,35,36,43,46,49,44,33,43,47,39,24,34,16,15,9,21,9,1,F,2011
E01008730,Sunderland 021B,894,62,45,52,85,75,64,55,46,66,82,57,41,44,27,34,23,18,14,4,F,2011
E01008731,Sunderland 021C,667,41,46,38,36,44,50,45,37,47,38,49,35,52,26,27,24,11,14,7,F,2011
E01008732,Sunderland 021D,1120,70,61,67,66,68,71,78,99,113,79,56,39,54,40,35,44,44,27,9,F,2011
E01008733,Sunderland 021E,852,34,35,33,59,67,57,47,48,65,52,58,49,53,48,38,35,39,25,10,F,2011
E01008734,Sunderland 021F,717,21,22,22,31,23,22,18,31,50,46,51,51,88,86,52,52,25,16,10,F,2011
E01008740,Sunderland 022A,735,22,18,28,41,47,24,39,29,45,57,60,55,64,41,44,35,38,27,21,F,2011
E01008781,Sunderland 022B,783,31,25,44,50,55,26,41,30,57,80,71,50,59,36,35,45,30,13,5,F,2011
E01008782,Sunderland 022C,747,28,29,33,44,31,23,24,31,54,69,54,44,60,56,60,53,39,14,1,F,2011
E01008783,Sunderland 022D,716,23,31,27,25,42,22,29,37,46,56,64,62,58,46,47,47,37,14,3,F,2011
E01008784,Sunderland 022E,801,24,28,49,53,39,27,24,44,66,59,63,68,63,40,38,48,41,19,8,F,2011
E01008785,Sunderland 022F,750,14,27,30,35,36,20,22,36,42,51,69,52,91,68,50,51,31,16,9,F,2011
E01008835,Sunderland 022G,758,32,34,41,51,72,62,43,55,61,52,52,50,39,21,20,26,22,16,9,F,2011
E01008823,Sunderland 023A,730,38,38,28,57,56,50,32,37,57,50,49,33,64,40,47,29,9,11,5,F,2011
E01008824,Sunderland 023B,786,54,58,68,64,60,59,55,58,75,51,49,24,32,21,20,23,7,5,3,F,2011
E01008825,Sunderland 023C,778,38,34,46,45,38,39,44,57,59,60,43,31,56,52,44,43,25,19,5,F,2011
E01008826,Sunderland 023D,776,46,43,45,53,45,54,44,45,56,65,48,42,46,37,33,26,30,12,6,F,2011
E01008827,Sunderland 023E,657,37,39,42,51,50,43,43,45,61,40,50,32,34,18,23,22,9,11,7,F,2011
E01008828,Sunderland 023F,854,63,48,55,60,68,68,53,59,64,71,43,30,50,38,32,21,17,8,6,F,2011
E01008829,Sunderland 023G,701,42,41,39,43,43,57,45,43,61,53,38,34,24,39,26,22,32,12,7,F,2011
E01008739,Sunderland 024A,828,57,69,53,50,47,34,54,53,73,65,56,59,47,39,23,24,14,8,3,F,2011
E01008741,Sunderland 024B,732,31,30,48,34,41,41,48,35,63,68,60,46,48,33,36,33,19,10,8,F,2011
E01008779,Sunderland 024C,772,40,45,33,32,48,52,50,39,54,48,52,45,45,36,50,44,32,17,10,F,2011
E01008780,Sunderland 024D,964,46,54,48,68,72,60,56,72,74,75,68,52,49,40,41,39,25,17,8,F,2011
E01008799,Sunderland 025A,843,53,37,55,59,50,30,60,66,69,86,77,60,60,24,23,11,9,9,5,F,2011
E01008861,Sunderland 025B,777,40,42,37,46,42,48,45,40,52,55,51,74,56,52,36,34,15,10,2,F,2011
E01008862,Sunderland 025C,721,25,26,34,49,36,30,22,37,44,59,87,90,78,48,21,19,11,4,1,F,2011
E01008863,Sunderland 025D,817,36,42,37,42,37,27,36,60,57,80,83,64,82,59,33,24,14,3,1,F,2011
E01008864,Sunderland 025E,648,23,26,21,34,42,21,26,30,25,51,74,76,82,50,30,22,9,4,2,F,2011
E01008865,Sunderland 025F,711,38,40,30,31,34,45,42,41,40,47,50,41,66,48,44,34,24,11,5,F,2011
E01008866,Sunderland 025G,745,37,43,49,44,41,54,52,58,54,52,50,58,51,31,30,17,13,8,3,F,2011
E01008773,Sunderland 026A,748,55,36,30,42,69,70,52,40,57,59,34,36,51,28,27,27,22,10,3,F,2011
E01008776,Sunderland 026B,687,30,34,48,65,39,36,33,55,46,48,56,39,28,20,21,34,25,19,11,F,2011
E01008777,Sunderland 026C,721,17,10,14,20,19,30,21,33,33,22,49,70,74,63,62,58,69,36,21,F,2011
E01008778,Sunderland 026D,750,50,40,42,49,49,51,37,45,57,47,49,35,46,35,33,33,34,16,2,F,2011
E01008809,Sunderland 026E,823,45,37,33,41,38,42,43,54,69,67,49,62,74,45,49,28,25,12,10,F,2011
E01008803,Sunderland 027A,751,46,30,50,34,47,39,48,44,44,45,51,53,47,43,44,30,29,21,6,F,2011
E01008804,Sunderland 027B,854,32,41,62,49,51,33,39,46,74,62,64,52,44,43,32,48,50,19,13,F,2011
E01008805,Sunderland 027C,736,38,29,41,39,57,52,44,42,65,51,53,56,43,27,23,34,18,19,5,F,2011
E01033077,Sunderland 027F,927,44,46,53,66,64,42,51,52,82,71,72,55,51,53,38,45,31,4,7,F,2011
E01008763,Sunderland 028A,796,49,41,66,47,51,43,46,46,60,70,67,43,33,26,36,37,27,5,3,F,2011
E01008764,Sunderland 028B,774,32,27,40,56,55,37,49,34,53,66,67,55,45,44,45,37,12,15,5,F,2011
E01008766,Sunderland 028C,1169,64,70,84,89,62,67,73,95,106,108,73,46,32,44,45,40,44,19,8,F,2011
E01008768,Sunderland 028D,730,41,34,36,49,38,46,35,51,61,64,46,46,43,34,34,41,17,7,7,F,2011
E01008769,Sunderland 028E,920,57,53,54,50,58,76,70,54,76,59,51,49,56,42,37,23,31,20,4,F,2011
E01008772,Sunderland 029A,699,27,30,35,39,33,14,22,37,47,60,65,55,55,46,46,28,31,19,10,F,2011
E01008774,Sunderland 029B,684,28,26,34,40,32,27,21,31,55,46,45,38,48,49,63,48,33,10,10,F,2011
E01008775,Sunderland 029C,717,20,28,36,35,21,22,29,25,52,54,66,56,73,69,47,37,32,9,6,F,2011
E01008802,Sunderland 029D,741,25,21,42,33,34,30,31,37,47,57,52,51,75,60,51,43,24,15,13,F,2011
E01008808,Sunderland 029E,722,33,21,34,42,57,41,47,44,44,73,77,59,67,36,23,10,11,3,0,F,2011
E01008793,Sunderland 030A,914,75,63,41,37,54,76,55,52,51,48,51,60,64,46,35,38,25,26,17,F,2011
E01008795,Sunderland 030B,897,42,53,62,50,50,45,43,76,91,90,74,48,46,37,30,23,22,12,3,F,2011
E01008797,Sunderland 030C,1008,49,56,52,66,42,33,42,83,86,77,66,56,76,50,76,58,25,12,3,F,2011
E01008800,Sunderland 030D,726,54,45,46,47,42,64,54,49,53,59,45,34,43,18,20,17,16,13,7,F,2011
E01008801,Sunderland 030E,801,35,42,45,41,33,49,39,48,77,73,65,60,65,37,40,21,19,9,3,F,2011
E01008765,Sunderland 031A,796,44,43,50,51,32,40,39,44,76,90,55,70,52,36,33,26,9,5,1,F,2011
E01008767,Sunderland 031B,791,30,31,43,52,51,43,45,48,60,63,71,43,47,29,42,41,28,19,5,F,2011
E01008770,Sunderland 031C,719,26,38,36,49,38,33,37,44,62,78,74,57,46,33,25,15,15,7,6,F,2011
E01008771,Sunderland 031D,773,46,40,44,44,40,35,55,46,61,65,74,37,54,31,44,28,14,12,3,F,2011
E01008720,Sunderland 032A,706,39,37,35,40,43,41,44,47,39,52,52,47,41,51,36,27,23,10,2,F,2011
E01008721,Sunderland 032B,819,47,50,44,58,41,37,52,58,83,77,60,41,57,29,21,25,16,13,10,F,2011
E01008796,Sunderland 032D,823,33,39,49,60,54,49,33,56,77,78,66,49,40,26,17,29,24,24,20,F,2011
E01032483,Sunderland 032F,863,50,35,43,71,52,43,57,49,75,58,75,82,46,42,29,23,16,13,4,F,2011
E01032484,Sunderland 032G,654,24,26,27,39,30,31,38,40,54,65,47,45,59,51,32,22,14,8,2,F,2011
E01008750,Sunderland 033A,963,43,49,48,61,58,48,60,75,87,74,74,62,63,45,39,34,22,14,7,F,2011
E01008751,Sunderland 033B,533,11,22,28,23,38,32,37,26,55,39,44,30,36,23,29,28,20,9,3,F,2011
E01008752,Sunderland 033C,851,80,56,50,55,53,63,53,59,53,55,50,62,30,35,28,29,21,14,5,F,2011
E01008753,Sunderland 033D,624,38,19,37,30,34,45,40,41,37,53,35,46,35,34,19,27,35,17,2,F,2011
E01008755,Sunderland 033E,706,40,48,28,36,31,48,53,49,52,47,58,38,57,42,23,22,15,12,7,F,2011
E01008714,Sunderland 034A,694,59,36,47,58,55,54,48,43,45,41,43,26,29,27,29,23,23,6,2,F,2011
E01008715,Sunderland 034B,652,34,26,35,44,35,43,44,45,46,66,46,25,23,30,46,32,18,9,5,F,2011
E01008716,Sunderland 034C,684,19,27,26,36,35,21,27,42,43,50,52,59,67,61,46,35,22,13,3,F,2011
E01008717,Sunderland 034D,865,56,52,58,43,49,62,54,46,55,68,64,62,61,35,27,27,21,18,7,F,2011
E01008749,Sunderland 034E,724,16,19,34,41,35,20,25,29,48,53,56,62,73,65,59,45,26,17,1,F,2011
E01008754,Sunderland 034F,763,46,29,28,43,48,41,40,46,34,57,42,29,61,35,50,51,39,26,18,F,2011
E01008718,Sunderland 035A,692,20,26,33,48,26,30,26,39,54,57,51,64,57,50,42,28,22,9,10,F,2011
E01008719,Sunderland 035B,641,36,19,34,35,50,36,41,36,39,42,41,30,34,39,39,33,26,22,9,F,2011
E01008742,Sunderland 035C,871,51,44,39,61,54,66,50,47,57,66,71,46,57,50,22,46,23,11,10,F,2011
E01008747,Sunderland 035D,755,43,31,26,36,36,36,38,36,53,55,63,62,58,53,51,37,18,14,9,F,2011
E01008748,Sunderland 035E,686,17,20,29,32,25,17,21,36,45,46,54,51,76,67,69,42,20,13,6,F,2011
E01008743,Sunderland 036A,889,60,61,55,58,54,53,58,46,63,62,61,45,52,54,26,31,24,20,6,F,2011
E01008744,Sunderland 036B,814,39,40,54,54,41,52,61,42,71,55,52,52,59,46,21,24,21,21,9,F,2011
E01008745,Sunderland 036C,845,36,39,36,39,41,52,46,49,60,54,59,63,82,66,62,20,24,10,7,F,2011
E01008746,Sunderland 036D,855,59,40,61,51,64,67,53,50,62,58,53,50,56,38,32,23,21,14,3,F,2011
E06000008,,74035,5554,5161,4973,4939,4881,5572,4885,4958,5309,4953,4414,3986,3876,2919,2386,1995,1616,1047,611,F,2011
E01012607,Blackburn with Darwen 001A,778,41,41,50,48,41,37,43,45,41,53,57,40,63,63,43,35,21,12,4,F,2011
E01012608,Blackburn with Darwen 001B,861,80,60,48,44,77,77,59,53,55,62,40,36,34,32,31,15,28,18,12,F,2011
E01012633,Blackburn with Darwen 001C,821,53,32,42,34,58,47,48,48,66,63,43,55,57,32,40,47,29,18,9,F,2011
E01012634,Blackburn with Darwen 001D,688,52,44,33,49,44,40,64,32,45,60,43,37,38,33,19,21,24,5,5,F,2011
E01012635,Blackburn with Darwen 001E,817,67,60,59,48,39,58,64,55,54,56,41,39,49,35,33,28,17,9,6,F,2011
E01012636,Blackburn with Darwen 001F,772,28,25,40,41,33,39,33,33,57,53,52,47,70,51,39,43,43,35,10,F,2011
E01012581,Blackburn with Darwen 002A,616,40,39,25,26,24,32,40,24,50,41,36,53,48,37,22,20,37,18,4,F,2011
E01012582,Blackburn with Darwen 002B,831,44,57,67,63,57,53,54,38,54,65,58,65,55,29,22,17,18,10,5,F,2011
E01012583,Blackburn with Darwen 002C,839,48,45,49,49,34,39,44,56,46,62,47,60,70,51,50,37,23,24,5,F,2011
E01012587,Blackburn with Darwen 002D,998,89,75,69,55,75,88,79,58,67,54,62,44,40,35,28,27,19,19,15,F,2011
E01012588,Blackburn with Darwen 002E,1076,100,129,87,96,77,104,92,91,63,50,38,34,25,26,14,12,17,15,6,F,2011
E01012574,Blackburn with Darwen 003A,720,55,60,52,50,40,42,62,49,44,33,34,41,38,35,24,20,23,11,7,F,2011
E01012577,Blackburn with Darwen 003B,964,112,103,93,79,79,76,98,70,63,38,49,34,22,10,11,16,7,3,1,F,2011
E01012578,Blackburn with Darwen 003C,1001,103,97,110,73,83,96,95,69,63,55,48,38,24,15,15,12,1,2,2,F,2011
E01012605,Blackburn with Darwen 003D,954,88,84,92,76,76,80,84,74,62,44,33,35,34,18,20,16,18,10,10,F,2011
E01012606,Blackburn with Darwen 003E,826,112,75,75,59,61,68,62,68,52,35,39,42,23,12,17,9,7,7,3,F,2011
E01012579,Blackburn with Darwen 004A,842,76,60,78,73,75,69,67,57,52,37,56,38,25,12,14,22,16,12,3,F,2011
E01012580,Blackburn with Darwen 004B,1056,105,90,89,81,91,118,93,74,60,41,61,71,32,20,12,13,5,0,0,F,2011
E01012642,Blackburn with Darwen 004C,871,78,80,72,70,71,84,58,72,46,37,32,41,34,18,18,11,21,13,15,F,2011
E01012645,Blackburn with Darwen 004D,1036,101,96,93,61,67,71,89,88,60,48,51,42,33,21,26,21,19,33,16,F,2011
E01012585,Blackburn with Darwen 005A,831,63,59,51,57,56,64,59,42,53,28,41,42,31,26,30,34,28,24,43,F,2011
E01012586,Blackburn with Darwen 005B,763,65,80,54,51,74,82,55,43,44,40,37,34,24,11,14,8,15,19,13,F,2011
E01012656,Blackburn with Darwen 005C,799,90,68,51,49,69,90,70,53,40,41,42,40,24,18,22,16,8,5,3,F,2011
E01012657,Blackburn with Darwen 005D,972,127,85,69,62,68,125,75,64,55,43,44,49,26,22,18,15,12,10,3,F,2011
E01012658,Blackburn with Darwen 005E,909,88,59,42,57,61,82,58,61,65,63,52,38,48,46,24,22,17,17,9,F,2011
E01012629,Blackburn with Darwen 006A,546,59,41,31,33,50,69,52,42,33,32,28,25,19,12,11,3,3,2,1,F,2011
E01012631,Blackburn with Darwen 006B,635,59,54,43,38,34,55,53,40,44,33,31,23,32,29,26,15,14,10,2,F,2011
E01012643,Blackburn with Darwen 006C,829,83,66,64,56,48,58,71,67,46,31,37,55,32,25,23,19,20,18,10,F,2011
E01012644,Blackburn with Darwen 006D,1221,92,103,92,105,118,136,90,91,65,52,63,93,40,16,35,17,8,4,1,F,2011
E01012655,Blackburn with Darwen 006E,786,52,64,43,54,58,70,49,56,39,46,31,41,30,33,32,37,25,18,8,F,2011
E01012571,Blackburn with Darwen 007A,724,93,69,65,56,59,71,57,47,45,37,28,17,21,20,11,11,6,5,6,F,2011
E01012572,Blackburn with Darwen 007B,765,63,71,60,72,53,49,51,66,53,43,36,36,32,29,16,19,9,4,3,F,2011
E01012573,Blackburn with Darwen 007C,874,89,87,71,71,81,77,82,55,52,48,44,32,24,20,17,17,3,3,1,F,2011
E01012575,Blackburn with Darwen 007D,662,53,56,48,44,43,48,49,27,56,33,30,38,39,24,30,19,12,9,4,F,2011
E01012630,Blackburn with Darwen 007E,1102,100,110,114,105,88,116,91,90,68,56,48,33,24,14,19,12,11,1,2,F,2011
E01012576,Blackburn with Darwen 008A,742,63,67,46,54,53,65,50,35,47,42,33,30,24,26,34,23,23,13,14,F,2011
E01012637,Blackburn with Darwen 008B,823,74,64,62,70,55,65,44,54,68,48,40,49,33,28,25,19,13,9,3,F,2011
E01012638,Blackburn with Darwen 008C,816,76,50,63,56,59,62,47,55,70,56,50,38,44,23,23,19,14,7,4,F,2011
E01012639,Blackburn with Darwen 008D,898,82,78,60,74,71,73,62,50,58,66,51,39,33,25,24,23,15,8,6,F,2011
E01012640,Blackburn with Darwen 008E,866,88,54,65,47,58,78,48,60,54,55,50,48,43,37,30,22,14,10,5,F,2011
E01012641,Blackburn with Darwen 008F,901,111,79,68,76,57,81,82,54,48,53,44,33,28,21,23,13,16,7,7,F,2011
E01012595,Blackburn with Darwen 009A,984,76,63,67,63,86,101,72,75,61,44,57,32,43,35,28,19,30,23,9,F,2011
E01012596,Blackburn with Darwen 009B,925,96,59,46,54,95,96,58,57,72,65,62,41,38,16,23,27,10,7,3,F,2011
E01012622,Blackburn with Darwen 009C,815,102,63,38,47,77,83,55,39,55,44,32,34,37,29,28,18,18,12,4,F,2011
E01012623,Blackburn with Darwen 009D,758,55,48,49,41,49,61,59,53,49,61,49,39,41,23,21,26,21,10,3,F,2011
E01012624,Blackburn with Darwen 009E,769,56,48,44,61,49,49,52,61,57,54,52,28,53,27,32,19,15,9,3,F,2011
E01012625,Blackburn with Darwen 009F,815,64,38,43,50,55,86,66,51,62,53,43,38,46,33,29,19,16,11,12,F,2011
E01012584,Blackburn with Darwen 010A,735,49,39,48,46,41,32,44,42,51,60,56,43,50,38,28,19,23,17,9,F,2011
E01012609,Blackburn with Darwen 010B,798,28,37,47,52,37,21,27,35,62,77,68,47,61,58,52,35,37,12,5,F,2011
E01012610,Blackburn with Darwen 010C,653,30,27,60,49,31,17,24,47,61,53,56,50,34,37,22,21,18,13,3,F,2011
E01012611,Blackburn with Darwen 010D,538,18,23,28,33,21,19,22,37,35,46,45,34,46,38,36,18,28,9,2,F,2011
E01012612,Blackburn with Darwen 010E,717,29,20,37,31,20,23,28,40,57,38,49,49,75,74,48,39,31,18,11,F,2011
E01012613,Blackburn with Darwen 010F,666,20,26,35,41,34,25,21,32,61,60,54,43,38,48,26,37,30,22,13,F,2011
E01012600,Blackburn with Darwen 011A,726,45,37,46,36,40,41,34,43,50,47,50,39,38,47,43,34,25,19,12,F,2011
E01012601,Blackburn with Darwen 011B,786,59,65,58,60,66,67,44,38,61,58,41,38,47,34,13,10,10,12,5,F,2011
E01012602,Blackburn with Darwen 011C,820,59,45,56,36,41,73,73,76,86,80,44,49,48,22,15,6,7,3,1,F,2011
E01012603,Blackburn with Darwen 011D,808,69,63,59,58,65,71,50,57,67,57,45,40,40,21,18,15,4,5,4,F,2011
E01012604,Blackburn with Darwen 011E,912,65,91,72,58,58,71,57,91,60,69,57,38,34,24,17,13,18,11,8,F,2011
E01012632,Blackburn with Darwen 011F,1052,78,88,67,76,74,91,67,93,75,63,55,57,50,21,20,38,24,11,4,F,2011
E01012594,Blackburn with Darwen 012A,780,56,57,66,65,35,59,48,54,59,48,42,48,38,42,23,17,12,9,2,F,2011
E01012618,Blackburn with Darwen 012B,754,30,23,44,40,32,36,27,47,62,62,47,54,51,40,38,45,35,22,19,F,2011
E01012619,Blackburn with Darwen 012C,709,43,43,63,60,47,47,38,33,51,59,45,36,45,30,15,18,22,12,2,F,2011
E01012620,Blackburn with Darwen 012D,708,25,30,23,24,44,29,27,28,44,41,49,77,78,60,42,36,31,15,5,F,2011
E01012621,Blackburn with Darwen 012E,782,48,54,44,64,52,63,48,53,67,65,68,45,33,20,22,18,8,10,0,F,2011
E01012593,Blackburn with Darwen 013A,891,55,61,58,51,48,62,61,76,81,66,48,49,50,53,29,23,11,9,0,F,2011
E01012597,Blackburn with Darwen 013B,863,43,51,55,59,48,62,38,74,80,88,71,55,53,28,19,18,10,5,6,F,2011
E01012598,Blackburn with Darwen 013C,1481,97,130,121,107,59,70,121,188,186,135,89,56,41,25,22,15,11,5,3,F,2011
E01012599,Blackburn with Darwen 013D,575,36,22,32,28,26,26,48,48,46,46,39,27,41,32,21,25,18,7,7,F,2011
E01012589,Blackburn with Darwen 014A,737,54,34,27,48,72,70,39,38,53,53,37,38,40,31,31,23,23,15,11,F,2011
E01012590,Blackburn with Darwen 014B,724,47,54,40,35,29,57,42,42,49,52,36,34,45,41,27,26,34,24,10,F,2011
E01012591,Blackburn with Darwen 014C,813,41,56,38,55,37,49,30,38,73,49,68,41,57,46,45,31,26,19,14,F,2011
E01012648,Blackburn with Darwen 014D,588,53,41,33,37,39,56,35,42,46,31,42,27,31,27,18,16,8,4,2,F,2011
E01012652,Blackburn with Darwen 014E,783,18,36,35,49,54,29,29,37,56,77,59,54,67,49,46,27,39,17,5,F,2011
E01012617,Blackburn with Darwen 015A,722,47,56,37,46,60,51,40,52,47,60,54,57,38,29,18,19,7,4,0,F,2011
E01012646,Blackburn with Darwen 015B,855,51,60,63,63,62,70,57,57,61,48,34,41,42,37,27,28,21,19,14,F,2011
E01012647,Blackburn with Darwen 015C,688,33,33,37,56,47,60,36,31,43,51,46,34,39,46,31,33,21,9,2,F,2011
E01012650,Blackburn with Darwen 015D,697,55,56,45,36,54,54,54,53,38,48,41,36,28,22,24,17,15,10,11,F,2011
E01012649,Blackburn with Darwen 016A,749,40,44,51,50,47,51,45,45,53,55,49,35,41,28,29,16,23,18,29,F,2011
E01012651,Blackburn with Darwen 016B,866,45,65,71,46,64,66,56,60,69,56,54,47,45,28,34,23,21,11,5,F,2011
E01012653,Blackburn with Darwen 016C,651,43,32,42,52,39,47,41,39,60,50,45,41,28,30,25,13,13,7,4,F,2011
E01012654,Blackburn with Darwen 016D,799,66,50,33,64,58,77,63,61,32,63,59,44,46,31,19,20,6,5,2,F,2011
E01012614,Blackburn with Darwen 017A,863,44,48,52,59,48,40,56,65,91,70,67,48,65,43,24,23,12,6,2,F,2011
E01012615,Blackburn with Darwen 017B,763,39,28,31,48,43,50,36,37,49,46,53,51,70,45,44,43,26,17,7,F,2011
E01012616,Blackburn with Darwen 017C,886,53,49,52,57,43,52,51,68,96,72,59,53,55,41,37,23,12,7,6,F,2011
E01012659,Blackburn with Darwen 017D,729,39,35,50,43,47,46,38,59,60,63,35,49,54,28,23,31,10,10,9,F,2011
E01012660,Blackburn with Darwen 017E,569,19,30,30,29,23,32,22,31,51,61,53,45,54,25,22,20,14,7,1,F,2011
E01012661,Blackburn with Darwen 017F,727,49,38,37,26,45,81,58,55,55,46,40,39,52,32,17,19,21,12,5,F,2011
E01012592,Blackburn with Darwen 018A,976,54,34,43,56,42,41,42,50,73,100,84,93,82,70,42,28,22,11,9,F,2011
E01012628,Blackburn with Darwen 018D,573,18,33,30,30,26,23,16,40,41,71,55,55,59,35,21,12,3,1,4,F,2011
E01032485,Blackburn with Darwen 018E,890,47,41,58,56,37,40,44,40,81,93,87,69,65,47,31,25,13,6,10,F,2011
E01032486,Blackburn with Darwen 018F,736,26,41,47,46,20,15,23,44,71,66,64,44,59,63,36,26,24,13,8,F,2011
E06000009,,72333,4039,3647,3978,4355,4286,4385,3887,4206,5188,5474,4688,4221,4655,3944,3474,2952,2331,1605,1018,F,2011
E01012663,Blackpool 001A,836,54,37,42,42,40,43,32,43,44,54,47,40,65,58,57,58,42,33,5,F,2011
E01012664,Blackpool 001B,906,59,57,43,66,41,59,38,45,70,67,57,51,55,47,45,39,34,17,16,F,2011
E01012665,Blackpool 001C,868,24,20,32,28,24,26,18,43,50,45,44,66,89,94,82,65,60,36,22,F,2011
E01012716,Blackpool 001D,763,38,26,50,43,32,18,37,43,69,56,44,35,47,51,31,50,34,37,22,F,2011
E01012719,Blackpool 001E,773,35,47,53,30,30,44,30,31,45,64,41,36,50,50,50,50,27,32,28,F,2011
E01012662,Blackpool 002A,810,30,20,24,25,23,35,32,33,37,33,54,55,71,77,70,84,40,42,25,F,2011
E01012703,Blackpool 002B,786,37,28,43,35,30,33,32,55,48,53,40,44,64,74,49,44,37,28,12,F,2011
E01012704,Blackpool 002C,997,39,70,53,47,63,60,59,70,67,74,63,64,65,51,48,42,27,22,13,F,2011
E01012706,Blackpool 002D,860,38,52,56,54,38,40,62,67,71,82,58,45,50,36,48,26,21,11,5,F,2011
E01012717,Blackpool 002E,840,28,30,38,51,39,28,19,36,62,74,64,53,72,52,59,65,36,21,13,F,2011
E01012666,Blackpool 003A,731,23,17,32,36,41,37,30,30,49,52,61,47,54,39,44,36,47,33,23,F,2011
E01012667,Blackpool 003B,813,34,44,48,53,33,38,28,46,58,69,37,48,53,53,34,51,34,30,22,F,2011
E01012668,Blackpool 003C,810,22,26,41,44,34,27,41,46,66,59,50,53,45,65,54,42,43,27,25,F,2011
E01012669,Blackpool 003D,904,45,37,37,46,39,61,40,46,47,60,58,60,74,64,52,49,40,30,19,F,2011
E01012718,Blackpool 003E,856,33,22,33,39,30,22,27,31,61,48,47,55,87,76,71,61,49,47,17,F,2011
E01012690,Blackpool 004A,894,53,55,42,56,45,65,62,65,66,55,70,44,69,49,34,23,19,16,6,F,2011
E01012691,Blackpool 004B,988,53,59,65,59,56,66,58,56,79,78,43,55,72,60,35,33,36,19,6,F,2011
E01012692,Blackpool 004C,909,60,42,50,49,49,56,53,56,72,63,60,43,54,54,40,48,29,15,16,F,2011
E01012705,Blackpool 004D,848,50,56,63,40,34,56,49,48,61,64,47,47,62,35,34,39,32,20,11,F,2011
E01012723,Blackpool 004E,767,28,39,40,49,48,45,35,47,68,51,64,47,47,48,31,29,32,16,3,F,2011
E01012693,Blackpool 005A,808,49,28,35,42,49,43,49,37,67,55,38,51,51,56,54,34,38,21,11,F,2011
E01012711,Blackpool 005B,701,39,31,29,58,42,42,33,46,62,66,47,32,44,41,28,27,12,13,9,F,2011
E01012747,Blackpool 005C,784,32,38,37,45,34,25,35,43,69,69,56,50,39,49,53,34,31,24,21,F,2011
E01012750,Blackpool 005D,883,47,54,62,51,54,50,40,54,70,64,62,41,53,50,43,32,32,17,7,F,2011
E01012681,Blackpool 006A,561,28,12,18,52,50,47,36,35,31,62,50,42,33,19,15,13,9,3,6,F,2011
E01012683,Blackpool 006B,618,35,45,40,35,42,45,49,46,51,36,41,30,39,29,21,13,11,8,2,F,2011
E01012748,Blackpool 006C,818,53,37,43,62,52,50,43,43,53,56,58,61,53,40,41,18,29,17,9,F,2011
E01012749,Blackpool 006D,825,35,40,55,62,31,50,36,53,64,58,50,59,70,36,38,24,27,22,15,F,2011
E01012707,Blackpool 007A,634,40,21,28,30,40,38,46,37,47,61,46,32,40,20,45,30,18,7,8,F,2011
E01012720,Blackpool 007B,865,63,66,76,70,57,56,56,59,59,55,46,47,45,28,24,25,20,11,2,F,2011
E01012721,Blackpool 007C,863,55,57,69,55,60,59,58,56,64,62,39,52,62,30,26,24,20,11,4,F,2011
E01012724,Blackpool 007D,613,25,38,47,40,36,32,27,31,51,56,49,47,41,32,25,16,9,8,3,F,2011
E01012678,Blackpool 008A,603,54,37,30,46,47,49,36,22,53,54,42,34,32,17,16,14,9,4,7,F,2011
E01012679,Blackpool 008B,736,73,53,42,56,66,49,45,47,57,55,41,30,31,24,19,20,14,12,2,F,2011
E01012680,Blackpool 008C,824,74,47,54,65,73,54,51,63,60,51,47,44,35,28,26,15,22,10,5,F,2011
E01012682,Blackpool 008D,714,68,28,43,48,54,52,45,33,56,50,40,37,33,41,21,28,22,7,8,F,2011
E01012684,Blackpool 008E,750,57,43,39,33,66,67,49,38,52,50,56,35,37,28,38,19,23,14,6,F,2011
E01012676,Blackpool 009A,736,39,39,38,50,38,49,49,47,54,59,51,49,35,34,35,29,31,6,4,F,2011
E01012677,Blackpool 009B,723,28,28,46,40,50,55,49,36,43,65,51,46,39,36,28,31,26,18,8,F,2011
E01012708,Blackpool 009C,723,40,36,56,43,29,46,52,66,48,49,54,36,39,39,24,29,18,15,4,F,2011
E01012709,Blackpool 009D,874,67,49,57,52,71,80,70,53,68,66,50,35,45,35,24,20,17,9,6,F,2011
E01012710,Blackpool 009E,672,26,37,42,46,32,41,28,32,49,58,36,41,35,32,21,37,24,28,27,F,2011
E01012722,Blackpool 009F,636,30,28,46,28,61,60,47,36,50,59,52,30,30,28,25,13,6,5,2,F,2011
E01012673,Blackpool 010A,623,38,39,29,86,50,44,27,34,46,54,44,27,31,21,13,23,11,3,3,F,2011
E01012675,Blackpool 010B,773,94,70,48,40,60,80,55,45,32,56,43,38,26,29,21,8,12,9,7,F,2011
E01012735,Blackpool 010C,628,32,22,12,31,54,47,33,36,33,43,31,29,27,32,42,36,29,34,25,F,2011
E01012736,Blackpool 010D,631,17,15,19,40,41,31,23,36,45,60,65,71,49,35,25,12,18,11,18,F,2011
E01012737,Blackpool 010E,602,30,19,30,58,73,50,32,38,32,37,38,30,39,22,19,19,17,13,6,F,2011
E01012670,Blackpool 011A,637,51,33,41,44,50,67,47,37,35,51,40,42,23,29,20,12,9,3,3,F,2011
E01012733,Blackpool 011B,487,31,30,30,32,38,36,28,27,42,40,36,25,25,17,21,12,7,9,1,F,2011
E01012734,Blackpool 011C,732,56,29,35,38,56,54,48,46,59,53,49,48,41,34,32,18,19,12,5,F,2011
E01012738,Blackpool 011D,625,40,41,52,48,55,45,41,39,33,39,43,32,37,30,18,12,2,11,7,F,2011
E01012739,Blackpool 011E,707,48,55,44,45,44,57,35,43,57,65,31,36,39,37,27,18,15,7,4,F,2011
E01012742,Blackpool 011F,593,22,31,23,32,48,38,28,41,37,40,41,53,42,28,28,23,29,4,5,F,2011
E01012712,Blackpool 012A,872,46,44,49,63,44,48,52,63,91,66,63,45,59,28,44,28,16,11,12,F,2011
E01012713,Blackpool 012B,1003,65,53,78,61,46,67,59,91,88,74,61,49,53,42,41,32,16,23,4,F,2011
E01012715,Blackpool 012C,817,53,43,51,52,47,54,42,51,56,79,60,47,42,43,32,24,19,10,12,F,2011
E01012740,Blackpool 012D,758,24,30,33,41,49,33,26,37,46,68,65,35,49,43,48,38,45,23,25,F,2011
E01012741,Blackpool 012E,700,23,36,43,35,34,55,36,38,45,46,50,50,42,46,33,38,30,15,5,F,2011
E01012671,Blackpool 013A,653,33,15,30,41,52,50,34,30,38,72,60,67,48,33,20,18,7,3,2,F,2011
E01012672,Blackpool 013B,576,20,16,24,37,43,26,33,35,43,63,68,40,53,27,29,11,2,5,1,F,2011
E01012674,Blackpool 013C,754,45,53,52,67,58,43,48,45,58,62,59,49,32,22,21,18,7,10,5,F,2011
E01012751,Blackpool 013D,648,24,21,30,44,51,51,32,34,51,53,52,50,48,23,23,16,23,15,7,F,2011
E01012686,Blackpool 014A,772,57,60,56,58,58,36,54,46,63,53,44,31,51,28,31,19,10,12,5,F,2011
E01012687,Blackpool 014B,727,41,50,59,54,45,42,45,45,59,52,49,47,40,31,17,23,11,13,4,F,2011
E01012688,Blackpool 014C,664,20,17,20,37,28,34,22,25,49,51,38,48,61,45,51,53,37,20,8,F,2011
E01012689,Blackpool 014D,650,36,26,24,28,38,42,35,33,38,39,56,40,57,34,43,36,21,15,9,F,2011
E01012714,Blackpool 014E,892,45,48,25,43,47,63,58,46,54,71,46,57,67,64,50,39,27,31,11,F,2011
E01012695,Blackpool 015A,709,32,56,40,42,41,51,57,56,60,56,33,37,42,28,24,30,8,13,3,F,2011
E01012743,Blackpool 015B,869,62,49,70,63,65,57,47,56,53,66,55,35,65,29,31,27,22,9,8,F,2011
E01012744,Blackpool 015C,865,62,63,46,50,71,73,45,50,57,63,41,45,55,29,37,31,15,19,13,F,2011
E01012745,Blackpool 015D,830,54,49,37,44,51,59,36,50,59,60,53,55,52,41,50,39,25,12,4,F,2011
E01012746,Blackpool 015E,935,57,56,58,53,76,56,64,53,60,76,47,50,52,49,44,32,26,13,13,F,2011
E01012685,Blackpool 016A,770,86,41,49,43,61,71,56,50,44,60,42,39,39,26,21,14,15,9,4,F,2011
E01012694,Blackpool 016B,712,51,49,43,40,32,52,39,37,44,53,45,32,36,42,38,25,29,15,10,F,2011
E01012696,Blackpool 016C,827,78,45,50,48,56,59,59,64,65,49,45,43,47,28,36,18,24,12,1,F,2011
E01012697,Blackpool 016D,721,30,29,28,44,41,35,26,44,43,54,55,45,55,59,51,37,25,12,8,F,2011
E01012698,Blackpool 016E,779,65,63,43,48,44,55,44,53,56,60,44,57,51,31,29,17,12,4,3,F,2011
E01012726,Blackpool 017A,949,46,41,53,52,42,33,38,48,61,79,53,46,69,66,41,51,47,47,36,F,2011
E01012728,Blackpool 017B,778,46,30,45,38,49,45,48,49,59,56,42,33,39,46,42,38,26,22,25,F,2011
E01012752,Blackpool 017C,709,28,27,30,49,40,39,26,37,44,50,47,38,54,55,30,31,20,25,39,F,2011
E01012753,Blackpool 017D,608,21,34,50,33,25,20,29,39,70,55,31,38,31,39,18,30,22,10,13,F,2011
E01012754,Blackpool 017E,603,48,33,32,40,39,41,34,38,53,44,36,31,40,42,21,11,16,4,0,F,2011
E01012755,Blackpool 017F,730,38,32,34,36,42,31,33,50,55,63,57,59,48,33,31,32,37,10,9,F,2011
E01012701,Blackpool 018A,760,42,38,50,44,44,50,43,39,57,52,55,39,55,40,30,35,26,13,8,F,2011
E01012729,Blackpool 018B,845,42,38,33,35,38,37,42,38,53,37,56,53,65,76,82,52,33,26,9,F,2011
E01012730,Blackpool 018C,859,29,38,48,55,45,42,38,32,68,96,79,59,58,52,45,25,30,13,7,F,2011
E01012731,Blackpool 018D,865,39,41,45,53,42,50,55,49,59,70,48,52,60,51,45,29,35,30,12,F,2011
E01012732,Blackpool 018E,908,36,29,47,43,55,40,34,44,60,78,53,49,73,69,59,57,51,18,13,F,2011
E01012699,Blackpool 019A,900,58,50,42,44,46,52,59,54,66,67,62,46,60,67,49,37,21,14,6,F,2011
E01012700,Blackpool 019B,949,55,51,43,62,38,57,51,56,69,57,76,62,70,55,46,39,40,13,9,F,2011
E01012702,Blackpool 019C,790,43,31,27,29,31,31,31,35,50,43,42,40,61,68,72,66,37,31,22,F,2011
E01012725,Blackpool 019D,794,19,30,46,56,29,22,31,46,57,52,59,54,42,53,47,44,31,42,34,F,2011
E01012727,Blackpool 019E,822,41,32,35,55,31,36,38,48,68,74,49,49,49,42,48,40,32,25,30,F,2011
E06000049,,189035,9752,9660,10457,10604,9120,9498,10002,12089,14691,15051,13272,11727,13408,10883,8761,7380,6085,4045,2550,F,2011
E01018585,Cheshire East 001A,708,20,32,44,48,24,18,27,41,52,65,58,60,57,52,41,33,23,9,4,F,2011
E01018586,Cheshire East 001B,770,35,38,26,33,43,38,40,52,59,61,65,67,64,33,46,31,18,13,8,F,2011
E01018587,Cheshire East 001C,787,35,20,36,38,28,30,36,37,60,49,69,50,65,53,58,43,27,20,33,F,2011
E01018661,Cheshire East 001D,620,24,32,28,36,32,21,15,22,44,58,54,54,67,39,34,28,17,11,4,F,2011
E01018657,Cheshire East 002A,571,34,32,34,36,20,25,30,26,45,57,25,34,36,39,20,17,24,28,9,F,2011
E01018662,Cheshire East 002B,619,30,44,44,38,17,25,26,49,50,54,52,39,50,46,23,13,12,4,3,F,2011
E01018663,Cheshire East 002C,807,31,37,47,42,34,27,13,41,63,66,47,53,53,56,52,55,49,28,13,F,2011
E01018664,Cheshire East 002D,735,18,39,49,39,23,19,21,34,54,69,70,51,83,53,34,33,26,17,3,F,2011
E01018665,Cheshire East 002E,584,27,29,30,32,25,24,32,25,45,47,43,47,56,29,32,25,14,14,8,F,2011
E01018655,Cheshire East 003A,792,23,20,28,25,32,30,34,45,44,47,60,44,71,55,55,65,43,44,27,F,2011
E01018656,Cheshire East 003B,822,29,37,37,40,25,21,23,38,53,52,47,68,54,63,59,63,40,42,31,F,2011
E01018658,Cheshire East 003C,640,41,37,41,33,22,26,28,46,48,48,47,70,56,46,22,8,12,4,5,F,2011
E01018659,Cheshire East 003D,633,17,29,32,32,19,9,12,25,35,47,57,48,88,60,41,32,26,14,10,F,2011
E01018660,Cheshire East 003E,505,17,22,34,29,21,13,15,33,38,42,35,41,47,44,31,20,14,6,3,F,2011
E01018582,Cheshire East 004A,880,39,33,32,56,42,57,51,55,78,86,68,49,64,41,31,20,30,18,30,F,2011
E01018592,Cheshire East 004B,890,50,58,51,48,28,46,62,53,83,70,53,42,57,42,42,53,27,17,8,F,2011
E01018593,Cheshire East 004C,840,38,35,42,35,30,28,45,58,58,65,72,58,59,66,48,45,27,25,6,F,2011
E01018594,Cheshire East 004D,830,37,45,41,35,52,79,47,47,67,55,49,41,45,28,45,47,36,25,9,F,2011
E01018595,Cheshire East 004E,774,37,36,35,43,25,44,52,53,47,67,53,39,59,49,36,28,33,29,9,F,2011
E01018596,Cheshire East 004F,998,70,55,59,64,66,96,67,63,108,69,65,53,50,34,24,22,16,14,3,F,2011
E01018583,Cheshire East 005A,907,55,39,42,44,26,78,77,81,101,68,59,56,61,34,30,29,14,9,4,F,2011
E01018584,Cheshire East 005B,941,54,73,55,42,31,43,53,65,94,79,89,72,84,33,30,24,11,6,3,F,2011
E01018612,Cheshire East 005C,613,42,28,31,49,38,22,41,38,53,26,50,44,38,28,33,19,14,14,5,F,2011
E01018613,Cheshire East 005D,762,43,22,48,33,34,47,53,62,58,57,45,36,45,41,38,44,32,14,10,F,2011
E01018600,Cheshire East 006A,820,34,35,54,57,29,20,22,44,61,77,63,47,75,51,63,36,32,18,2,F,2011
E01018601,Cheshire East 006B,927,55,38,40,31,34,60,73,59,67,70,56,49,50,40,35,46,57,39,28,F,2011
E01018602,Cheshire East 006C,853,45,42,32,44,33,41,50,51,57,72,56,54,48,34,35,47,47,42,23,F,2011
E01018652,Cheshire East 006D,801,38,48,62,51,16,32,37,51,70,86,69,54,55,34,23,31,17,21,6,F,2011
E01018598,Cheshire East 007A,786,51,42,43,33,25,31,34,53,56,80,86,57,61,57,29,17,22,7,2,F,2011
E01018599,Cheshire East 007B,592,23,18,43,26,10,12,9,33,32,57,56,59,60,48,56,29,13,6,2,F,2011
E01018648,Cheshire East 007C,1105,45,58,52,42,42,45,45,57,72,85,100,79,101,73,61,43,37,38,30,F,2011
E01018649,Cheshire East 007D,704,21,19,31,28,17,18,19,26,40,41,50,54,62,64,69,42,44,43,16,F,2011
E01018650,Cheshire East 007E,888,54,45,43,30,38,48,65,71,67,75,57,56,54,35,35,35,32,28,20,F,2011
E01018651,Cheshire East 007F,968,28,32,34,48,85,85,89,89,96,74,43,46,57,34,29,32,25,21,21,F,2011
E01018654,Cheshire East 007G,1138,46,46,45,69,66,35,50,44,83,99,90,85,101,87,54,61,46,20,11,F,2011
E01018588,Cheshire East 008A,796,50,45,62,44,26,23,37,59,68,80,50,39,50,42,33,48,20,14,6,F,2011
E01018589,Cheshire East 008B,808,41,55,63,38,17,15,31,53,67,74,58,64,61,46,33,37,31,14,10,F,2011
E01018590,Cheshire East 008C,929,67,66,49,44,22,27,57,65,81,74,78,61,48,54,47,32,26,16,15,F,2011
E01018653,Cheshire East 008D,1046,57,59,66,50,20,23,52,67,94,81,55,62,74,64,66,62,43,35,16,F,2011
E01018605,Cheshire East 009A,597,35,36,34,28,8,12,18,43,46,45,36,34,44,40,47,35,35,15,6,F,2011
E01018609,Cheshire East 009B,896,39,35,42,44,36,30,36,45,62,61,51,41,66,69,74,57,41,31,36,F,2011
E01018610,Cheshire East 009C,1009,83,50,54,50,32,80,86,81,78,77,52,51,61,58,29,33,24,17,13,F,2011
E01018611,Cheshire East 009D,842,56,44,56,41,48,58,72,67,68,70,61,50,37,25,21,28,21,11,8,F,2011
E01018603,Cheshire East 010A,653,39,34,40,35,16,19,22,32,47,61,47,44,59,40,45,29,25,11,8,F,2011
E01018604,Cheshire East 010B,718,56,45,30,22,22,28,54,59,55,53,38,42,48,43,32,41,27,12,11,F,2011
E01018606,Cheshire East 010C,795,44,26,31,11,26,57,59,56,47,46,37,41,46,39,37,40,52,51,49,F,2011
E01018607,Cheshire East 010D,655,34,41,43,33,20,10,18,28,58,44,52,58,52,35,43,42,26,9,9,F,2011
E01018608,Cheshire East 010E,691,39,43,42,42,17,13,33,52,58,48,66,38,47,52,32,28,21,14,6,F,2011
E01018666,Cheshire East 011A,902,26,51,71,55,27,10,17,37,76,85,69,66,83,80,52,45,27,15,10,F,2011
E01018667,Cheshire East 011B,863,34,30,62,45,15,17,20,34,59,86,55,64,62,68,53,54,50,32,23,F,2011
E01018668,Cheshire East 011C,935,31,29,52,51,26,23,16,33,66,79,78,54,79,72,47,49,60,30,60,F,2011
E01018572,Cheshire East 012A,981,39,49,54,46,27,29,36,60,59,73,67,46,63,53,46,53,69,61,51,F,2011
E01018573,Cheshire East 012B,784,41,52,41,39,24,23,34,41,73,59,66,57,48,52,35,41,35,13,10,F,2011
E01018574,Cheshire East 012C,1006,40,35,57,43,42,55,82,84,78,74,77,61,49,42,35,38,39,43,32,F,2011
E01018580,Cheshire East 012D,779,19,41,38,28,22,26,25,34,53,65,61,56,83,44,50,37,39,27,31,F,2011
E01018581,Cheshire East 012E,625,28,31,38,25,20,14,19,22,46,44,55,45,57,44,37,35,37,15,13,F,2011
E01018575,Cheshire East 013A,550,27,34,35,31,23,22,38,49,56,37,38,36,30,32,22,16,13,10,1,F,2011
E01018576,Cheshire East 013B,893,51,40,34,33,27,74,72,77,77,81,48,70,60,28,39,41,20,17,4,F,2011
E01018577,Cheshire East 013C,1247,73,48,51,45,36,42,70,105,107,104,97,83,102,92,57,54,40,16,25,F,2011
E01018578,Cheshire East 013D,616,25,34,25,47,18,25,27,35,55,56,35,46,69,36,27,21,16,9,10,F,2011
E01018579,Cheshire East 013E,560,21,31,31,22,16,20,35,33,55,45,34,41,37,31,26,25,40,13,4,F,2011
E01018641,Cheshire East 014A,640,33,24,36,45,23,20,26,37,49,57,58,52,52,35,34,27,18,8,6,F,2011
E01018642,Cheshire East 014B,730,39,29,57,53,22,24,31,39,65,82,71,54,39,44,35,18,13,12,3,F,2011
E01018643,Cheshire East 014C,957,43,59,80,72,28,25,27,58,88,117,111,58,60,42,35,19,21,11,3,F,2011
E01018644,Cheshire East 014D,681,27,33,35,35,15,35,32,39,49,54,45,44,53,52,40,32,28,17,16,F,2011
E01018614,Cheshire East 015A,973,52,62,64,55,37,42,71,61,109,79,79,70,56,48,38,17,16,14,3,F,2011
E01018618,Cheshire East 015B,760,58,50,52,65,37,63,52,54,62,59,53,24,33,28,30,21,12,5,2,F,2011
E01018619,Cheshire East 015C,736,44,48,54,51,22,23,50,58,80,56,67,46,38,36,29,14,13,5,2,F,2011
E01018620,Cheshire East 015D,724,35,39,49,35,36,36,35,37,47,63,50,52,55,37,18,27,22,27,24,F,2011
E01018621,Cheshire East 015E,704,30,33,54,51,28,33,30,34,66,62,62,48,45,34,35,19,22,12,6,F,2011
E01018626,Cheshire East 016A,1104,64,48,48,53,66,82,102,91,76,74,67,70,80,33,51,36,34,18,11,F,2011
E01018628,Cheshire East 016B,803,33,36,49,45,30,24,37,50,65,80,56,60,66,56,36,38,23,13,6,F,2011
E01018629,Cheshire East 016C,975,53,63,59,56,55,77,74,75,77,61,62,42,53,32,34,26,33,23,20,F,2011
E01018630,Cheshire East 016D,669,29,20,36,30,33,38,49,38,52,44,39,48,44,46,36,38,28,16,5,F,2011
E01018631,Cheshire East 016E,659,35,27,34,30,39,33,33,47,65,47,48,38,48,29,28,18,29,26,5,F,2011
E01018615,Cheshire East 017A,577,32,34,27,25,39,44,39,41,55,54,47,33,33,24,7,19,11,9,4,F,2011
E01018616,Cheshire East 017B,681,20,47,28,26,30,28,24,42,43,51,56,54,48,42,34,30,37,20,21,F,2011
E01018617,Cheshire East 017C,728,26,29,32,42,30,33,42,40,38,50,50,57,64,69,36,37,22,22,9,F,2011
E01018632,Cheshire East 017D,796,38,38,56,32,35,34,39,57,71,95,49,47,68,42,31,33,19,9,3,F,2011
E01018633,Cheshire East 017E,776,18,34,33,53,28,28,21,33,46,72,64,48,70,69,51,48,23,23,14,F,2011
E01018622,Cheshire East 018A,693,52,24,22,26,51,86,54,49,54,39,31,30,25,19,34,24,36,20,17,F,2011
E01018623,Cheshire East 018B,750,47,41,30,30,41,60,67,56,59,59,60,36,43,38,30,22,19,7,5,F,2011
E01018624,Cheshire East 018C,873,59,36,27,27,97,129,96,87,67,55,34,38,35,32,19,14,11,4,6,F,2011
E01018625,Cheshire East 018D,771,72,36,36,34,54,90,64,60,56,48,40,39,28,16,21,19,19,18,21,F,2011
E01018627,Cheshire East 018E,765,42,26,34,28,55,82,92,54,65,57,51,47,32,32,25,22,8,9,4,F,2011
E01018635,Cheshire East 018F,621,36,25,27,21,42,56,45,49,40,41,34,35,37,25,26,19,23,26,14,F,2011
E01018636,Cheshire East 018G,743,40,39,47,46,32,33,29,57,66,72,54,38,52,39,28,24,23,14,10,F,2011
E01018634,Cheshire East 019A,954,45,42,61,63,38,44,44,57,70,80,80,75,84,55,42,25,32,12,5,F,2011
E01018645,Cheshire East 019B,946,42,43,61,50,45,57,38,45,69,63,67,43,51,61,56,67,48,27,13,F,2011
E01018646,Cheshire East 019C,933,55,55,55,67,55,46,65,60,77,80,49,45,49,49,31,38,22,25,10,F,2011
E01018647,Cheshire East 019D,789,37,40,38,58,38,35,32,46,63,75,51,39,59,57,31,35,29,20,6,F,2011
E01018591,Cheshire East 020A,1206,32,46,60,63,40,25,32,45,85,99,102,102,111,99,84,87,52,29,13,F,2011
E01018597,Cheshire East 020B,1196,36,62,61,52,48,32,36,57,85,99,116,83,107,103,86,60,44,21,8,F,2011
E01018669,Cheshire East 020C,1331,62,56,80,74,45,40,43,67,109,122,137,95,114,96,61,42,48,29,11,F,2011
E01018670,Cheshire East 020D,1196,53,53,67,38,27,32,50,58,89,105,95,88,98,104,70,68,44,35,22,F,2011
E01018637,Cheshire East 021A,989,97,67,65,62,76,62,67,75,79,87,49,33,36,25,23,26,12,24,24,F,2011
E01018638,Cheshire East 021B,832,48,42,46,43,46,34,43,44,77,66,55,38,60,47,38,33,31,24,17,F,2011
E01018639,Cheshire East 021C,718,60,22,34,31,63,81,75,61,60,45,50,29,29,24,21,17,12,3,1,F,2011
E01018640,Cheshire East 021D,659,54,44,33,36,35,56,34,45,46,54,38,28,45,23,28,25,18,10,7,F,2011
E01018393,Cheshire East 022A,1023,25,65,66,57,36,27,44,53,84,78,92,90,95,81,50,42,26,7,5,F,2011
E01018411,Cheshire East 022B,1155,46,66,68,60,35,31,27,51,104,124,83,103,92,88,70,47,33,20,7,F,2011
E01018412,Cheshire East 022C,782,29,35,47,37,23,19,28,33,47,77,58,62,65,70,51,46,29,16,10,F,2011
E01018413,Cheshire East 023A,654,25,47,52,48,16,16,27,49,62,63,59,35,43,35,42,16,8,5,6,F,2011
E01018414,Cheshire East 023B,690,28,24,27,37,14,13,19,27,35,54,57,63,88,65,51,41,23,13,11,F,2011
E01018415,Cheshire East 023C,900,35,47,49,42,26,39,38,65,61,60,44,37,63,44,38,55,70,58,29,F,2011
E01018416,Cheshire East 023D,664,20,32,50,44,22,19,16,45,58,57,63,50,70,47,30,20,9,8,4,F,2011
E01018424,Cheshire East 024A,861,37,43,48,50,48,48,41,49,79,103,70,61,49,48,28,28,18,9,4,F,2011
E01018425,Cheshire East 024B,820,31,24,42,27,39,39,43,63,55,57,47,58,68,38,50,36,32,28,43,F,2011
E01018426,Cheshire East 024C,788,36,31,42,43,29,44,29,52,52,62,56,47,52,71,56,35,19,22,10,F,2011
E01018427,Cheshire East 024D,692,24,34,41,38,36,22,27,39,57,78,63,58,47,31,25,17,29,12,14,F,2011
E01018419,Cheshire East 025A,670,35,47,44,36,33,39,37,60,69,70,68,44,33,25,14,6,6,2,2,F,2011
E01018420,Cheshire East 025B,978,57,91,80,60,43,50,87,95,130,79,61,41,30,22,19,18,6,7,2,F,2011
E01018421,Cheshire East 025C,675,49,39,45,43,32,54,54,60,67,55,46,31,29,19,15,20,8,8,1,F,2011
E01018422,Cheshire East 025D,654,35,43,43,45,32,24,40,51,64,57,30,30,46,41,29,23,11,9,1,F,2011
E01018423,Cheshire East 025E,766,53,55,34,34,55,46,54,40,58,53,53,44,46,34,31,27,28,15,6,F,2011
E01018395,Cheshire East 026A,784,39,40,29,21,28,39,51,62,47,55,51,49,84,62,46,40,27,9,5,F,2011
E01018396,Cheshire East 026B,773,36,49,48,53,40,26,38,53,59,49,41,44,64,53,50,36,20,9,5,F,2011
E01018400,Cheshire East 026C,1109,84,74,75,60,66,68,78,79,64,71,83,48,55,43,48,21,32,27,33,F,2011
E01018401,Cheshire East 026D,774,60,54,38,46,43,46,54,50,65,66,48,40,57,31,25,29,13,8,1,F,2011
E01018398,Cheshire East 027A,769,41,31,33,36,62,49,51,42,54,48,34,36,47,61,32,34,27,37,14,F,2011
E01018399,Cheshire East 027B,755,38,23,35,37,44,39,53,40,57,78,46,61,41,35,31,26,27,21,23,F,2011
E01018402,Cheshire East 027C,950,48,33,31,43,77,76,79,55,70,58,56,57,60,54,42,30,30,24,27,F,2011
E01018403,Cheshire East 027D,985,44,51,53,58,33,33,48,62,89,61,71,73,100,73,50,39,23,15,9,F,2011
E01018397,Cheshire East 028A,956,69,64,54,41,40,44,62,88,76,89,61,51,55,41,43,19,23,24,12,F,2011
E01018408,Cheshire East 028B,907,34,51,39,50,29,31,44,61,64,67,60,83,95,60,40,47,33,11,8,F,2011
E01018409,Cheshire East 028C,950,45,47,34,47,30,35,49,47,70,57,45,58,84,68,59,56,46,41,32,F,2011
E01018410,Cheshire East 028D,800,30,31,33,46,17,21,28,45,62,57,55,57,82,63,61,53,25,23,11,F,2011
E01018404,Cheshire East 029A,758,33,36,35,40,31,18,29,42,58,75,45,53,63,53,33,36,45,15,18,F,2011
E01018405,Cheshire East 029B,700,41,30,25,22,43,51,45,48,53,61,60,45,60,47,18,16,15,14,6,F,2011
E01018406,Cheshire East 029C,718,27,43,37,32,28,15,30,38,60,60,49,62,65,51,42,33,27,15,4,F,2011
E01018407,Cheshire East 029D,784,34,44,53,36,30,26,35,43,53,55,63,57,73,49,43,32,31,20,7,F,2011
E01018436,Cheshire East 030A,737,26,25,29,44,30,29,26,27,42,52,65,72,59,51,44,40,30,31,15,F,2011
E01018437,Cheshire East 030B,832,55,39,46,39,47,55,52,67,67,48,58,40,48,48,24,32,25,20,22,F,2011
E01018438,Cheshire East 030C,726,19,35,47,33,28,12,24,26,44,65,48,53,76,78,53,30,27,21,7,F,2011
E01018439,Cheshire East 030D,698,25,25,40,40,17,9,13,40,44,52,47,44,85,63,42,40,30,22,20,F,2011
E01018440,Cheshire East 031A,891,69,52,53,67,41,59,61,84,89,81,53,37,34,39,26,18,18,4,6,F,2011
E01018441,Cheshire East 031B,852,57,75,55,65,47,63,70,81,94,77,51,31,22,24,13,12,7,8,0,F,2011
E01018442,Cheshire East 031C,946,56,67,63,59,35,54,51,74,79,82,69,36,46,59,43,29,25,9,10,F,2011
E01018443,Cheshire East 031D,734,33,34,38,43,28,31,38,33,59,81,72,45,59,50,34,22,14,14,6,F,2011
E01018432,Cheshire East 032A,735,24,25,30,41,46,31,34,47,54,52,59,58,56,47,43,25,39,9,15,F,2011
E01018433,Cheshire East 032B,661,16,24,36,31,19,26,18,30,51,55,37,51,68,65,49,30,33,15,7,F,2011
E01018434,Cheshire East 032C,696,26,38,30,22,26,30,41,49,39,56,57,55,64,47,48,29,18,12,9,F,2011
E01018435,Cheshire East 032D,693,27,37,36,33,36,33,25,58,62,40,43,39,49,35,39,31,34,28,8,F,2011
E01018394,Cheshire East 033A,1027,51,48,55,60,48,33,38,71,94,105,75,71,93,69,51,31,21,11,2,F,2011
E01018417,Cheshire East 033B,833,24,23,34,39,23,23,30,39,57,51,60,61,75,102,68,43,34,30,17,F,2011
E01018418,Cheshire East 033C,761,28,28,36,37,28,31,29,42,55,64,70,58,69,56,51,33,23,9,14,F,2011
E01018428,Cheshire East 033D,709,30,29,34,49,30,27,36,56,43,67,53,54,61,45,31,24,21,12,7,F,2011
E01018429,Cheshire East 033E,761,26,34,34,44,36,26,18,54,46,64,61,63,68,66,44,25,29,17,6,F,2011
E01018430,Cheshire East 033F,696,32,24,35,56,26,24,40,54,47,66,57,48,76,43,18,23,17,8,2,F,2011
E01018431,Cheshire East 033G,568,16,19,26,36,11,21,28,44,60,56,59,41,54,31,29,14,12,7,4,F,2011
E01018472,Cheshire East 034A,702,47,25,28,30,53,60,50,56,42,64,46,49,57,23,22,16,16,9,9,F,2011
E01018473,Cheshire East 034B,804,48,65,50,34,42,67,75,63,78,85,58,51,37,17,16,11,4,2,1,F,2011
E01018474,Cheshire East 034C,927,60,64,64,79,39,51,61,81,109,92,70,46,34,24,15,15,8,7,8,F,2011
E01018475,Cheshire East 034D,905,60,64,85,71,45,47,67,84,99,104,71,43,22,23,4,7,3,5,1,F,2011
E01018463,Cheshire East 035A,768,58,57,47,51,63,71,65,47,59,39,47,36,33,29,18,18,17,9,4,F,2011
E01018476,Cheshire East 035B,785,85,61,58,58,55,56,48,42,44,49,30,32,32,30,35,9,26,18,17,F,2011
E01018477,Cheshire East 035C,792,62,43,47,38,37,53,43,46,43,49,53,32,50,40,31,28,32,45,20,F,2011
E01018478,Cheshire East 035D,755,58,54,63,81,48,52,42,40,56,57,47,36,36,27,10,19,12,12,5,F,2011
E01018479,Cheshire East 035E,809,51,34,36,46,40,59,45,53,68,52,65,49,56,39,32,28,29,20,7,F,2011
E01018459,Cheshire East 036A,753,86,50,65,57,44,68,57,50,55,33,34,35,31,18,18,17,20,8,7,F,2011
E01018460,Cheshire East 036B,726,48,38,34,36,34,43,43,42,45,42,34,34,56,53,54,42,28,17,3,F,2011
E01018461,Cheshire East 036C,719,44,39,39,42,24,45,39,52,54,40,42,49,52,55,35,30,28,7,3,F,2011
E01018466,Cheshire East 036D,1155,110,65,52,67,144,124,85,73,71,67,57,36,46,51,32,28,20,20,7,F,2011
E01018467,Cheshire East 036E,1062,94,63,51,82,136,135,85,76,73,65,48,29,39,25,20,16,16,7,2,F,2011
E01018482,Cheshire East 037A,714,43,35,36,55,35,37,30,40,37,70,44,41,56,54,31,36,16,14,4,F,2011
E01018483,Cheshire East 037B,688,48,21,21,23,45,45,37,37,38,43,52,42,63,46,44,32,27,17,7,F,2011
E01018484,Cheshire East 037C,1300,126,120,103,88,89,127,109,103,86,57,49,35,46,35,27,20,25,29,26,F,2011
E01018485,Cheshire East 037D,774,70,46,63,61,56,62,54,57,59,55,46,30,40,21,20,15,12,4,3,F,2011
E01018499,Cheshire East 038A,779,42,32,36,49,49,59,64,51,58,59,46,53,52,41,23,18,28,15,4,F,2011
E01018500,Cheshire East 038B,631,22,20,28,35,36,29,32,34,49,44,44,52,59,60,28,29,20,7,3,F,2011
E01018501,Cheshire East 038C,808,38,26,26,47,74,38,32,42,50,43,53,38,71,49,52,48,38,25,18,F,2011
E01018502,Cheshire East 038D,1058,11,22,27,247,262,33,16,26,31,42,39,59,50,55,53,42,23,17,3,F,2011
E01018462,Cheshire East 039A,746,61,35,36,46,95,77,52,50,40,37,39,24,33,20,32,23,12,13,21,F,2011
E01018464,Cheshire East 039B,681,42,27,27,38,72,67,46,36,52,46,48,41,37,27,26,13,15,16,5,F,2011
E01018496,Cheshire East 039C,848,55,59,55,63,36,60,51,83,71,65,51,42,35,29,32,25,17,11,8,F,2011
E01018497,Cheshire East 039D,588,49,26,32,43,44,57,45,39,31,57,45,34,23,20,13,14,9,7,0,F,2011
E01018498,Cheshire East 039E,832,67,53,65,51,53,86,69,80,64,52,43,33,26,24,17,12,18,9,10,F,2011
E01018387,Cheshire East 040A,877,21,28,42,65,23,18,13,31,56,72,59,59,114,99,62,52,40,18,5,F,2011
E01018388,Cheshire East 040B,797,44,37,62,52,48,44,47,48,63,64,48,45,56,36,32,24,25,14,8,F,2011
E01018389,Cheshire East 040C,867,28,40,53,56,34,35,34,55,53,72,54,47,62,48,44,48,46,32,26,F,2011
E01018390,Cheshire East 040D,852,34,29,45,38,37,33,48,51,52,54,59,48,69,66,69,49,44,19,8,F,2011
E01018465,Cheshire East 041A,1432,74,85,79,80,61,56,64,113,142,119,96,88,117,91,60,47,36,20,4,F,2011
E01018468,Cheshire East 041B,834,37,40,59,75,31,28,39,53,70,85,74,52,60,43,42,23,14,5,4,F,2011
E01018469,Cheshire East 041C,849,38,48,43,53,40,24,35,49,56,70,43,65,61,55,39,31,40,34,25,F,2011
E01018470,Cheshire East 041D,765,31,29,64,48,37,22,21,46,82,74,80,55,56,38,27,26,19,7,3,F,2011
E01018471,Cheshire East 041E,767,29,45,54,43,32,28,39,53,57,69,61,61,62,46,40,20,15,9,4,F,2011
E01018386,Cheshire East 042A,704,28,20,26,42,30,19,22,31,41,37,61,46,57,61,43,43,45,23,29,F,2011
E01018391,Cheshire East 042B,1004,65,50,64,49,54,62,60,82,98,72,56,55,63,36,37,32,33,21,15,F,2011
E01018392,Cheshire East 042C,964,33,47,68,61,29,43,32,55,73,86,94,81,86,64,47,32,20,6,7,F,2011
E01018486,Cheshire East 043A,685,40,30,24,26,108,64,64,49,43,34,39,39,22,15,22,28,20,9,9,F,2011
E01018487,Cheshire East 043B,820,70,59,55,50,99,87,59,66,54,59,33,36,24,20,14,9,11,12,3,F,2011
E01018488,Cheshire East 043C,746,48,35,40,49,46,38,45,48,68,75,43,39,45,35,24,28,19,14,7,F,2011
E01018489,Cheshire East 043D,645,50,39,36,36,82,65,57,42,44,47,38,22,31,15,17,9,12,2,1,F,2011
E01018510,Cheshire East 044A,811,53,47,54,55,51,33,49,59,92,84,46,52,49,29,24,16,7,8,3,F,2011
E01018511,Cheshire East 044B,756,52,51,37,43,38,44,54,50,44,41,58,36,44,34,30,39,31,20,10,F,2011
E01018512,Cheshire East 044C,898,42,61,59,61,34,44,56,53,66,67,58,43,36,53,39,41,49,25,11,F,2011
E01018513,Cheshire East 044D,806,28,41,57,49,22,32,40,68,71,61,56,51,68,49,40,36,25,7,5,F,2011
E01018445,Cheshire East 045A,972,115,54,52,48,114,120,78,55,75,61,39,40,27,31,22,21,11,6,3,F,2011
E01018446,Cheshire East 045B,683,32,50,48,56,41,31,31,49,58,76,52,31,38,18,13,14,18,9,18,F,2011
E01018447,Cheshire East 045C,843,56,52,54,52,100,70,86,74,56,57,43,31,37,27,20,8,11,6,3,F,2011
E01018448,Cheshire East 045D,853,38,52,56,45,60,65,43,60,67,69,54,46,45,39,32,36,22,16,8,F,2011
E01018490,Cheshire East 046A,750,22,33,40,30,30,24,28,43,42,54,39,51,67,77,62,46,30,19,13,F,2011
E01018491,Cheshire East 046B,731,41,22,46,36,19,30,35,46,51,58,67,53,61,48,44,33,26,13,2,F,2011
E01018492,Cheshire East 046C,539,13,22,20,24,16,6,20,34,26,44,33,42,42,56,45,32,33,19,12,F,2011
E01018505,Cheshire East 046D,540,15,19,36,34,30,19,16,27,41,52,42,39,50,46,20,26,11,7,10,F,2011
E01018506,Cheshire East 046E,713,31,24,47,48,33,25,34,32,58,82,70,64,49,43,36,17,14,6,0,F,2011
E01018507,Cheshire East 046F,687,20,24,34,37,26,15,17,36,56,62,61,61,69,55,49,31,23,7,4,F,2011
E01018451,Cheshire East 047A,717,25,21,27,32,38,35,31,35,41,37,35,43,71,44,34,46,50,46,26,F,2011
E01018454,Cheshire East 047B,758,41,34,38,54,63,69,46,45,52,63,49,43,50,34,29,14,20,12,2,F,2011
E01018455,Cheshire East 047C,690,35,30,26,30,19,29,24,36,38,61,38,45,72,49,43,42,40,24,9,F,2011
E01018456,Cheshire East 047D,700,17,20,19,29,25,22,14,19,33,48,53,45,52,48,73,51,54,50,28,F,2011
E01018457,Cheshire East 047E,736,34,32,24,35,33,62,60,48,48,51,40,48,40,32,33,36,40,29,11,F,2011
E01018493,Cheshire East 048A,640,18,11,20,30,25,30,22,28,47,39,34,38,68,65,47,57,30,17,14,F,2011
E01018494,Cheshire East 048B,673,23,27,35,37,29,20,33,34,55,57,61,35,66,48,28,29,25,22,9,F,2011
E01018495,Cheshire East 048C,623,26,28,28,29,30,32,20,42,38,58,55,43,62,41,33,22,18,11,7,F,2011
E01018508,Cheshire East 048D,595,23,25,30,44,26,16,13,36,58,45,42,51,50,41,38,26,21,6,4,F,2011
E01018509,Cheshire East 048E,602,27,42,28,25,19,40,45,36,55,37,42,35,39,41,23,15,28,16,9,F,2011
E01018444,Cheshire East 049A,1089,50,57,69,61,53,38,49,67,86,110,80,68,90,76,43,42,21,15,14,F,2011
E01018480,Cheshire East 049B,1082,34,72,48,120,70,37,24,69,100,92,88,73,74,58,51,28,28,8,8,F,2011
E01018515,Cheshire East 049C,1159,65,73,81,73,36,35,50,83,125,112,112,79,81,52,42,24,15,17,4,F,2011
E01018516,Cheshire East 049D,724,32,33,41,37,23,22,19,55,60,61,60,54,58,49,40,28,31,13,8,F,2011
E01033375,Cheshire East 049F,686,59,79,51,47,16,33,52,96,77,63,23,25,16,13,11,7,3,10,5,F,2011
E01033376,Cheshire East 049G,596,59,59,52,36,23,42,52,96,73,48,16,11,6,10,7,2,1,1,2,F,2011
E01033378,Cheshire East 049H,700,33,59,59,48,15,13,25,46,82,72,51,34,57,41,22,25,10,5,3,F,2011
E01018452,Cheshire East 050A,586,26,30,36,42,23,23,34,22,37,41,33,36,46,35,33,38,36,10,5,F,2011
E01018503,Cheshire East 050C,863,28,47,37,43,28,17,24,51,48,47,66,56,76,92,52,52,41,33,25,F,2011
E01018504,Cheshire East 050D,918,43,38,51,52,39,46,42,55,58,62,51,62,65,52,55,62,37,28,20,F,2011
E01033372,Cheshire East 050E,656,39,40,28,30,34,76,76,59,56,42,35,26,23,31,20,13,11,12,5,F,2011
E01033373,Cheshire East 050F,645,35,34,30,27,39,59,35,44,55,34,36,36,30,22,35,39,22,23,10,F,2011
E01018449,Cheshire East 051A,880,38,40,47,39,26,16,28,33,76,53,64,72,103,75,52,57,39,18,4,F,2011
E01018450,Cheshire East 051B,1134,41,65,61,64,45,35,39,71,89,93,87,84,95,70,53,37,42,37,26,F,2011
E01018458,Cheshire East 051C,1098,48,62,68,74,33,28,39,61,81,98,108,87,98,55,62,32,40,19,5,F,2011
E01018481,Cheshire East 051D,968,35,51,60,38,36,28,23,54,76,105,96,70,73,77,58,36,30,15,7,F,2011
E01018514,Cheshire East 051E,994,38,58,55,58,31,29,39,43,75,84,102,72,97,59,46,36,38,20,14,F,2011
E06000050,,168923,8817,8512,9021,9804,10110,9496,9277,10639,12592,13086,11780,10389,11437,9193,7869,6397,5061,3398,2045,F,2011
E01018534,Cheshire West and Chester 001A,1298,94,79,53,61,110,90,80,92,113,80,68,77,70,57,60,36,36,25,17,F,2011
E01018535,Cheshire West and Chester 001B,788,38,33,31,39,53,34,34,40,40,69,56,56,58,44,53,35,33,29,13,F,2011
E01018536,Cheshire West and Chester 001C,862,45,35,32,40,35,35,36,51,63,57,64,77,76,62,57,44,28,12,13,F,2011
E01018537,Cheshire West and Chester 001D,1043,22,28,53,39,26,27,30,32,44,76,74,97,101,111,76,81,53,32,41,F,2011
E01018685,Cheshire West and Chester 002A,651,36,33,41,30,31,24,29,51,57,47,36,26,47,32,30,31,27,29,14,F,2011
E01018686,Cheshire West and Chester 002B,749,47,51,51,38,32,51,66,79,68,43,42,37,48,35,28,8,13,8,4,F,2011
E01018687,Cheshire West and Chester 002C,711,34,38,27,33,19,22,20,35,46,52,51,48,76,54,57,44,35,13,7,F,2011
E01018688,Cheshire West and Chester 002D,815,31,32,44,54,24,29,43,39,71,60,48,60,82,76,47,34,15,15,11,F,2011
E01018689,Cheshire West and Chester 002E,766,35,33,32,28,31,31,37,44,41,52,41,39,56,47,51,36,41,53,38,F,2011
E01018690,Cheshire West and Chester 002F,1054,40,53,61,45,34,31,38,55,68,85,82,75,95,76,79,54,37,23,23,F,2011
E01018675,Cheshire West and Chester 003A,1022,44,35,51,47,39,24,36,58,87,106,79,77,109,73,64,29,30,27,7,F,2011
E01018708,Cheshire West and Chester 003B,1026,38,54,61,57,29,22,33,64,74,105,78,86,103,74,57,33,35,12,11,F,2011
E01018721,Cheshire West and Chester 003C,1097,40,49,56,58,44,26,41,69,67,121,113,89,84,83,62,42,40,10,3,F,2011
E01018518,Cheshire West and Chester 004A,773,25,33,42,31,17,20,19,29,50,63,61,84,84,71,67,30,29,18,0,F,2011
E01018569,Cheshire West and Chester 004B,635,20,28,37,23,20,15,10,28,43,62,41,56,75,53,45,34,26,14,5,F,2011
E01018570,Cheshire West and Chester 004C,613,22,26,22,27,13,28,25,27,45,56,55,48,57,53,32,25,23,13,16,F,2011
E01018571,Cheshire West and Chester 004D,712,24,31,34,27,25,22,31,33,55,65,47,46,54,55,52,36,31,27,17,F,2011
E01018546,Cheshire West and Chester 005A,776,46,38,46,55,38,46,43,59,61,51,55,52,39,33,28,31,31,16,8,F,2011
E01018547,Cheshire West and Chester 005B,706,28,24,50,35,28,36,49,36,48,55,52,51,58,41,52,32,21,7,3,F,2011
E01018548,Cheshire West and Chester 005C,820,38,43,47,43,51,42,42,38,51,52,69,59,50,63,59,35,26,9,3,F,2011
E01018549,Cheshire West and Chester 005D,693,27,25,35,41,22,22,34,43,49,52,62,47,54,53,46,39,23,13,6,F,2011
E01018532,Cheshire West and Chester 006A,970,44,37,47,50,64,37,46,66,72,61,62,58,66,65,62,55,40,24,14,F,2011
E01018533,Cheshire West and Chester 006B,750,27,29,38,36,31,23,26,35,55,52,48,54,85,61,49,41,29,20,11,F,2011
E01018544,Cheshire West and Chester 006C,779,25,34,38,32,55,45,31,39,51,66,63,67,71,53,48,26,18,12,5,F,2011
E01018545,Cheshire West and Chester 006D,1004,42,38,49,60,73,48,46,53,71,71,77,77,92,61,55,44,24,13,10,F,2011
E01018519,Cheshire West and Chester 007A,725,64,38,33,34,76,86,55,35,56,52,40,30,43,27,20,13,10,10,3,F,2011
E01018520,Cheshire West and Chester 007B,549,53,32,26,22,58,46,49,41,38,32,36,33,21,16,16,13,8,7,2,F,2011
E01018525,Cheshire West and Chester 007C,753,49,49,50,54,49,45,59,50,49,54,42,53,21,18,18,19,32,29,13,F,2011
E01018563,Cheshire West and Chester 007D,1033,75,44,53,58,86,93,85,72,70,64,65,33,41,32,40,31,35,27,29,F,2011
E01018564,Cheshire West and Chester 007E,1133,85,53,52,54,92,115,90,73,74,98,72,54,48,49,47,19,31,15,12,F,2011
E01018523,Cheshire West and Chester 008A,669,51,42,36,39,45,58,31,43,47,52,44,27,25,22,32,42,25,6,2,F,2011
E01018524,Cheshire West and Chester 008B,758,71,55,53,44,45,59,56,42,64,52,39,44,23,20,23,22,30,11,5,F,2011
E01018541,Cheshire West and Chester 008C,715,42,32,28,32,44,43,57,41,46,41,55,37,41,36,31,45,29,18,17,F,2011
E01018542,Cheshire West and Chester 008D,735,74,50,63,57,52,71,44,51,68,38,40,25,18,13,14,26,17,12,2,F,2011
E01018543,Cheshire West and Chester 008E,724,47,37,42,41,41,62,54,46,49,47,40,30,48,39,30,24,23,15,9,F,2011
E01018528,Cheshire West and Chester 009A,592,29,27,25,32,39,34,37,34,36,54,41,43,40,42,30,26,9,9,5,F,2011
E01018529,Cheshire West and Chester 009B,764,30,28,36,36,29,21,28,45,51,82,50,65,69,46,53,44,35,13,3,F,2011
E01018530,Cheshire West and Chester 009C,747,43,52,57,44,29,24,32,53,77,94,73,60,43,26,16,14,7,3,0,F,2011
E01018531,Cheshire West and Chester 009D,814,39,36,38,45,31,46,37,51,69,75,59,50,54,51,39,34,29,19,12,F,2011
E01018560,Cheshire West and Chester 009E,595,28,25,41,33,27,27,35,31,41,56,55,52,48,39,28,16,7,5,1,F,2011
E01018561,Cheshire West and Chester 009F,606,16,30,49,47,17,18,29,40,52,70,60,46,52,28,27,18,5,1,1,F,2011
E01018562,Cheshire West and Chester 009G,732,48,56,48,71,32,30,61,57,85,87,58,29,31,7,12,9,6,3,2,F,2011
E01018522,Cheshire West and Chester 010A,705,43,41,41,32,46,44,43,40,52,53,52,35,41,33,30,30,23,20,6,F,2011
E01018538,Cheshire West and Chester 010B,633,31,44,37,50,36,37,25,40,55,42,51,31,31,29,18,16,26,17,17,F,2011
E01018539,Cheshire West and Chester 010C,586,31,40,40,42,34,56,35,39,36,47,37,25,30,26,28,20,13,6,1,F,2011
E01018540,Cheshire West and Chester 010D,726,38,34,36,50,37,37,30,44,62,58,63,39,42,38,35,39,28,13,3,F,2011
E01018521,Cheshire West and Chester 011A,617,29,41,27,32,30,59,31,40,46,47,38,32,35,31,32,29,13,14,11,F,2011
E01018550,Cheshire West and Chester 011B,568,45,38,39,46,46,53,44,31,44,42,27,32,25,25,15,9,4,2,1,F,2011
E01018551,Cheshire West and Chester 011C,727,47,46,37,40,59,60,40,43,57,42,67,35,49,33,30,20,11,9,2,F,2011
E01018552,Cheshire West and Chester 011D,793,52,58,44,57,48,56,45,44,74,50,53,41,47,39,32,18,13,17,5,F,2011
E01018553,Cheshire West and Chester 011E,781,49,46,36,42,33,59,55,42,53,48,39,34,49,43,52,44,22,20,15,F,2011
E01018671,Cheshire West and Chester 012A,626,22,36,34,37,28,20,24,35,48,50,60,42,63,51,24,25,15,8,4,F,2011
E01018672,Cheshire West and Chester 012B,839,57,54,57,52,31,49,59,56,57,60,51,41,55,31,33,28,33,27,8,F,2011
E01018673,Cheshire West and Chester 012C,629,24,45,30,40,27,37,36,37,47,41,38,45,67,41,20,23,15,12,4,F,2011
E01018674,Cheshire West and Chester 012D,820,55,36,33,60,44,52,66,56,64,56,58,47,50,33,23,28,20,24,15,F,2011
E01018556,Cheshire West and Chester 013A,749,29,27,31,34,38,28,35,41,42,57,48,49,73,64,64,50,26,12,1,F,2011
E01018557,Cheshire West and Chester 013B,794,48,44,51,46,42,49,45,38,40,62,46,29,52,48,55,48,25,13,13,F,2011
E01018558,Cheshire West and Chester 013C,648,38,28,45,35,39,41,53,52,60,58,56,51,43,25,12,5,4,1,2,F,2011
E01018559,Cheshire West and Chester 013D,569,25,18,29,38,23,31,23,39,39,54,54,41,52,33,39,20,7,2,2,F,2011
E01018565,Cheshire West and Chester 014A,809,30,36,38,49,33,27,30,49,54,84,58,57,59,41,45,44,34,27,14,F,2011
E01018566,Cheshire West and Chester 014B,691,19,25,32,25,27,32,22,28,44,57,47,48,67,46,75,47,36,8,6,F,2011
E01018567,Cheshire West and Chester 014C,716,26,22,38,48,39,23,23,43,55,60,71,47,70,45,30,26,28,17,5,F,2011
E01018568,Cheshire West and Chester 014D,784,66,57,58,36,32,48,75,90,94,66,55,32,32,24,8,7,1,2,1,F,2011
E01018684,Cheshire West and Chester 015A,1138,42,42,69,74,23,25,35,61,92,107,104,87,105,85,55,49,36,23,24,F,2011
E01018695,Cheshire West and Chester 015B,882,54,44,50,52,37,72,60,62,62,81,62,47,47,49,35,30,19,17,2,F,2011
E01018696,Cheshire West and Chester 015C,733,27,34,36,42,31,22,16,35,57,61,54,47,65,55,51,46,34,14,6,F,2011
E01018697,Cheshire West and Chester 015D,939,29,39,61,60,24,30,48,70,85,82,67,37,56,47,46,40,45,35,38,F,2011
E01018698,Cheshire West and Chester 015E,1019,33,54,56,49,28,22,32,48,73,87,91,83,98,76,61,43,38,29,18,F,2011
E01018526,Cheshire West and Chester 016A,846,34,42,36,53,34,32,32,48,68,76,67,73,59,47,55,43,29,14,4,F,2011
E01018527,Cheshire West and Chester 016B,868,32,52,54,46,39,42,47,50,71,85,59,69,63,43,32,31,31,13,9,F,2011
E01018554,Cheshire West and Chester 016C,1171,52,39,61,55,54,60,63,63,109,84,110,92,79,63,70,60,34,13,10,F,2011
E01018555,Cheshire West and Chester 016D,563,29,25,29,36,31,33,31,43,43,55,51,41,40,30,23,11,9,2,1,F,2011
E01018704,Cheshire West and Chester 017A,582,25,27,24,25,26,29,28,34,37,34,43,44,47,38,43,39,16,18,5,F,2011
E01018705,Cheshire West and Chester 017B,755,49,39,36,44,26,30,53,44,63,66,82,52,55,28,31,26,21,5,5,F,2011
E01018706,Cheshire West and Chester 017C,705,34,23,38,31,30,40,42,48,63,37,26,70,38,31,21,29,30,34,40,F,2011
E01018718,Cheshire West and Chester 017D,814,43,27,46,49,55,39,53,42,68,75,82,67,58,42,17,21,20,5,5,F,2011
E01018722,Cheshire West and Chester 017E,1156,42,50,72,66,35,24,41,59,74,99,95,74,126,98,70,55,33,26,17,F,2011
E01018713,Cheshire West and Chester 018A,1380,94,65,72,94,79,101,117,119,97,104,90,74,77,38,38,43,39,30,9,F,2011
E01018714,Cheshire West and Chester 018B,915,64,50,30,32,77,81,67,64,59,45,54,37,35,26,31,40,46,39,38,F,2011
E01018715,Cheshire West and Chester 018C,862,74,43,41,42,79,91,82,62,56,60,53,46,42,23,23,16,18,8,3,F,2011
E01018726,Cheshire West and Chester 019A,756,36,44,43,47,35,46,40,44,57,62,44,44,54,37,28,25,36,20,14,F,2011
E01018727,Cheshire West and Chester 019B,876,31,38,35,54,36,22,31,34,70,67,67,53,86,82,62,37,37,26,8,F,2011
E01018728,Cheshire West and Chester 019C,803,35,44,56,51,52,34,44,38,72,61,69,45,58,43,33,17,25,19,7,F,2011
E01018729,Cheshire West and Chester 019D,853,50,38,52,50,40,49,45,58,67,46,40,59,57,45,39,40,33,38,7,F,2011
E01018709,Cheshire West and Chester 020A,744,59,36,38,31,51,87,58,65,59,63,49,38,40,14,18,6,18,10,4,F,2011
E01018710,Cheshire West and Chester 020B,796,49,53,61,61,51,57,60,49,54,62,47,58,42,23,19,15,18,9,8,F,2011
E01018711,Cheshire West and Chester 020C,774,36,47,29,40,41,44,41,59,70,52,70,64,70,40,24,21,13,9,4,F,2011
E01018712,Cheshire West and Chester 020D,745,43,26,38,27,40,56,53,56,58,62,63,56,50,35,25,19,17,15,6,F,2011
E01018699,Cheshire West and Chester 021A,831,57,60,51,52,23,46,44,74,79,67,60,44,49,38,31,29,16,6,5,F,2011
E01018701,Cheshire West and Chester 021B,735,46,46,34,51,38,59,36,49,38,65,35,38,46,39,43,27,28,11,6,F,2011
E01018716,Cheshire West and Chester 021C,740,44,33,34,58,53,48,36,47,52,60,66,42,33,41,34,22,22,10,5,F,2011
E01018717,Cheshire West and Chester 021D,912,60,50,57,55,56,70,75,63,79,63,56,50,53,29,36,22,19,12,7,F,2011
E01018719,Cheshire West and Chester 021E,780,37,48,59,41,34,48,48,67,61,69,42,50,46,35,32,29,11,14,9,F,2011
E01018720,Cheshire West and Chester 021F,807,55,48,49,49,43,57,45,47,68,51,50,47,43,40,27,32,21,26,9,F,2011
E01018308,Cheshire West and Chester 022A,911,44,53,66,43,34,31,34,47,73,87,69,71,58,64,40,32,33,21,11,F,2011
E01018336,Cheshire West and Chester 022B,632,26,33,28,32,32,48,38,45,44,46,53,46,62,37,37,11,7,6,1,F,2011
E01018337,Cheshire West and Chester 022C,668,31,30,25,29,30,35,49,46,44,55,60,48,67,37,26,24,12,15,5,F,2011
E01018338,Cheshire West and Chester 022D,918,63,50,52,46,48,50,70,80,80,66,78,55,56,32,38,27,12,9,6,F,2011
E01018358,Cheshire West and Chester 022E,671,27,43,69,59,25,24,24,47,55,40,61,38,47,36,24,24,10,13,5,F,2011
E01018359,Cheshire West and Chester 022F,539,24,25,36,31,18,24,22,26,45,52,33,52,44,39,25,17,12,10,4,F,2011
E01018691,Cheshire West and Chester 023A,822,37,37,54,49,27,31,28,47,57,84,56,45,52,53,47,44,39,26,9,F,2011
E01018693,Cheshire West and Chester 023B,831,42,54,43,52,29,26,35,48,69,88,69,56,57,57,35,29,16,21,5,F,2011
E01018694,Cheshire West and Chester 023C,812,33,37,50,54,28,26,32,39,56,72,69,57,67,55,41,40,35,17,4,F,2011
E01018700,Cheshire West and Chester 023D,1000,62,102,92,64,34,35,53,101,134,100,78,42,42,21,19,15,4,0,2,F,2011
E01018702,Cheshire West and Chester 023E,680,39,61,74,39,18,28,46,51,84,77,54,29,29,23,14,8,5,1,0,F,2011
E01018703,Cheshire West and Chester 023F,912,51,46,49,40,51,74,68,77,85,77,67,51,57,40,45,18,10,5,1,F,2011
E01018676,Cheshire West and Chester 024A,742,22,38,35,37,14,19,26,30,50,52,61,53,71,72,47,47,32,29,7,F,2011
E01018677,Cheshire West and Chester 024B,735,16,32,38,30,10,16,24,28,48,59,69,78,98,64,48,43,20,10,4,F,2011
E01018678,Cheshire West and Chester 024C,670,16,22,35,43,15,12,17,29,42,57,50,50,51,39,50,27,41,37,37,F,2011
E01018679,Cheshire West and Chester 024D,899,46,59,61,45,41,57,53,70,63,58,67,43,70,40,38,28,30,20,10,F,2011
E01018692,Cheshire West and Chester 024E,956,42,62,56,50,35,27,18,59,85,100,84,65,91,63,48,36,23,5,7,F,2011
E01018360,Cheshire West and Chester 025A,1096,103,70,58,67,48,81,62,66,73,65,55,63,70,54,38,44,24,30,25,F,2011
E01018366,Cheshire West and Chester 025B,763,31,25,40,27,32,28,42,43,48,51,57,77,83,63,36,27,21,24,8,F,2011
E01018367,Cheshire West and Chester 025C,1013,45,38,63,47,49,32,49,65,73,82,79,65,69,61,43,45,45,39,24,F,2011
E01018680,Cheshire West and Chester 026A,794,35,47,36,43,33,17,22,69,69,71,96,56,60,62,31,23,13,7,4,F,2011
E01018681,Cheshire West and Chester 026B,725,50,29,32,30,37,41,40,46,54,56,50,56,60,42,38,22,28,8,6,F,2011
E01018682,Cheshire West and Chester 026C,552,21,28,27,25,27,26,24,34,47,40,36,37,41,38,23,36,16,16,10,F,2011
E01018683,Cheshire West and Chester 026D,777,41,23,34,39,25,26,35,51,57,54,56,50,74,42,33,48,44,20,25,F,2011
E01018364,Cheshire West and Chester 027A,823,61,39,50,38,64,64,61,55,48,56,54,37,38,32,32,36,33,15,10,F,2011
E01018365,Cheshire West and Chester 027B,986,40,41,37,52,41,36,43,56,59,78,73,70,57,60,73,69,55,24,22,F,2011
E01018378,Cheshire West and Chester 027C,655,45,33,37,35,41,43,35,48,48,49,52,18,32,24,33,30,19,28,5,F,2011
E01018379,Cheshire West and Chester 027D,703,31,25,31,43,32,27,28,27,39,56,48,68,39,54,50,52,30,17,6,F,2011
E01018380,Cheshire West and Chester 027E,612,27,29,35,31,32,18,34,27,50,42,33,29,37,52,39,35,34,20,8,F,2011
E01018362,Cheshire West and Chester 028A,807,46,47,39,40,41,38,45,66,72,64,57,46,49,33,43,28,30,16,7,F,2011
E01018363,Cheshire West and Chester 028B,540,28,23,22,21,23,19,19,28,37,39,32,36,37,26,54,37,33,17,9,F,2011
E01018374,Cheshire West and Chester 028C,973,45,61,48,57,70,56,46,87,72,63,53,62,59,34,47,35,28,19,31,F,2011
E01018375,Cheshire West and Chester 028D,919,54,25,25,66,164,97,83,65,48,49,53,39,41,39,26,20,14,4,7,F,2011
E01018376,Cheshire West and Chester 028E,879,47,50,59,56,35,28,43,55,62,72,50,39,52,43,31,49,36,41,31,F,2011
E01018377,Cheshire West and Chester 028F,814,39,54,48,44,26,34,48,59,89,74,57,31,61,38,29,33,26,17,7,F,2011
E01018309,Cheshire West and Chester 029A,872,50,42,59,68,59,50,47,46,56,89,61,64,52,45,36,17,17,10,4,F,2011
E01018310,Cheshire West and Chester 029B,822,47,52,59,64,62,68,54,46,60,73,45,46,42,37,24,15,13,9,6,F,2011
E01018311,Cheshire West and Chester 029C,715,65,38,41,36,54,62,46,52,41,45,60,36,35,28,19,11,10,20,16,F,2011
E01018312,Cheshire West and Chester 029D,776,60,51,40,66,46,60,45,50,55,59,57,45,41,33,23,16,15,9,5,F,2011
E01018349,Cheshire West and Chester 030A,837,42,38,46,53,30,30,35,45,54,64,59,60,69,66,50,41,29,16,10,F,2011
E01018350,Cheshire West and Chester 030B,990,35,51,62,54,20,21,31,48,80,94,77,59,81,72,65,56,39,29,16,F,2011
E01018368,Cheshire West and Chester 030C,732,43,37,43,40,24,24,45,59,58,57,42,38,46,46,29,44,28,21,8,F,2011
E01018370,Cheshire West and Chester 030D,687,35,47,41,27,27,14,23,36,65,63,52,33,53,51,53,35,18,8,6,F,2011
E01018313,Cheshire West and Chester 031A,699,26,33,28,34,40,40,40,32,49,57,51,39,52,55,49,38,26,7,3,F,2011
E01018314,Cheshire West and Chester 031B,877,60,51,54,60,60,59,65,46,57,61,59,41,50,45,36,23,28,18,4,F,2011
E01018315,Cheshire West and Chester 031C,573,20,30,31,32,36,30,31,30,43,46,31,37,37,38,31,28,24,16,2,F,2011
E01018316,Cheshire West and Chester 031D,739,59,52,48,44,50,63,52,51,54,49,42,33,28,21,33,31,17,8,4,F,2011
E01018317,Cheshire West and Chester 031E,734,55,49,40,44,69,61,49,43,51,44,47,40,41,23,16,17,21,15,9,F,2011
E01018345,Cheshire West and Chester 032A,697,42,43,56,38,26,35,53,62,51,62,47,40,34,27,26,25,17,9,4,F,2011
E01018346,Cheshire West and Chester 032B,699,39,38,32,39,29,28,34,52,69,41,48,46,41,30,44,29,22,18,20,F,2011
E01018347,Cheshire West and Chester 032C,668,19,44,32,19,35,49,45,45,51,62,48,40,38,31,28,34,31,15,2,F,2011
E01018383,Cheshire West and Chester 032D,777,39,46,62,47,30,33,40,67,59,52,55,52,43,34,41,22,28,15,12,F,2011
E01018384,Cheshire West and Chester 032E,755,38,45,35,31,23,31,42,63,46,43,52,47,65,48,46,31,32,29,8,F,2011
E01018327,Cheshire West and Chester 033B,951,40,18,14,30,165,141,91,69,51,33,50,53,45,42,33,25,25,13,13,F,2011
E01018343,Cheshire West and Chester 033C,847,41,25,18,20,110,125,90,46,33,45,33,42,39,30,36,25,39,30,20,F,2011
E01018361,Cheshire West and Chester 033D,721,50,39,29,36,64,62,65,64,60,55,42,33,38,24,17,14,14,11,4,F,2011
E01032930,Cheshire West and Chester 033E,831,28,9,14,15,124,127,77,45,35,26,37,37,48,34,44,40,30,34,27,F,2011
E01032931,Cheshire West and Chester 033F,496,19,11,9,20,77,91,47,43,33,32,24,17,21,11,12,9,13,5,2,F,2011
E01018326,Cheshire West and Chester 034A,962,26,9,13,78,124,101,64,29,39,59,54,49,67,64,31,56,46,32,21,F,2011
E01018328,Cheshire West and Chester 034B,1070,17,18,12,343,407,36,25,26,20,31,26,22,12,15,11,9,12,12,16,F,2011
E01018329,Cheshire West and Chester 034C,1125,23,12,8,158,415,120,68,50,41,33,39,21,24,27,15,26,18,16,11,F,2011
E01018330,Cheshire West and Chester 034D,694,20,16,15,63,246,33,20,40,29,32,32,30,37,25,17,13,14,7,5,F,2011
E01018331,Cheshire West and Chester 034E,895,27,17,12,72,368,113,52,37,37,30,25,31,21,14,15,7,8,6,3,F,2011
E01018733,Cheshire West and Chester 035A,760,35,27,30,38,35,21,33,34,64,51,54,54,64,57,51,38,35,27,12,F,2011
E01018734,Cheshire West and Chester 035B,653,25,36,25,49,37,28,37,41,41,46,40,34,52,38,30,30,22,22,20,F,2011
E01018748,Cheshire West and Chester 035C,749,71,71,72,56,59,68,48,40,62,54,30,21,27,22,24,13,5,5,1,F,2011
E01018749,Cheshire West and Chester 035D,1264,111,114,102,86,65,101,126,140,125,93,53,51,39,23,18,9,7,1,0,F,2011
E01018319,Cheshire West and Chester 036A,1077,71,64,41,35,69,126,104,91,58,95,43,59,51,50,31,33,26,19,11,F,2011
E01018344,Cheshire West and Chester 036B,979,78,35,37,33,79,116,126,99,85,66,67,35,37,33,11,17,12,6,7,F,2011
E01018381,Cheshire West and Chester 036C,606,38,27,23,22,44,35,40,58,32,45,45,40,32,29,31,25,21,19,0,F,2011
E01018382,Cheshire West and Chester 036D,787,33,29,29,31,40,54,56,49,50,55,39,47,38,34,50,44,49,26,34,F,2011
E01018736,Cheshire West and Chester 037A,829,56,54,42,51,45,44,54,83,70,72,67,37,51,42,28,14,11,6,2,F,2011
E01018737,Cheshire West and Chester 037B,683,47,30,38,49,32,43,41,53,52,68,50,51,34,28,22,20,11,10,4,F,2011
E01018743,Cheshire West and Chester 037C,750,36,36,36,40,41,36,41,38,70,63,54,62,71,39,38,16,22,9,2,F,2011
E01018744,Cheshire West and Chester 037D,874,65,45,75,57,41,45,47,60,96,76,61,37,44,51,36,19,12,5,2,F,2011
E01018732,Cheshire West and Chester 038A,769,56,34,36,39,50,45,41,41,54,48,48,49,49,35,26,36,26,28,28,F,2011
E01018745,Cheshire West and Chester 038B,773,51,41,46,63,54,53,54,46,57,57,46,36,37,38,39,22,16,13,4,F,2011
E01018746,Cheshire West and Chester 038C,832,40,41,50,47,56,44,39,44,75,64,75,47,54,42,46,29,24,8,7,F,2011
E01018747,Cheshire West and Chester 038D,763,38,31,44,52,41,53,47,54,73,58,66,30,54,38,25,25,15,13,6,F,2011
E01018323,Cheshire West and Chester 039A,751,36,31,38,41,32,39,27,39,53,52,65,50,44,37,29,41,24,24,49,F,2011
E01018324,Cheshire West and Chester 039B,664,20,42,40,37,37,19,20,42,51,52,59,55,44,42,43,24,19,14,4,F,2011
E01018325,Cheshire West and Chester 039C,748,28,39,53,53,23,23,23,35,55,76,57,54,81,57,36,22,23,5,5,F,2011
E01018385,Cheshire West and Chester 039D,1048,39,46,59,62,36,25,28,63,59,87,77,73,92,92,73,63,41,21,12,F,2011
E01018730,Cheshire West and Chester 040A,765,40,37,48,51,46,33,39,31,61,51,42,52,44,41,53,33,37,14,12,F,2011
E01018738,Cheshire West and Chester 040B,797,79,88,61,64,58,82,37,41,48,39,29,27,31,25,15,29,18,22,4,F,2011
E01018739,Cheshire West and Chester 040C,784,69,65,60,45,63,87,47,51,67,52,46,24,31,33,21,13,5,3,2,F,2011
E01018741,Cheshire West and Chester 040D,623,25,27,33,31,32,33,33,33,58,50,45,37,37,58,33,27,21,6,4,F,2011
E01018320,Cheshire West and Chester 041A,767,35,44,42,45,28,29,26,37,66,56,56,43,52,39,41,51,45,25,7,F,2011
E01018321,Cheshire West and Chester 041B,615,26,32,32,26,15,30,43,42,47,50,30,58,48,40,35,25,20,11,5,F,2011
E01018322,Cheshire West and Chester 041C,604,24,40,28,40,19,14,14,39,39,48,53,44,38,27,32,28,37,27,13,F,2011
E01018348,Cheshire West and Chester 041D,1073,68,59,67,51,48,63,64,96,102,87,91,63,50,45,43,32,22,17,5,F,2011
E01018731,Cheshire West and Chester 042A,836,54,50,56,46,61,65,55,55,54,79,56,38,48,36,33,25,8,12,5,F,2011
E01018735,Cheshire West and Chester 042B,683,49,30,36,43,59,45,30,51,67,63,52,36,29,39,21,13,9,6,5,F,2011
E01018740,Cheshire West and Chester 042C,816,56,61,58,72,55,67,48,47,57,61,49,48,39,38,17,12,12,14,5,F,2011
E01018742,Cheshire West and Chester 042D,726,30,26,23,49,39,30,34,35,55,58,76,83,66,42,36,18,13,10,3,F,2011
E01018332,Cheshire West and Chester 043A,517,26,31,25,25,13,27,33,38,43,47,39,31,40,23,17,29,14,9,7,F,2011
E01018333,Cheshire West and Chester 043B,796,22,40,35,49,28,28,26,36,35,67,43,52,84,68,53,52,35,23,20,F,2011
E01018334,Cheshire West and Chester 043C,778,34,25,27,36,26,18,25,51,56,53,58,49,90,73,50,45,32,25,5,F,2011
E01018340,Cheshire West and Chester 043D,742,25,39,41,31,29,27,43,47,58,68,58,37,45,53,40,42,30,22,7,F,2011
E01018341,Cheshire West and Chester 043E,583,23,30,22,23,11,19,26,42,34,34,38,41,51,59,37,34,31,19,9,F,2011
E01018342,Cheshire West and Chester 043F,847,47,20,30,31,45,92,95,55,70,50,35,39,47,43,45,32,35,20,16,F,2011
E01018351,Cheshire West and Chester 044A,707,60,43,37,36,57,59,35,46,55,70,47,36,37,27,23,22,4,9,4,F,2011
E01018352,Cheshire West and Chester 044B,911,66,46,38,42,54,100,100,93,82,57,54,52,42,28,16,18,14,7,2,F,2011
E01018353,Cheshire West and Chester 044C,808,48,46,49,69,37,32,33,56,77,78,49,47,64,39,29,21,18,11,5,F,2011
E01018354,Cheshire West and Chester 044D,844,72,48,55,55,61,67,67,61,63,52,50,41,45,26,30,24,13,10,4,F,2011
E01018707,Cheshire West and Chester 045A,876,32,41,35,49,31,18,24,51,63,72,64,76,87,75,66,41,30,9,12,F,2011
E01018723,Cheshire West and Chester 045B,582,25,33,27,40,16,19,26,32,42,54,38,29,49,30,31,31,36,13,11,F,2011
E01018724,Cheshire West and Chester 045C,765,30,22,39,49,19,24,26,37,52,67,62,69,64,53,52,36,26,25,13,F,2011
E01018725,Cheshire West and Chester 045D,653,20,25,45,31,22,18,25,41,64,53,50,49,68,49,33,23,18,10,9,F,2011
E01018335,Cheshire West and Chester 046A,1067,53,53,59,72,39,39,43,62,94,103,63,75,88,63,40,57,30,27,7,F,2011
E01018369,Cheshire West and Chester 046B,882,33,45,67,50,31,27,44,45,63,71,73,55,51,57,41,33,39,31,26,F,2011
E01018371,Cheshire West and Chester 046C,951,54,55,53,58,40,32,35,56,79,74,77,54,73,54,58,43,30,17,9,F,2011
E01018372,Cheshire West and Chester 046D,946,34,52,51,32,31,39,38,63,67,97,69,75,75,64,62,35,32,15,15,F,2011
E01018339,Cheshire West and Chester 047A,1042,47,57,45,44,37,26,32,73,90,82,69,73,88,79,68,55,36,30,11,F,2011
E01018355,Cheshire West and Chester 047B,673,26,34,28,21,27,27,41,39,37,30,45,36,37,44,46,39,38,36,42,F,2011
E01018356,Cheshire West and Chester 047C,727,22,34,52,46,24,29,28,43,70,70,68,54,74,40,25,21,11,10,6,F,2011
E01018357,Cheshire West and Chester 047D,662,21,29,43,39,24,17,20,32,43,67,58,47,69,42,46,25,21,11,8,F,2011
E01018373,Cheshire West and Chester 047E,999,38,53,53,57,31,33,32,64,70,101,78,93,78,93,48,28,25,18,6,F,2011
E06000006,,64400,4142,3670,3783,3937,3992,4140,3917,4255,4591,4701,4501,4199,4279,2962,2417,2074,1468,879,493,F,2011
E01012392,Halton 001A,1211,86,87,90,85,66,66,96,128,105,108,69,50,63,42,17,23,14,10,6,F,2011
E01012393,Halton 001B,1026,38,49,57,40,45,48,49,63,83,82,61,65,87,70,50,54,33,31,21,F,2011
E01012395,Halton 001C,732,19,27,51,37,26,30,32,24,57,50,47,50,84,65,55,35,24,16,3,F,2011
E01012411,Halton 001D,642,29,26,28,23,27,29,34,39,43,50,50,37,64,49,43,27,16,20,8,F,2011
E01012374,Halton 002A,1371,88,91,94,82,78,93,95,83,150,122,101,56,90,38,31,32,25,15,7,F,2011
E01012375,Halton 002B,781,25,52,40,58,46,25,31,40,59,79,86,55,55,53,25,25,13,13,1,F,2011
E01012376,Halton 002C,1258,87,79,110,83,75,71,94,101,154,144,115,53,35,25,11,14,5,2,0,F,2011
E01012421,Halton 002D,666,27,24,23,39,41,34,26,53,51,69,68,51,54,39,28,19,11,5,4,F,2011
E01012423,Halton 002E,714,30,34,33,42,37,26,50,40,49,66,70,54,47,38,34,27,14,11,12,F,2011
E01012368,Halton 003A,1024,69,56,61,55,64,61,66,71,58,64,57,52,43,51,57,55,31,31,22,F,2011
E01012410,Halton 003B,637,31,22,25,39,37,36,36,34,43,56,66,62,54,27,26,19,10,11,3,F,2011
E01012412,Halton 003C,705,55,44,27,33,49,73,51,44,39,43,50,39,46,32,25,26,5,15,9,F,2011
E01012413,Halton 003D,769,45,34,51,50,54,52,36,63,46,50,48,46,39,33,22,29,32,28,11,F,2011
E01012414,Halton 003E,621,32,27,24,33,37,35,39,40,37,46,52,44,59,46,31,19,9,9,2,F,2011
E01012377,Halton 004A,877,61,46,50,48,65,59,45,50,58,65,78,56,57,36,39,30,19,6,9,F,2011
E01012390,Halton 004B,845,43,40,52,45,37,39,51,47,58,49,50,47,48,40,38,50,63,26,22,F,2011
E01012419,Halton 004C,627,58,40,37,34,46,54,44,34,35,38,55,47,35,30,17,12,7,3,1,F,2011
E01012420,Halton 004D,771,49,41,30,33,65,49,40,43,56,54,47,37,52,57,38,36,29,9,6,F,2011
E01012422,Halton 004E,796,67,43,68,46,70,56,52,63,47,57,31,41,43,29,33,20,16,9,5,F,2011
E01012369,Halton 005A,765,47,46,44,53,40,35,37,43,61,70,70,59,39,26,24,26,26,11,8,F,2011
E01012394,Halton 005B,797,39,45,50,43,37,41,34,42,50,66,52,45,47,43,44,42,42,22,13,F,2011
E01012425,Halton 005C,843,58,49,45,59,50,52,49,43,56,74,58,40,55,37,49,36,18,11,4,F,2011
E01012426,Halton 005D,697,27,28,45,42,31,30,23,40,61,57,52,52,52,38,32,38,24,20,5,F,2011
E01012427,Halton 005E,919,64,51,72,78,65,61,51,76,71,77,64,60,38,28,24,18,12,7,2,F,2011
E01012378,Halton 006A,776,36,28,33,37,48,38,36,31,48,55,75,63,66,55,53,42,18,11,3,F,2011
E01012379,Halton 006B,766,34,47,32,49,58,70,41,47,50,73,66,37,33,40,28,28,14,13,6,F,2011
E01012380,Halton 006C,744,67,42,30,45,60,52,40,38,53,45,43,35,39,21,29,42,33,13,17,F,2011
E01012388,Halton 006D,947,77,56,64,66,57,84,72,54,64,65,55,54,39,34,28,24,31,19,4,F,2011
E01012442,Halton 006E,900,82,81,65,81,76,61,37,59,70,66,41,43,46,17,27,25,10,10,3,F,2011
E01012367,Halton 007A,816,69,40,42,45,75,68,52,46,53,50,47,25,40,28,46,39,22,21,8,F,2011
E01012370,Halton 007B,901,69,31,39,51,89,110,78,32,56,45,60,38,47,38,38,18,24,24,14,F,2011
E01012424,Halton 007C,950,74,52,78,68,69,57,64,42,80,81,68,55,38,33,34,33,14,8,2,F,2011
E01012441,Halton 007D,1164,101,74,82,64,97,115,86,78,67,75,81,51,52,47,34,25,14,14,7,F,2011
E01012389,Halton 008A,924,39,41,43,50,45,29,49,47,71,52,58,64,93,84,74,46,28,7,4,F,2011
E01012391,Halton 008B,1096,91,52,42,65,83,106,74,64,61,82,68,64,74,41,48,41,20,16,4,F,2011
E01012401,Halton 008C,931,26,34,42,55,39,39,48,40,61,65,69,87,98,76,62,48,29,9,4,F,2011
E01012443,Halton 008D,823,53,53,35,53,66,70,45,57,38,71,69,55,49,27,28,20,16,5,13,F,2011
E01012385,Halton 009A,724,51,49,32,36,25,22,41,75,63,79,69,51,58,24,15,12,12,2,8,F,2011
E01012386,Halton 009B,976,71,85,73,69,39,51,65,91,128,109,73,53,31,22,7,3,5,0,1,F,2011
E01012387,Halton 009C,571,22,25,33,29,13,14,17,38,55,46,42,45,50,45,38,34,17,7,1,F,2011
E01012434,Halton 009D,803,46,45,38,50,31,41,50,84,73,49,75,59,60,30,19,22,11,9,11,F,2011
E01012435,Halton 009E,1032,64,75,73,71,45,51,52,84,93,118,96,76,68,29,22,8,4,1,2,F,2011
E01012381,Halton 010A,634,44,47,51,38,40,53,46,47,33,37,34,39,51,25,15,9,9,11,5,F,2011
E01012382,Halton 010B,773,64,31,70,50,46,61,54,53,47,53,35,34,67,38,25,20,17,5,3,F,2011
E01012384,Halton 010C,801,51,26,33,38,42,30,38,53,51,42,70,71,65,60,41,37,28,18,7,F,2011
E01012444,Halton 010D,591,46,47,52,49,35,40,36,35,37,41,39,32,40,30,14,7,6,3,2,F,2011
E01012445,Halton 010E,634,41,37,41,43,45,42,44,37,41,48,47,46,47,30,13,18,8,3,3,F,2011
E01012398,Halton 011A,628,25,41,41,40,28,25,40,40,47,59,30,42,40,28,29,28,18,18,9,F,2011
E01012400,Halton 011B,670,48,47,42,43,38,51,37,48,47,52,47,43,28,22,18,31,15,7,6,F,2011
E01012402,Halton 011C,849,54,48,51,69,53,47,42,53,60,55,55,50,59,27,28,30,33,19,16,F,2011
E01012404,Halton 011D,718,44,44,48,46,32,50,46,51,45,48,44,52,45,38,33,28,17,5,2,F,2011
E01012405,Halton 011E,1008,56,59,54,70,70,47,63,58,81,80,74,85,63,43,30,31,28,10,6,F,2011
E01012416,Halton 012A,913,42,50,50,42,34,53,47,61,81,67,46,66,60,59,46,38,31,27,13,F,2011
E01012417,Halton 012B,653,38,34,39,50,37,53,42,49,63,47,52,36,24,21,19,29,8,11,1,F,2011
E01012428,Halton 012C,1118,88,53,50,56,107,114,103,67,65,69,66,70,56,36,22,28,28,22,18,F,2011
E01012429,Halton 012D,714,41,44,39,53,31,55,37,51,44,53,40,40,41,38,30,34,31,8,4,F,2011
E01012430,Halton 012E,867,76,40,40,58,110,88,49,53,50,51,47,58,35,27,26,21,20,11,7,F,2011
E01012431,Halton 012F,992,68,56,40,54,83,102,100,82,64,65,71,48,44,37,26,23,16,9,4,F,2011
E01012383,Halton 013A,870,49,51,50,50,36,41,45,58,52,63,68,76,75,47,34,33,25,12,5,F,2011
E01012396,Halton 013B,758,53,52,45,54,53,46,53,53,48,54,35,41,35,52,30,17,24,10,3,F,2011
E01012397,Halton 013C,804,80,41,45,77,67,58,52,58,50,41,39,38,44,24,28,25,23,7,7,F,2011
E01012399,Halton 013D,729,53,45,47,38,43,40,47,45,56,43,44,35,52,31,39,30,29,9,3,F,2011
E01012403,Halton 013E,833,65,71,64,46,63,66,57,62,55,39,45,51,53,31,31,16,10,7,1,F,2011
E01012408,Halton 013F,1079,93,79,102,79,63,68,59,74,86,78,60,51,54,43,24,25,15,16,10,F,2011
E01012432,Halton 014A,725,48,38,42,34,45,69,56,44,53,43,60,63,50,30,14,24,10,0,2,F,2011
E01012433,Halton 014B,855,87,48,58,44,51,75,60,59,51,48,41,78,64,31,25,19,8,5,3,F,2011
E01012436,Halton 014C,706,74,63,61,49,58,50,49,73,41,32,33,40,36,21,14,7,2,2,1,F,2011
E01012438,Halton 014D,637,47,40,33,44,44,39,28,36,40,47,37,52,42,33,26,24,12,7,6,F,2011
E01012440,Halton 014E,686,41,51,41,34,32,42,47,62,48,41,46,82,63,30,12,7,4,2,1,F,2011
E01012406,Halton 015A,819,47,46,50,58,46,51,53,65,57,42,58,66,66,37,32,12,22,10,1,F,2011
E01012407,Halton 015B,828,61,41,39,56,60,52,49,76,43,46,57,64,61,37,25,25,22,7,7,F,2011
E01012409,Halton 015C,726,31,48,43,30,50,49,46,38,44,44,42,58,55,44,27,27,28,14,8,F,2011
E01012437,Halton 015D,721,47,54,57,51,41,41,59,61,41,43,55,52,60,20,12,11,9,5,2,F,2011
E01012439,Halton 015E,832,64,59,46,63,42,56,68,50,47,42,68,61,71,23,24,12,14,11,11,F,2011
E01012371,Halton 016A,651,26,37,33,34,42,47,43,34,58,43,59,66,56,14,26,14,11,6,2,F,2011
E01012372,Halton 016B,570,18,24,15,30,28,31,30,35,25,48,45,61,68,45,26,24,7,9,1,F,2011
E01012373,Halton 016C,648,27,27,22,30,28,23,26,48,36,47,39,72,101,48,38,20,12,2,2,F,2011
E01012415,Halton 016D,708,39,36,38,35,38,29,36,44,47,44,67,69,69,40,30,16,21,5,5,F,2011
E01012418,Halton 016E,714,20,24,28,38,28,23,22,31,46,44,54,58,72,59,62,52,27,16,10,F,2011
E06000007,,102205,6123,5620,5899,5998,5859,6146,6238,6897,8171,8254,6788,5867,6337,5236,4365,3221,2589,1649,948,F,2011
E01012471,Warrington 001A,628,19,39,42,38,10,16,14,36,52,73,57,28,40,45,44,31,20,18,6,F,2011
E01012472,Warrington 001B,962,51,47,61,55,33,32,33,63,70,88,68,51,66,69,56,50,28,22,19,F,2011
E01012476,Warrington 001C,788,38,25,37,61,32,40,30,42,59,77,64,63,57,57,35,30,25,12,4,F,2011
E01012477,Warrington 001D,792,39,49,55,52,20,15,25,44,84,86,79,32,50,46,49,36,22,6,3,F,2011
E01012473,Warrington 002A,829,32,42,48,32,29,18,20,46,57,65,59,58,48,57,65,57,61,26,9,F,2011
E01012474,Warrington 002B,787,42,41,51,38,39,37,35,47,53,58,45,43,48,50,45,37,28,31,19,F,2011
E01012475,Warrington 002C,748,33,43,50,52,34,29,35,46,68,67,65,34,47,47,33,30,19,13,3,F,2011
E01012554,Warrington 002D,986,40,44,54,50,43,43,51,48,93,101,75,69,80,70,54,32,22,11,6,F,2011
E01012467,Warrington 003A,616,17,18,17,28,16,22,15,26,45,46,32,55,61,92,53,35,19,14,5,F,2011
E01012468,Warrington 003B,1243,80,82,79,55,44,48,75,105,149,119,74,57,51,55,41,48,38,24,19,F,2011
E01012469,Warrington 003C,800,31,45,43,46,33,51,43,61,77,63,47,43,67,38,42,19,21,15,15,F,2011
E01012470,Warrington 003D,599,37,23,37,46,24,32,31,41,53,44,35,20,38,33,46,30,16,9,4,F,2011
E01012460,Warrington 004A,722,42,32,44,47,52,61,50,52,46,45,63,60,28,42,20,15,12,8,3,F,2011
E01012462,Warrington 004B,647,30,39,33,34,33,42,46,51,51,50,53,44,32,28,21,25,16,8,11,F,2011
E01012463,Warrington 004C,558,17,20,15,18,16,17,19,23,29,34,60,67,70,55,35,31,18,8,6,F,2011
E01012464,Warrington 004D,697,35,34,32,45,40,40,50,31,50,61,66,51,55,38,32,15,13,5,4,F,2011
E01012459,Warrington 005A,688,51,34,38,51,41,48,56,56,45,41,65,37,50,24,19,12,11,5,4,F,2011
E01012461,Warrington 005B,661,35,38,38,41,30,24,41,34,51,75,68,55,52,32,20,14,9,3,1,F,2011
E01012465,Warrington 005C,640,33,34,40,34,42,48,53,51,45,52,50,47,40,30,16,14,5,4,2,F,2011
E01012466,Warrington 005D,761,56,51,52,52,63,70,55,57,49,59,39,45,44,24,14,9,7,7,8,F,2011
E01012526,Warrington 006A,877,97,68,67,81,86,62,54,63,65,58,43,30,23,22,27,20,5,4,2,F,2011
E01012534,Warrington 006B,798,69,43,54,64,74,70,56,49,44,68,41,33,29,26,17,17,26,14,4,F,2011
E01012535,Warrington 006C,867,78,60,54,39,73,77,78,62,63,55,43,43,35,23,14,18,27,22,3,F,2011
E01012537,Warrington 006D,784,56,51,43,56,52,56,51,45,55,51,42,42,29,28,35,44,36,12,0,F,2011
E01012539,Warrington 006E,797,56,35,39,58,52,70,47,53,56,60,57,35,32,30,37,34,29,11,6,F,2011
E01012538,Warrington 007A,733,29,36,34,48,44,53,37,45,57,66,63,76,63,37,16,12,13,4,0,F,2011
E01012540,Warrington 007B,695,25,42,39,37,27,34,35,63,52,56,54,40,55,37,31,25,24,12,7,F,2011
E01012541,Warrington 007C,687,42,32,36,37,73,49,45,48,41,51,50,70,43,21,20,14,7,6,2,F,2011
E01012542,Warrington 007D,685,30,23,16,38,40,41,25,35,35,49,66,67,67,40,39,30,16,19,9,F,2011
E01012543,Warrington 007E,846,30,25,28,75,156,37,34,48,40,47,50,43,62,56,46,26,24,11,8,F,2011
E01012544,Warrington 007F,718,35,29,33,44,43,27,42,43,47,45,54,58,90,49,33,23,10,9,4,F,2011
E01012521,Warrington 008A,834,47,53,49,51,43,39,52,44,54,57,69,55,76,44,43,23,14,17,4,F,2011
E01012522,Warrington 008B,688,40,37,17,38,49,48,43,47,49,48,42,40,44,51,33,16,12,27,7,F,2011
E01012533,Warrington 008C,753,83,53,58,55,67,77,41,44,59,33,33,29,26,37,24,13,16,5,0,F,2011
E01012536,Warrington 008D,717,57,47,52,30,57,48,48,42,44,51,62,37,36,24,17,15,14,26,10,F,2011
E01012545,Warrington 008E,826,61,61,47,49,76,75,63,53,64,46,39,46,55,37,21,17,6,4,6,F,2011
E01012546,Warrington 008F,811,85,68,53,55,68,72,78,59,48,56,42,33,39,14,11,12,8,10,0,F,2011
E01012561,Warrington 009A,821,63,45,41,36,45,65,66,53,67,75,51,47,47,35,18,9,22,25,11,F,2011
E01012562,Warrington 009B,854,51,51,62,78,58,39,56,53,90,116,73,51,31,22,8,7,6,1,1,F,2011
E01012567,Warrington 009C,916,48,66,78,73,37,43,55,89,108,111,81,55,43,10,11,5,3,0,0,F,2011
E01012568,Warrington 009D,1274,109,115,85,67,80,110,124,138,133,106,69,49,35,22,13,9,7,3,0,F,2011
E01012563,Warrington 010A,873,39,48,54,69,42,28,37,50,82,78,100,80,47,40,34,21,13,10,1,F,2011
E01012564,Warrington 010B,696,28,30,34,45,41,32,41,45,54,76,71,59,40,16,23,19,19,14,9,F,2011
E01012565,Warrington 010C,1307,127,88,94,84,54,87,109,126,119,110,71,60,58,41,21,22,13,16,7,F,2011
E01012566,Warrington 010D,1106,113,81,93,83,55,48,91,116,125,103,61,41,34,27,14,7,11,3,0,F,2011
E01012569,Warrington 010E,946,57,61,69,72,45,54,76,63,83,95,80,59,54,27,23,13,8,6,1,F,2011
E01012570,Warrington 010F,609,33,27,24,21,32,40,30,33,31,48,64,43,53,37,36,16,17,12,12,F,2011
E01012481,Warrington 011A,821,55,57,49,51,54,86,61,75,61,60,42,46,29,30,18,18,11,8,10,F,2011
E01012482,Warrington 011B,837,45,42,48,33,55,64,54,51,56,43,29,31,47,46,41,46,44,36,26,F,2011
E01012520,Warrington 011C,736,52,45,48,45,57,59,42,35,64,54,43,42,35,30,29,22,21,9,4,F,2011
E01012523,Warrington 011D,728,65,32,40,32,69,49,52,46,58,47,57,36,40,32,23,18,20,7,5,F,2011
E01012524,Warrington 011E,772,37,37,41,49,41,30,30,44,79,69,50,51,53,45,45,33,21,12,5,F,2011
E01012525,Warrington 011F,758,51,57,40,53,46,64,65,52,62,49,42,37,38,33,22,22,13,6,6,F,2011
E01012478,Warrington 012A,740,32,35,59,52,34,42,39,65,55,57,45,44,30,33,29,36,28,15,10,F,2011
E01012547,Warrington 012B,881,54,55,45,51,54,41,46,54,79,63,62,57,48,54,47,31,27,10,3,F,2011
E01012548,Warrington 012C,900,47,50,53,55,58,37,49,74,76,80,63,45,67,55,22,31,18,13,7,F,2011
E01012549,Warrington 012D,725,24,34,36,24,24,24,31,33,57,43,39,40,52,70,73,58,41,13,9,F,2011
E01012550,Warrington 012E,807,34,34,28,53,26,35,37,48,57,76,57,43,66,57,44,47,42,16,7,F,2011
E01012453,Warrington 013A,867,83,64,49,79,78,67,62,58,64,65,50,29,38,22,13,16,4,16,10,F,2011
E01012454,Warrington 013B,997,87,69,56,51,98,100,78,90,88,62,45,41,34,37,20,15,15,9,2,F,2011
E01012455,Warrington 013C,1014,117,73,59,70,107,104,86,56,50,57,55,31,28,31,31,19,24,14,2,F,2011
E01012457,Warrington 013D,847,78,43,40,26,82,85,72,73,65,55,38,34,35,37,22,22,19,13,8,F,2011
E01012551,Warrington 014A,781,33,48,62,43,46,25,44,38,71,76,68,62,63,48,24,14,9,4,3,F,2011
E01012552,Warrington 014B,711,40,29,31,42,34,40,50,43,63,34,36,43,60,50,32,36,21,21,6,F,2011
E01012553,Warrington 014C,666,28,32,51,43,33,10,30,43,65,78,64,64,70,29,17,3,4,2,0,F,2011
E01012555,Warrington 014D,704,24,31,35,33,30,26,33,46,66,57,51,41,68,45,29,20,19,26,24,F,2011
E01012556,Warrington 014E,741,29,30,29,41,38,23,31,38,68,54,58,51,64,60,63,37,18,5,4,F,2011
E01012491,Warrington 015A,717,30,30,40,44,30,21,36,49,58,51,42,56,50,72,39,28,21,13,7,F,2011
E01012492,Warrington 015B,726,26,26,50,39,18,15,30,39,63,64,44,58,70,54,53,39,24,9,5,F,2011
E01012493,Warrington 015C,943,59,59,42,45,44,45,65,69,81,66,63,48,53,55,49,15,24,36,25,F,2011
E01012494,Warrington 015D,835,44,53,70,44,31,40,57,72,94,94,63,50,47,35,18,12,7,3,1,F,2011
E01012500,Warrington 015E,692,24,25,31,47,35,32,20,36,44,63,46,56,60,79,45,20,21,4,4,F,2011
E01012495,Warrington 016A,832,53,48,58,67,50,45,60,75,94,83,59,44,40,18,17,10,6,2,3,F,2011
E01012496,Warrington 016B,725,27,39,39,45,30,37,28,42,52,66,56,44,75,36,45,27,21,10,6,F,2011
E01012497,Warrington 016C,679,40,47,38,47,37,29,39,43,43,50,43,53,65,33,40,14,9,6,3,F,2011
E01012498,Warrington 016D,797,50,45,49,54,43,50,62,44,51,61,45,61,54,31,31,24,23,10,9,F,2011
E01012499,Warrington 016E,966,80,56,59,51,46,82,99,87,83,65,58,50,75,38,19,8,7,2,1,F,2011
E01012501,Warrington 016F,712,41,48,41,27,41,43,59,44,49,52,42,56,42,38,49,23,11,3,3,F,2011
E01012479,Warrington 017A,794,59,27,33,41,84,87,67,59,50,58,36,33,41,29,24,29,16,10,11,F,2011
E01012480,Warrington 017B,918,57,31,27,48,78,131,70,67,73,52,44,27,37,30,31,26,26,32,31,F,2011
E01012510,Warrington 017D,830,48,22,44,50,58,69,69,56,82,62,59,40,35,35,32,21,27,15,6,F,2011
E01012511,Warrington 017E,854,57,33,38,44,70,114,95,39,78,52,36,38,54,35,30,17,14,5,5,F,2011
E01033299,Warrington 017F,1023,122,47,44,46,154,196,124,71,63,48,31,18,16,12,15,4,9,1,2,F,2011
E01033303,Warrington 017G,572,43,21,20,33,59,82,53,38,41,36,30,25,17,25,22,10,9,6,2,F,2011
E01012458,Warrington 018B,1184,100,90,55,58,85,179,113,109,102,63,45,44,40,33,26,18,11,6,7,F,2011
E01012483,Warrington 018C,827,45,34,38,42,74,79,49,53,48,67,40,37,59,41,38,26,23,22,12,F,2011
E01012509,Warrington 018D,921,39,33,28,36,51,56,57,59,51,70,49,63,55,78,75,45,54,17,5,F,2011
E01012512,Warrington 018E,782,30,21,26,34,44,27,30,39,51,63,46,36,83,74,65,54,31,20,8,F,2011
E01033300,Warrington 018F,437,26,11,9,21,73,96,43,17,20,19,22,12,13,10,8,15,7,11,4,F,2011
E01033302,Warrington 018G,745,76,40,31,30,81,105,80,53,48,33,29,26,35,28,19,11,7,8,5,F,2011
E01012527,Warrington 019A,775,45,44,40,44,36,33,42,64,50,65,51,41,73,44,38,25,26,7,7,F,2011
E01012528,Warrington 019B,663,19,26,39,36,30,24,22,32,42,39,50,36,60,63,67,33,20,9,16,F,2011
E01012529,Warrington 019C,741,30,29,48,54,36,36,29,48,66,61,32,36,65,71,46,30,14,7,3,F,2011
E01012530,Warrington 019D,742,28,46,45,54,25,24,28,54,73,62,46,52,43,45,41,24,21,20,11,F,2011
E01012531,Warrington 019E,811,38,48,44,28,32,27,43,52,55,45,47,47,53,61,79,65,23,19,5,F,2011
E01012532,Warrington 019F,752,28,33,36,38,22,24,22,38,52,50,34,37,52,56,69,59,39,49,14,F,2011
E01012504,Warrington 020A,877,57,53,60,55,62,103,71,69,56,64,38,37,40,23,36,19,16,8,10,F,2011
E01012505,Warrington 020B,699,41,40,44,41,49,49,46,44,63,58,41,35,44,21,34,17,15,11,6,F,2011
E01012506,Warrington 020C,783,50,52,58,46,64,70,76,55,63,52,42,30,26,25,28,18,15,10,3,F,2011
E01012507,Warrington 020D,907,75,37,37,38,95,105,79,60,54,69,39,38,42,36,35,23,22,11,12,F,2011
E01012508,Warrington 020E,787,43,43,50,51,57,58,53,39,59,52,40,48,30,30,41,25,27,20,21,F,2011
E01012513,Warrington 021A,1028,66,83,75,48,36,38,51,80,91,87,63,54,74,54,40,29,27,21,11,F,2011
E01012514,Warrington 021B,978,58,68,72,58,27,20,55,64,93,110,79,54,62,61,32,24,23,14,4,F,2011
E01012515,Warrington 021C,763,55,32,50,39,27,34,57,51,60,50,44,51,58,53,36,27,21,7,11,F,2011
E01012516,Warrington 021D,687,32,36,41,28,14,17,26,50,46,45,53,40,63,53,49,27,32,18,17,F,2011
E01012517,Warrington 021E,1133,85,72,71,68,35,45,77,104,102,103,76,63,62,79,36,27,16,8,4,F,2011
E01012518,Warrington 021F,1008,67,58,69,54,40,58,61,74,86,95,79,50,48,64,39,18,23,16,9,F,2011
E01012519,Warrington 021G,747,45,38,36,44,33,28,24,64,53,60,38,55,42,52,45,48,26,10,6,F,2011
E01012485,Warrington 022A,804,49,52,45,51,31,32,60,71,73,74,48,38,44,45,40,14,21,11,5,F,2011
E01012486,Warrington 022B,753,47,49,44,26,23,26,45,58,53,64,63,46,46,48,37,21,24,24,9,F,2011
E01012487,Warrington 022C,793,30,41,50,52,23,26,51,57,78,67,61,54,45,31,38,35,29,19,6,F,2011
E01012489,Warrington 022D,1001,40,62,85,66,23,22,27,64,100,93,67,48,55,40,55,31,59,29,35,F,2011
E01012490,Warrington 022E,759,25,41,43,37,17,27,26,35,61,61,69,42,64,50,56,50,32,14,9,F,2011
E01012450,Warrington 023A,741,21,31,43,41,27,24,19,38,50,57,51,46,61,34,42,48,46,41,21,F,2011
E01012451,Warrington 023B,806,56,34,45,55,40,34,42,44,54,74,55,27,51,41,49,29,27,29,20,F,2011
E01012557,Warrington 023C,797,47,39,35,21,33,58,70,73,70,66,55,45,52,41,27,18,24,15,8,F,2011
E01012558,Warrington 023D,882,47,52,62,38,36,45,60,82,87,81,60,48,46,34,33,25,28,12,6,F,2011
E01012559,Warrington 023E,791,46,43,48,41,26,21,39,47,68,74,40,55,57,47,34,30,27,27,21,F,2011
E01012560,Warrington 023F,764,52,44,38,43,23,26,38,48,65,68,46,45,54,42,40,34,25,20,13,F,2011
E01012448,Warrington 024A,662,18,47,48,48,27,19,26,40,50,79,64,46,54,41,27,12,8,5,3,F,2011
E01012488,Warrington 024B,886,42,47,43,43,37,18,31,53,61,74,70,59,83,53,54,45,42,22,9,F,2011
E01012502,Warrington 024C,823,52,44,62,54,22,12,44,52,70,96,57,51,57,44,28,33,24,12,9,F,2011
E01012503,Warrington 024D,734,48,40,49,66,24,22,42,57,70,88,63,40,44,38,13,17,6,4,3,F,2011
E01012446,Warrington 025A,715,18,38,47,56,31,16,14,37,64,76,65,70,64,44,24,28,20,2,1,F,2011
E01012447,Warrington 025B,765,35,64,79,69,30,6,14,41,83,114,75,53,44,15,18,12,10,2,1,F,2011
E01012449,Warrington 025C,730,19,23,31,36,23,13,16,24,50,68,49,68,57,53,69,51,47,21,12,F,2011
E01012452,Warrington 025D,904,32,53,59,54,20,21,24,43,86,77,81,59,71,56,51,53,41,17,6,F,2011
E07000026,,49041,2420,2245,2634,2795,2240,2376,2372,2792,3750,3795,3513,3298,3858,2929,2541,2096,1655,1086,646,F,2011
E01019126,Allerdale 001A,898,49,52,44,54,53,39,41,50,57,51,54,57,56,61,51,47,45,16,21,F,2011
E01019127,Allerdale 001B,818,25,29,31,34,25,23,27,28,39,51,48,63,104,76,62,57,44,38,14,F,2011
E01019132,Allerdale 001C,895,26,47,49,60,46,33,22,44,76,85,65,77,76,59,55,34,20,12,9,F,2011
E01019134,Allerdale 001D,803,29,30,62,49,34,18,34,38,58,69,51,42,81,70,41,43,32,16,6,F,2011
E01019135,Allerdale 001E,831,38,41,60,52,39,44,45,50,75,53,57,54,57,49,45,24,31,13,4,F,2011
E01019136,Allerdale 001F,826,40,45,62,60,44,35,35,60,96,63,48,47,51,28,43,29,18,16,6,F,2011
E01019137,Allerdale 001G,580,29,21,22,37,26,31,24,35,49,42,28,32,34,29,25,33,37,26,20,F,2011
E01019083,Allerdale 002A,911,39,32,33,36,33,32,38,50,82,80,58,69,106,73,40,50,30,19,11,F,2011
E01019107,Allerdale 002B,793,37,38,36,46,19,16,21,42,68,70,70,81,78,47,50,31,20,14,9,F,2011
E01019130,Allerdale 002C,845,39,38,51,48,33,24,30,44,75,77,63,57,72,62,44,37,30,15,6,F,2011
E01019131,Allerdale 002D,965,31,43,58,59,21,26,30,54,79,88,81,74,88,52,55,52,36,23,15,F,2011
E01019081,Allerdale 003A,940,65,49,43,53,45,52,47,64,71,69,68,50,72,64,42,35,28,14,9,F,2011
E01019082,Allerdale 003B,775,38,22,30,43,59,34,43,42,42,56,70,45,75,41,32,44,25,17,17,F,2011
E01019102,Allerdale 003C,872,44,45,60,53,33,39,42,54,53,65,77,62,65,70,39,30,27,9,5,F,2011
E01019128,Allerdale 003D,797,35,22,47,55,38,17,30,44,66,79,71,67,73,45,42,27,17,17,5,F,2011
E01019133,Allerdale 003E,773,32,39,50,48,22,29,34,33,62,71,63,63,85,35,31,36,20,9,11,F,2011
E01019093,Allerdale 004A,784,58,46,36,43,36,40,50,55,59,41,58,63,58,48,40,17,16,17,3,F,2011
E01019094,Allerdale 004B,873,38,42,62,49,31,35,44,47,73,74,61,47,77,60,51,32,23,18,9,F,2011
E01019096,Allerdale 004C,1133,51,47,50,60,47,61,63,74,80,73,78,75,107,85,67,56,33,18,8,F,2011
E01019114,Allerdale 004D,771,27,37,41,48,41,38,39,65,56,65,40,46,57,33,42,25,31,22,18,F,2011
E01019115,Allerdale 004E,779,39,23,30,44,35,39,38,56,71,56,41,50,64,49,44,31,27,30,12,F,2011
E01019095,Allerdale 005A,798,55,35,43,55,63,50,41,47,48,53,52,52,59,34,26,22,22,20,21,F,2011
E01019097,Allerdale 005B,943,59,53,73,72,53,60,51,63,43,69,54,57,49,57,36,36,41,8,9,F,2011
E01019098,Allerdale 005C,853,60,38,61,35,49,56,44,53,64,70,55,45,65,48,42,32,18,13,5,F,2011
E01019099,Allerdale 005D,850,47,44,43,61,45,55,44,48,66,69,61,47,58,49,47,33,12,15,6,F,2011
E01019084,Allerdale 006A,766,50,39,47,38,25,50,45,55,61,70,55,52,52,33,39,24,13,13,5,F,2011
E01019085,Allerdale 006B,776,36,41,49,44,29,18,24,53,86,61,71,68,72,42,32,21,10,13,6,F,2011
E01019086,Allerdale 006C,562,20,25,33,37,16,10,21,25,58,45,38,32,52,53,26,25,23,13,10,F,2011
E01019088,Allerdale 006D,898,34,30,34,37,46,38,57,42,64,57,64,60,59,41,41,51,61,46,36,F,2011
E01019091,Allerdale 006E,948,43,46,58,53,36,30,35,52,64,94,85,82,79,54,48,40,31,13,5,F,2011
E01019078,Allerdale 007A,762,36,50,40,29,21,15,28,51,67,44,55,55,84,57,35,38,28,22,7,F,2011
E01019079,Allerdale 007B,761,32,41,45,50,19,28,34,36,50,68,56,69,55,46,48,31,27,15,11,F,2011
E01019080,Allerdale 007C,942,44,40,56,62,34,51,63,60,79,87,65,44,61,61,41,31,33,22,8,F,2011
E01019087,Allerdale 007D,834,29,39,43,45,22,30,25,45,62,57,79,71,69,60,36,43,30,27,22,F,2011
E01019090,Allerdale 007E,777,20,32,37,36,24,19,30,34,55,62,70,68,86,58,45,46,34,12,9,F,2011
E01019116,Allerdale 008A,607,29,24,24,42,37,43,26,34,48,50,40,27,43,28,30,29,19,27,7,F,2011
E01019118,Allerdale 008B,646,41,25,26,43,51,53,65,41,49,44,39,28,36,27,20,16,26,13,3,F,2011
E01019122,Allerdale 008C,698,37,42,40,38,43,49,46,44,48,56,32,38,57,30,28,22,23,16,9,F,2011
E01019123,Allerdale 008D,809,48,52,43,37,46,47,50,43,51,65,38,50,71,40,59,34,17,12,6,F,2011
E01019124,Allerdale 008E,1061,54,58,70,73,37,51,54,63,100,102,76,59,81,46,52,40,16,17,12,F,2011
E01019125,Allerdale 008F,786,38,41,46,35,32,29,28,52,62,64,66,54,55,46,43,44,21,20,10,F,2011
E01019111,Allerdale 009A,778,56,46,47,43,67,73,37,40,63,45,52,45,41,37,33,26,18,8,1,F,2011
E01019112,Allerdale 009B,852,61,42,47,46,56,66,40,42,70,55,55,56,60,34,37,34,32,10,9,F,2011
E01019113,Allerdale 009C,941,57,51,62,69,75,64,48,51,63,59,63,53,51,34,31,35,35,22,18,F,2011
E01019120,Allerdale 009D,896,39,33,44,56,51,72,59,57,86,72,68,52,55,38,42,23,28,13,8,F,2011
E01019121,Allerdale 009E,967,45,30,56,50,51,76,73,45,58,93,69,79,58,34,48,41,38,15,8,F,2011
E01019108,Allerdale 010A,812,53,41,44,59,47,64,35,50,70,66,53,43,51,41,25,21,34,11,4,F,2011
E01019109,Allerdale 010B,943,68,46,53,77,60,72,47,59,59,64,63,54,61,40,53,34,24,2,7,F,2011
E01019110,Allerdale 010C,899,58,40,40,51,42,68,62,50,48,50,60,57,67,46,54,39,34,27,6,F,2011
E01019117,Allerdale 010D,650,47,36,20,24,35,40,47,31,43,47,58,52,47,31,28,29,18,9,8,F,2011
E01019119,Allerdale 010E,769,22,27,30,46,23,22,20,28,50,64,59,57,58,66,50,60,36,35,16,F,2011
E01019089,Allerdale 011A,828,47,38,36,46,31,37,41,59,61,65,67,55,69,54,40,22,28,22,10,F,2011
E01019100,Allerdale 011B,856,46,36,44,42,30,42,39,49,72,67,67,53,51,56,52,41,22,25,22,F,2011
E01019101,Allerdale 011C,759,28,36,36,37,23,24,34,41,54,59,55,51,70,64,48,45,29,17,8,F,2011
E01019129,Allerdale 011D,854,33,34,49,32,33,27,50,38,78,65,63,74,77,68,42,23,28,24,16,F,2011
E01019092,Allerdale 012A,800,30,34,31,36,31,34,34,39,63,69,54,45,70,64,68,49,28,9,12,F,2011
E01019103,Allerdale 012B,677,25,38,42,31,25,30,32,38,58,44,50,57,36,35,33,21,33,25,24,F,2011
E01019104,Allerdale 012C,699,25,17,28,39,22,21,39,42,38,39,51,43,46,48,55,49,45,32,20,F,2011
E01019105,Allerdale 012D,560,23,17,16,21,36,31,30,43,45,51,53,41,31,22,35,26,9,18,12,F,2011
E01019106,Allerdale 012E,762,36,20,41,37,14,26,17,20,59,56,52,52,80,71,52,50,41,26,12,F,2011
E07000027,,34904,1830,1777,1978,2181,1920,1951,1774,2127,2681,2663,2319,2173,2380,1995,1722,1293,1031,663,446,F,2011
E01019144,Barrow-in-Furness 001A,726,21,31,55,53,27,21,22,38,52,64,49,66,50,49,41,26,31,18,12,F,2011
E01019145,Barrow-in-Furness 001B,1013,59,53,67,74,44,52,53,53,96,92,72,57,73,47,44,38,19,15,5,F,2011
E01019146,Barrow-in-Furness 001C,680,22,39,47,37,25,21,26,38,65,64,54,52,61,44,23,25,17,15,5,F,2011
E01019147,Barrow-in-Furness 001D,809,52,52,45,54,48,53,59,54,81,55,46,36,45,30,27,33,21,13,5,F,2011
E01019148,Barrow-in-Furness 002A,700,25,37,37,36,35,29,21,52,41,65,72,50,55,49,49,26,8,10,3,F,2011
E01019149,Barrow-in-Furness 002B,762,34,29,52,58,39,34,38,41,73,76,57,52,52,40,36,16,16,14,5,F,2011
E01019150,Barrow-in-Furness 002C,778,45,46,42,45,46,41,47,45,59,68,51,40,38,48,40,31,24,13,9,F,2011
E01019151,Barrow-in-Furness 002D,768,31,43,51,46,21,32,49,48,54,44,36,42,65,49,52,35,26,22,22,F,2011
E01019152,Barrow-in-Furness 003A,615,20,29,23,36,19,26,18,39,43,56,50,40,47,32,41,38,22,20,16,F,2011
E01019153,Barrow-in-Furness 003B,545,12,20,30,46,10,15,16,27,51,54,37,42,34,47,30,32,21,14,7,F,2011
E01019154,Barrow-in-Furness 003C,647,12,14,26,22,17,11,12,22,39,36,51,50,68,59,53,62,42,39,12,F,2011
E01019155,Barrow-in-Furness 003D,731,13,14,15,17,12,11,13,30,29,35,42,54,80,73,80,73,66,30,44,F,2011
E01019162,Barrow-in-Furness 003E,743,38,40,35,41,29,26,29,51,54,56,62,50,63,52,49,33,18,13,4,F,2011
E01019163,Barrow-in-Furness 003F,645,19,28,49,39,19,18,22,31,56,53,59,40,55,38,30,36,26,13,14,F,2011
E01019156,Barrow-in-Furness 004A,694,33,32,33,42,51,52,42,51,39,41,27,52,56,33,28,29,26,19,8,F,2011
E01019159,Barrow-in-Furness 004B,522,30,28,29,28,51,45,40,34,29,39,35,35,27,19,23,16,7,5,2,F,2011
E01019164,Barrow-in-Furness 004C,744,57,57,73,55,56,38,46,66,70,53,47,32,35,24,17,12,4,2,0,F,2011
E01019165,Barrow-in-Furness 004D,675,38,19,26,39,46,52,33,41,42,52,62,51,50,35,30,24,16,11,8,F,2011
E01019166,Barrow-in-Furness 004E,691,40,28,38,40,40,45,35,47,61,51,47,45,40,49,27,23,16,10,9,F,2011
E01019167,Barrow-in-Furness 005A,777,45,40,45,40,49,55,61,56,63,52,54,37,49,46,36,17,14,10,8,F,2011
E01019168,Barrow-in-Furness 005B,708,23,36,35,46,36,28,30,37,76,60,55,31,43,48,44,32,29,14,5,F,2011
E01019169,Barrow-in-Furness 005C,682,25,37,50,32,24,27,43,42,46,68,50,39,41,29,31,24,29,23,22,F,2011
E01019170,Barrow-in-Furness 005D,656,24,56,41,55,26,46,32,51,64,66,43,35,26,29,19,15,11,11,6,F,2011
E01019171,Barrow-in-Furness 005E,646,39,33,30,43,54,79,45,35,58,36,36,36,36,19,26,11,10,11,9,F,2011
E01019161,Barrow-in-Furness 006A,898,43,46,63,72,35,47,46,75,83,64,67,45,45,39,40,31,24,19,14,F,2011
E01019176,Barrow-in-Furness 006B,866,27,44,56,51,25,21,28,53,72,66,68,59,90,73,50,34,29,12,8,F,2011
E01019177,Barrow-in-Furness 006C,704,50,46,47,55,43,37,49,36,57,58,44,42,41,35,28,18,10,5,3,F,2011
E01019178,Barrow-in-Furness 006D,770,53,20,27,35,33,52,44,56,49,61,50,63,55,60,42,27,24,14,5,F,2011
E01019179,Barrow-in-Furness 006E,625,19,34,33,44,28,15,27,38,52,49,52,47,66,42,27,20,15,13,4,F,2011
E01019140,Barrow-in-Furness 007A,537,50,30,31,27,34,50,28,42,39,46,24,30,28,28,17,14,11,5,3,F,2011
E01019160,Barrow-in-Furness 007B,713,42,38,54,49,28,35,38,42,71,61,47,29,60,23,30,26,23,11,6,F,2011
E01019172,Barrow-in-Furness 007C,692,50,47,30,41,56,48,41,38,41,55,56,64,33,25,21,23,13,7,3,F,2011
E01019173,Barrow-in-Furness 007D,662,44,46,36,36,45,67,35,33,56,37,23,40,32,28,34,16,27,20,7,F,2011
E01019174,Barrow-in-Furness 007E,598,33,43,45,56,39,33,29,28,53,50,51,33,31,21,21,14,9,5,4,F,2011
E01019175,Barrow-in-Furness 007F,733,26,35,59,54,42,31,35,50,67,60,49,46,46,44,31,20,16,13,9,F,2011
E01019141,Barrow-in-Furness 008A,597,55,20,29,28,51,50,32,39,38,49,23,28,40,24,21,23,15,18,14,F,2011
E01019142,Barrow-in-Furness 008B,747,76,48,32,44,74,68,53,32,48,52,42,48,33,30,25,14,13,9,6,F,2011
E01019143,Barrow-in-Furness 008C,792,46,42,43,77,56,49,38,40,63,50,41,32,35,38,28,33,33,28,20,F,2011
E01019157,Barrow-in-Furness 008D,712,46,38,40,53,67,45,47,35,54,54,46,33,34,29,29,19,26,10,7,F,2011
E01019158,Barrow-in-Furness 008E,619,72,39,36,48,62,57,37,38,36,31,31,28,25,29,20,9,11,9,1,F,2011
E01019180,Barrow-in-Furness 009A,957,28,33,30,36,39,25,36,36,55,66,62,65,105,101,98,53,49,22,18,F,2011
E01019182,Barrow-in-Furness 009C,715,28,38,36,32,32,41,31,61,52,47,47,46,41,48,51,21,26,15,22,F,2011
E01019184,Barrow-in-Furness 009E,663,49,25,37,39,40,37,40,55,45,57,34,34,51,35,26,20,25,12,2,F,2011
E01033160,Barrow-in-Furness 009F,1075,62,59,73,91,55,56,55,80,81,77,62,64,62,52,50,40,39,11,6,F,2011
E01019138,Barrow-in-Furness 010A,624,28,37,31,32,41,50,24,38,39,47,42,39,46,52,28,28,10,7,5,F,2011
E01019139,Barrow-in-Furness 010B,606,40,28,31,34,70,59,42,30,56,46,39,28,22,28,23,8,9,5,8,F,2011
E01019185,Barrow-in-Furness 010C,699,34,35,26,33,36,27,34,49,50,44,42,58,72,48,37,31,20,7,16,F,2011
E01019186,Barrow-in-Furness 010D,673,36,39,39,29,36,67,36,40,38,43,35,60,42,35,39,23,18,12,6,F,2011
E01019187,Barrow-in-Furness 010E,670,36,26,40,61,29,27,37,34,45,57,48,48,56,40,30,21,17,9,9,F,2011
E07000028,,55005,2992,2700,2826,3288,3424,3369,3035,3305,3914,4092,3893,3406,3621,2956,2479,2153,1744,1161,647,F,2011
E01019226,Carlisle 001A,579,23,31,21,41,23,22,19,34,43,50,54,37,63,39,29,20,18,7,5,F,2011
E01019227,Carlisle 001B,697,43,36,39,24,42,47,35,37,36,48,45,53,45,43,39,17,26,30,12,F,2011
E01019228,Carlisle 001C,745,24,35,27,51,49,31,26,45,62,70,54,55,57,47,33,33,19,20,7,F,2011
E01019229,Carlisle 001D,963,27,60,57,55,35,31,36,58,82,78,92,66,71,73,43,39,32,19,9,F,2011
E01019200,Carlisle 002A,776,28,30,45,42,35,30,21,33,50,69,51,65,65,59,47,43,29,26,8,F,2011
E01019201,Carlisle 002B,770,29,53,52,35,30,30,28,33,52,50,51,44,49,45,38,46,39,34,32,F,2011
E01019202,Carlisle 002C,846,43,60,49,66,43,42,55,54,64,60,55,49,52,38,32,31,25,15,13,F,2011
E01019225,Carlisle 002D,991,40,48,67,65,30,28,33,44,82,104,96,81,85,69,49,25,23,13,9,F,2011
E01019188,Carlisle 003A,765,48,39,39,49,40,62,38,40,43,56,60,47,54,32,39,39,19,14,7,F,2011
E01019189,Carlisle 003B,766,56,37,41,49,44,65,51,48,73,55,57,51,39,32,13,20,17,11,7,F,2011
E01019190,Carlisle 003C,795,29,27,38,43,33,29,29,35,55,52,52,63,64,62,65,46,45,16,12,F,2011
E01019191,Carlisle 003D,807,35,41,48,37,40,40,34,41,60,53,57,63,63,59,43,40,27,12,14,F,2011
E01019244,Carlisle 003E,773,42,34,40,31,48,26,33,49,52,57,66,46,41,52,47,40,38,20,11,F,2011
E01019196,Carlisle 004A,926,58,45,50,40,52,72,61,65,69,72,64,54,60,42,35,40,33,13,1,F,2011
E01019238,Carlisle 004B,693,36,31,38,35,30,25,27,40,48,53,66,44,43,49,51,33,28,12,4,F,2011
E01019240,Carlisle 004C,856,35,43,48,41,33,29,40,62,80,75,63,51,70,40,46,35,26,24,15,F,2011
E01019241,Carlisle 004D,826,47,52,39,40,30,18,43,48,57,62,63,67,73,47,36,39,33,25,7,F,2011
E01019243,Carlisle 004E,835,37,44,39,80,37,31,40,43,67,60,59,46,41,42,48,34,35,32,20,F,2011
E01019251,Carlisle 004F,912,51,38,45,42,28,39,45,50,66,75,69,58,71,47,49,42,48,32,17,F,2011
E01019192,Carlisle 005A,750,35,47,39,37,28,26,43,40,58,50,46,56,56,67,53,29,27,12,1,F,2011
E01019195,Carlisle 005B,758,45,32,36,38,46,38,42,46,53,51,59,38,69,36,23,27,35,22,22,F,2011
E01019203,Carlisle 005C,1068,36,48,69,66,45,37,49,58,76,100,86,88,99,58,54,32,35,19,13,F,2011
E01019254,Carlisle 005D,685,22,28,37,45,26,23,28,41,41,62,56,63,64,53,29,27,27,9,4,F,2011
E01019255,Carlisle 005E,693,30,34,43,45,26,37,23,43,65,59,59,67,53,48,26,17,10,4,4,F,2011
E01019204,Carlisle 006A,590,25,18,15,79,124,68,39,28,22,39,33,21,28,12,14,13,8,4,0,F,2011
E01019206,Carlisle 006B,657,33,21,21,55,104,63,46,29,37,51,47,37,31,13,25,16,15,7,6,F,2011
E01019234,Carlisle 006C,804,27,17,19,51,136,86,42,21,48,67,45,37,49,42,31,22,24,23,17,F,2011
E01019235,Carlisle 006D,772,44,28,29,44,54,62,44,60,56,67,46,52,42,41,26,29,29,14,5,F,2011
E01019237,Carlisle 006E,786,43,22,32,81,121,50,51,37,48,47,71,36,32,34,23,17,23,12,6,F,2011
E01019242,Carlisle 006F,718,31,34,25,52,91,28,24,38,49,45,38,44,50,30,31,34,31,32,11,F,2011
E01019219,Carlisle 007A,1102,39,64,68,57,21,40,38,55,103,80,109,97,100,70,54,50,35,16,6,F,2011
E01019224,Carlisle 007B,1041,38,43,69,59,29,31,29,51,79,99,99,74,93,89,54,43,32,17,13,F,2011
E01019239,Carlisle 007C,807,45,48,43,49,32,27,32,55,64,80,70,65,51,47,38,31,14,15,1,F,2011
E01019249,Carlisle 007D,747,25,28,29,44,14,15,26,31,52,59,70,58,69,57,53,46,40,23,8,F,2011
E01019250,Carlisle 007E,701,31,31,43,30,31,21,22,37,38,69,80,52,67,43,29,37,15,15,10,F,2011
E01019205,Carlisle 008A,895,71,36,34,49,77,97,75,58,56,42,55,38,42,27,29,35,20,27,27,F,2011
E01019207,Carlisle 008B,712,45,52,34,38,58,76,57,51,55,49,30,33,35,28,27,15,17,11,1,F,2011
E01019215,Carlisle 008C,752,39,39,27,37,55,50,62,45,55,63,59,44,42,28,22,34,15,18,18,F,2011
E01019218,Carlisle 008D,825,46,38,47,56,62,70,37,59,54,55,55,43,45,29,25,28,31,21,24,F,2011
E01019233,Carlisle 008E,684,35,15,25,32,29,26,30,27,39,38,42,38,48,52,47,75,41,26,19,F,2011
E01019193,Carlisle 009A,812,68,65,52,58,54,64,64,49,53,46,69,41,33,27,23,23,17,4,2,F,2011
E01019194,Carlisle 009B,1064,82,74,47,61,69,109,90,87,91,83,46,44,56,36,36,18,17,12,6,F,2011
E01019230,Carlisle 009C,799,39,31,39,23,41,56,45,50,45,74,45,33,48,48,47,43,54,27,11,F,2011
E01019231,Carlisle 009D,729,35,26,38,34,34,46,36,40,41,53,44,33,40,55,45,47,42,29,11,F,2011
E01019232,Carlisle 009E,755,33,37,34,53,44,35,39,47,52,47,63,52,43,47,44,34,30,15,6,F,2011
E01019252,Carlisle 009F,728,37,29,24,34,32,38,31,45,34,55,53,53,61,52,58,43,25,17,7,F,2011
E01019209,Carlisle 010A,708,59,35,38,42,47,59,51,58,49,52,45,33,36,22,21,21,18,10,12,F,2011
E01019211,Carlisle 010B,876,66,37,39,65,91,95,84,64,64,71,51,40,29,27,18,20,8,5,2,F,2011
E01019216,Carlisle 010C,820,43,22,27,38,97,99,60,57,46,50,49,47,49,46,33,23,18,11,5,F,2011
E01019217,Carlisle 010D,851,44,35,31,55,89,96,65,62,67,73,61,34,48,24,15,18,19,13,2,F,2011
E01019220,Carlisle 010E,763,53,31,36,37,45,64,57,56,63,52,54,52,29,28,34,14,22,23,13,F,2011
E01019236,Carlisle 010F,831,67,27,22,73,149,95,66,53,45,52,52,34,20,25,15,15,10,8,3,F,2011
E01019197,Carlisle 011A,1071,103,79,63,57,87,85,76,58,71,71,60,48,62,48,33,26,20,17,7,F,2011
E01019198,Carlisle 011B,685,39,48,33,26,44,47,59,55,55,32,38,31,42,30,31,18,31,19,7,F,2011
E01019199,Carlisle 011C,572,55,32,34,24,42,47,43,42,38,25,42,37,27,25,14,10,21,13,1,F,2011
E01019221,Carlisle 011D,1019,80,59,57,63,54,93,82,80,83,62,50,57,50,35,40,31,23,16,4,F,2011
E01019222,Carlisle 011E,880,75,53,42,65,56,63,60,58,68,58,40,41,45,36,26,37,25,21,11,F,2011
E01019245,Carlisle 011F,790,73,36,67,62,66,40,44,54,72,51,41,38,43,33,20,21,16,9,4,F,2011
E01019208,Carlisle 012A,792,60,40,54,59,46,60,61,53,56,68,45,40,35,35,31,21,15,8,5,F,2011
E01019210,Carlisle 012B,775,56,46,71,61,41,57,51,52,67,41,48,33,35,24,34,25,16,14,3,F,2011
E01019246,Carlisle 012C,647,40,29,34,25,23,52,37,30,39,34,40,35,44,38,44,47,25,17,14,F,2011
E01019247,Carlisle 012D,773,25,46,45,46,46,47,45,38,58,59,46,48,53,51,41,37,19,13,10,F,2011
E01019248,Carlisle 012E,606,48,40,42,56,48,50,35,36,49,35,32,28,25,21,22,17,9,6,7,F,2011
E01019212,Carlisle 013A,784,20,44,53,59,20,22,24,37,54,55,56,62,74,53,55,41,34,13,8,F,2011
E01019213,Carlisle 013B,1361,64,72,70,77,53,65,82,114,97,118,99,93,106,76,61,46,35,19,14,F,2011
E01019214,Carlisle 013C,927,35,38,51,36,28,27,35,57,54,71,69,77,73,74,57,59,36,30,20,F,2011
E01019223,Carlisle 013D,786,27,31,37,47,32,43,34,39,52,67,60,60,60,58,47,32,33,23,4,F,2011
E01019253,Carlisle 013E,933,50,51,40,42,35,47,46,65,62,66,66,61,84,61,39,47,22,27,22,F,2011
E07000029,,35147,1765,1766,1886,1898,1880,1892,1820,2124,2650,2824,2617,2272,2530,1977,1774,1428,1024,667,353,F,2011
E01019268,Copeland 001A,577,23,20,25,25,32,29,22,47,31,31,45,36,55,51,27,30,23,17,8,F,2011
E01019269,Copeland 001B,805,47,42,47,52,48,51,53,55,59,57,50,50,58,38,37,27,21,9,4,F,2011
E01019270,Copeland 001C,694,49,33,36,37,51,53,41,41,51,46,55,50,45,38,26,19,13,9,1,F,2011
E01019297,Copeland 001D,743,31,47,38,44,40,30,42,56,56,62,58,52,40,24,24,33,22,26,18,F,2011
E01019260,Copeland 002A,745,41,35,40,46,39,45,47,55,66,67,55,44,52,35,31,24,8,7,8,F,2011
E01019280,Copeland 002B,710,19,17,18,27,31,44,28,27,47,44,54,39,50,60,44,56,53,39,13,F,2011
E01019281,Copeland 002C,620,19,30,29,29,32,28,38,19,44,50,42,32,41,49,49,24,27,24,14,F,2011
E01019282,Copeland 002D,633,26,33,38,39,39,28,31,29,64,61,61,38,43,21,22,31,11,5,13,F,2011
E01019261,Copeland 003A,859,44,52,47,52,36,39,36,56,81,89,67,60,59,47,41,29,19,3,2,F,2011
E01019262,Copeland 003B,883,52,49,49,36,40,47,55,71,83,71,68,66,68,36,28,27,18,13,6,F,2011
E01019284,Copeland 003C,670,41,31,49,33,39,38,50,38,42,45,26,33,40,42,36,35,23,19,10,F,2011
E01019285,Copeland 003D,811,56,53,57,27,70,69,55,63,56,60,58,57,34,20,20,30,17,7,2,F,2011
E01019286,Copeland 003E,678,31,26,40,25,24,38,37,46,48,52,38,45,59,40,40,33,37,12,7,F,2011
E01019287,Copeland 003F,597,37,32,31,29,18,21,44,44,35,43,36,39,61,43,38,19,19,5,3,F,2011
E01019288,Copeland 003G,712,37,45,45,44,26,44,43,56,51,75,52,48,38,35,26,14,20,10,3,F,2011
E01019256,Copeland 004A,760,35,30,42,37,42,37,35,40,66,79,72,58,57,48,36,23,10,7,6,F,2011
E01019263,Copeland 004B,557,29,27,34,34,37,42,34,38,42,36,46,34,29,28,27,21,12,6,1,F,2011
E01019264,Copeland 004C,846,35,50,58,52,48,40,58,59,68,87,63,39,45,46,36,31,19,8,4,F,2011
E01019265,Copeland 004D,616,22,28,23,33,33,39,35,26,34,62,53,37,52,35,35,18,23,16,12,F,2011
E01019266,Copeland 004E,728,44,33,30,49,54,56,39,42,66,74,61,31,48,35,26,21,9,6,4,F,2011
E01019267,Copeland 004F,707,28,46,44,33,38,41,41,43,44,46,41,38,45,29,38,40,34,21,17,F,2011
E01019276,Copeland 004G,491,16,21,26,27,16,5,15,23,42,60,42,53,54,35,21,15,8,9,3,F,2011
E01019277,Copeland 004H,612,30,37,41,34,41,28,29,42,42,51,42,24,57,24,35,20,16,17,2,F,2011
E01019278,Copeland 004I,683,32,32,48,42,32,43,30,48,61,64,56,35,51,37,23,29,6,8,6,F,2011
E01019291,Copeland 005A,656,42,27,26,38,44,47,42,50,47,51,36,44,40,25,30,18,24,14,11,F,2011
E01019292,Copeland 005B,568,19,25,25,32,29,35,22,31,38,46,36,43,50,38,43,32,12,5,7,F,2011
E01019294,Copeland 005C,758,42,39,27,46,54,55,36,42,51,65,47,49,46,35,30,50,28,12,4,F,2011
E01019295,Copeland 005D,822,85,69,69,52,62,65,62,54,61,50,45,36,30,21,20,12,20,6,3,F,2011
E01019296,Copeland 005E,753,33,34,30,39,41,37,38,36,49,51,55,44,49,32,38,51,30,43,23,F,2011
E01019301,Copeland 005F,719,72,38,33,44,78,60,44,48,55,35,56,39,33,29,19,21,6,7,2,F,2011
E01019302,Copeland 005G,510,30,25,22,36,33,40,22,39,39,47,33,32,28,21,29,22,10,2,0,F,2011
E01019271,Copeland 006A,702,45,43,49,34,42,29,36,58,59,53,34,59,44,26,27,27,20,9,8,F,2011
E01019272,Copeland 006B,782,40,49,67,42,59,72,38,46,47,56,56,42,45,43,34,24,13,5,4,F,2011
E01019273,Copeland 006C,781,31,36,44,42,43,40,46,49,63,63,70,49,63,51,41,26,13,6,5,F,2011
E01019274,Copeland 006D,763,35,35,32,25,41,50,46,41,47,44,65,52,58,53,40,44,31,15,9,F,2011
E01019275,Copeland 006E,1103,48,52,51,62,50,52,45,62,101,100,80,72,70,75,51,47,46,24,15,F,2011
E01019257,Copeland 007A,757,37,41,52,33,33,28,30,47,49,52,62,54,62,65,44,28,25,12,3,F,2011
E01019258,Copeland 007B,741,23,27,30,44,32,31,27,43,67,76,67,59,53,46,53,34,16,8,5,F,2011
E01019279,Copeland 007C,663,30,22,24,22,14,25,28,28,43,54,49,59,59,51,63,34,34,15,9,F,2011
E01019300,Copeland 007D,870,40,53,50,66,28,32,40,43,89,76,84,51,77,47,36,24,12,18,4,F,2011
E01019303,Copeland 007E,771,39,42,28,47,26,29,33,43,57,54,58,44,64,53,44,46,23,29,12,F,2011
E01019304,Copeland 007F,629,17,21,37,20,21,20,16,39,45,50,58,58,62,41,43,35,24,14,8,F,2011
E01019259,Copeland 008A,657,31,25,27,31,30,15,31,38,42,47,54,50,63,41,46,35,22,19,10,F,2011
E01019283,Copeland 008B,665,33,27,30,33,33,17,31,30,53,50,50,47,70,46,52,24,21,12,6,F,2011
E01019289,Copeland 008C,724,26,42,53,45,25,27,33,39,62,59,67,43,43,41,45,23,27,17,7,F,2011
E01019290,Copeland 008D,548,27,22,34,45,30,29,28,41,36,48,49,26,39,26,17,24,14,10,3,F,2011
E01019293,Copeland 008E,689,21,34,25,31,23,25,23,27,38,54,50,82,76,56,50,27,24,17,6,F,2011
E01019298,Copeland 008F,751,24,26,42,43,40,30,27,38,60,58,52,46,58,52,67,39,26,13,10,F,2011
E01019299,Copeland 008G,1028,71,63,44,60,63,67,58,48,73,73,63,54,67,67,46,32,35,32,12,F,2011
E07000030,,26531,1139,1242,1408,1416,1128,1161,1186,1404,2053,2101,1972,1901,2154,1721,1440,1126,980,642,357,F,2011
E01019305,Eden 001A,1074,49,47,58,64,56,38,44,48,79,108,85,82,89,69,53,51,22,25,7,F,2011
E01019314,Eden 001B,625,22,32,35,32,18,15,17,29,54,52,46,73,60,47,25,29,24,6,9,F,2011
E01019320,Eden 001C,719,38,38,40,36,21,18,24,44,69,50,75,59,70,54,29,25,14,8,7,F,2011
E01019321,Eden 001D,773,33,32,45,44,26,30,35,38,68,69,57,66,64,47,36,36,16,17,14,F,2011
E01019315,Eden 002A,856,26,33,56,46,32,24,30,42,86,83,71,61,71,68,46,30,30,18,3,F,2011
E01019316,Eden 002B,722,21,36,46,88,58,27,28,26,70,79,49,35,47,39,25,21,16,8,3,F,2011
E01019322,Eden 002C,706,25,37,33,39,27,33,23,30,62,62,61,49,55,34,45,36,34,14,7,F,2011
E01019338,Eden 002D,739,20,29,60,44,28,19,31,33,69,74,56,62,64,53,44,23,14,14,2,F,2011
E01019327,Eden 003A,716,38,24,35,41,49,55,56,42,45,40,48,30,44,26,39,32,26,33,13,F,2011
E01019332,Eden 003B,758,30,42,30,22,35,45,40,42,54,48,39,49,44,35,39,37,50,37,40,F,2011
E01019333,Eden 003C,565,38,20,22,28,36,44,32,25,43,29,38,31,23,20,26,24,39,34,13,F,2011
E01019335,Eden 003D,735,40,47,41,40,53,49,43,65,71,59,43,41,46,26,16,23,18,9,5,F,2011
E01019336,Eden 003E,869,46,49,33,48,84,79,64,55,72,78,61,42,40,28,23,27,20,15,5,F,2011
E01019312,Eden 004A,742,31,27,32,27,27,38,30,28,36,72,46,53,75,58,58,39,32,23,10,F,2011
E01019326,Eden 004B,809,28,39,47,34,29,34,25,41,59,53,76,51,82,55,44,41,39,18,14,F,2011
E01019328,Eden 004C,714,31,37,38,40,23,22,28,34,45,58,61,51,43,46,33,32,30,25,37,F,2011
E01019329,Eden 004D,578,16,26,35,32,21,14,12,20,50,55,45,38,47,39,41,28,35,13,11,F,2011
E01019330,Eden 004E,766,35,41,29,44,38,46,52,42,54,52,60,52,52,32,30,27,30,32,18,F,2011
E01019331,Eden 004F,747,38,34,33,43,38,36,35,49,62,44,61,45,56,46,52,32,25,13,5,F,2011
E01019334,Eden 004G,697,26,26,44,31,20,28,30,41,56,38,37,45,43,67,55,41,38,21,10,F,2011
E01019308,Eden 005A,713,31,32,34,38,22,28,37,43,63,49,62,50,76,38,44,27,24,11,4,F,2011
E01019311,Eden 005B,750,28,38,34,31,29,29,23,40,50,65,55,72,60,50,48,35,32,23,8,F,2011
E01019313,Eden 005C,686,28,26,33,29,16,18,34,28,47,51,47,44,83,67,51,29,34,18,3,F,2011
E01019339,Eden 005D,695,31,31,30,39,24,39,26,41,50,49,51,49,61,56,41,35,22,17,3,F,2011
E01019306,Eden 006A,671,27,17,33,25,20,29,28,38,43,39,38,43,60,46,56,35,39,35,20,F,2011
E01019307,Eden 006B,896,48,39,44,64,31,29,46,56,66,74,52,62,63,58,47,43,34,23,17,F,2011
E01019310,Eden 006C,683,20,41,40,30,28,14,14,37,48,59,64,66,80,52,35,23,19,10,3,F,2011
E01019319,Eden 006D,776,46,37,51,49,33,43,44,50,64,69,50,52,50,49,30,21,25,7,6,F,2011
E01019323,Eden 006E,600,17,27,35,26,20,28,17,26,44,53,50,42,60,52,33,23,25,17,5,F,2011
E01019324,Eden 006F,650,39,32,31,31,20,21,29,35,48,53,63,57,52,51,31,22,19,12,4,F,2011
E01019337,Eden 006G,681,25,34,36,41,26,25,43,39,43,64,42,47,63,32,43,36,22,13,7,F,2011
E01019309,Eden 007A,1132,43,53,70,66,37,49,46,58,91,86,87,92,106,83,72,40,33,11,9,F,2011
E01019317,Eden 007B,659,32,34,26,28,15,19,27,32,49,47,52,41,55,56,46,34,23,26,17,F,2011
E01019318,Eden 007C,654,31,43,30,24,33,38,45,41,27,32,37,48,49,41,40,36,31,19,9,F,2011
E01019325,Eden 007D,700,38,31,41,40,33,29,26,43,55,57,51,66,61,44,30,19,24,8,4,F,2011
E01019340,Eden 007E,675,24,31,48,32,22,29,22,23,61,51,56,55,60,57,34,34,22,9,5,F,2011
E07000031,,53113,2136,2313,2566,2742,1984,2275,2427,2849,3804,4148,3875,3680,4428,3779,2932,2528,2231,1494,922,F,2011
E01019374,South Lakeland 001A,789,30,31,45,40,40,54,47,47,63,81,58,41,34,44,31,41,28,24,10,F,2011
E01019375,South Lakeland 001B,723,11,13,13,23,37,43,40,32,40,39,57,57,62,54,58,44,55,32,13,F,2011
E01019376,South Lakeland 001C,707,24,22,16,34,54,55,40,30,38,47,45,61,68,51,38,28,30,19,7,F,2011
E01019395,South Lakeland 001D,1125,39,29,62,69,38,53,32,47,61,77,69,69,80,89,68,75,71,60,37,F,2011
E01019387,South Lakeland 002A,1087,39,50,52,47,30,29,50,56,97,84,64,95,73,87,65,60,51,32,26,F,2011
E01019396,South Lakeland 002B,1042,39,51,41,42,31,38,45,65,69,101,80,60,61,89,64,55,57,32,22,F,2011
E01019397,South Lakeland 002C,985,43,38,37,27,52,79,83,63,65,76,64,51,77,67,63,41,35,12,12,F,2011
E01019398,South Lakeland 002D,609,32,45,34,34,28,46,33,37,48,56,35,38,51,22,26,20,12,8,4,F,2011
E01019399,South Lakeland 002E,553,18,29,49,29,23,17,21,31,55,48,35,30,28,46,24,31,17,11,11,F,2011
E01019346,South Lakeland 003A,972,44,37,48,47,36,45,37,47,63,78,67,97,100,80,53,37,27,15,14,F,2011
E01019359,South Lakeland 003B,1074,60,77,43,57,47,62,90,64,78,71,66,50,83,57,53,46,38,17,15,F,2011
E01019365,South Lakeland 003C,1088,43,29,50,72,70,55,69,69,88,107,90,74,80,54,46,34,34,19,5,F,2011
E01019370,South Lakeland 003D,1177,72,56,66,55,35,75,94,83,92,91,79,64,92,62,43,45,33,25,15,F,2011
E01019360,South Lakeland 004A,1039,43,44,41,41,59,69,76,61,86,78,69,75,78,55,50,26,35,31,22,F,2011
E01019363,South Lakeland 004B,966,61,37,33,30,61,66,50,61,66,71,86,58,51,44,38,40,45,36,32,F,2011
E01019364,South Lakeland 004C,991,59,62,66,56,56,67,75,73,67,80,65,48,51,32,24,25,33,27,25,F,2011
E01019371,South Lakeland 004D,1149,72,63,78,77,64,82,87,66,97,90,62,63,71,48,31,30,29,26,13,F,2011
E01019358,South Lakeland 005A,968,59,39,43,43,26,51,51,60,86,51,65,67,84,61,48,45,41,22,26,F,2011
E01019362,South Lakeland 005B,1025,37,54,59,46,40,31,37,72,72,77,68,65,83,80,68,52,45,25,14,F,2011
E01019366,South Lakeland 005C,953,43,38,48,33,35,34,50,72,54,72,65,63,75,54,51,48,39,45,34,F,2011
E01019394,South Lakeland 005D,1136,39,70,73,62,29,22,43,50,95,121,121,101,97,80,42,40,31,15,5,F,2011
E01019361,South Lakeland 006A,970,49,47,46,47,33,48,51,59,64,81,73,60,78,60,48,37,38,37,14,F,2011
E01019367,South Lakeland 006B,1252,80,71,58,59,58,72,75,93,121,87,89,81,86,67,49,36,32,16,22,F,2011
E01019368,South Lakeland 006C,1088,57,67,64,85,54,38,62,70,93,107,65,71,89,55,37,32,22,16,4,F,2011
E01019369,South Lakeland 006D,992,33,36,35,50,25,36,22,50,65,81,76,66,97,66,69,50,70,42,23,F,2011
E01019356,South Lakeland 007A,731,22,25,27,35,20,25,20,41,47,62,69,66,81,62,28,47,23,22,9,F,2011
E01019381,South Lakeland 007B,1043,48,46,42,48,30,35,45,45,84,99,86,77,115,100,58,44,25,13,3,F,2011
E01019386,South Lakeland 007C,854,27,32,33,33,30,24,29,57,57,74,72,65,78,74,59,41,33,25,11,F,2011
E01019344,South Lakeland 008A,515,21,23,22,26,18,24,24,23,35,40,60,45,40,34,25,16,18,16,5,F,2011
E01019345,South Lakeland 008B,595,17,24,36,27,18,18,16,25,39,41,51,53,63,52,38,36,20,10,11,F,2011
E01019350,South Lakeland 008C,811,23,24,28,37,26,37,31,21,53,72,68,80,91,75,47,33,39,18,8,F,2011
E01019351,South Lakeland 008D,859,22,43,38,41,30,28,27,36,73,99,86,76,77,57,55,32,23,13,3,F,2011
E01019372,South Lakeland 009A,579,20,18,18,24,18,22,26,20,31,31,37,33,56,43,31,48,35,46,22,F,2011
E01019373,South Lakeland 009B,791,27,33,66,150,9,23,22,31,38,56,58,52,60,56,43,32,21,9,5,F,2011
E01019384,South Lakeland 009C,1200,40,41,79,128,32,33,34,51,70,78,94,95,118,96,74,57,44,27,9,F,2011
E01019385,South Lakeland 009D,596,19,30,27,22,21,31,27,37,48,36,42,35,55,48,29,35,26,21,7,F,2011
E01019348,South Lakeland 010A,618,30,30,45,24,17,20,36,32,48,45,45,42,52,37,38,31,22,16,8,F,2011
E01019352,South Lakeland 010B,1155,44,56,61,73,49,36,44,53,88,118,102,92,98,88,45,38,36,22,12,F,2011
E01019377,South Lakeland 010C,904,31,33,45,23,23,13,38,37,63,69,66,70,98,83,68,52,60,21,11,F,2011
E01019383,South Lakeland 010D,1030,35,30,58,50,25,23,21,45,65,87,87,81,99,107,77,60,51,20,9,F,2011
E01019341,South Lakeland 011A,801,15,23,14,23,9,15,22,28,39,55,55,73,94,96,70,61,64,28,17,F,2011
E01019342,South Lakeland 011B,568,15,19,27,25,14,11,19,27,24,35,40,31,56,43,35,48,39,27,33,F,2011
E01019343,South Lakeland 011C,793,17,33,47,40,24,17,18,28,40,57,72,41,85,77,58,46,30,37,26,F,2011
E01019347,South Lakeland 011D,902,44,43,46,49,44,44,38,59,74,70,62,60,86,60,43,31,25,14,10,F,2011
E01019382,South Lakeland 011E,1134,48,66,63,95,29,55,39,80,89,72,67,76,75,64,64,48,51,34,19,F,2011
E01019388,South Lakeland 012A,997,34,41,50,49,23,48,40,58,65,76,61,82,65,60,55,50,69,40,31,F,2011
E01019389,South Lakeland 012B,1164,75,64,76,59,75,79,72,100,111,73,82,56,84,56,39,26,18,15,4,F,2011
E01019390,South Lakeland 012C,1026,42,60,61,39,36,47,62,57,81,84,58,58,90,64,58,49,33,32,15,F,2011
E01019392,South Lakeland 012D,935,45,34,45,44,31,70,53,59,75,64,66,46,52,44,52,48,46,38,23,F,2011
E01019349,South Lakeland 013A,961,28,40,34,43,29,27,21,40,73,69,64,92,83,88,57,54,63,35,21,F,2011
E01019353,South Lakeland 013B,798,28,35,24,38,27,25,30,42,49,60,52,57,67,74,58,42,41,34,15,F,2011
E01019354,South Lakeland 013C,717,11,13,17,26,17,19,12,21,30,40,41,40,57,65,44,71,82,58,53,F,2011
E01019355,South Lakeland 013D,687,7,9,20,11,6,11,9,14,23,27,35,52,84,98,80,81,57,37,26,F,2011
E01019357,South Lakeland 013E,940,38,28,40,54,50,29,41,45,77,79,67,55,72,63,56,55,38,34,19,F,2011
E01019378,South Lakeland 014A,833,37,46,45,44,43,28,29,50,67,81,68,63,53,44,44,30,37,19,5,F,2011
E01019379,South Lakeland 014B,735,22,34,26,39,22,17,17,29,57,58,65,51,67,68,47,33,33,23,27,F,2011
E01019380,South Lakeland 014C,527,20,26,20,26,17,13,16,27,47,46,45,46,68,42,32,17,9,8,2,F,2011
E01019391,South Lakeland 014D,868,27,39,56,45,28,35,52,38,70,63,62,65,78,68,52,43,28,14,5,F,2011
E01019393,South Lakeland 014E,986,31,37,30,47,33,26,37,35,51,80,77,69,102,89,86,75,44,24,13,F,2011
E08000001,,140280,9257,8183,8455,8748,9067,9290,8676,9261,10524,10189,8961,7639,8519,6666,5471,4337,3453,2309,1275,F,2011
E01004768,Bolton 001A,798,36,48,48,62,32,20,43,59,88,77,61,42,64,32,28,29,12,15,2,F,2011
E01004803,Bolton 001B,822,47,46,48,38,35,47,42,65,64,62,45,61,71,49,40,26,22,8,6,F,2011
E01004804,Bolton 001C,724,24,27,47,33,30,24,37,42,51,61,61,63,71,67,36,27,12,10,1,F,2011
E01004807,Bolton 001D,726,32,33,55,75,46,37,36,52,85,85,53,33,39,34,23,4,3,1,0,F,2011
E01004808,Bolton 001E,833,40,32,56,47,46,30,42,46,71,70,63,63,84,56,30,14,28,13,2,F,2011
E01004788,Bolton 002A,733,31,39,44,31,19,19,28,49,48,56,45,55,63,61,54,51,27,5,8,F,2011
E01004790,Bolton 002B,732,33,35,37,31,28,30,42,54,68,38,38,51,62,45,52,38,30,16,4,F,2011
E01004805,Bolton 002C,829,31,38,44,58,36,23,16,52,72,79,63,46,84,65,48,27,26,15,6,F,2011
E01004806,Bolton 002D,771,26,20,54,42,41,21,26,41,54,61,42,41,62,63,56,48,27,28,18,F,2011
E01004810,Bolton 002E,831,39,52,63,60,40,28,34,51,78,88,59,72,58,32,26,21,19,7,4,F,2011
E01004769,Bolton 003A,785,46,32,41,37,33,44,48,62,47,72,61,43,68,48,33,30,23,11,6,F,2011
E01004770,Bolton 003B,759,32,40,54,36,30,29,40,52,49,41,55,48,48,52,56,36,34,21,6,F,2011
E01004771,Bolton 003C,832,59,59,45,40,31,20,43,67,66,66,57,54,57,46,39,45,20,11,7,F,2011
E01004773,Bolton 003D,945,49,45,75,41,99,91,74,58,64,76,55,30,34,27,36,29,25,22,15,F,2011
E01004809,Bolton 003E,944,43,45,60,45,45,66,49,70,76,67,54,50,69,47,40,34,35,32,17,F,2011
E01004777,Bolton 004A,846,57,35,47,44,54,67,67,48,63,68,42,33,43,32,28,38,28,25,27,F,2011
E01004881,Bolton 004B,780,40,24,27,23,43,60,40,56,36,47,34,33,52,58,32,49,52,48,26,F,2011
E01004888,Bolton 004C,647,28,26,43,49,29,28,28,40,58,68,63,47,50,37,17,16,9,10,1,F,2011
E01004889,Bolton 004D,765,38,40,60,54,47,36,37,55,71,58,53,36,51,43,18,22,19,20,7,F,2011
E01004890,Bolton 004E,734,33,36,46,37,38,60,44,42,67,65,45,28,58,26,28,35,24,17,5,F,2011
E01004766,Bolton 005A,798,43,31,31,46,51,52,63,47,46,60,54,41,49,40,30,46,39,18,11,F,2011
E01004767,Bolton 005B,861,52,33,40,39,79,76,51,52,63,55,56,37,46,44,45,33,31,18,11,F,2011
E01004772,Bolton 005C,910,65,61,74,61,51,58,74,57,105,58,61,45,42,22,29,22,11,8,6,F,2011
E01004774,Bolton 005D,866,63,49,45,84,53,58,56,66,68,77,55,50,31,37,20,21,18,10,5,F,2011
E01004824,Bolton 005E,833,76,81,70,59,60,78,60,66,54,49,36,57,25,19,13,9,4,10,7,F,2011
E01004784,Bolton 006A,634,27,29,31,30,29,19,21,41,39,45,58,46,72,62,43,23,11,6,2,F,2011
E01004785,Bolton 006B,743,38,47,34,34,37,39,42,46,38,59,42,51,61,48,48,38,25,11,5,F,2011
E01004786,Bolton 006C,770,37,30,40,44,25,44,24,43,53,65,47,49,64,53,56,48,21,18,9,F,2011
E01004789,Bolton 006D,722,32,37,37,28,36,24,43,36,46,55,61,43,61,61,48,43,15,12,4,F,2011
E01004791,Bolton 006E,661,21,28,32,25,30,19,29,27,63,47,40,34,54,44,49,45,33,31,10,F,2011
E01004792,Bolton 006F,752,25,38,29,33,31,20,29,42,48,45,54,47,86,58,65,44,39,12,7,F,2011
E01004779,Bolton 007A,787,57,56,49,54,30,44,48,67,89,69,59,59,44,23,20,9,6,3,1,F,2011
E01004781,Bolton 007B,922,79,42,31,40,70,83,110,61,72,72,60,40,48,31,25,25,21,10,2,F,2011
E01004882,Bolton 007C,689,25,34,38,46,33,34,28,55,59,73,50,33,49,36,26,21,15,26,8,F,2011
E01004883,Bolton 007D,713,33,33,33,41,44,51,59,47,60,60,44,51,55,40,27,9,11,9,6,F,2011
E01004884,Bolton 007E,736,22,20,31,18,26,28,38,33,45,55,58,64,91,71,50,31,29,15,11,F,2011
E01004864,Bolton 008A,794,51,33,47,50,45,67,51,53,61,60,53,39,48,30,37,29,20,12,8,F,2011
E01004867,Bolton 008B,737,61,43,56,36,40,80,60,54,54,41,43,39,31,28,23,22,11,7,8,F,2011
E01004921,Bolton 008C,809,37,50,26,51,35,61,39,64,53,63,63,49,46,40,35,39,23,26,9,F,2011
E01004924,Bolton 008D,776,27,30,57,63,31,18,24,39,68,91,71,52,69,43,33,17,30,9,4,F,2011
E01004925,Bolton 008E,793,45,27,36,56,39,45,42,42,60,68,55,38,56,39,37,29,27,26,26,F,2011
E01004778,Bolton 009A,584,21,17,31,28,18,23,37,22,38,45,30,39,54,60,46,29,24,13,9,F,2011
E01004780,Bolton 009B,1007,54,53,44,51,43,76,76,72,91,73,64,58,66,59,30,35,33,18,11,F,2011
E01004782,Bolton 009C,592,34,31,27,31,22,30,36,44,39,31,42,39,46,45,30,29,23,7,6,F,2011
E01004783,Bolton 009D,741,32,26,44,44,32,32,35,44,57,74,42,62,53,50,45,31,19,17,2,F,2011
E01004802,Bolton 010A,926,66,68,73,75,63,70,72,53,78,67,42,41,49,35,19,23,20,11,1,F,2011
E01004926,Bolton 010B,735,47,60,59,78,45,47,32,50,53,76,51,25,34,19,19,18,11,6,5,F,2011
E01004927,Bolton 010C,1062,65,73,51,73,111,122,74,49,68,73,61,62,45,29,31,35,26,11,3,F,2011
E01004929,Bolton 010D,994,65,63,62,50,52,89,70,84,61,70,74,48,55,39,35,23,23,21,10,F,2011
E01004820,Bolton 011A,799,76,47,72,56,63,74,50,67,52,46,53,29,31,21,23,15,12,8,4,F,2011
E01004825,Bolton 011B,783,86,55,63,46,73,83,68,56,39,34,45,42,31,20,18,11,5,6,2,F,2011
E01004826,Bolton 011C,816,90,58,50,55,78,82,64,63,48,49,39,42,24,18,13,16,13,10,4,F,2011
E01004865,Bolton 011D,699,56,36,30,32,39,68,49,42,33,46,40,37,36,39,33,25,25,19,14,F,2011
E01004866,Bolton 011E,891,87,63,61,59,69,59,60,56,61,55,48,33,51,35,31,20,23,16,4,F,2011
E01004840,Bolton 012A,827,25,30,48,47,48,31,42,40,69,73,59,59,77,49,29,30,32,25,14,F,2011
E01004841,Bolton 012B,871,79,80,69,68,56,73,61,67,69,54,39,30,33,24,18,21,15,8,7,F,2011
E01004842,Bolton 012C,897,46,45,51,45,32,33,26,55,73,68,53,51,64,57,40,47,59,32,20,F,2011
E01004919,Bolton 012D,759,37,41,39,43,38,38,39,55,48,57,59,46,53,39,42,25,39,17,4,F,2011
E01004920,Bolton 012E,848,45,49,40,57,35,41,37,55,59,66,66,49,45,41,45,35,32,31,20,F,2011
E01004787,Bolton 013A,832,64,57,53,61,73,63,50,60,49,62,61,30,44,35,18,18,16,14,4,F,2011
E01004793,Bolton 013B,841,53,46,59,60,57,51,46,35,59,68,53,41,45,30,36,21,22,22,37,F,2011
E01004794,Bolton 013C,938,89,81,71,63,68,87,57,57,62,58,63,43,42,33,20,17,19,6,2,F,2011
E01004795,Bolton 013D,741,46,35,24,43,56,38,38,46,44,47,48,43,41,37,39,27,36,31,22,F,2011
E01004797,Bolton 013E,738,54,57,71,58,47,45,48,45,66,48,44,30,39,21,18,16,18,11,2,F,2011
E01004775,Bolton 014A,753,36,31,38,29,28,21,31,41,59,69,49,48,64,58,53,32,28,17,21,F,2011
E01004885,Bolton 014B,698,39,40,55,29,20,26,26,45,60,59,46,63,51,53,37,21,17,8,3,F,2011
E01004886,Bolton 014C,707,43,37,53,45,46,39,43,45,56,58,43,35,47,30,28,21,20,12,6,F,2011
E01004887,Bolton 014D,720,28,39,41,56,42,27,43,28,54,60,58,55,60,37,36,26,12,17,1,F,2011
E01004868,Bolton 015A,852,65,48,42,65,94,95,70,52,52,63,61,31,28,23,24,19,6,10,4,F,2011
E01004869,Bolton 015B,853,101,53,28,42,79,80,65,48,58,47,42,43,47,31,24,23,16,22,4,F,2011
E01004870,Bolton 015C,864,57,59,45,61,97,78,61,35,53,51,53,34,22,33,33,23,37,19,13,F,2011
E01004871,Bolton 015D,777,96,65,53,48,92,85,64,40,39,36,43,37,20,16,17,10,10,3,3,F,2011
E01004922,Bolton 015E,873,50,57,59,58,69,80,66,60,67,58,53,33,46,33,31,11,25,11,6,F,2011
E01004822,Bolton 016B,860,65,86,70,65,65,61,55,64,59,37,51,30,39,26,35,24,15,9,4,F,2011
E01004823,Bolton 016C,867,66,57,47,59,76,58,51,53,51,61,54,40,45,45,32,25,26,12,9,F,2011
E01004848,Bolton 016D,773,46,38,33,67,87,62,39,27,50,35,29,33,36,33,41,31,28,28,30,F,2011
E01033217,Bolton 016E,471,18,11,18,21,69,60,26,28,16,22,23,29,19,18,23,25,22,14,9,F,2011
E01033220,Bolton 016F,567,43,27,31,25,72,50,54,40,41,32,37,19,22,19,16,9,13,7,10,F,2011
E01004818,Bolton 017A,750,63,49,36,42,71,56,50,45,64,53,45,31,20,19,15,23,25,25,18,F,2011
E01004819,Bolton 017B,737,33,31,28,73,73,48,38,34,57,47,39,45,37,32,33,36,27,19,7,F,2011
E01004928,Bolton 017C,726,67,29,26,43,74,65,49,43,44,48,53,29,34,26,32,26,21,10,7,F,2011
E01004930,Bolton 017D,781,39,32,39,41,44,50,36,44,55,64,48,52,60,60,37,35,22,21,2,F,2011
E01004931,Bolton 017E,816,49,34,40,29,55,63,47,57,69,50,46,37,59,47,33,43,31,22,5,F,2011
E01004932,Bolton 017F,783,73,31,39,35,71,82,57,48,54,60,56,28,44,26,24,22,15,12,6,F,2011
E01004834,Bolton 018A,749,59,49,51,44,75,68,50,50,46,45,45,50,29,17,21,22,14,8,6,F,2011
E01004838,Bolton 018B,854,85,59,65,60,78,56,63,49,58,53,48,39,33,25,15,19,15,24,10,F,2011
E01004843,Bolton 018C,803,32,49,49,56,41,27,40,42,74,66,58,49,34,48,34,35,31,26,12,F,2011
E01004845,Bolton 018D,866,46,56,57,64,44,59,48,60,61,70,70,47,57,31,29,21,32,8,6,F,2011
E01004923,Bolton 018E,772,42,35,48,49,69,72,59,53,67,58,57,41,38,20,25,16,10,7,6,F,2011
E01004796,Bolton 019A,754,49,46,41,50,51,51,47,35,54,69,54,42,48,33,34,28,13,6,3,F,2011
E01004798,Bolton 019B,865,66,60,56,58,53,61,49,69,67,56,41,49,53,42,36,23,14,10,2,F,2011
E01004799,Bolton 019C,669,25,20,42,22,23,30,29,24,26,55,49,62,92,52,49,33,25,8,3,F,2011
E01004800,Bolton 019D,660,34,25,32,47,43,20,37,37,45,73,57,61,72,46,14,8,4,3,2,F,2011
E01004801,Bolton 019E,881,76,59,59,62,81,78,62,61,61,71,57,32,42,26,25,11,14,2,2,F,2011
E01004917,Bolton 019F,1075,86,76,51,56,74,71,109,76,78,77,67,53,82,52,24,17,15,6,5,F,2011
E01004835,Bolton 020A,719,40,34,35,31,29,35,33,37,57,46,50,57,69,45,51,20,27,15,8,F,2011
E01004836,Bolton 020B,779,45,50,42,29,29,33,41,49,45,54,43,35,61,56,58,40,36,23,10,F,2011
E01004837,Bolton 020C,817,22,32,74,60,40,24,24,31,61,72,82,73,61,52,36,35,23,9,6,F,2011
E01004844,Bolton 020D,802,41,32,37,52,32,28,24,37,53,67,72,63,95,61,41,32,22,9,4,F,2011
E01004897,Bolton 020E,530,30,30,22,16,28,38,34,42,36,40,29,34,52,48,15,16,15,4,1,F,2011
E01004827,Bolton 021A,802,76,64,50,65,50,71,60,62,53,46,42,28,31,24,26,24,15,7,8,F,2011
E01004849,Bolton 021B,857,84,70,75,81,66,77,58,60,56,50,48,35,21,15,29,17,5,3,7,F,2011
E01004850,Bolton 021C,792,73,59,67,48,59,74,63,65,61,41,49,36,25,28,18,11,5,9,1,F,2011
E01004851,Bolton 021D,763,58,38,37,63,44,54,45,50,50,44,37,40,45,48,39,32,19,14,6,F,2011
E01004853,Bolton 021E,771,71,68,84,51,53,58,63,65,48,49,47,28,26,16,25,8,9,1,1,F,2011
E01004811,Bolton 022A,790,88,65,38,65,77,68,58,44,49,40,43,34,33,23,22,14,15,12,2,F,2011
E01004812,Bolton 022B,897,103,82,66,70,95,85,79,67,47,33,48,37,23,18,20,13,9,2,0,F,2011
E01004813,Bolton 022C,693,70,32,41,44,65,57,44,46,40,44,40,40,20,26,14,19,19,17,15,F,2011
E01004815,Bolton 022D,775,71,62,47,47,59,63,50,48,49,47,56,32,31,33,21,31,15,7,6,F,2011
E01004817,Bolton 022E,740,50,43,35,36,56,73,39,54,55,50,36,38,52,17,41,29,18,10,8,F,2011
E01004828,Bolton 023A,901,116,68,56,66,85,75,76,58,52,52,45,27,29,27,19,18,18,9,5,F,2011
E01004829,Bolton 023B,676,60,47,52,46,59,62,48,58,53,37,35,36,18,17,23,15,5,4,1,F,2011
E01004832,Bolton 023C,774,66,47,42,43,60,73,77,57,54,50,49,30,37,28,15,18,13,9,6,F,2011
E01004854,Bolton 023D,751,77,58,54,68,71,66,59,38,60,48,35,32,21,18,17,10,7,5,7,F,2011
E01004878,Bolton 023E,700,56,47,37,47,55,46,49,41,53,56,35,38,36,26,30,21,12,12,3,F,2011
E01004911,Bolton 024A,788,58,36,43,31,51,50,54,58,69,52,46,47,53,48,25,21,21,21,4,F,2011
E01004912,Bolton 024B,749,28,29,28,33,41,20,40,33,57,47,51,63,87,85,42,27,16,18,4,F,2011
E01004913,Bolton 024C,978,87,64,64,68,51,63,73,90,96,60,44,53,54,41,20,23,11,11,5,F,2011
E01004914,Bolton 024D,619,23,31,30,23,20,22,18,42,39,33,30,44,76,77,44,36,14,7,10,F,2011
E01004915,Bolton 024E,665,25,19,42,26,43,23,25,36,55,60,49,63,87,53,18,9,20,8,4,F,2011
E01004916,Bolton 024F,790,38,52,55,40,35,43,50,59,67,42,49,42,57,42,39,26,24,22,8,F,2011
E01004918,Bolton 024G,637,38,27,33,36,27,20,36,55,54,41,43,59,58,31,34,26,8,7,4,F,2011
E01004846,Bolton 025A,646,67,43,37,42,56,63,59,38,29,37,30,29,27,25,16,14,12,13,9,F,2011
E01004847,Bolton 025B,1049,120,102,77,83,84,79,96,78,60,52,46,39,28,23,16,15,14,17,20,F,2011
E01004852,Bolton 025C,803,83,57,72,47,72,71,66,60,43,39,59,33,23,23,26,14,11,4,0,F,2011
E01004877,Bolton 025D,899,94,83,52,69,66,67,66,58,62,51,43,24,37,34,29,25,14,17,8,F,2011
E01004879,Bolton 025E,778,83,79,67,54,52,51,66,55,69,35,37,30,17,23,15,16,9,7,13,F,2011
E01004830,Bolton 026A,795,59,54,37,41,55,65,46,43,57,50,58,36,40,34,36,29,28,14,13,F,2011
E01004831,Bolton 026B,819,48,50,49,48,40,66,53,62,70,63,56,35,44,42,32,26,24,7,4,F,2011
E01004833,Bolton 026C,795,44,44,50,45,31,33,40,61,65,54,53,42,59,55,46,23,31,14,5,F,2011
E01004839,Bolton 026D,1021,67,56,56,77,61,66,72,62,82,62,51,50,53,44,51,37,33,24,17,F,2011
E01004814,Bolton 027A,726,63,62,51,47,65,61,58,52,57,54,33,29,24,19,18,17,9,3,4,F,2011
E01004855,Bolton 027B,773,58,36,49,57,74,49,56,54,62,59,52,41,30,29,19,18,17,9,4,F,2011
E01004856,Bolton 027C,689,67,52,27,34,56,65,49,48,52,29,56,39,30,17,15,17,15,17,4,F,2011
E01004857,Bolton 027D,769,64,55,60,57,61,66,41,52,62,54,47,40,43,17,25,11,9,4,1,F,2011
E01004891,Bolton 028A,810,29,25,41,53,30,40,29,37,60,73,51,51,76,55,55,38,37,22,8,F,2011
E01004893,Bolton 028B,753,48,38,31,41,28,31,32,49,48,56,69,73,76,41,52,21,9,6,4,F,2011
E01004894,Bolton 028C,934,56,51,49,60,59,64,58,62,80,67,65,49,50,48,36,37,29,7,7,F,2011
E01004901,Bolton 028E,891,31,31,43,75,58,39,51,45,75,90,96,83,63,47,23,19,12,7,3,F,2011
E01033218,Bolton 028F,802,86,56,38,34,37,66,123,91,51,54,47,25,40,21,13,10,1,6,3,F,2011
E01033219,Bolton 028G,745,36,43,51,38,27,42,38,42,78,73,55,31,55,59,33,21,9,10,4,F,2011
E01004816,Bolton 029A,814,69,69,54,77,45,51,43,61,44,52,42,43,44,29,23,29,25,8,6,F,2011
E01004872,Bolton 029B,806,66,50,49,64,50,57,53,61,64,63,59,33,36,27,26,18,15,11,4,F,2011
E01004873,Bolton 029C,910,62,69,85,74,68,58,49,67,66,66,65,46,36,26,23,17,14,18,1,F,2011
E01004875,Bolton 029D,812,52,40,43,62,35,48,41,47,60,57,52,46,53,52,26,31,29,24,14,F,2011
E01004880,Bolton 029E,666,38,31,34,58,44,41,27,47,41,52,45,47,50,47,19,21,12,10,2,F,2011
E01004892,Bolton 030A,811,26,30,48,43,31,18,24,48,55,61,46,51,59,71,63,65,41,24,7,F,2011
E01004896,Bolton 030B,692,15,29,30,36,19,18,23,27,48,51,36,57,72,72,59,38,25,23,14,F,2011
E01004899,Bolton 030C,784,55,47,49,48,48,38,56,49,86,67,52,43,37,30,32,20,14,11,2,F,2011
E01004900,Bolton 030D,816,50,77,56,53,37,77,74,77,86,49,49,35,42,28,7,8,8,3,0,F,2011
E01004776,Bolton 031A,916,62,47,43,41,65,67,69,73,66,85,74,45,40,38,34,32,13,13,9,F,2011
E01004895,Bolton 031B,704,32,44,39,44,38,32,37,49,54,55,44,45,68,32,23,21,21,18,8,F,2011
E01004936,Bolton 031C,1019,57,44,44,60,59,102,63,83,84,88,69,70,60,46,28,28,15,10,9,F,2011
E01004938,Bolton 031D,759,42,55,49,53,40,52,55,60,63,44,43,43,35,27,31,24,20,12,11,F,2011
E01004939,Bolton 031E,757,40,39,38,55,35,44,43,59,65,59,53,62,55,42,19,28,15,4,2,F,2011
E01004858,Bolton 032A,802,53,43,33,37,59,66,58,52,66,50,43,38,46,49,32,21,21,18,17,F,2011
E01004859,Bolton 032B,798,50,35,37,37,53,48,34,35,36,53,55,49,47,40,38,38,37,36,40,F,2011
E01004860,Bolton 032C,776,53,32,38,38,62,54,40,40,50,74,46,46,39,41,48,38,22,8,7,F,2011
E01004902,Bolton 032D,845,54,34,42,51,67,70,55,54,63,52,49,37,56,43,43,28,25,18,4,F,2011
E01004906,Bolton 032E,833,50,40,45,49,79,55,39,51,54,66,53,43,44,45,21,37,24,25,13,F,2011
E01004861,Bolton 033A,860,80,68,73,74,68,74,64,62,77,64,40,31,23,16,18,6,12,7,3,F,2011
E01004862,Bolton 033B,721,70,47,40,67,50,51,41,46,56,60,34,33,33,17,25,16,14,12,9,F,2011
E01004863,Bolton 033C,790,45,45,62,74,77,55,47,37,70,67,44,33,51,33,12,16,12,6,4,F,2011
E01004874,Bolton 033D,925,51,77,70,57,65,56,56,76,82,58,48,40,48,34,36,23,27,13,8,F,2011
E01004876,Bolton 033E,953,58,69,60,71,63,62,54,90,69,59,49,43,58,37,49,22,24,10,6,F,2011
E01004903,Bolton 034A,758,45,44,59,42,35,40,54,57,87,63,58,40,49,36,26,12,7,4,0,F,2011
E01004904,Bolton 034B,816,40,56,58,50,45,53,53,72,78,74,55,37,42,42,28,9,16,6,2,F,2011
E01004905,Bolton 034C,820,58,60,47,55,54,62,53,58,53,65,59,41,46,37,23,21,17,8,3,F,2011
E01004907,Bolton 034D,684,34,33,52,68,43,49,41,53,55,55,52,32,37,14,18,16,17,7,8,F,2011
E01004908,Bolton 034E,699,43,37,48,35,35,27,25,52,52,51,32,36,47,64,51,37,11,14,2,F,2011
E01004909,Bolton 034F,732,45,47,50,46,39,37,45,43,60,50,42,45,40,34,33,30,23,17,6,F,2011
E01004910,Bolton 034G,1058,65,59,59,51,94,103,88,87,82,64,67,55,64,48,36,12,11,7,6,F,2011
E01004933,Bolton 035A,656,39,34,38,31,39,49,45,53,60,62,53,48,49,18,18,6,9,4,1,F,2011
E01004934,Bolton 035B,758,43,64,61,51,58,50,31,61,84,61,71,44,37,18,13,4,6,1,0,F,2011
E01004935,Bolton 035C,927,58,75,73,56,52,68,64,86,94,80,44,27,39,32,30,18,18,8,5,F,2011
E01004937,Bolton 035D,762,40,35,53,67,44,30,41,58,83,79,65,47,48,25,19,16,3,7,2,F,2011
E01004940,Bolton 035E,750,46,32,48,41,29,31,34,50,69,65,59,56,62,36,36,25,23,3,5,F,2011
E08000002,,94701,6024,5375,5503,5618,5274,6008,5887,6306,7277,7265,6299,5383,5856,4673,3919,3158,2407,1497,972,F,2011
E01005014,Bury 001A,728,33,19,26,43,37,57,55,39,56,48,52,53,57,53,38,26,16,12,8,F,2011
E01005015,Bury 001B,815,59,47,33,45,44,52,56,72,60,66,50,44,51,30,33,30,24,16,3,F,2011
E01005016,Bury 001C,775,46,41,34,30,32,34,69,66,65,74,53,58,46,48,23,16,22,10,8,F,2011
E01005017,Bury 001D,873,65,60,56,51,31,32,57,82,85,65,59,49,58,39,27,21,18,13,5,F,2011
E01005018,Bury 001E,777,62,52,42,29,43,55,56,61,73,57,38,49,37,43,25,21,23,6,5,F,2011
E01005021,Bury 001F,502,21,39,27,21,13,12,12,40,50,44,45,30,48,38,26,16,13,3,4,F,2011
E01005019,Bury 002A,789,35,41,54,45,31,32,34,55,76,59,46,53,61,50,34,37,26,16,4,F,2011
E01005023,Bury 002B,704,25,35,52,33,23,20,17,36,49,47,46,49,65,58,37,40,28,21,23,F,2011
E01005046,Bury 002C,740,25,26,42,31,17,13,21,35,42,57,55,42,87,64,57,42,36,28,20,F,2011
E01005048,Bury 002D,862,28,49,46,53,36,31,29,47,46,70,70,87,97,52,56,37,13,7,8,F,2011
E01005020,Bury 003A,735,40,50,78,58,26,22,20,54,97,80,83,50,33,15,15,5,8,0,1,F,2011
E01005022,Bury 003B,805,53,51,45,45,37,32,47,75,81,71,70,59,46,40,21,15,10,5,2,F,2011
E01005047,Bury 003C,772,34,31,37,30,28,24,22,42,68,61,58,45,74,59,44,38,29,27,21,F,2011
E01005049,Bury 003D,853,44,49,32,46,30,39,55,65,68,67,57,55,76,54,40,30,25,12,9,F,2011
E01005051,Bury 003E,838,46,47,48,50,28,42,50,70,71,71,63,40,38,41,21,22,30,27,33,F,2011
E01004976,Bury 004A,808,41,54,52,76,44,41,34,49,59,71,51,48,44,38,35,31,22,12,6,F,2011
E01004977,Bury 004B,903,33,43,39,41,56,55,38,46,59,53,60,39,68,46,54,44,54,43,32,F,2011
E01004978,Bury 004C,850,47,49,55,50,64,68,55,58,61,73,42,53,55,28,28,21,29,9,5,F,2011
E01004981,Bury 004D,756,44,34,33,36,30,31,36,48,56,59,54,45,52,59,41,37,18,23,20,F,2011
E01004982,Bury 004E,725,31,29,46,32,28,22,27,45,45,67,60,48,57,67,46,35,26,9,5,F,2011
E01004961,Bury 005A,811,47,43,57,58,35,62,60,37,72,62,54,52,55,33,31,26,16,6,5,F,2011
E01004965,Bury 005B,623,27,34,31,39,25,16,16,30,45,51,49,60,71,52,28,21,16,7,5,F,2011
E01004966,Bury 005C,938,79,51,69,57,60,64,70,82,67,62,51,36,58,40,31,25,21,10,5,F,2011
E01004967,Bury 005D,649,28,22,55,47,28,34,26,33,48,58,50,48,74,45,28,11,10,2,2,F,2011
E01004963,Bury 006A,752,38,29,32,40,36,34,42,41,62,67,57,41,59,51,54,35,20,10,4,F,2011
E01004968,Bury 006B,807,29,45,49,38,33,35,33,64,74,69,74,43,52,57,43,24,20,16,9,F,2011
E01005050,Bury 006C,1037,64,79,70,56,48,66,67,103,111,94,63,46,46,31,31,26,18,11,7,F,2011
E01005052,Bury 006D,736,34,33,42,55,28,27,42,47,62,69,52,49,73,48,34,17,12,8,4,F,2011
E01005053,Bury 006E,774,43,45,52,48,50,45,49,47,65,67,45,54,69,44,23,18,5,2,3,F,2011
E01004954,Bury 007A,751,41,42,29,30,34,34,44,35,55,56,59,46,60,49,38,44,32,15,8,F,2011
E01004955,Bury 007B,669,49,33,51,40,48,37,35,56,66,43,52,35,21,23,26,23,13,9,9,F,2011
E01004956,Bury 007C,766,54,35,42,44,52,54,58,47,62,47,48,31,35,30,37,26,35,18,11,F,2011
E01004957,Bury 007D,919,74,48,46,69,97,68,55,62,58,86,56,47,36,30,24,30,17,9,7,F,2011
E01004960,Bury 007E,785,116,54,56,58,92,67,51,54,45,54,27,28,30,20,9,14,6,1,3,F,2011
E01004958,Bury 008A,666,36,27,37,49,44,52,48,54,56,57,50,32,29,32,16,19,15,12,1,F,2011
E01004959,Bury 008B,844,77,54,52,64,68,65,58,59,60,62,55,36,47,32,20,9,19,4,3,F,2011
E01004979,Bury 008C,738,69,50,44,47,64,67,62,53,63,45,33,39,33,21,14,12,12,7,3,F,2011
E01004980,Bury 008D,641,44,37,20,41,42,92,63,47,50,41,37,35,26,12,15,11,12,9,7,F,2011
E01005024,Bury 008E,743,67,68,68,35,46,86,76,44,34,30,36,27,21,19,19,26,16,13,12,F,2011
E01005026,Bury 008F,825,102,71,42,41,62,119,83,62,27,48,27,37,29,17,24,14,13,5,2,F,2011
E01004947,Bury 009A,734,57,35,34,48,54,81,64,53,44,65,46,32,26,22,24,13,10,17,9,F,2011
E01004948,Bury 009B,940,58,54,53,49,57,74,60,74,72,58,75,43,43,37,32,25,37,27,12,F,2011
E01004962,Bury 009C,841,56,47,53,43,65,76,75,75,73,50,48,33,37,37,17,21,19,9,7,F,2011
E01004964,Bury 009D,946,60,49,40,54,69,106,86,76,54,63,56,43,49,30,33,24,15,14,25,F,2011
E01004949,Bury 010A,741,41,38,46,42,28,21,22,40,70,72,48,42,63,53,50,28,20,11,6,F,2011
E01004950,Bury 010B,784,30,50,44,47,22,18,23,44,73,53,65,62,71,55,51,30,24,12,10,F,2011
E01004951,Bury 010C,817,29,39,40,38,27,41,31,35,44,72,53,53,76,70,51,47,26,27,18,F,2011
E01004952,Bury 010D,704,15,22,31,24,23,16,21,22,37,51,49,59,77,86,79,52,28,10,2,F,2011
E01004953,Bury 010E,781,38,42,40,57,27,28,36,47,55,73,51,52,65,32,51,34,25,13,15,F,2011
E01005025,Bury 011A,733,34,28,35,40,42,52,51,44,52,71,61,51,52,29,26,26,22,11,6,F,2011
E01005027,Bury 011B,871,52,46,65,74,74,79,60,56,65,61,53,40,35,33,17,25,17,16,3,F,2011
E01005028,Bury 011C,927,72,70,67,62,49,71,81,80,83,53,50,44,49,26,22,18,15,9,6,F,2011
E01005029,Bury 011D,969,75,79,54,67,73,86,66,64,60,52,56,46,49,24,34,35,19,13,17,F,2011
E01005000,Bury 012A,784,39,43,63,56,31,42,40,66,70,96,58,39,41,29,19,17,13,10,12,F,2011
E01005001,Bury 012B,681,32,44,47,48,36,27,31,71,65,78,50,63,46,25,11,4,1,1,1,F,2011
E01005005,Bury 012C,731,40,28,32,32,18,21,37,47,60,50,64,48,61,53,47,37,26,21,9,F,2011
E01005006,Bury 012D,794,27,40,38,53,41,29,33,43,67,63,68,65,58,46,38,34,25,18,8,F,2011
E01005030,Bury 013A,808,50,39,53,70,47,57,46,49,63,60,55,40,39,41,30,30,21,13,5,F,2011
E01005054,Bury 013B,769,29,43,37,45,50,47,37,50,56,68,58,55,51,55,44,20,16,5,3,F,2011
E01005059,Bury 013C,874,59,48,44,51,48,62,56,78,80,71,60,51,43,36,32,18,16,17,4,F,2011
E01005060,Bury 013D,865,54,46,49,45,39,61,48,55,51,62,69,44,66,49,45,39,27,13,3,F,2011
E01004997,Bury 014A,800,46,40,57,48,64,62,47,55,63,57,50,42,36,33,23,29,20,16,12,F,2011
E01004998,Bury 014B,762,30,36,35,37,26,43,43,49,57,31,52,42,65,71,52,38,17,25,13,F,2011
E01004999,Bury 014C,741,31,41,62,46,34,39,37,54,74,65,57,50,59,39,17,16,15,1,4,F,2011
E01005002,Bury 014D,835,41,36,63,48,56,52,41,39,70,70,62,55,58,52,38,24,14,12,4,F,2011
E01005003,Bury 014E,731,59,44,37,37,57,61,57,51,54,44,43,30,37,39,27,25,11,14,4,F,2011
E01004991,Bury 015A,712,46,35,52,51,49,53,52,40,57,55,37,38,38,37,29,16,16,7,4,F,2011
E01004992,Bury 015B,754,54,57,40,46,53,62,44,59,51,64,52,40,36,28,26,18,18,4,2,F,2011
E01004993,Bury 015C,752,58,53,53,56,45,53,38,59,56,64,50,25,49,25,27,20,10,11,0,F,2011
E01004994,Bury 015D,661,63,40,34,40,65,62,37,42,45,48,38,46,32,17,17,17,8,4,6,F,2011
E01004990,Bury 016A,753,59,39,50,36,61,42,59,53,52,57,49,43,51,35,19,22,11,9,6,F,2011
E01004996,Bury 016B,743,70,44,23,25,77,85,41,43,51,40,36,33,55,28,24,32,18,14,4,F,2011
E01005004,Bury 016C,741,43,33,28,36,47,47,32,41,50,46,41,41,35,54,47,46,35,25,14,F,2011
E01005008,Bury 016D,966,95,54,54,59,88,112,79,59,81,54,62,34,40,22,35,23,7,6,2,F,2011
E01005009,Bury 016E,756,59,40,47,50,51,69,61,60,59,70,39,37,37,23,21,10,11,7,5,F,2011
E01004945,Bury 017A,807,31,36,39,49,34,29,37,32,58,64,64,43,51,72,56,55,32,14,11,F,2011
E01005055,Bury 017B,756,36,40,47,41,31,35,30,50,54,56,50,60,54,47,41,38,25,17,4,F,2011
E01005056,Bury 017C,622,16,22,25,20,30,27,19,30,49,34,42,41,62,59,55,48,27,11,5,F,2011
E01005057,Bury 017D,805,55,61,61,43,40,31,57,53,73,78,59,36,51,30,26,31,14,5,1,F,2011
E01005058,Bury 017E,668,27,43,37,42,31,20,21,40,43,55,57,42,47,53,38,43,23,2,4,F,2011
E01004995,Bury 018A,791,28,49,32,46,46,33,50,35,37,68,60,68,73,61,46,31,13,8,7,F,2011
E01005010,Bury 018B,853,56,58,51,53,24,58,62,65,73,69,71,62,58,36,23,18,8,6,2,F,2011
E01005012,Bury 018C,877,67,36,67,67,63,78,90,55,62,54,52,38,47,19,28,21,19,9,5,F,2011
E01005013,Bury 018D,1204,113,87,91,80,94,116,105,89,105,87,65,39,40,26,22,23,13,5,4,F,2011
E01004984,Bury 019A,722,47,35,38,36,20,29,33,39,51,43,35,59,57,54,43,47,32,15,9,F,2011
E01004985,Bury 019B,730,44,35,31,38,31,29,37,30,45,57,49,67,66,62,40,37,18,10,4,F,2011
E01004989,Bury 019C,731,48,43,39,41,38,35,38,47,69,44,49,48,46,34,32,27,33,10,10,F,2011
E01005007,Bury 019D,804,42,15,25,41,26,42,41,40,63,55,63,52,57,51,41,50,42,32,26,F,2011
E01005011,Bury 019E,702,42,42,40,43,27,25,41,68,53,66,56,43,35,30,28,25,18,12,8,F,2011
E01004983,Bury 020A,666,48,19,35,46,51,63,60,44,47,62,48,39,35,21,16,10,8,10,4,F,2011
E01004986,Bury 020B,871,59,37,35,45,59,78,90,51,57,61,45,42,47,35,40,24,28,19,19,F,2011
E01004987,Bury 020C,643,34,21,32,35,36,25,43,38,47,38,28,35,36,39,36,40,34,28,18,F,2011
E01004988,Bury 020D,773,53,50,33,48,38,51,55,48,72,61,50,44,51,31,29,29,17,7,6,F,2011
E01004941,Bury 021A,945,59,52,63,56,70,49,78,69,77,79,62,39,41,44,45,32,18,9,3,F,2011
E01004942,Bury 021B,824,75,62,61,69,57,59,66,51,77,58,41,27,27,25,24,23,13,4,5,F,2011
E01004943,Bury 021C,830,65,54,54,70,52,59,74,76,60,57,49,26,40,32,26,18,9,6,3,F,2011
E01004944,Bury 021D,830,47,48,42,56,51,52,46,60,87,75,55,41,40,52,38,20,9,8,3,F,2011
E01004946,Bury 021E,885,51,57,54,56,58,59,46,43,72,58,56,33,34,48,64,45,29,14,8,F,2011
E01004969,Bury 022A,707,31,26,39,35,33,36,41,39,41,71,66,54,49,37,43,21,25,13,7,F,2011
E01004970,Bury 022B,806,35,37,50,61,47,41,34,44,68,72,56,51,66,42,32,20,28,12,10,F,2011
E01004971,Bury 022C,743,35,36,36,42,38,26,44,47,61,58,57,38,65,50,39,37,19,10,5,F,2011
E01005034,Bury 022D,760,34,30,31,36,35,56,47,44,58,61,57,47,41,35,37,36,29,29,17,F,2011
E01004972,Bury 023A,778,44,59,57,75,41,33,66,65,65,62,55,33,39,21,19,14,17,10,3,F,2011
E01004973,Bury 023B,765,36,34,33,48,45,49,49,69,55,81,57,40,49,35,27,20,24,10,4,F,2011
E01004975,Bury 023C,810,59,36,34,30,51,83,87,72,64,46,46,39,35,23,28,24,25,20,8,F,2011
E01005039,Bury 023D,773,45,42,42,43,34,49,54,48,67,64,42,47,48,33,35,27,27,20,6,F,2011
E01005045,Bury 023E,817,56,45,49,40,38,52,81,60,47,82,61,38,35,35,36,22,27,9,4,F,2011
E01004974,Bury 024A,710,34,30,38,48,37,45,36,36,54,76,44,49,46,41,32,37,11,9,7,F,2011
E01005033,Bury 024B,761,60,48,45,39,36,64,37,58,45,61,46,45,48,31,22,30,28,10,8,F,2011
E01005036,Bury 024C,886,46,29,29,38,61,89,55,44,68,63,61,55,49,50,35,35,43,23,13,F,2011
E01005037,Bury 024D,710,33,26,36,39,35,30,49,50,69,52,51,54,52,34,40,24,23,12,1,F,2011
E01005031,Bury 025A,772,53,56,35,55,52,46,55,55,62,64,39,50,31,27,37,25,14,12,4,F,2011
E01005032,Bury 025B,716,42,24,23,36,35,38,30,41,45,45,36,34,35,28,35,22,44,51,72,F,2011
E01005035,Bury 025C,727,54,44,29,36,30,46,58,62,64,68,52,46,32,27,31,20,19,9,0,F,2011
E01005038,Bury 025D,695,39,41,46,49,29,38,33,48,65,65,59,46,44,28,28,12,15,4,6,F,2011
E01005040,Bury 026A,899,71,61,45,58,57,58,68,59,69,70,69,49,48,31,29,25,18,10,4,F,2011
E01005041,Bury 026B,820,55,50,93,66,41,36,41,39,68,56,69,49,46,28,25,18,18,13,9,F,2011
E01005042,Bury 026C,981,106,96,66,59,43,73,63,57,64,54,56,39,44,42,37,24,23,18,17,F,2011
E01005043,Bury 026D,979,136,132,109,60,48,82,66,50,45,43,42,39,34,32,21,13,13,12,2,F,2011
E01005044,Bury 026E,862,146,123,85,43,38,81,74,51,39,37,24,38,26,23,13,9,4,5,3,F,2011
E08000003,,249779,17834,14318,12927,17944,33587,27604,21788,16196,15550,14510,11806,9558,8879,6958,6251,5359,4356,2761,1593,F,2011
E01005098,Manchester 001A,811,41,37,50,49,43,53,55,54,61,57,57,51,53,39,40,17,28,18,8,F,2011
E01005099,Manchester 001B,1011,104,70,74,74,57,103,63,67,69,60,39,41,43,32,30,33,21,16,15,F,2011
E01005100,Manchester 001C,863,64,53,57,48,46,78,50,50,53,57,59,57,66,44,27,29,14,5,6,F,2011
E01005102,Manchester 001D,712,43,33,26,31,45,68,42,43,62,52,46,48,49,37,29,18,22,11,7,F,2011
E01005103,Manchester 001E,866,56,50,43,53,52,64,51,45,49,53,72,39,49,37,39,38,35,25,16,F,2011
E01005101,Manchester 002A,915,55,62,53,67,64,66,71,65,84,74,48,45,31,36,30,20,26,9,9,F,2011
E01005135,Manchester 002B,855,63,55,64,68,53,62,57,66,63,73,54,32,37,32,25,21,17,13,0,F,2011
E01005136,Manchester 002C,792,26,47,36,61,61,55,43,46,64,47,63,56,42,38,28,23,22,22,12,F,2011
E01005138,Manchester 002D,876,73,78,73,48,68,73,71,44,79,55,31,23,36,36,25,26,20,11,6,F,2011
E01005140,Manchester 002E,1391,120,97,61,84,88,140,148,87,104,95,72,55,59,59,27,39,30,16,10,F,2011
E01005139,Manchester 003B,877,61,60,53,52,53,61,65,65,55,73,61,49,49,29,36,25,11,11,8,F,2011
E01005141,Manchester 003C,907,68,57,62,68,55,54,67,67,72,61,55,40,40,38,30,25,23,15,10,F,2011
E01005251,Manchester 003D,837,54,50,71,64,53,64,56,52,77,68,51,36,36,33,28,17,14,6,7,F,2011
E01005252,Manchester 003E,969,54,59,57,74,52,55,52,68,68,75,68,50,58,47,38,37,31,14,12,F,2011
E01033685,Manchester 003F,785,82,52,43,46,50,84,99,61,47,43,36,43,25,29,15,17,6,1,6,F,2011
E01033687,Manchester 003G,672,39,36,36,32,40,72,54,32,46,45,38,37,34,27,32,26,25,17,4,F,2011
E01005104,Manchester 004A,893,92,71,46,49,75,118,85,64,52,51,40,29,26,17,19,16,21,17,5,F,2011
E01005160,Manchester 004B,872,61,62,55,51,68,68,72,50,44,58,51,27,57,44,35,29,19,13,8,F,2011
E01005161,Manchester 004C,809,81,62,39,44,43,62,62,50,62,55,46,44,53,33,32,20,8,8,5,F,2011
E01005162,Manchester 004D,853,50,57,77,41,46,61,63,53,47,61,59,35,46,31,39,23,20,27,17,F,2011
E01005163,Manchester 004E,796,73,46,49,41,49,58,57,49,51,52,48,46,41,28,30,25,22,24,7,F,2011
E01005247,Manchester 005A,760,32,39,47,61,34,48,46,33,61,54,45,52,47,36,30,37,26,15,17,F,2011
E01005248,Manchester 005B,733,36,31,36,44,44,35,34,39,47,56,72,58,53,45,41,33,20,7,2,F,2011
E01005249,Manchester 005C,909,64,47,41,46,67,63,67,64,74,74,57,49,41,36,24,26,27,21,21,F,2011
E01005250,Manchester 005D,970,67,71,54,50,65,86,69,65,68,67,53,41,49,32,46,33,26,19,9,F,2011
E01005253,Manchester 005E,829,45,50,52,76,43,55,45,58,71,70,58,30,30,30,41,33,20,12,10,F,2011
E01005254,Manchester 005F,801,48,39,39,47,54,61,56,48,70,83,49,44,39,38,28,20,23,13,2,F,2011
E01005164,Manchester 006A,698,87,34,37,42,45,74,73,52,54,58,25,32,24,22,6,15,12,3,3,F,2011
E01005205,Manchester 006B,1030,97,60,59,69,76,100,92,51,72,56,56,37,56,33,39,38,22,11,6,F,2011
E01005206,Manchester 006C,806,59,40,31,33,67,90,73,49,53,57,59,39,48,38,19,16,18,8,9,F,2011
E01005207,Manchester 006D,963,93,49,59,46,74,142,80,74,55,50,53,43,44,26,27,15,14,14,5,F,2011
E01005223,Manchester 007A,616,49,28,33,35,42,46,39,41,47,58,51,34,33,24,22,17,14,3,0,F,2011
E01005224,Manchester 007B,923,105,68,54,54,85,96,94,74,81,41,43,38,26,17,13,16,12,5,1,F,2011
E01005225,Manchester 007C,918,63,52,42,53,57,75,78,38,55,66,67,42,51,49,44,34,25,16,11,F,2011
E01005226,Manchester 007D,840,73,54,33,53,62,77,49,72,61,52,65,34,28,26,27,29,13,21,11,F,2011
E01005229,Manchester 007E,790,33,31,41,47,54,51,48,37,48,62,71,41,40,46,29,47,33,19,12,F,2011
E01005145,Manchester 008A,1245,140,132,93,85,92,143,131,86,75,53,39,31,31,27,26,22,25,10,4,F,2011
E01005146,Manchester 008B,1191,153,91,72,64,82,142,108,72,64,52,56,46,49,26,29,35,28,11,11,F,2011
E01005149,Manchester 008C,831,73,84,77,67,55,69,66,66,65,50,36,23,22,16,24,19,13,4,2,F,2011
E01005165,Manchester 008D,997,92,67,63,51,81,120,91,53,72,55,45,31,45,22,30,25,22,17,15,F,2011
E01005166,Manchester 008E,908,85,76,67,60,60,85,93,55,59,40,39,32,27,23,25,32,29,13,8,F,2011
E01005167,Manchester 008F,960,109,95,72,81,72,93,89,68,69,62,46,24,20,14,14,16,5,8,3,F,2011
E01005202,Manchester 009A,928,77,69,69,70,54,68,64,67,73,73,42,51,58,20,30,16,11,10,6,F,2011
E01005203,Manchester 009B,911,72,57,72,50,72,76,89,60,73,58,34,44,42,39,29,26,11,5,2,F,2011
E01005227,Manchester 009D,855,74,65,52,67,70,61,70,69,46,57,45,53,35,20,21,17,16,9,8,F,2011
E01005228,Manchester 009E,872,68,58,76,77,72,76,54,61,83,46,43,24,27,27,30,19,15,9,7,F,2011
E01033678,Manchester 009F,780,71,53,50,61,79,68,67,63,52,56,34,32,12,21,27,19,11,4,0,F,2011
E01033679,Manchester 009G,672,49,44,42,51,52,49,56,54,43,45,41,35,30,20,28,16,11,4,2,F,2011
E01005256,Manchester 011A,1002,80,66,53,63,63,95,82,79,81,61,71,37,50,41,27,20,15,10,8,F,2011
E01005257,Manchester 011B,951,84,66,50,70,74,77,81,66,71,60,56,46,37,36,31,20,13,8,5,F,2011
E01005258,Manchester 011C,862,58,51,30,45,63,78,65,50,51,51,67,49,34,42,32,26,31,22,17,F,2011
E01005259,Manchester 011D,864,95,40,45,56,66,78,62,47,52,52,60,45,49,35,25,29,15,9,4,F,2011
E01005260,Manchester 011E,744,47,37,40,51,40,50,54,46,47,48,64,49,48,30,30,22,25,11,5,F,2011
E01005093,Manchester 012A,904,99,76,41,50,51,80,80,51,46,51,49,42,48,31,34,29,23,14,9,F,2011
E01005094,Manchester 012B,780,83,47,38,48,52,66,61,56,51,53,37,33,26,37,27,24,18,15,8,F,2011
E01005097,Manchester 012C,924,82,79,91,79,55,54,72,75,65,56,42,42,40,29,23,23,5,6,6,F,2011
E01005255,Manchester 012D,784,62,41,45,48,51,71,52,40,60,55,52,33,43,41,33,27,18,7,5,F,2011
E01005261,Manchester 012E,888,82,56,86,69,46,72,60,48,68,55,51,55,40,26,25,18,21,4,6,F,2011
E01005129,Manchester 013B,705,54,73,43,39,50,67,57,46,43,52,45,33,28,21,19,17,10,4,4,F,2011
E01005132,Manchester 013C,779,70,64,48,47,59,60,59,55,60,61,43,34,33,24,20,17,15,6,4,F,2011
E01005133,Manchester 013D,591,25,25,20,34,75,41,41,35,31,52,44,32,39,28,23,22,11,11,2,F,2011
E01033663,Manchester 013E,444,11,6,6,19,99,142,56,29,12,8,9,12,4,6,5,6,7,6,1,F,2011
E01033684,Manchester 013F,473,12,1,0,2,204,155,67,25,2,3,1,1,0,0,0,0,0,0,0,F,2011
E01033688,Manchester 013G,766,49,41,51,49,55,60,70,60,53,62,50,30,29,28,31,20,11,11,6,F,2011
E01005092,Manchester 015A,816,62,69,59,34,63,68,63,63,46,56,44,31,35,27,18,23,25,20,10,F,2011
E01005105,Manchester 015C,956,104,80,41,50,77,162,104,63,47,49,45,38,27,19,17,11,8,10,4,F,2011
E01005106,Manchester 015D,952,79,77,62,58,77,76,77,69,82,64,49,25,42,42,30,25,13,4,1,F,2011
E01005107,Manchester 015E,892,97,65,57,72,66,64,96,58,57,66,52,28,25,25,19,22,12,8,3,F,2011
E01033668,Manchester 015F,553,51,27,23,20,105,130,57,39,16,18,13,12,16,7,7,5,5,2,0,F,2011
E01033669,Manchester 015G,705,63,39,34,46,61,75,54,47,45,47,48,28,33,27,28,15,8,3,4,F,2011
E01005108,Manchester 017A,1347,119,146,107,88,86,102,107,107,92,76,71,60,54,37,37,31,13,9,5,F,2011
E01005189,Manchester 017D,868,70,40,39,41,59,77,72,42,58,49,45,47,46,46,41,36,26,21,13,F,2011
E01005190,Manchester 017E,1000,88,70,61,48,76,91,90,67,65,70,51,52,41,41,33,20,17,11,8,F,2011
E01033666,Manchester 017F,1330,105,93,78,90,74,104,122,81,81,98,87,60,63,54,42,38,32,15,13,F,2011
E01005061,Manchester 018A,797,64,64,62,67,43,74,83,56,62,57,38,26,31,23,22,9,8,7,1,F,2011
E01005062,Manchester 018B,1437,86,47,41,177,506,167,93,64,66,34,31,22,18,17,26,19,11,6,6,F,2011
E01005063,Manchester 018C,745,59,64,58,43,72,65,61,50,59,57,33,35,17,26,19,14,7,6,0,F,2011
E01005065,Manchester 018D,1050,109,95,67,65,101,112,89,83,68,63,55,35,24,22,19,26,12,4,1,F,2011
E01005066,Manchester 018E,749,43,35,18,113,249,80,47,45,37,28,18,12,5,3,9,4,2,1,0,F,2011
E01005208,Manchester 019A,1080,83,54,37,40,194,236,133,85,70,50,23,20,15,15,10,9,5,1,0,F,2011
E01005209,Manchester 019B,1349,63,40,37,302,408,137,93,53,43,42,32,21,19,14,19,13,8,4,1,F,2011
E01005210,Manchester 019C,1664,31,22,38,368,805,151,61,39,36,28,20,11,8,9,10,16,7,2,2,F,2011
E01005214,Manchester 019D,970,77,51,46,45,163,203,126,71,59,52,33,15,7,14,4,1,2,0,1,F,2011
E01005067,Manchester 020A,685,58,48,53,52,49,58,43,46,53,42,43,20,26,31,26,16,11,8,2,F,2011
E01005186,Manchester 020B,1182,113,88,63,48,69,117,109,86,84,88,73,51,38,37,27,33,18,25,15,F,2011
E01005232,Manchester 020C,902,73,78,54,65,65,94,74,59,64,66,49,35,30,27,23,26,10,8,2,F,2011
E01005235,Manchester 020D,899,69,77,51,69,63,70,78,59,80,59,57,36,29,18,35,18,24,5,2,F,2011
E01005239,Manchester 020E,891,99,89,85,70,55,73,72,77,59,61,24,31,27,22,19,15,9,3,1,F,2011
E01005187,Manchester 021A,958,114,62,61,56,71,87,92,82,70,62,43,42,27,31,18,20,8,6,6,F,2011
E01005188,Manchester 021B,877,76,49,55,55,50,68,65,41,70,59,58,59,43,22,33,28,27,12,7,F,2011
E01005191,Manchester 021C,817,78,58,41,42,68,78,70,67,53,50,30,38,38,31,25,22,14,6,8,F,2011
E01005192,Manchester 021D,772,45,44,55,58,53,51,55,55,63,79,51,29,32,32,26,23,12,6,3,F,2011
E01005193,Manchester 021E,902,63,60,36,54,72,89,75,71,76,71,48,37,33,32,28,24,14,14,5,F,2011
E01005230,Manchester 022B,940,54,32,35,79,258,118,91,48,36,46,40,20,26,11,17,11,14,2,2,F,2011
E01005231,Manchester 022C,1316,31,14,11,251,611,180,65,36,20,15,15,11,15,6,12,10,7,2,4,F,2011
E01005236,Manchester 022D,940,86,65,50,69,215,113,73,50,47,42,25,26,27,13,17,9,8,3,2,F,2011
E01005237,Manchester 022E,898,89,81,74,74,90,89,79,54,53,47,41,35,22,16,16,21,9,7,1,F,2011
E01033652,Manchester 022F,811,31,30,28,158,291,73,37,25,19,27,19,8,9,9,4,6,11,9,17,F,2011
E01033657,Manchester 022G,781,26,30,22,113,347,50,39,27,28,17,16,13,11,11,12,11,4,4,0,F,2011
E01005195,Manchester 023A,1059,102,88,93,73,69,76,98,73,91,63,57,33,29,29,34,28,12,8,3,F,2011
E01005196,Manchester 023B,1216,140,99,109,94,88,116,119,93,88,61,45,34,33,25,26,11,16,10,9,F,2011
E01005197,Manchester 023C,740,57,35,44,57,46,74,57,55,61,45,37,33,25,23,26,27,24,10,4,F,2011
E01005198,Manchester 023D,800,83,70,57,52,49,61,74,51,56,45,35,29,45,27,19,17,16,10,4,F,2011
E01005201,Manchester 023E,992,114,78,65,65,91,105,97,90,61,47,45,35,22,24,18,16,11,6,2,F,2011
E01005240,Manchester 024A,1304,153,117,94,103,116,141,127,98,86,77,52,30,23,20,29,21,10,6,1,F,2011
E01005243,Manchester 024B,1306,109,105,102,100,90,126,113,105,81,91,61,39,37,45,43,28,14,8,9,F,2011
E01005245,Manchester 024C,1219,102,125,125,106,71,96,85,61,89,88,57,34,42,39,35,28,23,11,2,F,2011
E01005246,Manchester 024D,1188,148,140,116,84,93,107,80,85,62,76,53,26,25,26,29,22,10,3,3,F,2011
E01005241,Manchester 025A,1178,142,79,59,37,191,160,140,89,55,42,41,29,29,25,17,15,12,14,2,F,2011
E01005242,Manchester 025B,1217,146,107,65,63,155,159,138,84,64,66,48,22,21,23,23,14,11,7,1,F,2011
E01005244,Manchester 025C,1377,64,61,60,134,523,123,101,42,42,54,33,29,17,23,24,22,17,6,2,F,2011
E01005285,Manchester 025D,622,54,44,35,27,146,63,39,34,29,37,19,19,21,15,21,12,6,1,0,F,2011
E01005288,Manchester 025E,720,48,37,25,35,202,104,60,40,38,20,19,15,20,15,20,10,9,1,2,F,2011
E01005280,Manchester 026A,955,74,81,98,81,100,63,60,57,68,52,60,39,32,18,30,26,11,5,0,F,2011
E01005281,Manchester 026B,1176,11,8,3,418,466,60,37,13,18,19,18,19,18,17,9,8,18,8,8,F,2011
E01005284,Manchester 026C,1789,39,23,8,509,813,145,90,40,27,19,14,15,14,9,10,3,10,1,0,F,2011
E01005286,Manchester 026D,950,42,29,20,77,359,144,75,31,30,36,26,27,21,9,7,9,4,3,1,F,2011
E01005287,Manchester 026E,1033,83,70,87,81,139,81,63,64,74,44,52,44,36,25,35,31,11,10,3,F,2011
E01005194,Manchester 027A,1189,147,84,83,75,112,116,128,90,76,63,64,28,36,26,23,13,13,8,4,F,2011
E01005199,Manchester 027B,1111,137,93,72,62,85,111,138,101,67,63,37,32,32,32,22,11,11,3,2,F,2011
E01005200,Manchester 027C,914,89,83,54,48,58,102,89,70,56,52,39,40,44,27,21,12,21,5,4,F,2011
E01005233,Manchester 027D,1122,167,138,68,56,90,129,91,86,69,57,34,29,15,17,22,26,13,8,7,F,2011
E01005234,Manchester 027E,990,114,94,72,68,96,110,91,64,49,53,48,32,34,17,20,16,5,5,2,F,2011
E01005238,Manchester 027F,1032,121,105,83,85,96,87,95,78,68,60,32,36,29,17,11,19,9,1,0,F,2011
E01005297,Manchester 028A,1220,93,81,77,84,82,162,140,105,106,85,57,37,32,22,16,9,14,12,6,F,2011
E01005298,Manchester 028B,913,73,80,72,52,49,125,103,70,72,60,38,37,17,15,16,15,13,2,4,F,2011
E01005302,Manchester 028C,855,57,32,36,34,81,132,107,85,73,46,37,32,18,14,13,21,15,11,11,F,2011
E01033680,Manchester 028E,522,33,13,14,18,63,135,75,48,26,37,16,12,11,6,4,5,5,1,0,F,2011
E01033686,Manchester 028F,598,40,34,31,14,34,98,83,47,46,43,28,27,14,16,14,13,8,6,2,F,2011
E01005150,Manchester 029A,813,32,26,21,13,100,218,147,49,51,27,35,15,16,15,10,10,8,10,10,F,2011
E01005151,Manchester 029B,734,42,26,26,27,30,73,80,60,63,55,45,38,29,14,21,28,34,23,20,F,2011
E01005152,Manchester 029C,733,67,34,25,24,27,67,84,81,83,60,58,33,25,19,14,6,18,6,2,F,2011
E01005159,Manchester 029D,804,56,39,30,30,51,133,99,70,80,60,26,29,28,22,20,17,7,5,2,F,2011
E01005296,Manchester 029E,837,49,55,55,48,50,72,76,59,73,53,43,52,28,21,32,31,20,11,9,F,2011
E01005299,Manchester 029F,809,46,52,56,45,59,80,61,63,53,61,57,34,32,22,34,26,14,12,2,F,2011
E01005178,Manchester 030A,966,65,62,58,67,111,106,80,54,62,77,59,41,26,18,26,20,26,5,3,F,2011
E01005179,Manchester 030B,1091,81,60,48,57,118,183,114,100,75,53,54,34,26,22,26,18,13,4,5,F,2011
E01005180,Manchester 030C,943,68,53,58,60,66,78,74,77,66,74,57,36,41,31,31,21,21,25,6,F,2011
E01005181,Manchester 030D,1069,84,72,70,79,80,123,79,60,71,73,61,50,31,29,28,18,23,23,15,F,2011
E01005182,Manchester 030E,851,55,56,89,100,88,49,55,50,55,66,51,40,20,24,18,15,11,7,2,F,2011
E01005183,Manchester 030F,953,70,68,69,83,75,72,59,61,60,68,64,42,38,33,33,25,20,7,6,F,2011
E01005219,Manchester 031A,954,64,65,46,68,114,130,90,70,69,70,46,27,23,12,22,8,9,13,8,F,2011
E01005220,Manchester 031B,904,92,66,53,40,69,99,98,72,72,60,36,38,28,23,18,20,10,7,3,F,2011
E01005221,Manchester 031C,1047,104,82,86,72,81,97,126,87,76,56,42,39,27,28,23,8,12,1,0,F,2011
E01005222,Manchester 031D,1066,104,72,60,41,80,110,130,96,88,65,52,33,28,26,22,23,18,8,10,F,2011
E01005184,Manchester 032A,1098,38,45,27,73,498,93,76,39,31,28,28,18,23,14,15,25,11,12,4,F,2011
E01005185,Manchester 032B,2066,12,9,7,726,1123,88,32,15,6,5,9,2,8,2,7,6,6,2,1,F,2011
E01005271,Manchester 032C,1025,29,11,9,48,655,70,53,30,24,8,9,7,19,11,11,8,12,7,4,F,2011
E01005282,Manchester 032D,907,59,78,63,66,170,70,57,57,70,48,31,37,28,23,20,13,15,2,0,F,2011
E01005283,Manchester 032E,731,8,6,8,39,568,26,12,7,13,8,8,7,5,4,6,3,2,1,0,F,2011
E01005154,Manchester 033A,816,38,41,36,29,51,165,137,83,51,53,33,36,17,9,13,5,10,3,6,F,2011
E01005156,Manchester 033B,767,42,37,26,30,32,112,101,70,69,64,44,40,23,29,13,17,8,6,4,F,2011
E01005158,Manchester 033C,791,60,36,31,24,39,95,96,68,56,55,39,40,41,22,23,23,20,13,10,F,2011
E01005300,Manchester 033D,826,59,50,64,65,53,52,61,53,66,52,45,45,38,39,19,22,24,16,3,F,2011
E01005301,Manchester 033E,817,46,53,49,47,54,90,72,71,57,53,43,56,29,28,13,24,18,7,7,F,2011
E01005118,Manchester 034A,792,57,53,53,63,49,51,54,43,57,51,49,44,37,35,30,31,25,7,3,F,2011
E01005120,Manchester 034B,957,80,83,75,60,56,66,99,65,64,60,40,38,36,41,27,22,29,10,6,F,2011
E01005215,Manchester 034C,1004,89,80,60,61,63,107,94,83,68,49,54,54,32,30,30,22,15,10,3,F,2011
E01005216,Manchester 034D,791,58,48,46,40,46,69,77,74,63,55,50,37,43,16,16,19,21,7,6,F,2011
E01005217,Manchester 034E,982,70,65,54,74,62,87,78,80,71,62,33,49,45,43,24,27,28,21,9,F,2011
E01005218,Manchester 034F,794,42,42,27,49,152,62,46,37,39,42,42,34,30,36,32,36,22,16,8,F,2011
E01005270,Manchester 035A,905,64,55,55,57,94,79,93,62,53,73,57,35,33,28,19,24,14,5,5,F,2011
E01005272,Manchester 035B,985,77,58,78,67,60,74,88,77,62,72,57,40,31,27,29,28,31,19,10,F,2011
E01005273,Manchester 035C,739,22,9,21,24,384,70,44,20,27,26,22,15,11,15,12,5,6,5,1,F,2011
E01005278,Manchester 035D,944,43,39,50,61,341,71,44,40,32,45,43,33,17,23,20,23,9,6,4,F,2011
E01005279,Manchester 035E,1035,58,65,69,61,69,109,87,83,90,79,54,52,36,33,24,27,25,12,2,F,2011
E01005305,Manchester 036A,818,43,49,44,51,187,89,50,39,29,41,47,34,27,27,22,15,15,5,4,F,2011
E01005309,Manchester 036B,1179,13,1,5,37,737,122,56,46,19,29,11,21,19,17,13,11,14,5,3,F,2011
E01005310,Manchester 036C,1014,35,32,31,52,582,59,31,30,26,28,24,9,23,9,12,16,7,4,4,F,2011
E01005311,Manchester 036D,869,44,25,16,43,325,93,69,38,31,32,37,24,18,26,18,12,13,3,2,F,2011
E01005312,Manchester 036E,883,11,12,11,43,554,51,21,20,17,12,14,25,16,20,16,17,11,5,7,F,2011
E01005082,Manchester 037A,828,59,39,49,56,37,69,77,52,80,75,56,38,36,24,18,27,21,11,4,F,2011
E01005153,Manchester 037B,875,50,39,30,22,33,141,130,83,76,64,39,40,33,26,19,20,13,13,4,F,2011
E01005155,Manchester 037C,732,54,29,22,18,14,97,130,73,71,46,36,24,38,13,10,13,17,19,8,F,2011
E01005157,Manchester 037D,844,64,58,50,43,27,40,76,61,69,80,62,55,45,33,29,12,19,9,12,F,2011
E01005274,Manchester 038A,887,40,34,36,47,202,109,62,55,41,50,45,38,36,21,21,19,19,7,5,F,2011
E01005275,Manchester 038B,807,30,19,16,10,203,199,114,50,40,25,24,21,16,15,6,3,11,4,1,F,2011
E01005276,Manchester 038C,780,36,22,20,17,195,154,85,39,42,31,24,24,17,14,11,19,10,7,13,F,2011
E01005277,Manchester 038D,804,44,36,31,29,93,138,97,66,56,47,31,43,24,25,15,12,11,6,0,F,2011
E01005076,Manchester 039A,704,18,21,11,9,107,210,105,57,51,29,12,6,18,8,8,10,5,13,6,F,2011
E01005081,Manchester 039C,945,68,56,77,76,71,79,78,73,75,69,58,36,37,29,21,23,9,9,1,F,2011
E01005083,Manchester 039D,792,51,25,18,10,127,208,122,65,54,31,20,19,9,13,6,4,5,5,0,F,2011
E01033670,Manchester 039E,614,44,22,11,7,60,246,110,65,18,12,4,3,2,4,1,3,1,0,1,F,2011
E01033671,Manchester 039F,812,37,21,12,12,109,214,134,70,44,24,23,17,17,13,13,13,18,11,10,F,2011
E01005125,Manchester 040A,822,44,58,58,54,62,72,80,53,76,53,47,41,34,29,20,15,11,12,3,F,2011
E01005304,Manchester 040B,819,35,24,19,27,324,94,56,39,33,29,21,26,31,12,16,16,10,7,0,F,2011
E01005306,Manchester 040C,750,29,38,32,30,66,79,64,39,51,65,51,35,43,29,26,23,23,19,8,F,2011
E01005307,Manchester 040D,919,32,28,31,28,302,114,57,43,30,32,41,41,29,22,22,27,19,15,6,F,2011
E01005308,Manchester 040E,862,47,49,50,66,90,92,64,62,56,72,42,36,35,21,28,21,18,6,7,F,2011
E01005119,Manchester 041A,804,48,47,58,64,39,51,66,62,48,76,49,40,38,34,29,23,13,12,7,F,2011
E01005121,Manchester 041B,850,71,63,61,58,57,60,69,71,62,60,46,50,35,21,23,21,14,7,1,F,2011
E01005122,Manchester 041C,893,60,58,62,71,70,59,62,63,72,62,60,33,32,32,30,27,25,10,5,F,2011
E01005123,Manchester 041D,890,70,57,75,75,46,68,65,47,71,67,71,35,39,23,26,26,17,8,4,F,2011
E01005124,Manchester 041E,954,73,52,65,80,64,89,80,63,72,80,50,39,39,37,15,22,14,11,9,F,2011
E01005077,Manchester 042A,832,69,74,63,62,47,64,61,72,82,61,39,41,27,20,17,12,12,8,1,F,2011
E01005078,Manchester 042B,697,38,7,8,6,62,166,108,57,41,29,22,21,25,19,14,15,19,17,23,F,2011
E01005079,Manchester 042C,814,54,43,33,37,40,71,78,61,69,62,50,34,34,33,22,33,24,20,16,F,2011
E01005084,Manchester 042D,1041,70,56,61,47,51,121,112,91,86,73,47,48,47,44,28,19,21,15,4,F,2011
E01005172,Manchester 043A,805,36,29,30,27,67,118,78,64,55,57,26,32,30,24,37,25,30,22,18,F,2011
E01005173,Manchester 043B,760,50,33,24,27,47,106,68,60,50,69,31,40,30,35,26,12,18,20,14,F,2011
E01005174,Manchester 043C,821,55,53,45,50,44,70,56,64,68,76,39,38,53,22,30,23,19,8,8,F,2011
E01005175,Manchester 043D,804,43,44,47,36,37,83,70,75,69,51,40,44,36,45,30,16,23,11,4,F,2011
E01005176,Manchester 043E,891,32,30,16,18,72,233,153,75,48,50,29,21,32,28,16,19,11,4,4,F,2011
E01005177,Manchester 043F,709,51,29,20,23,36,80,67,59,52,45,35,42,36,26,26,24,26,26,6,F,2011
E01005115,Manchester 044A,939,64,65,40,36,60,101,81,63,64,52,63,51,49,39,30,40,25,12,4,F,2011
E01005262,Manchester 044B,943,91,60,35,44,59,102,111,84,69,64,44,47,42,23,18,16,13,11,10,F,2011
E01005264,Manchester 044C,814,45,54,56,57,51,66,58,67,54,58,53,36,29,30,19,22,25,18,16,F,2011
E01005265,Manchester 044D,875,64,71,51,70,44,61,73,60,73,59,50,32,55,18,40,17,17,16,4,F,2011
E01005266,Manchester 044E,1010,66,71,61,60,69,82,91,75,63,68,48,59,46,30,34,32,20,24,11,F,2011
E01005126,Manchester 045A,1029,58,57,48,51,89,115,108,68,52,62,60,40,46,32,33,46,35,19,10,F,2011
E01005168,Manchester 045B,706,43,54,44,56,32,41,45,42,55,60,54,48,39,25,26,15,9,13,5,F,2011
E01005169,Manchester 045C,703,28,28,29,69,56,46,46,33,53,47,47,49,42,30,15,21,24,22,18,F,2011
E01005170,Manchester 045D,770,48,55,37,43,42,57,71,49,62,58,47,28,37,24,35,32,26,15,4,F,2011
E01005171,Manchester 045E,843,36,34,45,57,83,106,69,49,55,53,47,46,39,27,25,23,16,18,15,F,2011
E01005263,Manchester 046A,785,50,24,41,33,27,73,57,51,46,64,67,52,49,34,29,26,29,18,15,F,2011
E01005267,Manchester 046B,790,46,24,41,41,39,55,66,48,57,71,50,58,45,37,31,26,33,15,7,F,2011
E01005268,Manchester 046C,1030,53,27,25,31,51,144,121,92,75,66,64,48,39,42,38,42,35,23,14,F,2011
E01005269,Manchester 046D,765,36,31,32,43,40,51,41,42,56,62,57,56,58,38,35,34,22,22,9,F,2011
E01005069,Manchester 047A,754,61,31,28,35,40,65,59,50,56,59,67,58,60,36,21,17,7,4,0,F,2011
E01005111,Manchester 047B,764,59,44,42,42,36,63,60,52,47,50,37,41,36,31,24,26,35,29,10,F,2011
E01005113,Manchester 047C,779,53,47,30,34,53,67,57,59,60,53,45,57,35,29,21,23,32,16,8,F,2011
E01005114,Manchester 047D,915,57,33,30,30,54,60,59,47,60,52,52,59,58,64,57,50,41,30,22,F,2011
E01005116,Manchester 047E,1034,82,38,37,47,69,114,115,73,80,58,54,63,49,47,26,30,24,20,8,F,2011
E01005071,Manchester 048A,819,56,47,43,68,49,74,71,60,53,59,41,36,36,27,24,31,18,18,8,F,2011
E01005072,Manchester 048B,869,77,49,43,45,60,99,88,77,52,47,41,34,34,28,31,18,19,11,16,F,2011
E01005073,Manchester 048C,739,44,34,37,42,54,50,48,49,44,70,48,44,45,26,26,34,27,13,4,F,2011
E01005112,Manchester 048D,850,70,55,50,51,55,68,75,41,71,52,59,40,46,30,30,26,18,9,4,F,2011
E01005117,Manchester 048E,1014,95,75,62,59,81,103,89,79,67,63,64,34,46,20,30,20,11,9,7,F,2011
E01005085,Manchester 049A,820,90,68,53,44,74,108,68,48,43,47,56,35,21,16,15,17,10,6,1,F,2011
E01005086,Manchester 049B,923,73,71,62,63,67,78,75,68,74,53,54,52,47,18,21,18,16,8,5,F,2011
E01005089,Manchester 049C,1020,97,82,68,72,62,108,75,69,62,63,47,28,36,32,36,19,22,24,18,F,2011
E01005289,Manchester 049D,738,63,56,48,48,65,71,49,47,40,62,33,34,39,24,17,16,12,4,10,F,2011
E01005295,Manchester 049E,1233,96,48,42,52,84,192,158,108,91,69,63,46,55,30,22,17,25,18,17,F,2011
E01005087,Manchester 050A,1110,121,91,88,78,94,101,94,79,73,69,49,39,49,31,18,17,10,8,1,F,2011
E01005088,Manchester 050B,940,87,87,76,54,76,64,73,63,64,58,59,45,38,32,21,20,15,6,2,F,2011
E01005090,Manchester 050C,854,81,52,40,50,67,63,54,50,54,62,59,40,46,23,28,32,24,20,9,F,2011
E01005091,Manchester 050D,1120,117,89,71,78,88,127,98,67,72,71,55,45,52,30,25,15,7,9,4,F,2011
E01005291,Manchester 050E,774,59,34,51,54,61,49,48,45,52,46,43,45,41,39,32,21,27,16,11,F,2011
E01005068,Manchester 051A,834,60,41,51,62,68,59,54,61,66,48,44,49,26,34,24,18,29,25,15,F,2011
E01005070,Manchester 051B,871,71,36,44,37,59,85,79,70,56,55,60,36,55,35,24,16,18,22,13,F,2011
E01005074,Manchester 051C,787,58,53,41,45,38,64,68,70,65,59,44,41,48,26,19,14,12,12,10,F,2011
E01005075,Manchester 051D,742,49,36,44,40,44,61,58,47,61,62,47,44,35,18,33,18,22,13,10,F,2011
E01005319,Manchester 051E,1120,93,70,67,71,81,104,89,79,87,66,68,53,51,43,38,15,20,17,8,F,2011
E01005290,Manchester 052A,782,53,44,61,42,53,54,58,56,59,55,59,39,43,33,20,16,18,12,7,F,2011
E01005292,Manchester 052B,792,68,41,42,41,66,72,58,42,57,69,33,47,43,24,22,26,23,13,5,F,2011
E01005293,Manchester 052C,637,55,32,36,28,32,38,68,60,42,53,49,35,44,28,16,12,6,2,1,F,2011
E01005294,Manchester 052D,753,45,28,34,41,37,44,39,38,56,58,49,66,58,36,32,34,31,22,5,F,2011
E01005317,Manchester 052E,841,46,56,39,43,67,68,58,54,60,68,36,55,55,22,33,22,23,22,14,F,2011
E01005313,Manchester 053A,778,45,57,43,46,40,75,61,56,44,62,58,43,44,21,22,12,27,19,3,F,2011
E01005314,Manchester 053B,829,47,45,63,59,61,57,49,54,60,61,58,35,55,30,19,20,23,24,9,F,2011
E01005315,Manchester 053C,779,52,49,38,33,66,51,53,47,67,53,54,45,44,29,26,19,28,19,6,F,2011
E01005316,Manchester 053D,809,64,45,30,41,71,97,74,64,51,64,45,43,43,22,18,13,14,9,1,F,2011
E01005318,Manchester 053E,983,83,47,40,68,84,92,80,53,74,67,46,43,43,39,28,31,32,22,11,F,2011
E01005130,Manchester 054A,698,42,43,35,33,63,89,65,32,37,62,44,40,26,25,29,22,6,5,0,F,2011
E01033651,Manchester 054B,491,13,9,1,16,142,161,78,18,14,10,11,3,4,3,4,3,0,1,0,F,2011
E01033658,Manchester 054C,584,21,4,26,86,102,165,78,36,17,16,7,10,7,5,3,0,1,0,0,F,2011
E01033664,Manchester 054D,511,14,2,3,12,170,183,80,15,11,8,6,5,1,0,1,0,0,0,0,F,2011
E01033667,Manchester 054E,413,9,2,1,4,85,134,97,20,18,10,7,8,3,8,0,1,5,1,0,F,2011
E01005128,Manchester 055A,808,17,4,2,133,322,174,86,27,16,4,9,6,3,3,0,0,0,2,0,F,2011
E01033653,Manchester 055B,698,9,2,0,13,165,174,97,42,17,25,9,9,21,11,31,29,25,13,6,F,2011
E01033654,Manchester 055C,1451,7,2,2,484,698,148,60,16,8,3,7,7,2,1,2,2,2,0,0,F,2011
E01033659,Manchester 055D,545,18,5,2,4,136,202,108,36,12,8,8,2,1,1,1,0,1,0,0,F,2011
E01033661,Manchester 055E,440,4,1,0,6,147,124,56,18,7,7,7,11,6,13,15,5,7,5,1,F,2011
E01005143,Manchester 056A,1216,147,111,109,91,103,115,119,88,73,69,37,32,34,26,27,22,12,0,1,F,2011
E01033655,Manchester 056B,505,13,3,0,11,167,203,68,14,9,6,5,3,2,0,0,1,0,0,0,F,2011
E01033665,Manchester 056C,503,13,13,7,18,127,148,51,22,15,20,8,7,9,18,10,5,10,1,1,F,2011
E01033676,Manchester 056D,843,63,74,65,67,61,69,60,37,61,73,52,36,25,20,26,27,13,6,8,F,2011
E01005212,Manchester 057A,1038,61,23,18,243,320,107,95,37,45,20,13,13,8,19,6,5,2,2,1,F,2011
E01033656,Manchester 057B,1610,7,2,1,470,888,171,46,12,6,5,1,1,0,0,0,0,0,0,0,F,2011
E01033662,Manchester 057C,502,9,0,2,8,183,110,84,46,20,13,9,6,3,4,1,2,1,0,1,F,2011
E01005142,Manchester 058A,963,127,77,60,73,86,85,72,79,60,46,43,31,44,36,19,6,10,5,4,F,2011
E01005147,Manchester 058B,1296,141,132,110,99,104,124,116,106,96,76,55,36,26,19,30,11,10,3,2,F,2011
E01033674,Manchester 058C,666,65,32,23,27,98,153,93,55,28,27,19,21,5,9,1,7,2,1,0,F,2011
E01033675,Manchester 058D,1063,117,90,78,77,77,118,124,96,75,56,50,23,24,16,18,12,7,5,0,F,2011
E01005213,Manchester 059A,992,71,53,46,53,166,156,101,78,60,56,36,22,24,12,29,17,7,3,2,F,2011
E01033660,Manchester 059B,481,5,0,1,1,123,216,85,23,8,10,4,4,1,0,0,0,0,0,0,F,2011
E01033672,Manchester 059C,605,44,37,23,14,96,118,79,39,26,32,22,18,10,14,9,9,8,1,6,F,2011
E01033673,Manchester 059D,434,6,0,0,2,95,205,78,22,11,6,5,1,0,2,1,0,0,0,0,F,2011
E01033677,Manchester 060A,470,16,0,1,21,163,140,55,23,20,9,9,6,2,4,0,1,0,0,0,F,2011
E01033681,Manchester 060B,569,15,3,4,8,94,202,117,46,19,15,21,9,5,4,2,1,2,2,0,F,2011
E01033682,Manchester 060C,513,10,1,0,3,107,191,87,35,17,13,11,16,9,6,5,1,0,1,0,F,2011
E01033683,Manchester 060D,496,10,1,1,21,158,163,81,36,9,6,4,1,3,0,0,0,1,1,0,F,2011
E08000004,,114823,8179,7532,7399,7405,7376,7805,7119,7039,8113,8228,7075,6217,6611,5335,4360,3430,2707,1778,1115,F,2011
E01005357,Oldham 001A,725,26,29,33,36,34,22,23,39,49,70,51,51,86,72,34,31,21,12,6,F,2011
E01005358,Oldham 001B,881,50,45,42,65,63,66,61,47,67,68,47,37,56,51,36,27,31,15,7,F,2011
E01005359,Oldham 001C,800,27,31,31,37,26,44,29,33,59,52,60,54,77,89,61,44,18,22,6,F,2011
E01005360,Oldham 001D,733,25,25,39,49,34,33,23,32,42,55,48,45,69,64,51,45,21,25,8,F,2011
E01005441,Oldham 002A,834,39,38,39,44,52,39,42,50,66,80,65,45,63,53,37,29,30,14,9,F,2011
E01005442,Oldham 002B,725,28,31,44,43,35,27,35,43,49,72,60,75,73,42,22,18,20,4,4,F,2011
E01005444,Oldham 002C,805,62,37,42,52,61,71,46,38,58,70,52,40,48,37,36,26,16,11,2,F,2011
E01005445,Oldham 002D,800,70,51,32,44,72,87,46,48,49,61,53,38,38,37,23,23,14,12,2,F,2011
E01005361,Oldham 003A,871,27,38,41,52,38,23,35,37,71,59,74,53,76,89,60,45,32,14,7,F,2011
E01005443,Oldham 003B,716,29,41,58,39,36,31,20,29,67,70,49,68,68,51,26,15,16,2,1,F,2011
E01005446,Oldham 003C,714,41,26,39,41,45,41,51,43,64,65,55,50,49,39,34,13,11,6,1,F,2011
E01005447,Oldham 003D,854,61,47,47,41,49,67,58,52,44,30,45,40,46,29,42,30,43,39,44,F,2011
E01005390,Oldham 004A,783,33,55,52,44,34,28,42,61,65,48,44,66,78,57,29,19,15,9,4,F,2011
E01005394,Oldham 004B,803,31,36,39,50,33,38,44,36,51,70,70,55,62,55,35,31,37,18,12,F,2011
E01005395,Oldham 004C,728,30,39,37,46,28,25,42,55,66,53,66,43,61,52,33,23,14,10,5,F,2011
E01005396,Oldham 004D,751,34,46,38,41,48,25,35,39,61,64,55,64,64,61,32,19,11,14,0,F,2011
E01005355,Oldham 005A,772,57,46,41,49,42,69,49,74,60,43,38,44,52,38,33,16,14,5,2,F,2011
E01005356,Oldham 005B,697,46,30,49,63,41,36,40,26,84,75,65,42,36,31,11,12,5,5,0,F,2011
E01005399,Oldham 005C,797,38,33,29,51,29,39,41,48,71,69,51,62,69,51,51,31,20,10,4,F,2011
E01005403,Oldham 005D,828,58,49,50,52,51,65,51,53,82,79,52,43,39,35,13,14,17,11,14,F,2011
E01005410,Oldham 006A,765,33,37,54,52,29,27,23,50,60,87,76,57,73,37,33,20,10,4,3,F,2011
E01005411,Oldham 006B,812,28,50,35,40,36,22,34,41,62,78,57,45,62,44,46,44,42,25,21,F,2011
E01005414,Oldham 006C,627,32,31,43,28,21,12,24,34,61,66,55,63,46,43,34,12,12,8,2,F,2011
E01005415,Oldham 006D,595,22,30,30,33,26,10,24,22,52,60,39,43,56,44,35,27,22,11,9,F,2011
E01005452,Oldham 007C,693,28,39,46,46,31,31,24,47,60,61,76,56,65,29,25,15,8,4,2,F,2011
E01005453,Oldham 007D,678,31,39,41,49,31,32,32,46,50,73,48,34,48,43,28,24,16,9,4,F,2011
E01032558,Oldham 007E,779,79,63,45,64,70,62,36,43,55,59,52,33,34,26,29,11,13,4,1,F,2011
E01032559,Oldham 007F,1414,114,109,120,100,73,69,114,154,158,104,78,50,58,40,28,24,14,5,2,F,2011
E01005391,Oldham 008A,786,32,51,58,49,26,34,41,53,57,78,57,47,60,49,31,27,22,9,5,F,2011
E01005392,Oldham 008B,775,38,15,34,33,48,48,45,34,48,58,48,56,54,46,37,37,42,35,19,F,2011
E01005393,Oldham 008C,664,19,27,32,36,28,26,38,28,41,58,46,38,55,59,44,22,31,17,19,F,2011
E01005401,Oldham 008D,848,35,47,42,51,37,42,35,61,66,74,58,45,66,57,49,33,28,14,8,F,2011
E01005397,Oldham 009A,746,39,44,32,52,42,55,36,47,47,67,45,39,39,49,41,24,21,18,9,F,2011
E01005398,Oldham 009B,822,47,28,37,48,45,56,60,46,46,55,58,40,43,53,42,25,47,22,24,F,2011
E01005400,Oldham 009C,762,35,44,38,29,35,41,39,35,44,48,48,52,67,47,57,32,29,25,17,F,2011
E01005402,Oldham 009D,795,50,58,54,48,49,45,59,48,57,56,48,42,43,38,26,25,16,20,13,F,2011
E01005335,Oldham 010A,658,29,26,34,31,35,40,42,38,36,47,51,51,57,52,39,27,8,7,8,F,2011
E01005337,Oldham 010B,981,116,105,76,71,61,95,100,84,47,42,33,33,46,18,20,13,14,5,2,F,2011
E01005339,Oldham 010C,727,17,37,46,39,34,17,22,39,67,66,43,53,56,62,43,39,27,10,10,F,2011
E01005340,Oldham 010D,764,43,40,68,63,45,41,39,44,66,64,31,41,44,38,29,30,19,9,10,F,2011
E01005421,Oldham 011A,907,73,52,46,58,77,88,62,51,67,58,45,41,45,30,28,20,15,23,28,F,2011
E01005422,Oldham 011B,817,89,64,78,66,56,69,66,75,60,63,38,19,21,21,14,13,3,2,0,F,2011
E01032920,Oldham 011E,910,62,60,46,55,55,77,56,39,71,71,66,55,55,39,38,28,17,16,4,F,2011
E01005448,Oldham 012A,743,74,34,42,43,52,58,53,37,42,48,45,32,49,25,25,27,26,17,14,F,2011
E01005449,Oldham 012B,644,36,30,38,33,49,41,35,35,46,55,34,37,40,31,41,19,22,14,8,F,2011
E01005454,Oldham 012C,738,38,43,41,47,39,37,44,51,59,86,54,53,39,29,18,19,18,19,4,F,2011
E01005455,Oldham 012D,767,47,54,35,40,54,50,47,64,80,74,43,42,46,28,22,13,18,4,6,F,2011
E01005456,Oldham 012E,809,52,48,46,49,68,71,64,53,50,61,51,42,47,34,21,20,23,7,2,F,2011
E01005407,Oldham 013A,840,37,34,45,50,24,38,37,60,78,73,65,64,85,65,41,23,8,10,3,F,2011
E01005412,Oldham 013B,841,38,40,33,31,35,32,38,55,67,85,63,57,76,69,46,28,27,9,12,F,2011
E01005416,Oldham 013C,688,34,30,40,26,29,29,39,67,61,45,55,50,52,38,30,20,11,15,17,F,2011
E01005417,Oldham 013D,761,27,24,35,33,46,31,32,30,46,70,76,44,83,55,35,33,23,27,11,F,2011
E01005348,Oldham 014A,839,83,88,71,69,39,65,66,57,56,35,29,44,36,24,24,17,16,14,6,F,2011
E01005350,Oldham 014B,920,58,60,54,58,65,65,48,52,38,55,65,40,54,32,59,34,29,36,18,F,2011
E01005432,Oldham 014C,764,48,49,54,59,51,57,45,54,56,50,60,33,34,32,35,21,13,8,5,F,2011
E01005433,Oldham 014D,819,84,68,73,50,68,61,61,54,47,54,41,45,34,20,13,17,15,7,7,F,2011
E01005329,Oldham 015A,756,30,40,38,53,32,41,37,42,78,71,59,83,68,34,15,16,13,3,3,F,2011
E01005330,Oldham 015B,786,31,37,35,50,37,53,50,45,60,57,75,59,68,46,26,24,17,7,9,F,2011
E01005333,Oldham 015C,619,14,21,44,33,36,26,33,26,47,63,51,54,62,41,20,22,17,6,3,F,2011
E01005336,Oldham 015D,789,52,33,36,57,23,34,39,39,56,69,50,53,61,52,54,34,28,10,9,F,2011
E01005349,Oldham 016A,1226,149,156,132,120,137,114,114,82,58,30,25,40,19,17,14,13,5,1,0,F,2011
E01005351,Oldham 016B,1015,134,133,88,109,95,95,82,60,47,22,32,25,29,17,17,13,9,5,3,F,2011
E01005352,Oldham 016C,715,93,71,63,45,48,69,56,41,35,35,28,21,38,24,15,12,10,8,3,F,2011
E01005353,Oldham 016D,905,89,81,91,83,97,82,67,62,44,32,30,36,30,23,23,17,9,7,2,F,2011
E01005354,Oldham 016E,885,91,78,72,56,97,90,70,63,46,46,45,40,19,18,24,12,11,6,1,F,2011
E01005327,Oldham 017A,1009,80,64,58,45,37,60,78,64,69,75,61,48,35,56,51,45,36,26,21,F,2011
E01005328,Oldham 017B,664,30,28,41,38,41,38,49,35,42,45,40,29,39,38,36,28,28,24,15,F,2011
E01005331,Oldham 017C,770,47,54,54,34,52,66,43,52,51,40,52,42,56,54,25,15,26,4,3,F,2011
E01005334,Oldham 017D,763,49,37,65,61,35,30,48,60,92,76,49,43,47,29,10,14,11,5,2,F,2011
E01005338,Oldham 017E,942,82,73,59,54,61,77,62,50,41,41,38,45,57,35,41,46,35,31,14,F,2011
E01005387,Oldham 018A,719,43,28,38,49,41,50,32,51,49,69,48,55,54,37,30,15,17,12,1,F,2011
E01005388,Oldham 018B,714,36,32,35,34,40,47,37,40,41,55,52,48,39,42,41,23,35,22,15,F,2011
E01005389,Oldham 018C,842,62,72,49,48,66,59,49,55,67,69,48,33,31,36,23,31,22,9,13,F,2011
E01005418,Oldham 018D,760,32,31,58,48,40,33,26,49,74,65,60,54,69,39,33,21,17,10,1,F,2011
E01005428,Oldham 019A,846,103,93,55,72,80,100,74,55,43,37,25,34,20,14,8,11,9,11,2,F,2011
E01005431,Oldham 019B,889,103,34,49,42,68,89,57,48,47,52,53,45,45,35,35,22,28,18,19,F,2011
E01005450,Oldham 019C,864,105,71,60,55,81,94,69,48,53,39,36,39,28,18,19,9,19,16,5,F,2011
E01005451,Oldham 019D,669,76,43,51,31,41,50,50,48,49,45,42,32,45,32,11,15,2,6,0,F,2011
E01005408,Oldham 020C,893,40,44,53,40,38,40,48,60,80,73,65,56,79,44,48,38,22,14,11,F,2011
E01005409,Oldham 020D,856,44,54,57,48,39,34,37,56,66,92,73,51,56,51,31,36,21,6,4,F,2011
E01032922,Oldham 020E,1272,62,48,67,65,52,45,48,67,85,95,105,99,107,94,60,62,47,37,27,F,2011
E01005406,Oldham 021A,709,20,39,35,34,19,23,35,45,49,73,60,53,57,49,42,27,26,13,10,F,2011
E01005413,Oldham 021B,848,38,47,67,40,36,29,40,61,82,87,59,54,50,43,39,34,25,12,5,F,2011
E01005419,Oldham 021C,795,32,43,53,61,49,53,46,51,64,66,59,50,57,37,30,20,11,11,2,F,2011
E01005420,Oldham 021D,894,46,50,62,53,43,39,44,59,67,74,52,54,47,50,49,45,26,20,14,F,2011
E01005321,Oldham 022A,797,81,70,54,53,65,76,67,52,40,39,40,32,19,24,18,21,17,16,13,F,2011
E01005326,Oldham 022B,1555,165,142,122,140,162,144,96,85,61,52,60,54,37,29,45,31,37,39,54,F,2011
E01005427,Oldham 022C,1042,126,124,106,103,96,101,83,64,58,34,35,37,18,20,12,14,5,2,4,F,2011
E01005429,Oldham 022D,906,102,98,92,87,64,88,79,60,47,56,42,29,12,14,14,11,6,4,1,F,2011
E01005430,Oldham 022E,1222,141,129,104,105,115,110,118,70,74,45,54,36,31,17,23,18,13,15,4,F,2011
E01005320,Oldham 024A,964,102,97,71,74,79,104,62,57,50,51,46,28,39,23,17,21,13,17,13,F,2011
E01005434,Oldham 024B,603,61,44,24,30,52,77,45,35,31,34,37,24,22,21,19,17,19,5,6,F,2011
E01005437,Oldham 024C,960,105,121,81,73,68,98,87,72,51,40,53,27,25,20,13,14,6,2,4,F,2011
E01005459,Oldham 024D,723,77,82,66,75,59,63,50,38,34,26,30,14,24,22,21,23,9,6,4,F,2011
E01005383,Oldham 026A,1031,98,88,87,72,74,79,75,79,66,65,56,41,41,26,25,31,16,11,1,F,2011
E01005386,Oldham 026D,735,59,49,65,48,57,39,41,48,59,57,42,36,28,27,30,20,16,10,4,F,2011
E01032556,Oldham 026E,716,42,36,32,23,37,65,48,42,55,63,35,40,57,39,35,30,16,15,6,F,2011
E01032557,Oldham 026F,901,97,60,45,59,73,72,56,45,66,67,56,47,46,31,25,24,16,12,4,F,2011
E01005342,Oldham 027A,692,45,34,40,30,45,25,47,37,46,61,41,28,41,43,31,23,24,35,16,F,2011
E01005343,Oldham 027B,732,53,61,50,36,43,60,44,47,65,48,45,45,28,32,33,17,14,7,4,F,2011
E01005344,Oldham 027C,792,73,52,45,47,70,75,56,53,46,56,43,32,36,33,28,19,15,11,2,F,2011
E01005381,Oldham 027D,781,69,47,51,50,52,47,55,39,48,54,49,46,32,31,29,29,26,16,11,F,2011
E01005332,Oldham 028A,1208,108,68,80,74,96,97,84,74,78,76,81,44,58,42,54,40,31,10,13,F,2011
E01005341,Oldham 028B,712,51,36,45,29,51,51,52,36,60,65,55,35,46,24,28,14,14,11,9,F,2011
E01005345,Oldham 028C,748,40,31,33,53,40,42,40,33,68,65,63,50,50,29,23,38,26,17,7,F,2011
E01005346,Oldham 028D,722,23,29,32,47,48,33,33,39,42,55,54,47,55,57,41,31,25,18,13,F,2011
E01005347,Oldham 028E,666,45,48,41,40,34,56,44,37,61,57,44,38,37,28,18,24,10,1,3,F,2011
E01005322,Oldham 029A,665,57,51,36,56,48,58,53,44,48,47,46,37,22,20,14,11,7,9,1,F,2011
E01005323,Oldham 029B,692,50,37,44,52,59,51,37,53,45,52,41,35,38,32,18,21,16,9,2,F,2011
E01005324,Oldham 029C,802,55,59,54,53,69,45,38,47,52,71,46,32,35,26,39,29,23,19,10,F,2011
E01005325,Oldham 029D,530,58,35,47,33,41,35,34,35,40,27,37,21,20,19,21,12,9,5,1,F,2011
E01005438,Oldham 029E,1142,131,73,82,58,77,97,97,76,71,76,56,53,47,42,31,32,23,12,8,F,2011
E01005377,Oldham 030A,699,52,54,61,60,41,48,47,39,63,51,44,38,36,25,22,15,2,1,0,F,2011
E01005379,Oldham 030B,726,90,74,51,41,51,84,52,43,37,43,34,36,21,22,20,9,9,4,5,F,2011
E01005380,Oldham 030C,803,58,80,78,68,56,50,47,44,76,73,53,41,23,18,16,9,8,4,1,F,2011
E01005382,Oldham 030D,734,50,35,64,45,44,41,48,48,50,60,44,52,39,38,19,22,20,9,6,F,2011
E01005439,Oldham 030E,785,53,43,41,41,40,48,34,39,56,60,39,55,54,40,46,35,26,19,16,F,2011
E01005362,Oldham 031A,748,23,33,59,56,38,41,29,45,72,54,63,42,44,52,45,30,11,8,3,F,2011
E01005364,Oldham 031B,857,41,47,36,59,28,53,36,57,64,80,57,39,68,44,47,58,17,17,9,F,2011
E01005368,Oldham 031C,812,61,35,51,44,65,86,60,64,60,47,48,43,34,46,22,18,12,9,7,F,2011
E01005376,Oldham 031D,685,57,39,50,42,46,68,43,47,33,37,39,36,45,22,26,22,12,15,6,F,2011
E01005378,Oldham 031E,763,34,47,41,45,55,51,51,38,64,52,53,49,58,31,32,29,23,8,2,F,2011
E01005363,Oldham 032A,784,60,47,41,40,50,54,60,48,62,66,48,40,50,35,27,19,20,13,4,F,2011
E01005369,Oldham 032B,796,63,38,42,43,81,69,56,47,64,52,39,28,43,22,31,17,19,22,20,F,2011
E01005370,Oldham 032C,742,41,26,35,45,40,46,39,51,32,55,45,39,55,39,45,41,28,27,13,F,2011
E01005371,Oldham 032D,681,44,41,34,43,61,68,57,50,43,50,38,45,34,20,14,11,11,12,5,F,2011
E01005365,Oldham 033A,726,40,29,38,53,30,42,30,54,68,73,50,40,43,37,40,31,18,6,4,F,2011
E01005366,Oldham 033B,822,36,45,39,53,44,49,32,37,59,70,47,47,44,51,51,42,31,24,21,F,2011
E01005367,Oldham 033C,760,28,37,61,49,36,27,32,47,72,71,59,42,40,56,42,33,21,5,2,F,2011
E01005440,Oldham 033D,697,33,33,24,41,46,27,32,36,49,58,55,72,51,42,23,34,24,11,6,F,2011
E01005372,Oldham 034A,617,38,42,31,39,45,32,42,30,57,56,32,25,34,31,24,19,23,7,10,F,2011
E01005373,Oldham 034B,617,19,32,33,40,31,19,25,45,42,47,34,45,41,58,41,37,16,7,5,F,2011
E01005374,Oldham 034C,743,30,32,60,41,38,45,40,42,63,50,48,48,47,58,29,23,31,13,5,F,2011
E01005375,Oldham 034D,752,28,38,26,39,24,28,30,31,61,59,54,43,52,51,75,49,44,12,8,F,2011
E01005435,Oldham 035A,942,99,111,85,82,92,79,88,72,54,41,41,29,26,7,12,14,8,2,0,F,2011
E01005436,Oldham 035B,895,74,87,60,65,62,69,66,48,57,57,43,51,31,26,16,15,26,29,13,F,2011
E01005460,Oldham 035C,1190,129,116,110,87,88,106,107,85,76,43,42,42,55,34,35,17,10,5,3,F,2011
E01005461,Oldham 035D,1205,120,124,116,113,107,100,100,75,68,24,56,51,34,16,21,25,27,16,12,F,2011
E01005462,Oldham 035E,907,74,87,67,79,67,88,68,54,46,58,45,39,31,25,26,21,18,7,7,F,2011
E01005463,Oldham 035F,543,74,59,28,32,40,66,47,40,28,19,28,15,19,9,8,11,11,7,2,F,2011
E01032921,Oldham 035G,1224,144,114,79,94,135,123,107,61,64,53,61,51,25,25,25,15,16,18,14,F,2011
E08000005,,108110,7225,6371,6746,7038,7099,7317,6916,6983,7937,7606,7061,6216,6201,4783,3940,3388,2687,1684,912,F,2011
E01005518,Rochdale 001A,701,35,26,37,54,34,39,40,40,59,62,53,44,49,40,28,21,18,15,7,F,2011
E01005520,Rochdale 001B,910,50,54,55,38,44,56,58,61,90,72,49,50,62,53,36,27,33,17,5,F,2011
E01005522,Rochdale 001C,716,56,29,30,38,54,53,60,50,48,43,43,31,43,23,24,36,23,16,16,F,2011
E01005523,Rochdale 001D,976,61,59,53,45,58,54,56,80,81,77,58,64,56,60,31,28,35,9,11,F,2011
E01005519,Rochdale 002A,767,48,44,52,44,34,38,55,70,69,74,50,50,51,22,28,13,13,8,4,F,2011
E01005594,Rochdale 002B,741,36,38,45,58,37,40,36,48,53,72,53,55,54,41,28,12,14,18,3,F,2011
E01005597,Rochdale 002C,832,57,47,53,46,45,43,56,61,56,62,58,60,62,47,30,27,13,7,2,F,2011
E01005598,Rochdale 002D,790,47,23,39,50,37,36,40,47,55,51,54,72,85,60,28,24,23,11,8,F,2011
E01005516,Rochdale 003A,736,34,47,46,46,40,34,37,51,56,65,50,50,60,45,19,16,12,17,11,F,2011
E01005517,Rochdale 003B,783,32,31,44,25,28,37,28,43,53,62,64,51,72,73,41,34,31,18,16,F,2011
E01005521,Rochdale 003C,748,30,27,32,35,37,34,34,47,64,76,61,40,56,52,27,31,20,28,17,F,2011
E01005596,Rochdale 003D,952,71,58,43,71,43,54,71,66,82,75,65,66,61,44,29,17,17,11,8,F,2011
E01005578,Rochdale 004A,727,58,59,71,65,59,60,36,45,55,41,37,21,25,21,19,18,15,8,14,F,2011
E01005579,Rochdale 004B,853,94,95,66,76,52,87,71,63,71,30,36,28,31,14,16,10,6,6,1,F,2011
E01005586,Rochdale 004C,779,61,63,71,50,65,46,52,53,62,34,24,23,42,53,38,21,11,8,2,F,2011
E01005593,Rochdale 004D,818,69,58,73,67,63,67,57,49,62,64,44,36,35,26,14,19,11,4,0,F,2011
E01005595,Rochdale 004E,735,47,30,26,50,37,40,36,46,47,56,35,34,48,49,26,41,35,29,23,F,2011
E01005489,Rochdale 005A,616,37,29,40,32,29,37,26,43,43,46,38,44,53,40,33,23,17,4,2,F,2011
E01005490,Rochdale 005B,589,38,38,51,50,31,35,47,48,52,39,32,22,21,31,21,13,10,9,1,F,2011
E01005491,Rochdale 005C,755,33,37,39,45,36,48,38,53,53,60,49,61,53,52,23,38,21,10,6,F,2011
E01005493,Rochdale 005D,831,34,31,56,54,50,49,41,36,67,61,72,67,76,34,43,24,16,16,4,F,2011
E01005494,Rochdale 005E,922,63,65,49,67,62,61,66,66,75,57,63,52,35,43,34,23,25,11,5,F,2011
E01005495,Rochdale 005F,897,45,34,68,58,63,55,49,55,56,61,50,56,71,36,38,36,30,23,13,F,2011
E01005488,Rochdale 006A,806,49,69,76,49,37,52,55,79,88,62,51,41,30,30,18,14,4,1,1,F,2011
E01005492,Rochdale 006B,794,27,61,43,45,29,35,24,54,64,67,62,70,65,52,40,29,16,8,3,F,2011
E01005499,Rochdale 006C,747,43,30,28,39,64,39,40,36,58,60,64,60,57,49,30,20,11,14,5,F,2011
E01005571,Rochdale 006D,796,41,35,39,49,38,46,50,47,77,66,66,71,69,43,21,17,12,7,2,F,2011
E01005570,Rochdale 007A,666,27,27,29,31,28,38,29,37,51,41,51,53,46,48,46,29,24,21,10,F,2011
E01005572,Rochdale 007B,838,46,57,42,53,48,29,47,59,64,74,62,50,73,48,24,28,20,8,6,F,2011
E01005573,Rochdale 007C,754,36,38,54,68,27,20,28,49,69,80,56,40,49,43,33,24,13,19,8,F,2011
E01005574,Rochdale 007D,830,34,39,49,36,40,36,41,47,70,60,71,66,69,55,52,31,18,14,2,F,2011
E01005587,Rochdale 007E,760,34,56,51,69,41,35,42,41,71,110,64,45,31,19,22,9,12,4,4,F,2011
E01005588,Rochdale 007F,748,29,26,33,38,24,39,26,42,49,53,41,53,67,44,40,55,39,36,14,F,2011
E01005580,Rochdale 008A,813,76,56,47,50,57,82,62,65,47,49,54,39,31,25,19,20,16,12,6,F,2011
E01005581,Rochdale 008B,795,76,89,55,53,45,70,90,36,49,32,33,26,26,29,33,21,19,8,5,F,2011
E01005583,Rochdale 008D,849,72,67,69,71,100,87,60,49,43,23,30,44,26,40,21,22,14,4,7,F,2011
E01005585,Rochdale 008F,690,74,45,39,51,74,57,68,44,50,38,33,33,25,24,20,4,9,2,0,F,2011
E01033258,Rochdale 008G,1442,133,138,132,129,141,147,133,99,67,58,67,74,41,22,31,18,6,3,3,F,2011
E01005496,Rochdale 009A,683,54,35,51,61,53,60,46,54,63,54,26,27,24,26,22,10,10,5,2,F,2011
E01005589,Rochdale 009B,777,53,44,42,48,49,66,57,55,51,66,42,50,43,30,30,19,20,7,5,F,2011
E01005590,Rochdale 009C,845,56,76,83,69,69,69,61,66,56,32,52,40,29,24,26,13,9,8,7,F,2011
E01005591,Rochdale 009D,783,41,39,41,42,58,43,47,37,48,45,52,56,46,41,35,29,33,30,20,F,2011
E01005592,Rochdale 009E,840,57,53,61,69,56,52,45,70,56,52,45,31,37,26,26,23,38,22,21,F,2011
E01005472,Rochdale 010A,808,85,55,45,54,61,56,79,51,45,40,44,38,40,25,25,30,17,12,6,F,2011
E01005473,Rochdale 010B,765,61,64,58,68,64,57,56,54,50,38,39,36,37,18,17,23,11,13,1,F,2011
E01005482,Rochdale 010C,859,62,51,44,56,87,75,59,48,63,53,57,48,34,33,32,25,21,7,4,F,2011
E01005483,Rochdale 010D,884,84,57,58,57,73,92,65,65,44,42,49,39,36,34,20,30,17,14,8,F,2011
E01005484,Rochdale 010E,993,109,78,62,62,88,87,82,58,52,65,51,47,28,34,26,23,20,17,4,F,2011
E01005486,Rochdale 010F,822,100,80,63,60,67,76,72,69,44,35,43,36,23,17,12,12,8,4,1,F,2011
E01005487,Rochdale 010G,879,79,63,60,78,70,82,54,74,51,46,57,27,35,26,21,31,14,9,2,F,2011
E01005474,Rochdale 011A,668,31,35,37,42,34,19,36,34,47,37,48,35,57,39,40,34,26,21,16,F,2011
E01005575,Rochdale 011B,836,49,28,44,39,38,42,49,41,49,54,57,65,75,56,56,36,35,16,7,F,2011
E01005576,Rochdale 011C,756,33,41,37,41,34,37,32,36,48,70,53,36,68,66,48,38,23,13,2,F,2011
E01005577,Rochdale 011D,766,25,35,42,48,37,24,30,48,63,64,58,55,50,50,35,36,28,25,13,F,2011
E01005469,Rochdale 012A,926,60,45,70,69,53,44,51,61,87,75,51,52,61,41,34,28,25,13,6,F,2011
E01005563,Rochdale 012B,915,64,74,81,92,77,55,71,67,73,49,49,38,32,22,24,21,12,12,2,F,2011
E01005565,Rochdale 012C,795,54,72,66,76,47,48,43,52,77,70,50,43,26,19,21,15,11,3,2,F,2011
E01005566,Rochdale 012D,1158,107,109,77,75,100,120,100,98,78,52,49,41,40,21,22,27,22,16,4,F,2011
E01005568,Rochdale 012E,818,100,63,58,81,64,78,63,53,50,43,31,37,32,18,21,13,7,4,2,F,2011
E01005569,Rochdale 012F,829,56,66,55,60,62,58,60,54,50,53,56,41,44,29,35,22,18,9,1,F,2011
E01005556,Rochdale 013A,762,48,27,43,58,55,48,52,51,73,62,67,38,50,32,27,10,9,7,5,F,2011
E01005559,Rochdale 013B,809,49,60,57,47,47,57,71,40,55,51,49,53,42,37,27,20,27,15,5,F,2011
E01005560,Rochdale 013C,802,45,32,47,36,36,43,43,53,57,54,53,55,57,58,40,36,32,17,8,F,2011
E01005567,Rochdale 013D,749,59,46,33,51,43,69,57,49,74,40,43,48,57,38,12,15,11,2,2,F,2011
E01005555,Rochdale 014A,674,28,41,47,46,33,31,41,48,60,61,51,44,45,45,27,15,7,3,1,F,2011
E01005557,Rochdale 014B,628,29,30,37,41,22,18,31,34,56,52,34,39,73,53,37,18,12,9,3,F,2011
E01005558,Rochdale 014C,838,61,52,41,39,47,70,55,50,73,59,52,50,51,35,41,21,20,15,6,F,2011
E01005561,Rochdale 014D,707,37,27,36,32,40,36,45,49,58,74,46,43,58,45,29,16,15,14,7,F,2011
E01005562,Rochdale 014E,791,45,44,44,46,41,59,47,50,65,68,50,54,47,36,21,31,27,10,6,F,2011
E01005470,Rochdale 015A,882,102,65,77,66,73,84,79,50,45,46,52,33,17,11,16,16,14,23,13,F,2011
E01005471,Rochdale 015B,839,87,66,70,60,71,78,49,66,53,50,29,40,29,27,14,24,14,8,4,F,2011
E01005475,Rochdale 015C,830,72,65,53,50,66,56,66,46,53,51,52,51,45,19,26,21,21,12,5,F,2011
E01005485,Rochdale 015D,1059,75,64,102,98,85,94,89,57,72,59,69,53,33,22,34,28,13,8,4,F,2011
E01005564,Rochdale 015E,971,96,82,76,77,90,96,73,81,62,44,45,30,22,22,25,17,15,16,2,F,2011
E01005464,Rochdale 016A,895,75,69,80,73,71,61,56,65,86,57,49,41,27,21,16,27,13,3,5,F,2011
E01005465,Rochdale 016B,879,45,48,54,60,70,53,49,57,75,59,64,39,40,39,34,35,29,21,8,F,2011
E01005466,Rochdale 016C,1173,113,67,64,67,128,84,71,75,106,75,75,54,42,42,36,35,22,11,6,F,2011
E01005467,Rochdale 016D,937,97,56,49,59,68,77,72,62,67,50,57,33,45,38,47,21,22,14,3,F,2011
E01005468,Rochdale 016E,788,29,39,67,40,40,36,37,42,70,66,64,65,63,46,28,22,21,11,2,F,2011
E01005476,Rochdale 017A,814,45,58,50,40,43,64,54,63,65,45,50,50,69,44,20,16,19,14,5,F,2011
E01005477,Rochdale 017B,878,68,37,51,64,73,88,62,56,50,55,52,41,33,35,31,25,29,17,11,F,2011
E01005478,Rochdale 017C,838,62,45,42,49,60,42,58,36,45,59,56,60,77,55,29,32,16,11,4,F,2011
E01005479,Rochdale 017D,919,57,51,56,48,40,70,34,62,62,76,71,63,62,45,40,22,31,22,7,F,2011
E01005480,Rochdale 017E,868,44,39,38,52,49,44,41,47,42,62,64,55,70,61,49,47,36,17,11,F,2011
E01005481,Rochdale 017F,938,61,51,62,53,57,56,61,63,57,56,57,51,47,35,34,31,40,40,26,F,2011
E01005497,Rochdale 018A,819,70,46,58,54,56,63,53,60,52,49,49,65,44,25,30,18,12,7,8,F,2011
E01005501,Rochdale 018B,789,49,42,25,35,47,73,50,29,42,42,32,44,54,40,40,49,45,31,20,F,2011
E01005502,Rochdale 018C,808,64,41,50,36,46,47,61,51,53,56,57,50,43,43,33,37,21,14,5,F,2011
E01005504,Rochdale 018D,789,44,49,49,49,61,52,45,57,66,51,55,31,48,33,32,22,31,8,6,F,2011
E01005505,Rochdale 018E,911,70,43,44,43,81,81,58,64,65,77,47,48,56,40,34,28,22,7,3,F,2011
E01005509,Rochdale 018F,860,48,29,58,51,104,60,59,52,55,64,47,39,44,25,44,25,25,21,10,F,2011
E01005510,Rochdale 019A,587,24,36,37,48,23,35,33,43,52,53,47,33,57,27,24,8,6,0,1,F,2011
E01005511,Rochdale 019B,630,37,18,34,39,41,40,34,33,54,53,52,53,55,31,23,14,11,6,2,F,2011
E01005512,Rochdale 019C,753,41,36,36,37,51,51,44,42,52,43,69,46,43,38,36,29,28,15,16,F,2011
E01005513,Rochdale 019D,724,47,46,55,41,61,46,48,43,68,55,36,40,38,25,29,24,9,8,5,F,2011
E01005514,Rochdale 019E,774,51,37,54,52,51,64,40,55,42,62,59,54,49,23,23,31,17,8,2,F,2011
E01005515,Rochdale 019F,944,78,72,59,68,76,74,51,59,58,69,59,45,38,29,41,31,24,5,8,F,2011
E01005498,Rochdale 020A,766,65,47,55,52,64,55,55,48,54,66,43,34,29,36,27,17,14,4,1,F,2011
E01005500,Rochdale 020B,841,50,36,51,49,46,39,41,45,65,74,78,51,49,34,31,22,29,31,20,F,2011
E01005503,Rochdale 020C,642,17,26,39,44,42,25,29,47,41,55,59,63,57,40,19,15,12,9,3,F,2011
E01005506,Rochdale 020D,801,43,42,44,54,40,31,40,58,65,64,53,41,43,40,37,30,25,30,21,F,2011
E01005507,Rochdale 020E,839,60,38,47,69,62,70,75,62,60,54,49,43,45,30,24,23,16,8,4,F,2011
E01005508,Rochdale 020F,952,51,56,58,69,42,32,56,65,81,89,75,66,63,51,37,32,14,11,4,F,2011
E01005524,Rochdale 021A,766,48,41,36,48,57,51,43,55,61,52,59,48,55,40,18,29,19,2,4,F,2011
E01005525,Rochdale 021B,804,56,33,48,56,60,72,52,45,54,61,51,46,24,30,26,42,31,11,6,F,2011
E01005526,Rochdale 021C,816,50,43,68,46,59,57,62,60,67,49,60,50,46,28,22,19,17,10,3,F,2011
E01005528,Rochdale 021D,768,55,41,42,44,44,45,63,45,51,50,58,40,45,32,34,40,30,7,2,F,2011
E01005536,Rochdale 021E,852,67,49,45,62,56,61,74,63,70,66,64,44,46,20,14,22,14,11,4,F,2011
E01005543,Rochdale 021F,692,21,24,33,45,58,39,29,33,56,47,58,44,45,30,33,33,22,18,24,F,2011
E01005527,Rochdale 022A,790,53,47,42,61,38,55,43,58,49,54,51,44,55,37,17,28,24,18,16,F,2011
E01005529,Rochdale 022B,869,54,42,52,37,56,72,61,58,55,51,63,41,59,42,38,31,32,24,1,F,2011
E01005551,Rochdale 022C,926,81,75,61,48,64,83,71,55,63,49,62,41,43,32,29,23,25,12,9,F,2011
E01005552,Rochdale 022D,1050,98,70,72,80,91,84,79,58,65,60,66,45,51,25,28,32,23,13,10,F,2011
E01005553,Rochdale 022E,960,64,57,53,64,88,67,47,45,84,54,47,69,55,35,39,46,29,13,4,F,2011
E01005554,Rochdale 022F,685,44,35,42,34,34,38,37,42,62,74,52,50,37,33,27,24,11,6,3,F,2011
E01005534,Rochdale 023A,752,35,39,54,56,49,38,45,53,65,58,63,44,35,27,18,21,24,18,10,F,2011
E01005535,Rochdale 023B,778,34,50,31,64,61,74,45,56,48,59,65,42,52,27,27,20,10,6,7,F,2011
E01005537,Rochdale 023C,652,26,31,37,33,35,40,47,45,51,48,64,61,64,31,13,13,10,2,1,F,2011
E01005538,Rochdale 023D,802,81,49,50,58,61,68,64,47,68,61,44,36,25,23,20,19,16,8,4,F,2011
E01005540,Rochdale 023E,681,35,29,41,34,39,60,59,34,50,64,68,51,30,28,17,21,15,5,1,F,2011
E01005541,Rochdale 023F,821,59,45,51,51,64,66,73,64,61,70,67,42,33,18,29,16,4,5,3,F,2011
E01005542,Rochdale 023G,689,42,30,34,31,50,53,49,39,32,56,46,26,34,26,43,36,32,18,12,F,2011
E01005533,Rochdale 024A,841,42,29,43,42,54,69,62,67,67,55,54,50,45,45,41,33,18,17,8,F,2011
E01005539,Rochdale 024B,661,43,24,33,36,36,39,48,43,51,50,49,41,45,30,29,21,17,13,13,F,2011
E01005546,Rochdale 024C,640,33,29,27,37,31,31,35,32,42,44,64,47,46,38,32,20,30,12,10,F,2011
E01005547,Rochdale 024D,740,45,37,40,44,44,59,64,55,60,61,44,51,32,37,26,18,13,6,4,F,2011
E01005548,Rochdale 024E,628,39,26,23,38,45,39,31,45,42,56,50,40,31,34,13,23,22,13,18,F,2011
E01005530,Rochdale 025A,744,17,28,46,51,22,20,24,32,59,65,51,46,49,37,63,49,52,23,10,F,2011
E01005531,Rochdale 025B,605,34,30,39,36,27,63,33,39,46,46,54,46,34,22,15,16,16,8,1,F,2011
E01005532,Rochdale 025C,766,44,60,48,62,43,49,52,61,63,64,39,25,36,34,26,31,10,12,7,F,2011
E01005544,Rochdale 025D,757,31,32,46,43,28,39,37,31,50,57,65,52,46,45,40,46,45,14,10,F,2011
E01005545,Rochdale 025E,628,29,38,41,36,27,23,17,41,45,48,48,57,43,24,33,41,22,13,2,F,2011
E01005549,Rochdale 025F,814,48,55,50,47,42,29,31,34,67,78,66,51,53,47,34,28,30,19,5,F,2011
E01005550,Rochdale 025G,729,26,34,29,30,22,27,31,33,56,44,50,57,48,50,60,60,41,20,11,F,2011
E08000006,,117295,7872,6432,6420,7344,9653,10356,8446,7579,8108,7843,6856,5578,6083,4894,4246,3608,2834,1962,1181,F,2011
E01005659,Salford 001A,723,51,39,42,46,43,50,45,38,50,62,46,43,43,27,23,24,19,20,12,F,2011
E01005660,Salford 001B,767,59,48,55,53,51,59,46,41,40,42,52,33,34,25,26,35,32,25,11,F,2011
E01005663,Salford 001C,698,66,39,32,47,67,66,45,35,45,50,40,33,35,27,22,20,17,6,6,F,2011
E01005664,Salford 001D,793,92,59,46,57,68,70,45,43,62,49,26,31,37,26,20,27,23,10,2,F,2011
E01005665,Salford 001E,792,75,62,58,55,59,63,51,40,61,31,48,27,39,27,30,21,27,10,8,F,2011
E01005703,Salford 002A,757,48,43,44,64,55,55,54,54,54,61,45,34,46,23,26,23,16,8,4,F,2011
E01005704,Salford 002B,716,47,42,41,60,40,45,42,44,57,51,56,48,42,30,31,15,12,6,7,F,2011
E01005706,Salford 002C,801,58,48,42,57,42,62,59,42,42,65,52,42,35,30,21,27,33,25,19,F,2011
E01005708,Salford 002D,767,57,43,28,39,57,67,46,38,43,56,44,30,43,47,29,31,32,19,18,F,2011
E01005702,Salford 003A,1100,79,58,53,81,74,103,80,75,76,96,56,44,63,53,29,33,26,9,12,F,2011
E01005705,Salford 003B,973,53,57,59,57,65,78,59,78,74,81,43,60,53,42,35,27,19,24,9,F,2011
E01005707,Salford 003C,855,62,69,48,38,64,87,64,58,68,66,29,36,50,28,16,23,19,23,7,F,2011
E01005661,Salford 004A,921,99,61,73,67,53,96,69,74,51,51,48,41,50,25,16,20,13,12,2,F,2011
E01005662,Salford 004B,818,96,60,67,49,62,83,48,46,49,40,39,34,41,22,22,16,21,15,8,F,2011
E01005709,Salford 004C,729,52,39,47,65,49,39,46,51,52,54,50,29,36,26,40,26,15,9,4,F,2011
E01005710,Salford 004D,801,44,42,50,51,42,36,36,56,58,55,54,50,65,58,50,30,12,5,7,F,2011
E01005670,Salford 005A,876,50,35,57,55,63,87,58,55,57,62,56,39,40,25,37,40,29,24,7,F,2011
E01005672,Salford 005B,718,49,31,41,36,57,65,51,47,80,62,55,37,30,17,19,24,6,7,4,F,2011
E01005676,Salford 005C,655,20,29,29,39,46,26,20,27,44,56,56,49,49,45,48,36,26,6,4,F,2011
E01005677,Salford 005D,790,41,34,53,35,49,60,42,51,58,66,47,50,45,32,47,39,17,18,6,F,2011
E01005686,Salford 006A,730,36,42,43,53,58,49,53,56,46,57,52,29,45,35,28,23,14,5,6,F,2011
E01005688,Salford 006B,782,40,54,37,56,34,55,58,56,65,55,45,30,61,47,35,27,15,9,3,F,2011
E01005691,Salford 006C,723,22,22,37,39,39,30,33,37,46,56,37,39,57,63,63,55,24,14,10,F,2011
E01005692,Salford 006D,666,42,21,28,35,48,56,30,43,36,52,41,31,50,36,32,30,26,13,16,F,2011
E01005711,Salford 007A,754,27,36,40,48,43,46,47,53,66,50,51,54,62,37,36,34,12,5,7,F,2011
E01005712,Salford 007B,823,42,37,35,63,68,62,59,48,63,63,54,48,41,41,27,20,24,20,8,F,2011
E01005713,Salford 007C,760,35,30,40,42,32,28,33,43,53,59,51,46,75,59,53,35,20,18,8,F,2011
E01005714,Salford 007D,759,54,34,50,50,27,51,43,46,50,72,51,42,43,44,20,36,25,15,6,F,2011
E01005715,Salford 007E,830,37,33,52,44,34,50,54,49,55,72,63,45,64,54,36,28,34,16,10,F,2011
E01005718,Salford 007F,831,35,24,28,38,52,56,51,51,71,59,64,49,48,61,38,31,33,24,18,F,2011
E01005673,Salford 008A,729,46,28,48,43,60,67,63,47,55,47,51,46,31,27,31,10,12,13,4,F,2011
E01005675,Salford 008B,850,85,51,34,41,81,98,85,60,66,61,47,41,34,25,12,15,7,5,2,F,2011
E01005678,Salford 008C,778,48,44,60,53,55,68,58,49,66,49,50,40,39,19,20,23,14,15,8,F,2011
E01005679,Salford 008D,824,82,68,49,44,66,85,63,36,62,51,42,31,45,37,25,14,13,6,5,F,2011
E01005687,Salford 009A,896,56,51,52,43,52,90,71,78,70,70,52,36,33,39,37,26,26,8,6,F,2011
E01005689,Salford 009B,758,81,55,49,53,52,58,60,47,57,46,41,31,38,20,21,19,11,12,7,F,2011
E01005690,Salford 009C,799,43,34,62,41,36,50,38,53,69,51,55,49,57,48,54,21,24,12,2,F,2011
E01005693,Salford 009D,745,44,42,41,43,54,50,40,38,52,66,55,31,42,49,38,26,18,13,3,F,2011
E01005646,Salford 010A,808,96,76,82,61,70,52,34,30,31,36,43,33,34,22,20,15,32,30,11,F,2011
E01005649,Salford 010B,867,93,68,56,51,75,68,44,29,34,39,36,53,29,35,30,40,40,37,10,F,2011
E01005650,Salford 010C,745,73,73,73,62,40,44,35,35,45,35,34,29,30,27,23,8,31,19,29,F,2011
E01005651,Salford 010D,1109,142,141,126,158,51,70,61,52,53,44,47,36,35,23,15,19,12,10,14,F,2011
E01005647,Salford 011A,885,44,51,34,198,59,59,52,44,26,45,44,27,47,35,25,29,33,19,14,F,2011
E01005648,Salford 011B,897,68,47,31,38,64,100,75,66,62,46,50,55,49,33,44,29,13,14,13,F,2011
E01005652,Salford 011C,738,51,37,61,52,39,63,46,55,56,52,49,39,38,18,30,27,11,11,3,F,2011
E01005653,Salford 011D,827,72,48,53,51,77,85,51,50,66,60,50,44,26,25,15,19,22,10,3,F,2011
E01005671,Salford 012A,767,44,41,28,53,45,50,56,48,62,38,46,44,49,37,31,37,27,17,14,F,2011
E01005674,Salford 012B,747,50,23,41,38,48,50,53,43,40,63,52,45,43,27,33,31,33,21,13,F,2011
E01005694,Salford 012C,908,64,70,55,51,59,52,70,72,73,69,70,40,44,28,40,26,12,9,4,F,2011
E01005696,Salford 012D,791,68,38,40,35,34,52,60,58,57,61,62,55,42,26,35,24,25,14,5,F,2011
E01005698,Salford 012E,853,58,44,64,53,47,59,56,47,57,66,45,43,50,38,35,32,29,19,11,F,2011
E01005700,Salford 012F,790,43,42,47,38,36,60,52,62,58,52,62,54,45,42,37,14,21,17,8,F,2011
E01005716,Salford 013A,880,53,48,62,55,34,38,58,55,84,95,78,65,47,42,28,22,9,3,4,F,2011
E01005717,Salford 013B,787,53,75,57,53,35,30,47,81,81,84,57,46,37,18,9,15,6,3,0,F,2011
E01005734,Salford 013C,710,31,26,47,29,28,52,39,39,67,47,53,31,51,47,22,21,26,26,28,F,2011
E01005735,Salford 013D,688,31,37,43,30,34,25,34,54,46,43,66,58,59,45,28,25,14,13,3,F,2011
E01005736,Salford 013E,711,40,31,30,28,43,47,56,41,52,43,50,52,63,53,36,18,13,10,5,F,2011
E01005737,Salford 013F,761,36,43,50,37,32,14,30,64,65,59,57,48,59,53,42,35,16,13,8,F,2011
E01005739,Salford 013G,797,65,43,47,40,33,26,50,65,104,62,60,39,58,42,21,18,15,7,2,F,2011
E01005695,Salford 014A,793,49,54,45,47,20,25,52,52,74,65,53,36,61,42,32,32,31,12,11,F,2011
E01005697,Salford 014B,793,44,45,46,33,43,37,45,56,67,66,52,39,53,50,45,23,25,13,11,F,2011
E01005738,Salford 014C,888,44,37,53,22,30,49,50,68,64,70,50,50,65,57,46,34,48,21,30,F,2011
E01005740,Salford 014D,803,42,48,30,34,27,41,52,50,75,53,54,45,51,56,39,42,29,28,7,F,2011
E01005741,Salford 014E,850,39,38,41,53,32,37,37,56,78,62,57,50,50,55,56,49,28,20,12,F,2011
E01005742,Salford 014F,830,48,45,44,55,38,50,47,65,85,66,43,27,55,53,39,24,27,8,11,F,2011
E01005625,Salford 015A,704,41,33,34,40,56,38,36,43,42,64,48,37,39,39,31,41,17,12,13,F,2011
E01005627,Salford 015B,609,34,25,42,39,38,31,30,43,43,46,43,51,29,25,31,25,18,14,2,F,2011
E01005699,Salford 015C,759,29,53,41,48,33,32,39,51,45,73,48,43,75,37,38,29,16,23,6,F,2011
E01005701,Salford 015D,814,40,29,51,51,47,28,44,54,75,60,65,43,64,53,37,25,22,13,13,F,2011
E01005609,Salford 016A,929,62,39,50,49,133,153,94,46,55,48,44,25,28,20,27,28,8,15,5,F,2011
E01005611,Salford 016B,960,66,53,56,54,129,86,73,43,50,62,69,63,43,32,22,28,21,5,5,F,2011
E01005612,Salford 016C,994,89,87,69,47,51,68,88,79,55,44,51,41,50,46,36,37,24,15,17,F,2011
E01005613,Salford 016D,1072,106,93,87,85,64,102,84,83,84,65,46,37,37,25,24,23,14,8,5,F,2011
E01005614,Salford 016E,985,191,137,121,70,49,84,68,60,42,26,24,24,19,21,14,16,12,6,1,F,2011
E01005615,Salford 016F,945,80,63,41,40,84,75,85,53,50,40,44,28,41,38,34,27,42,48,32,F,2011
E01005624,Salford 017A,879,77,66,55,70,52,67,69,66,56,66,43,33,49,39,27,22,11,3,8,F,2011
E01005680,Salford 017B,694,63,40,31,45,53,72,66,37,49,44,40,31,24,28,22,17,20,7,5,F,2011
E01005683,Salford 017C,866,74,48,47,64,74,58,70,61,53,50,44,42,55,40,25,23,18,15,5,F,2011
E01032919,Salford 017F,1727,89,72,44,256,579,128,91,75,65,46,58,44,45,29,31,28,30,12,5,F,2011
E01005622,Salford 018A,770,57,40,33,36,52,85,78,58,32,55,44,33,30,27,28,18,36,13,15,F,2011
E01005623,Salford 018B,626,25,31,36,51,51,34,39,37,49,48,51,42,34,29,21,21,17,8,2,F,2011
E01005626,Salford 018C,662,33,35,31,40,23,31,44,35,40,71,56,36,42,26,37,23,19,23,17,F,2011
E01005628,Salford 018D,784,42,25,26,35,120,75,55,45,37,38,44,55,42,33,24,23,22,24,19,F,2011
E01005725,Salford 019A,730,58,57,52,63,56,45,48,55,51,58,24,32,33,28,24,13,18,8,7,F,2011
E01005726,Salford 019B,786,41,58,56,60,54,62,63,48,55,53,53,38,38,31,28,23,11,9,5,F,2011
E01005727,Salford 019C,671,45,31,32,39,49,59,71,58,66,46,44,31,26,18,13,24,11,8,0,F,2011
E01005728,Salford 019D,690,34,36,40,32,32,40,50,35,52,46,46,38,48,49,45,24,17,17,9,F,2011
E01005733,Salford 019E,713,43,58,54,60,44,48,43,50,42,48,39,35,34,27,30,23,14,12,9,F,2011
E01005631,Salford 020A,663,35,16,22,17,31,40,34,33,29,49,48,46,51,41,35,38,43,39,16,F,2011
E01005632,Salford 020B,1065,86,74,47,65,111,140,107,73,66,44,58,41,26,28,18,30,17,21,13,F,2011
E01005633,Salford 020C,715,39,41,34,51,44,38,34,50,68,51,44,29,44,30,35,32,25,15,11,F,2011
E01005634,Salford 020D,751,42,40,41,39,38,32,54,56,63,71,54,54,58,39,23,18,18,10,1,F,2011
E01005635,Salford 020E,781,27,29,28,36,53,60,51,54,49,55,61,40,41,29,37,38,40,29,24,F,2011
E01005636,Salford 020F,775,38,32,28,35,50,47,57,49,52,48,69,42,48,46,28,32,30,27,17,F,2011
E01005637,Salford 020G,668,32,37,39,24,25,52,56,66,55,46,41,37,45,27,27,25,16,11,7,F,2011
E01005629,Salford 021A,677,27,25,38,31,39,38,24,42,49,56,47,40,37,41,48,31,28,25,11,F,2011
E01005630,Salford 021B,795,52,52,30,40,47,68,63,54,52,51,59,45,38,33,29,24,28,19,11,F,2011
E01005719,Salford 021C,865,40,26,24,39,108,75,73,58,55,41,36,42,57,43,37,39,27,27,18,F,2011
E01005720,Salford 021D,1212,89,71,61,67,150,188,127,67,75,55,45,48,46,29,35,21,17,18,3,F,2011
E01005722,Salford 021E,930,76,61,74,70,65,70,55,79,81,62,45,35,39,28,27,29,18,11,5,F,2011
E01005723,Salford 021F,787,65,56,37,43,71,89,57,46,39,57,45,37,36,22,26,21,18,16,6,F,2011
E01005724,Salford 021G,754,35,23,19,34,32,31,39,42,52,52,54,49,61,60,31,53,35,26,26,F,2011
E01005610,Salford 022D,640,46,41,36,87,77,34,44,37,41,36,28,18,30,24,21,17,12,6,5,F,2011
E01032684,Salford 022E,809,37,12,9,74,246,156,83,48,26,32,27,11,14,6,9,11,4,4,0,F,2011
E01032687,Salford 022F,552,14,3,0,8,147,196,76,32,16,16,16,9,8,4,2,4,0,0,1,F,2011
E01032906,Salford 022G,483,18,10,4,15,125,113,67,23,19,25,19,8,11,11,3,7,3,1,1,F,2011
E01032907,Salford 022H,508,16,8,23,30,95,86,58,29,32,45,25,16,14,5,10,12,1,2,1,F,2011
E01032909,Salford 022I,599,10,2,4,6,182,239,85,29,14,12,10,4,1,0,1,0,0,0,0,F,2011
E01032911,Salford 022J,541,20,10,9,15,144,178,76,37,15,5,11,10,4,0,4,1,2,0,0,F,2011
E01033330,Salford 022K,561,28,23,33,24,56,80,55,30,39,29,33,23,29,21,12,19,13,9,5,F,2011
E01005654,Salford 023A,702,45,31,26,30,69,157,77,55,33,31,28,19,27,20,21,16,10,5,2,F,2011
E01005656,Salford 023B,765,65,51,39,36,84,75,49,47,44,67,46,41,28,28,24,16,15,8,2,F,2011
E01005657,Salford 023C,698,30,41,28,53,61,55,32,33,61,55,50,34,39,30,23,31,21,13,8,F,2011
E01005721,Salford 023D,657,20,15,21,30,63,40,36,36,31,48,52,47,41,41,44,23,32,21,16,F,2011
E01005655,Salford 024A,658,55,45,32,39,126,96,51,37,31,29,28,26,16,14,8,14,7,4,0,F,2011
E01005658,Salford 024B,756,64,54,41,46,60,60,45,58,58,46,27,34,45,32,38,24,13,5,6,F,2011
E01005681,Salford 024C,747,21,9,8,135,198,48,33,21,17,35,47,35,30,28,20,25,24,7,6,F,2011
E01005682,Salford 024D,613,29,22,24,37,42,60,53,39,57,36,33,33,28,21,32,20,23,15,9,F,2011
E01005729,Salford 025A,620,46,37,27,34,55,73,39,33,51,42,40,25,22,27,17,27,12,9,4,F,2011
E01005730,Salford 025B,846,55,50,54,55,44,70,67,65,59,69,60,37,46,30,23,31,13,11,7,F,2011
E01005731,Salford 025C,825,73,67,67,68,58,60,57,56,67,51,46,28,30,15,25,33,14,8,2,F,2011
E01005732,Salford 025D,584,34,23,22,29,32,40,32,32,43,42,52,33,50,33,29,18,20,10,10,F,2011
E01005599,Salford 026A,762,57,44,39,34,38,62,56,70,58,47,59,47,37,33,28,21,19,9,4,F,2011
E01005600,Salford 026B,741,53,55,44,52,50,77,65,55,61,57,48,19,24,25,23,9,15,6,3,F,2011
E01005601,Salford 026C,804,63,47,41,46,54,69,48,48,51,51,56,32,46,30,25,25,25,25,22,F,2011
E01005602,Salford 026D,685,47,30,27,43,59,62,71,50,51,49,37,26,45,23,24,10,11,15,5,F,2011
E01005603,Salford 027A,816,69,59,48,63,58,85,71,77,69,63,34,29,27,13,14,16,10,7,4,F,2011
E01005604,Salford 027B,796,55,40,38,40,48,57,57,67,59,59,57,30,50,43,37,22,22,10,5,F,2011
E01005605,Salford 027C,684,46,22,28,31,52,79,63,39,43,56,37,42,32,38,28,20,10,15,3,F,2011
E01005638,Salford 027D,802,59,46,50,35,53,91,54,69,75,52,57,42,26,23,22,24,8,7,9,F,2011
E01005667,Salford 028B,942,55,43,67,59,62,97,101,75,71,53,50,38,49,43,34,25,7,8,5,F,2011
E01032685,Salford 028E,644,28,6,2,9,85,200,108,49,43,27,33,27,14,8,2,2,1,0,0,F,2011
E01032686,Salford 028F,579,15,1,1,10,158,218,86,30,16,11,8,7,6,8,1,1,2,0,0,F,2011
E01032912,Salford 028G,722,53,24,32,38,68,70,61,49,52,42,34,41,37,39,30,20,19,8,5,F,2011
E01032914,Salford 028H,716,38,5,10,22,148,211,105,54,31,30,19,14,13,5,2,5,2,1,1,F,2011
E01032915,Salford 028I,798,65,44,55,50,100,99,68,63,57,32,39,28,19,15,28,14,13,4,5,F,2011
E01032917,Salford 028J,433,19,5,11,9,76,112,51,37,27,14,6,17,16,6,9,5,9,3,1,F,2011
E01005639,Salford 029A,833,82,75,76,58,55,74,66,60,47,60,36,27,26,22,24,20,14,9,2,F,2011
E01005640,Salford 029B,755,64,60,58,59,47,52,58,45,58,60,36,36,28,29,28,22,6,6,3,F,2011
E01005641,Salford 029C,740,36,36,39,41,43,41,52,40,48,53,50,40,48,33,40,32,29,26,13,F,2011
E01005642,Salford 029D,627,50,40,25,42,28,46,41,57,58,55,37,28,35,34,15,19,12,4,1,F,2011
E01005643,Salford 029E,738,32,25,27,36,30,42,30,27,42,64,43,43,51,54,75,54,29,18,16,F,2011
E01005644,Salford 029F,792,64,56,46,55,45,60,72,59,70,61,48,35,46,29,26,10,5,2,3,F,2011
E01005645,Salford 029G,729,20,27,38,54,33,25,36,37,55,68,47,50,53,65,51,33,17,14,6,F,2011
E01005616,Salford 030A,750,39,46,48,57,48,39,42,38,64,62,44,28,43,36,28,28,30,25,5,F,2011
E01005617,Salford 030B,800,59,41,58,40,59,45,49,57,71,60,50,33,46,56,26,18,16,10,6,F,2011
E01005618,Salford 030C,806,64,50,54,51,39,57,62,55,62,67,28,33,42,38,47,21,17,12,7,F,2011
E01005619,Salford 030D,646,28,27,53,41,47,40,35,43,42,56,43,45,42,33,20,25,17,9,0,F,2011
E01005620,Salford 030E,1258,122,80,64,76,88,121,113,100,114,82,58,44,53,41,31,26,22,16,7,F,2011
E01005621,Salford 030F,816,68,39,47,42,61,59,64,48,55,53,46,48,53,41,28,22,16,15,11,F,2011
E08000007,,144829,8424,7654,8210,8211,7548,8213,8695,9356,10959,11318,9823,8504,9116,7580,6455,5596,4548,2891,1728,F,2011
E01005886,Stockport 001A,781,63,52,43,44,58,69,53,66,51,81,60,31,29,39,21,7,12,2,0,F,2011
E01005888,Stockport 001B,815,68,50,56,67,55,54,65,46,71,70,44,39,32,30,25,20,11,8,4,F,2011
E01005889,Stockport 001C,791,43,39,38,37,51,52,53,41,60,64,48,38,44,37,26,31,43,25,21,F,2011
E01005891,Stockport 001D,656,28,31,29,41,34,29,20,40,43,57,65,61,63,49,26,21,14,5,0,F,2011
E01005894,Stockport 001E,719,52,39,47,38,39,49,58,44,64,55,56,31,33,45,30,15,16,2,6,F,2011
E01005887,Stockport 002A,801,80,58,66,54,49,64,68,56,49,61,42,35,49,29,13,12,9,5,2,F,2011
E01005890,Stockport 002B,780,70,60,63,58,35,52,54,56,66,58,41,35,37,34,21,22,14,3,1,F,2011
E01005893,Stockport 002C,837,64,46,34,30,92,96,64,50,43,64,54,39,44,28,24,26,23,10,6,F,2011
E01005896,Stockport 002D,814,72,43,41,40,59,95,64,74,60,61,44,40,34,32,20,16,5,12,2,F,2011
E01005919,Stockport 002E,869,70,56,53,49,58,66,84,67,61,48,57,33,39,23,26,27,22,11,19,F,2011
E01005862,Stockport 003A,785,48,40,55,48,42,44,39,55,63,83,58,47,41,36,25,21,28,7,5,F,2011
E01005892,Stockport 003B,650,45,29,26,42,40,51,40,39,60,54,41,36,36,43,28,17,11,9,3,F,2011
E01005895,Stockport 003C,617,30,39,44,44,31,30,41,35,52,51,38,29,32,33,38,28,13,6,3,F,2011
E01005920,Stockport 003D,794,38,37,48,48,47,42,49,47,68,67,68,49,45,37,26,30,23,14,11,F,2011
E01005921,Stockport 003E,738,33,33,40,37,59,64,59,48,55,61,48,47,37,28,28,17,23,16,5,F,2011
E01005922,Stockport 003F,735,32,31,46,46,38,39,51,36,58,80,48,46,49,44,30,31,14,8,8,F,2011
E01005753,Stockport 004A,918,74,83,71,58,66,72,65,59,50,39,45,42,44,29,28,32,27,25,9,F,2011
E01005754,Stockport 004B,862,67,46,54,60,94,62,59,46,59,72,56,39,37,33,16,24,21,13,4,F,2011
E01005755,Stockport 004C,843,88,56,76,68,83,64,53,57,48,57,36,32,36,19,25,12,19,10,4,F,2011
E01005756,Stockport 004D,810,94,55,47,61,90,97,45,45,45,41,35,28,25,16,18,22,18,18,10,F,2011
E01005745,Stockport 005A,709,50,40,35,42,32,46,53,43,65,61,52,49,68,29,19,11,10,3,1,F,2011
E01005746,Stockport 005B,713,32,15,28,35,21,23,41,39,40,39,50,65,54,51,45,44,41,32,18,F,2011
E01005747,Stockport 005C,731,44,37,46,44,40,27,54,42,54,70,49,50,53,43,42,14,12,4,6,F,2011
E01005748,Stockport 005D,760,29,28,29,34,29,22,27,31,50,77,51,48,62,66,62,52,40,13,10,F,2011
E01005863,Stockport 006A,870,37,42,48,43,40,56,63,60,68,73,65,58,48,28,34,36,30,30,11,F,2011
E01005864,Stockport 006B,730,44,31,34,27,34,47,80,54,70,59,40,38,33,26,24,18,24,22,25,F,2011
E01005866,Stockport 006C,799,58,42,44,38,59,85,64,61,74,53,42,43,29,19,31,19,15,14,9,F,2011
E01005869,Stockport 006D,794,40,58,41,40,39,39,48,52,69,76,48,46,48,34,35,41,19,12,9,F,2011
E01005914,Stockport 007A,697,34,44,29,45,41,34,44,45,53,58,45,34,52,44,29,41,11,12,2,F,2011
E01005915,Stockport 007B,749,49,33,29,37,54,63,59,59,63,48,52,34,37,26,27,23,21,25,10,F,2011
E01005916,Stockport 007C,780,47,37,35,38,50,77,79,67,56,58,37,39,37,36,35,25,12,11,4,F,2011
E01005917,Stockport 007D,819,71,46,29,27,59,97,80,71,57,64,45,31,42,28,24,25,8,12,3,F,2011
E01005859,Stockport 008A,719,36,39,44,44,30,46,36,44,57,67,37,49,37,32,13,19,38,22,29,F,2011
E01005865,Stockport 008B,741,28,40,42,43,33,27,35,44,51,75,49,52,52,39,34,48,26,14,9,F,2011
E01005867,Stockport 008C,755,31,36,38,31,26,28,33,37,58,73,48,49,48,33,39,34,40,39,34,F,2011
E01005868,Stockport 008D,751,40,49,60,55,31,20,42,57,55,62,48,48,43,31,30,33,24,17,6,F,2011
E01005743,Stockport 009A,689,39,24,34,38,37,30,36,31,50,57,43,47,58,67,38,31,19,7,3,F,2011
E01005744,Stockport 009B,753,36,36,37,36,48,49,45,35,51,51,34,42,52,47,32,30,36,32,24,F,2011
E01005749,Stockport 009C,844,55,41,45,43,44,71,61,55,62,71,59,57,45,37,38,31,17,9,3,F,2011
E01005750,Stockport 009D,881,67,63,60,46,53,67,56,63,85,53,60,41,61,40,21,20,9,9,7,F,2011
E01005751,Stockport 009E,658,43,39,35,34,42,56,50,47,50,49,42,34,60,25,22,13,10,5,2,F,2011
E01005897,Stockport 010A,756,42,57,48,44,30,44,45,52,84,57,46,40,50,33,27,21,21,8,7,F,2011
E01005898,Stockport 010B,825,35,48,42,58,21,24,37,54,58,74,51,54,69,63,52,37,22,18,8,F,2011
E01005900,Stockport 010C,796,33,32,39,37,31,32,38,56,56,77,41,59,63,49,47,43,29,22,12,F,2011
E01005903,Stockport 010D,724,29,26,36,44,24,15,19,25,45,67,56,55,62,59,44,53,35,24,6,F,2011
E01005904,Stockport 010E,749,37,43,39,46,34,25,24,56,70,51,49,51,54,41,36,33,31,17,12,F,2011
E01005853,Stockport 011A,813,65,50,61,35,44,46,49,71,72,69,59,41,42,32,28,21,15,5,8,F,2011
E01005856,Stockport 011B,823,53,55,41,53,50,43,49,67,59,63,70,48,46,39,26,33,17,7,4,F,2011
E01005860,Stockport 011C,796,60,64,53,36,18,25,39,68,63,71,57,51,49,39,22,26,29,16,10,F,2011
E01005861,Stockport 011D,809,42,35,50,36,34,31,37,43,72,71,60,55,62,42,41,43,25,22,8,F,2011
E01005752,Stockport 012A,742,42,47,50,49,29,49,46,62,68,53,40,42,36,30,21,26,24,18,10,F,2011
E01005899,Stockport 012B,862,43,38,45,40,31,33,33,40,66,54,43,44,53,63,72,36,76,31,21,F,2011
E01005901,Stockport 012C,703,20,29,35,33,26,38,26,33,47,44,43,52,63,69,52,37,35,18,3,F,2011
E01005902,Stockport 012D,852,64,42,57,52,63,56,44,48,66,61,55,38,41,37,35,35,28,22,8,F,2011
E01005905,Stockport 012E,731,58,47,52,44,38,69,57,49,53,52,34,30,20,22,20,22,28,18,18,F,2011
E01005852,Stockport 013A,807,40,43,39,43,37,76,80,57,54,59,46,49,49,39,29,24,21,15,7,F,2011
E01005854,Stockport 013B,840,59,29,50,35,27,42,71,73,62,71,66,52,48,37,34,34,33,12,5,F,2011
E01005855,Stockport 013C,734,36,36,42,56,40,33,38,45,69,70,59,48,43,28,30,22,23,8,8,F,2011
E01005857,Stockport 013D,784,44,42,63,48,44,58,49,66,57,69,49,44,59,27,23,21,12,8,1,F,2011
E01005858,Stockport 013E,818,26,32,32,29,23,64,90,70,57,70,54,43,50,39,37,37,26,29,10,F,2011
E01005757,Stockport 014A,792,76,47,45,36,79,80,56,63,62,52,35,40,47,15,19,15,13,11,1,F,2011
E01005758,Stockport 014B,839,34,20,28,37,65,52,43,52,63,73,78,77,59,45,33,30,29,16,5,F,2011
E01005766,Stockport 014C,691,44,45,35,36,55,66,56,46,46,38,41,32,42,29,32,23,10,11,4,F,2011
E01005918,Stockport 014D,652,39,23,28,33,58,45,40,45,38,47,39,32,51,31,28,27,22,11,15,F,2011
E01005870,Stockport 015A,707,55,36,32,34,52,66,69,43,49,63,30,32,34,17,27,29,21,9,9,F,2011
E01005871,Stockport 015B,683,56,39,30,32,39,61,73,48,44,48,64,37,29,30,20,15,11,5,2,F,2011
E01005873,Stockport 015C,756,41,44,55,56,38,30,40,48,72,67,56,45,32,46,28,20,21,13,4,F,2011
E01005875,Stockport 015D,801,48,52,30,54,45,49,56,58,58,69,54,44,62,44,29,17,13,11,8,F,2011
E01005764,Stockport 016A,845,72,34,26,42,58,92,110,63,59,59,38,36,32,28,24,25,17,15,15,F,2011
E01005816,Stockport 016B,839,80,44,46,48,62,111,97,74,66,58,28,36,21,13,20,14,16,4,1,F,2011
E01005817,Stockport 016C,691,48,30,34,41,52,76,71,52,54,43,45,32,35,23,23,14,8,6,4,F,2011
E01005822,Stockport 016D,710,55,27,24,38,61,75,66,39,52,51,43,38,38,23,22,23,18,11,6,F,2011
E01005880,Stockport 017A,771,50,40,36,39,31,28,33,48,55,58,71,51,52,47,41,38,23,19,11,F,2011
E01005881,Stockport 017B,644,38,36,34,34,19,18,17,28,49,49,62,48,67,51,30,37,19,6,2,F,2011
E01005883,Stockport 017C,767,28,49,36,37,28,24,21,32,55,60,62,49,72,81,43,26,43,17,4,F,2011
E01005908,Stockport 017D,772,42,29,49,61,30,15,22,43,52,74,64,72,60,50,47,25,16,9,12,F,2011
E01005765,Stockport 018A,738,54,47,47,55,27,34,47,66,68,64,50,38,41,30,20,23,15,10,2,F,2011
E01005818,Stockport 018B,753,63,66,67,42,36,66,67,66,60,60,40,27,37,21,16,12,4,2,1,F,2011
E01005819,Stockport 018C,761,48,27,33,39,45,50,66,56,56,63,65,49,43,39,21,34,12,8,7,F,2011
E01005820,Stockport 018D,782,55,45,34,33,47,58,64,63,61,57,49,40,33,29,29,25,24,20,16,F,2011
E01005821,Stockport 018E,753,68,37,36,40,41,59,52,69,66,55,51,36,36,30,27,18,18,9,5,F,2011
E01005823,Stockport 018F,819,57,49,46,47,57,75,87,65,68,41,52,42,40,22,24,13,18,10,6,F,2011
E01005825,Stockport 019A,758,42,33,39,57,37,52,49,50,73,62,43,57,45,22,22,21,25,18,11,F,2011
E01005872,Stockport 019B,869,68,47,46,29,53,82,94,77,69,62,49,29,46,38,44,11,16,4,5,F,2011
E01005874,Stockport 019C,799,46,37,33,33,58,60,62,57,53,73,51,50,46,36,33,28,26,8,9,F,2011
E01005876,Stockport 019D,737,29,34,50,45,56,54,38,47,66,80,57,37,35,40,22,25,13,9,0,F,2011
E01005877,Stockport 019E,716,52,39,39,40,48,58,53,50,64,37,45,43,35,43,26,19,17,4,4,F,2011
E01005878,Stockport 020A,755,45,51,32,49,40,51,35,47,54,44,46,38,41,39,33,38,32,28,12,F,2011
E01005879,Stockport 020B,685,28,38,38,44,28,32,40,47,42,62,49,32,49,31,45,28,29,14,9,F,2011
E01005882,Stockport 020C,713,19,23,46,40,18,16,28,32,56,64,47,49,61,46,51,39,25,30,23,F,2011
E01005884,Stockport 020D,778,22,38,49,55,34,18,22,33,61,80,49,67,71,44,46,39,25,17,8,F,2011
E01005885,Stockport 020E,751,33,32,35,33,21,26,34,37,44,59,62,40,46,36,41,39,38,47,48,F,2011
E01005832,Stockport 021A,729,38,34,51,37,40,28,36,39,62,62,75,50,41,25,24,41,22,21,3,F,2011
E01005833,Stockport 021B,538,16,24,34,30,26,21,21,34,48,46,36,38,28,41,24,29,18,18,6,F,2011
E01005835,Stockport 021C,702,30,27,46,37,45,30,24,31,49,58,70,61,65,41,41,17,16,10,4,F,2011
E01005837,Stockport 021D,816,64,38,44,41,37,63,52,53,64,60,69,58,60,31,32,18,15,15,2,F,2011
E01005843,Stockport 021E,741,38,31,32,35,39,29,47,40,52,60,63,67,71,41,37,30,19,7,3,F,2011
E01005769,Stockport 022A,733,44,23,31,35,37,85,97,67,53,60,33,33,37,23,35,12,12,9,7,F,2011
E01005778,Stockport 022B,765,50,39,36,38,53,32,63,55,53,70,54,50,33,31,31,33,23,11,10,F,2011
E01005779,Stockport 022C,737,40,47,48,45,34,44,54,54,61,44,64,49,34,35,31,15,23,8,7,F,2011
E01005780,Stockport 022D,746,56,52,48,47,44,66,46,76,65,60,60,28,27,19,19,21,7,2,3,F,2011
E01005781,Stockport 022E,810,50,36,36,44,44,53,63,45,42,60,55,49,50,50,35,31,29,25,13,F,2011
E01005759,Stockport 023A,837,52,44,53,48,57,64,74,59,78,69,58,53,40,30,25,11,12,6,4,F,2011
E01005760,Stockport 023B,923,70,59,50,49,66,85,98,90,83,57,49,35,37,32,17,14,19,9,4,F,2011
E01005797,Stockport 023C,686,48,35,31,31,60,67,64,63,54,41,46,34,35,18,24,15,9,6,5,F,2011
E01005800,Stockport 023D,848,55,52,46,44,37,33,40,69,73,65,72,41,57,37,35,39,27,18,8,F,2011
E01005804,Stockport 023E,649,46,28,28,41,34,38,39,46,47,47,38,29,32,25,26,18,31,17,39,F,2011
E01005824,Stockport 024A,741,38,33,51,44,48,34,42,36,70,66,46,49,44,35,33,31,25,11,5,F,2011
E01005826,Stockport 024B,792,47,58,68,45,40,44,43,54,50,57,39,32,33,46,45,26,28,19,18,F,2011
E01005827,Stockport 024C,710,29,30,34,36,44,31,26,43,44,54,63,41,48,57,45,28,31,18,8,F,2011
E01005828,Stockport 024D,668,53,45,43,34,46,50,40,44,40,61,39,33,30,37,23,23,14,6,7,F,2011
E01005829,Stockport 024E,675,49,38,52,58,44,36,48,41,58,56,34,43,31,26,23,14,10,8,6,F,2011
E01005768,Stockport 025A,852,50,43,58,59,37,29,40,49,56,58,67,49,42,65,35,41,24,32,18,F,2011
E01005770,Stockport 025B,748,57,38,36,38,18,27,46,46,55,63,52,38,38,49,27,35,36,29,20,F,2011
E01005771,Stockport 025C,718,41,40,62,55,25,39,42,59,67,53,48,40,35,24,20,26,20,15,7,F,2011
E01005775,Stockport 025D,830,62,46,38,45,24,32,49,59,63,72,50,37,47,45,31,39,43,31,17,F,2011
E01005761,Stockport 026A,670,45,45,45,49,37,46,52,52,53,54,42,34,29,25,24,13,12,8,5,F,2011
E01005762,Stockport 026B,854,73,63,55,60,61,65,51,56,65,52,48,37,30,29,38,20,26,19,6,F,2011
E01005763,Stockport 026C,868,64,63,52,59,56,73,68,49,73,51,55,33,58,30,22,19,20,12,11,F,2011
E01005799,Stockport 026D,922,104,75,75,76,48,74,89,79,89,64,43,32,26,13,15,9,8,1,2,F,2011
E01005798,Stockport 027A,814,36,27,32,40,26,48,43,33,39,65,53,43,57,44,49,50,46,45,38,F,2011
E01005801,Stockport 027B,738,46,41,47,34,32,58,55,70,55,58,44,36,37,39,22,24,13,15,12,F,2011
E01005802,Stockport 027C,757,44,46,39,52,30,42,42,58,68,76,71,41,33,35,31,18,12,15,4,F,2011
E01005803,Stockport 027D,760,44,28,45,52,35,21,22,52,75,72,63,49,41,38,45,27,29,12,10,F,2011
E01005830,Stockport 027E,756,37,31,40,45,36,42,44,52,54,64,57,37,52,36,35,32,34,16,12,F,2011
E01005831,Stockport 027F,792,60,45,44,43,46,58,66,57,55,64,61,48,42,31,14,25,14,12,7,F,2011
E01005767,Stockport 028A,757,28,33,35,43,32,27,17,33,45,39,56,42,71,75,63,48,42,15,13,F,2011
E01005772,Stockport 028B,742,34,52,42,44,35,32,23,53,54,44,47,46,47,47,40,39,34,21,8,F,2011
E01005773,Stockport 028C,811,44,57,51,56,23,34,40,52,67,70,58,39,61,41,26,34,27,16,15,F,2011
E01005774,Stockport 028D,727,34,24,47,39,40,29,39,57,57,44,45,32,55,42,28,39,36,31,9,F,2011
E01005776,Stockport 028E,797,41,32,55,52,28,38,36,48,54,65,68,49,58,40,33,39,29,24,8,F,2011
E01005909,Stockport 029A,805,36,36,49,51,33,20,24,42,51,69,71,55,65,54,51,34,36,17,11,F,2011
E01005910,Stockport 029B,819,48,44,50,35,44,38,44,38,70,56,54,59,55,43,36,46,31,19,9,F,2011
E01005911,Stockport 029C,718,34,33,34,41,35,22,30,34,44,49,52,38,70,47,47,42,26,24,16,F,2011
E01005912,Stockport 029D,676,25,25,24,32,22,19,36,37,66,53,36,54,69,69,43,27,19,14,6,F,2011
E01005782,Stockport 030A,645,27,20,28,32,33,28,32,32,52,33,50,61,54,49,39,38,24,11,2,F,2011
E01005783,Stockport 030B,813,38,50,38,39,43,38,48,51,56,54,49,59,67,50,42,37,27,20,7,F,2011
E01005784,Stockport 030C,733,26,44,41,37,27,28,29,46,61,45,55,49,54,44,34,43,28,14,28,F,2011
E01005785,Stockport 030D,767,42,33,49,32,33,46,37,57,60,67,54,49,49,42,31,31,26,18,11,F,2011
E01005786,Stockport 030E,781,38,41,49,50,29,28,37,53,73,70,51,39,51,33,48,34,32,19,6,F,2011
E01005834,Stockport 031A,778,49,42,50,65,61,60,43,50,54,50,47,49,39,35,24,28,19,9,4,F,2011
E01005836,Stockport 031B,939,67,34,45,41,41,71,59,60,60,64,51,40,62,55,61,44,40,28,16,F,2011
E01005838,Stockport 031C,890,74,42,29,45,77,85,75,76,67,42,41,38,49,33,27,32,29,20,9,F,2011
E01005840,Stockport 031D,788,59,35,31,35,48,75,48,51,48,58,45,34,41,36,31,24,34,35,20,F,2011
E01005927,Stockport 032A,697,39,55,48,61,29,11,28,52,56,68,54,52,38,36,21,24,15,8,2,F,2011
E01005928,Stockport 032B,822,48,46,52,44,43,47,55,59,65,65,56,40,45,46,33,25,34,14,5,F,2011
E01005929,Stockport 032C,693,28,29,36,32,13,14,28,42,41,42,62,53,52,52,48,42,33,22,24,F,2011
E01005930,Stockport 032D,801,29,48,59,67,25,16,14,41,63,73,58,55,66,53,46,42,28,13,5,F,2011
E01005806,Stockport 033A,634,24,39,34,29,35,23,36,27,55,38,40,46,48,46,38,35,21,14,6,F,2011
E01005813,Stockport 033B,741,18,43,45,35,40,39,33,38,53,75,56,63,63,46,36,33,14,7,4,F,2011
E01005814,Stockport 033C,663,21,25,33,44,31,27,24,29,48,45,49,43,56,51,50,34,32,17,4,F,2011
E01005815,Stockport 033D,771,46,44,53,47,36,27,36,46,65,54,41,53,58,47,41,32,23,15,7,F,2011
E01005777,Stockport 034A,785,39,48,34,41,38,30,49,54,52,55,50,48,60,45,47,44,27,19,5,F,2011
E01005787,Stockport 034B,635,23,24,41,45,35,17,12,34,51,65,61,46,56,45,39,18,13,6,4,F,2011
E01005788,Stockport 034C,793,48,61,59,37,29,36,43,48,61,66,52,51,53,41,33,39,15,14,7,F,2011
E01005790,Stockport 034D,636,35,37,44,34,40,30,44,39,57,46,53,45,38,23,23,20,14,8,6,F,2011
E01005805,Stockport 035A,822,35,44,62,49,33,28,30,56,68,76,57,53,55,38,21,25,38,24,30,F,2011
E01005807,Stockport 035B,798,25,38,42,54,41,18,23,44,58,68,65,52,56,52,53,50,38,16,5,F,2011
E01005839,Stockport 035C,654,28,34,31,39,29,15,17,35,45,59,58,47,65,67,42,21,19,2,1,F,2011
E01005841,Stockport 035D,802,45,48,38,59,32,32,41,49,55,59,43,42,52,56,45,41,31,22,12,F,2011
E01005844,Stockport 036A,776,33,36,50,48,46,47,32,45,43,41,47,51,72,52,32,36,33,27,5,F,2011
E01005845,Stockport 036B,822,42,35,52,50,49,45,38,46,57,49,64,60,66,39,30,40,29,23,8,F,2011
E01005849,Stockport 036C,791,37,35,54,34,42,34,37,45,52,71,48,62,63,48,43,42,22,17,5,F,2011
E01005851,Stockport 036D,764,31,31,46,41,47,28,42,23,52,53,55,52,56,47,53,51,36,16,4,F,2011
E01005808,Stockport 037A,703,37,44,61,31,23,16,21,49,57,55,65,44,45,48,41,35,17,12,2,F,2011
E01005809,Stockport 037B,636,32,35,30,45,30,23,32,45,46,48,49,36,51,43,44,24,14,6,3,F,2011
E01005810,Stockport 037C,832,42,43,40,41,24,28,35,41,46,57,57,48,66,53,52,50,38,45,26,F,2011
E01005811,Stockport 037D,715,26,23,34,41,36,33,27,51,49,64,81,62,52,43,22,35,22,10,4,F,2011
E01005812,Stockport 037E,660,24,38,53,41,30,15,24,29,56,53,59,52,42,44,35,35,21,7,2,F,2011
E01005842,Stockport 038A,816,49,41,41,42,30,20,35,49,77,61,65,37,56,52,46,49,44,14,8,F,2011
E01005906,Stockport 038B,765,21,32,35,41,22,18,22,30,42,63,48,54,68,77,56,53,45,21,17,F,2011
E01005907,Stockport 038C,661,25,24,30,23,18,12,29,28,47,28,42,38,68,51,67,59,32,19,21,F,2011
E01005913,Stockport 038D,737,23,41,33,38,23,23,27,38,48,58,68,44,62,54,53,41,34,21,8,F,2011
E01005789,Stockport 039A,790,57,41,47,47,30,22,44,45,77,74,57,42,56,42,40,20,29,15,5,F,2011
E01005791,Stockport 039B,799,42,41,52,44,26,34,49,41,61,70,58,48,46,48,44,33,35,16,11,F,2011
E01005793,Stockport 039C,753,38,44,26,36,37,53,48,44,58,47,53,49,43,40,51,38,24,19,5,F,2011
E01005795,Stockport 039D,659,24,37,44,36,18,16,34,43,54,52,56,38,49,54,33,32,20,14,5,F,2011
E01005796,Stockport 039E,641,30,47,39,38,19,30,33,36,61,53,44,40,53,43,32,16,17,6,4,F,2011
E01005846,Stockport 040A,823,51,49,50,43,41,34,50,55,68,63,41,54,59,40,47,36,21,13,8,F,2011
E01005847,Stockport 040B,790,47,46,40,47,48,52,46,47,50,71,52,53,37,47,38,34,18,10,7,F,2011
E01005848,Stockport 040C,940,40,50,47,52,65,47,50,49,69,75,64,63,63,34,64,41,41,19,7,F,2011
E01005850,Stockport 040D,907,52,46,51,49,46,53,64,53,62,70,64,61,58,36,36,42,32,25,7,F,2011
E01005792,Stockport 041A,744,33,40,42,31,35,14,20,47,65,56,60,51,41,64,41,44,37,16,7,F,2011
E01005794,Stockport 041B,644,20,23,53,43,25,19,20,28,44,67,53,43,54,42,34,21,27,17,11,F,2011
E01005923,Stockport 041C,788,41,35,49,35,18,14,35,52,40,60,57,45,63,80,50,51,31,18,14,F,2011
E01005931,Stockport 041D,763,42,35,39,37,23,16,27,46,46,71,50,44,56,59,43,42,52,22,13,F,2011
E01005924,Stockport 042A,693,28,33,43,57,15,13,20,40,50,64,47,48,32,41,38,45,31,20,28,F,2011
E01005925,Stockport 042B,758,34,35,46,37,18,19,22,41,55,63,39,43,48,47,57,35,53,38,28,F,2011
E01005926,Stockport 042C,643,21,36,34,52,22,16,20,40,51,63,46,44,49,42,36,25,19,16,11,F,2011
E01005932,Stockport 042D,710,19,38,50,52,19,21,27,34,54,60,59,48,62,56,54,30,18,4,5,F,2011
E08000008,,111886,7126,6223,6348,6757,7044,7610,6958,7201,8524,8513,7268,6211,6902,5438,4536,3577,2740,1843,1067,F,2011
E01006053,Tameside 001A,959,80,50,46,48,53,54,84,69,94,71,59,65,75,41,34,14,10,9,3,F,2011
E01006054,Tameside 001B,853,53,46,47,42,34,41,45,58,54,62,49,40,59,45,43,37,40,28,30,F,2011
E01006055,Tameside 001C,720,39,37,45,28,42,52,49,48,73,62,63,64,44,29,19,11,10,5,0,F,2011
E01006057,Tameside 001D,794,46,40,54,35,43,59,63,68,65,56,73,44,38,34,20,14,21,10,11,F,2011
E01006058,Tameside 001E,940,65,53,36,43,69,84,66,69,76,80,51,55,61,48,24,21,19,13,7,F,2011
E01006059,Tameside 001F,726,46,47,43,37,32,49,54,56,66,64,44,40,52,36,20,20,11,6,3,F,2011
E01005938,Tameside 002A,815,42,58,37,43,53,52,42,40,52,82,58,52,61,42,39,27,20,10,5,F,2011
E01005939,Tameside 002B,674,22,33,31,54,38,34,26,21,42,58,50,45,73,69,34,25,11,6,2,F,2011
E01005940,Tameside 002C,754,33,38,40,37,33,34,43,54,50,46,44,51,76,64,46,22,17,18,8,F,2011
E01005955,Tameside 002D,863,41,48,63,57,60,37,34,56,84,89,61,53,58,43,26,24,18,10,1,F,2011
E01006056,Tameside 003A,604,43,45,48,44,26,41,59,59,30,45,31,28,34,21,16,11,13,8,2,F,2011
E01006061,Tameside 003B,1208,91,102,87,85,79,70,80,88,103,98,76,63,70,39,31,21,15,8,2,F,2011
E01006062,Tameside 003C,1067,58,71,64,69,57,36,61,74,103,88,79,73,91,57,39,19,13,13,2,F,2011
E01006063,Tameside 003D,746,61,32,38,50,42,34,51,47,49,77,51,70,56,42,22,11,5,5,3,F,2011
E01005936,Tameside 004A,738,36,33,28,41,39,39,45,42,45,55,73,55,70,46,36,23,19,9,4,F,2011
E01005937,Tameside 004B,797,55,36,42,47,49,68,46,58,55,53,37,44,55,55,40,27,20,7,3,F,2011
E01005945,Tameside 004C,1053,89,77,82,72,68,89,80,68,73,71,53,41,46,32,35,19,21,22,15,F,2011
E01005946,Tameside 004D,831,64,35,36,54,71,61,61,59,61,71,44,42,41,26,38,23,13,19,12,F,2011
E01005947,Tameside 004E,796,68,43,37,32,70,80,69,57,53,68,42,35,27,35,32,23,15,5,5,F,2011
E01005954,Tameside 005A,769,24,29,26,35,39,32,25,47,57,61,58,30,53,54,56,47,39,33,24,F,2011
E01005956,Tameside 005B,739,38,25,31,36,44,46,36,39,44,49,87,63,53,38,29,22,23,21,15,F,2011
E01005957,Tameside 005C,721,53,48,36,31,40,62,44,40,57,54,42,44,54,37,21,22,23,8,5,F,2011
E01005958,Tameside 005D,762,53,47,50,43,52,59,51,58,47,52,47,39,42,34,28,30,11,11,8,F,2011
E01005959,Tameside 005E,885,66,48,79,74,52,45,62,53,72,71,52,46,43,41,19,25,17,19,1,F,2011
E01005933,Tameside 006A,746,52,68,60,70,48,47,51,60,57,59,56,24,29,24,16,13,5,5,2,F,2011
E01005934,Tameside 006B,772,32,49,52,41,45,49,43,49,74,61,66,33,51,36,29,27,18,12,5,F,2011
E01005935,Tameside 006C,779,55,52,40,51,62,66,47,48,65,36,40,32,32,35,36,29,22,20,11,F,2011
E01005949,Tameside 006D,800,43,44,36,37,47,64,72,40,53,64,48,41,54,35,38,20,24,25,15,F,2011
E01005960,Tameside 006E,823,67,48,48,47,60,72,68,48,62,61,37,45,39,25,24,25,24,19,4,F,2011
E01005941,Tameside 007A,776,65,51,44,40,47,88,69,60,56,43,34,37,36,28,29,28,10,6,5,F,2011
E01005942,Tameside 007B,836,42,40,47,57,36,60,64,58,78,59,56,51,48,42,33,26,20,10,9,F,2011
E01005943,Tameside 007C,906,68,45,41,44,68,94,61,66,82,54,54,39,52,37,25,25,27,16,8,F,2011
E01005944,Tameside 007D,707,43,31,40,41,38,51,55,46,62,56,48,44,40,33,22,22,19,14,2,F,2011
E01006060,Tameside 008A,683,60,34,35,54,61,60,47,35,49,56,42,31,32,23,18,18,14,9,5,F,2011
E01006064,Tameside 008B,794,46,38,39,51,50,53,32,51,58,50,48,44,44,44,50,31,36,17,12,F,2011
E01006065,Tameside 008C,733,68,76,53,64,54,62,48,48,57,51,36,28,32,24,13,12,5,2,0,F,2011
E01006066,Tameside 008D,730,58,34,30,39,65,52,53,50,50,40,34,46,38,31,24,23,16,25,22,F,2011
E01006067,Tameside 009A,917,66,49,52,58,47,42,68,81,77,98,76,57,57,29,27,19,9,3,2,F,2011
E01006068,Tameside 009B,810,42,35,26,34,77,77,52,54,51,44,35,42,44,40,33,39,31,34,20,F,2011
E01006069,Tameside 009C,893,69,53,72,77,63,54,56,58,82,80,48,40,50,28,18,20,13,9,3,F,2011
E01006073,Tameside 009D,933,67,70,72,55,56,87,73,72,75,52,57,40,30,14,25,12,25,21,30,F,2011
E01005993,Tameside 010A,728,34,32,50,32,36,31,37,36,58,66,49,47,63,45,32,33,26,16,5,F,2011
E01005995,Tameside 010B,726,36,38,35,68,54,32,30,38,73,80,77,49,37,27,24,17,9,0,2,F,2011
E01005996,Tameside 010C,996,76,59,76,52,52,71,74,87,85,67,64,53,68,41,28,26,6,5,6,F,2011
E01005997,Tameside 010D,744,40,32,38,44,54,44,32,54,67,62,58,37,44,44,28,35,16,12,3,F,2011
E01006000,Tameside 010E,787,27,23,32,44,44,37,38,39,56,57,51,34,57,56,51,54,40,31,16,F,2011
E01005994,Tameside 011A,759,48,37,44,51,52,48,62,59,74,66,39,42,43,32,19,19,11,11,2,F,2011
E01005999,Tameside 011B,959,83,33,54,67,98,79,59,56,87,61,66,45,38,39,32,16,20,13,13,F,2011
E01006002,Tameside 011C,729,46,37,47,52,45,41,37,39,57,70,53,26,39,29,44,38,15,10,4,F,2011
E01006004,Tameside 011D,803,31,52,44,55,54,45,40,40,57,78,48,49,52,52,43,25,19,17,2,F,2011
E01006005,Tameside 011E,728,39,38,44,35,49,52,43,47,42,60,45,46,35,32,32,24,20,22,23,F,2011
E01006007,Tameside 011F,774,49,35,43,55,55,53,52,55,49,79,55,45,49,27,21,21,20,8,3,F,2011
E01005998,Tameside 012A,872,49,47,56,56,69,62,60,58,84,70,69,42,38,34,29,24,13,7,5,F,2011
E01006001,Tameside 012B,785,53,24,53,54,46,55,57,40,61,71,60,36,37,38,39,28,10,10,13,F,2011
E01006003,Tameside 012C,737,42,32,49,45,47,56,45,43,57,47,40,55,53,31,34,29,22,7,3,F,2011
E01006006,Tameside 012D,747,33,35,41,49,52,46,31,43,76,60,46,49,58,37,41,28,13,8,1,F,2011
E01005948,Tameside 013A,784,60,46,44,36,75,94,70,58,59,50,37,42,37,16,22,17,13,7,1,F,2011
E01005950,Tameside 013B,1010,109,105,84,86,83,112,83,67,59,42,35,35,35,21,32,8,8,4,2,F,2011
E01005951,Tameside 013C,825,75,55,33,52,77,72,61,70,43,51,43,47,37,34,18,16,24,14,3,F,2011
E01005952,Tameside 013D,919,63,62,56,57,70,96,56,71,61,65,61,52,44,40,24,14,17,6,4,F,2011
E01005953,Tameside 013E,1048,105,76,78,67,85,88,88,52,63,57,50,50,43,40,38,26,21,13,8,F,2011
E01005961,Tameside 014A,728,35,29,40,43,35,49,37,42,63,60,47,46,49,39,34,27,26,16,11,F,2011
E01005962,Tameside 014B,751,37,45,45,47,48,34,34,39,57,60,61,45,52,49,26,29,19,15,9,F,2011
E01005968,Tameside 014C,754,29,41,45,43,45,43,40,52,58,62,61,50,52,45,32,17,23,9,7,F,2011
E01005969,Tameside 014D,702,36,26,39,51,41,42,30,23,51,65,53,54,46,37,33,34,19,15,7,F,2011
E01006022,Tameside 015A,796,36,28,38,41,49,71,58,51,54,57,39,45,61,43,36,26,28,21,14,F,2011
E01006023,Tameside 015B,720,38,35,40,34,50,49,57,56,53,53,58,44,28,31,31,25,20,11,7,F,2011
E01006070,Tameside 015C,730,43,36,27,41,40,41,64,54,59,45,57,36,52,37,24,23,24,15,12,F,2011
E01006071,Tameside 015D,774,22,35,34,33,34,24,18,39,51,56,73,61,83,87,49,37,25,7,6,F,2011
E01006072,Tameside 015E,836,34,35,35,42,40,37,36,54,69,70,73,83,84,57,42,21,16,4,4,F,2011
E01006009,Tameside 016A,691,42,32,42,41,40,36,47,43,44,57,54,42,57,50,19,13,11,12,9,F,2011
E01006017,Tameside 016B,691,45,43,43,33,23,34,48,48,57,58,41,47,64,48,27,15,11,5,1,F,2011
E01006018,Tameside 016C,693,32,34,25,44,29,18,34,42,50,57,41,55,74,55,39,32,22,6,4,F,2011
E01006021,Tameside 016D,708,39,33,40,33,31,53,52,39,52,45,51,40,53,38,32,30,25,16,6,F,2011
E01006008,Tameside 017A,744,60,42,44,47,62,73,67,64,70,50,31,45,33,23,13,5,8,2,5,F,2011
E01006010,Tameside 017B,728,55,50,37,28,60,62,44,53,37,46,36,29,44,30,30,29,26,20,12,F,2011
E01006012,Tameside 017C,951,57,39,53,57,69,81,61,65,66,58,68,44,67,36,37,26,24,26,17,F,2011
E01006015,Tameside 017D,725,46,41,55,48,32,40,40,61,74,59,71,40,43,26,20,17,8,2,2,F,2011
E01006016,Tameside 017E,826,51,37,38,24,75,89,60,61,59,52,55,40,42,32,33,23,23,17,15,F,2011
E01006011,Tameside 018A,828,61,55,52,53,48,52,50,52,64,70,44,43,49,37,29,26,20,15,8,F,2011
E01006013,Tameside 018B,659,36,32,29,40,26,30,37,40,56,44,33,47,67,44,35,25,22,12,4,F,2011
E01006014,Tameside 018C,667,41,50,60,55,41,53,48,31,71,53,39,41,41,12,10,11,7,3,0,F,2011
E01006019,Tameside 018D,746,35,34,19,33,43,53,30,41,45,76,62,43,52,34,42,32,27,25,20,F,2011
E01006020,Tameside 018E,811,50,41,50,58,36,49,44,43,61,60,53,33,38,32,40,35,38,29,21,F,2011
E01005963,Tameside 019A,622,32,40,31,30,31,41,37,39,52,51,55,44,34,26,29,20,17,11,2,F,2011
E01005964,Tameside 019B,808,55,38,34,44,55,69,51,62,71,49,60,40,33,49,28,28,23,13,6,F,2011
E01005965,Tameside 019C,739,43,29,40,44,48,54,35,59,58,47,46,42,44,27,34,34,22,19,14,F,2011
E01005966,Tameside 019D,678,52,36,44,64,33,64,44,48,64,68,44,22,30,20,19,10,7,6,3,F,2011
E01005967,Tameside 019E,686,33,36,38,43,40,43,47,43,53,50,45,46,43,29,28,32,18,14,5,F,2011
E01006031,Tameside 020A,783,66,49,52,57,63,59,46,48,51,52,53,41,42,31,23,17,15,13,5,F,2011
E01006032,Tameside 020B,682,40,53,52,47,50,47,43,52,48,53,54,30,34,28,15,19,5,5,7,F,2011
E01006033,Tameside 020C,669,48,31,34,46,50,56,46,44,59,58,42,35,35,28,22,17,11,6,1,F,2011
E01006034,Tameside 020D,1098,111,77,50,63,89,101,106,74,78,57,43,51,69,28,32,32,20,14,3,F,2011
E01006035,Tameside 020E,984,66,61,42,51,67,90,84,63,66,62,69,57,54,35,31,33,22,17,14,F,2011
E01006036,Tameside 020F,989,89,67,60,69,63,93,87,81,74,80,59,40,33,29,18,19,13,9,6,F,2011
E01005970,Tameside 021A,718,24,23,31,43,47,34,28,39,54,62,62,49,54,58,48,30,19,10,3,F,2011
E01005972,Tameside 021B,861,66,46,42,58,68,75,59,77,66,68,49,50,46,19,35,21,8,5,3,F,2011
E01005974,Tameside 021C,798,57,48,40,58,64,70,47,46,57,64,41,32,38,36,32,25,21,16,6,F,2011
E01005975,Tameside 021D,825,52,50,50,55,62,70,44,58,66,55,50,39,50,47,32,26,11,4,4,F,2011
E01006024,Tameside 022A,908,49,40,73,65,47,29,40,69,82,109,75,55,64,45,15,26,11,11,3,F,2011
E01006026,Tameside 022B,809,62,43,44,33,46,50,68,55,55,75,66,27,50,40,31,28,15,15,6,F,2011
E01006037,Tameside 022C,772,43,46,36,39,31,38,36,46,68,69,65,51,71,50,38,24,17,3,1,F,2011
E01006038,Tameside 022D,859,39,47,61,44,35,52,46,56,54,56,51,59,65,78,30,34,16,24,12,F,2011
E01006047,Tameside 023A,683,38,35,44,39,40,30,41,45,61,65,41,45,49,35,27,21,18,6,3,F,2011
E01006048,Tameside 023B,770,21,34,32,45,40,31,25,27,55,68,58,48,80,61,40,38,24,27,16,F,2011
E01006049,Tameside 023C,772,46,37,40,37,35,41,36,37,72,61,62,46,67,47,37,31,23,10,7,F,2011
E01006051,Tameside 023D,831,43,57,37,38,35,44,37,54,70,82,61,77,69,43,33,30,11,5,5,F,2011
E01005985,Tameside 024A,798,41,26,41,36,35,25,33,42,52,65,52,37,43,50,67,70,46,27,10,F,2011
E01005987,Tameside 024B,809,30,36,38,44,39,47,33,45,54,48,54,51,58,39,57,55,44,24,13,F,2011
E01005988,Tameside 024C,830,35,47,60,64,39,43,40,50,82,71,60,44,46,31,38,36,23,16,5,F,2011
E01005990,Tameside 024D,679,31,31,20,39,40,22,31,31,48,66,46,43,43,42,40,44,32,16,14,F,2011
E01005991,Tameside 024E,746,49,40,47,41,46,37,54,41,65,57,43,35,49,29,35,25,25,20,8,F,2011
E01005971,Tameside 025A,701,47,48,26,47,47,54,52,42,49,52,47,26,35,38,33,22,19,11,6,F,2011
E01005986,Tameside 025B,653,36,33,50,44,41,38,33,47,56,55,53,38,35,29,22,15,15,8,5,F,2011
E01005989,Tameside 025C,644,22,34,34,50,42,27,27,39,41,65,42,48,33,47,43,29,15,3,3,F,2011
E01005992,Tameside 025D,709,62,34,34,47,51,57,40,33,44,61,43,32,28,34,28,25,27,13,16,F,2011
E01005973,Tameside 026A,711,30,44,31,44,34,35,31,39,63,61,50,49,64,51,40,20,14,10,1,F,2011
E01005976,Tameside 026B,803,40,50,61,75,58,37,33,64,61,70,46,39,44,38,29,18,23,13,4,F,2011
E01005977,Tameside 026C,791,51,39,40,39,49,41,43,45,64,55,36,49,66,53,35,29,28,20,9,F,2011
E01005978,Tameside 026D,716,40,45,43,41,45,62,39,49,45,62,44,38,47,35,24,28,17,7,5,F,2011
E01006025,Tameside 027A,754,55,58,49,52,52,59,45,34,53,56,48,34,37,30,40,22,16,12,2,F,2011
E01006027,Tameside 027B,711,52,54,41,49,46,54,51,36,47,49,46,32,38,33,36,28,10,6,3,F,2011
E01006050,Tameside 027C,886,85,50,49,52,62,80,44,51,53,66,55,40,44,51,43,29,20,9,3,F,2011
E01006052,Tameside 027D,768,49,47,57,51,43,43,35,54,63,55,45,34,46,34,38,38,21,11,4,F,2011
E01006028,Tameside 028A,896,78,42,48,45,62,72,60,35,53,62,47,47,39,50,52,47,32,17,8,F,2011
E01006029,Tameside 028B,972,101,85,55,73,73,91,83,78,70,61,52,30,42,20,19,10,9,11,9,F,2011
E01006030,Tameside 028C,926,72,44,57,48,62,61,59,60,79,72,56,51,49,31,27,21,35,27,15,F,2011
E01006039,Tameside 028D,735,55,56,75,68,46,61,54,43,50,30,37,30,31,34,20,18,12,11,4,F,2011
E01006040,Tameside 028E,848,85,64,49,73,82,79,71,56,54,49,36,28,33,18,24,18,11,9,9,F,2011
E01006041,Tameside 028F,796,66,70,40,41,67,71,79,61,56,29,44,40,37,24,23,17,18,8,5,F,2011
E01005979,Tameside 029A,824,37,32,34,34,48,47,40,43,47,53,52,61,55,66,67,44,37,19,8,F,2011
E01005980,Tameside 029B,789,45,46,50,44,40,60,55,48,51,52,44,32,54,36,28,29,24,22,29,F,2011
E01005981,Tameside 029C,847,49,40,44,35,39,33,36,45,61,53,49,45,43,66,62,54,46,32,15,F,2011
E01005982,Tameside 029D,703,31,40,49,57,45,30,24,38,45,53,56,39,50,57,46,13,20,8,2,F,2011
E01005983,Tameside 029E,831,42,33,44,44,40,42,32,49,65,63,57,58,62,61,57,35,23,17,7,F,2011
E01005984,Tameside 029F,731,57,35,37,45,48,57,49,54,54,47,48,37,31,30,39,28,18,13,4,F,2011
E01006042,Tameside 030A,852,47,36,44,42,39,68,62,64,68,69,56,49,57,43,42,22,21,10,13,F,2011
E01006043,Tameside 030B,784,61,55,48,54,46,50,39,56,61,57,42,33,41,43,30,18,30,16,4,F,2011
E01006044,Tameside 030C,704,34,30,34,28,29,31,31,43,47,42,51,48,58,59,41,33,27,19,19,F,2011
E01006045,Tameside 030D,652,22,30,33,35,30,22,20,26,52,68,43,54,72,37,38,29,20,16,5,F,2011
E01006046,Tameside 030E,772,47,37,35,41,37,30,41,41,55,59,51,44,60,37,45,30,38,25,19,F,2011
E08000009,,115930,7306,6905,6877,6530,5698,6881,7781,8400,9174,9380,7702,6274,6440,5243,4588,4003,3325,2194,1229,F,2011
E01006109,Trafford 001A,598,66,51,26,23,43,64,61,51,46,49,37,18,16,8,19,10,7,1,2,F,2011
E01006110,Trafford 001B,959,80,58,77,64,69,66,92,101,69,76,49,39,19,23,30,20,16,7,4,F,2011
E01006111,Trafford 001C,912,81,86,89,81,60,72,91,69,68,67,45,28,27,13,13,11,6,5,0,F,2011
E01006112,Trafford 001D,879,69,64,65,71,71,80,85,46,66,62,50,36,21,16,17,35,20,3,2,F,2011
E01006185,Trafford 001E,963,66,62,46,35,140,143,103,72,61,58,39,29,28,13,29,14,14,8,3,F,2011
E01006188,Trafford 001F,777,78,63,50,42,57,74,95,64,69,39,39,26,24,15,14,12,12,2,2,F,2011
E01006116,Trafford 002A,700,48,35,40,47,40,28,44,62,74,53,39,34,45,42,25,18,17,4,5,F,2011
E01006117,Trafford 002B,842,44,49,43,47,52,38,34,59,75,77,57,51,58,50,39,22,27,11,9,F,2011
E01006118,Trafford 002C,765,44,33,46,61,27,29,40,57,56,63,49,38,41,49,39,43,23,16,11,F,2011
E01006119,Trafford 002D,823,38,41,44,50,37,23,36,63,81,54,80,56,59,51,33,27,25,16,9,F,2011
E01006121,Trafford 002E,814,55,45,58,48,47,44,49,57,60,60,56,41,70,52,33,18,13,3,5,F,2011
E01006141,Trafford 003A,791,54,66,51,47,35,51,56,60,65,77,43,47,43,25,27,16,15,12,1,F,2011
E01006186,Trafford 003B,942,73,67,68,52,69,86,87,72,87,63,52,33,27,22,24,21,21,14,4,F,2011
E01006187,Trafford 003C,1278,104,64,72,72,94,158,135,111,110,94,63,49,35,35,31,29,8,8,6,F,2011
E01006189,Trafford 003D,1135,93,65,75,55,63,122,92,92,99,93,54,47,48,35,30,35,20,11,6,F,2011
E01006113,Trafford 004A,776,54,39,60,68,65,38,45,57,70,61,55,34,23,21,27,26,18,13,2,F,2011
E01006114,Trafford 004B,858,63,60,74,58,54,59,65,47,56,63,58,40,35,23,25,34,22,17,5,F,2011
E01006115,Trafford 004C,820,38,59,48,52,66,63,51,58,73,65,51,42,32,22,20,34,26,13,7,F,2011
E01006145,Trafford 004D,927,83,75,78,54,44,63,72,57,60,77,52,41,43,31,35,22,23,15,2,F,2011
E01006146,Trafford 004E,966,77,66,67,81,50,59,70,59,90,74,62,36,33,36,32,33,21,12,8,F,2011
E01006122,Trafford 005A,795,34,23,50,39,47,24,31,48,58,52,53,51,58,69,60,55,29,11,3,F,2011
E01006123,Trafford 005B,878,47,48,40,64,38,31,45,50,63,93,58,55,62,55,34,41,31,16,7,F,2011
E01006124,Trafford 005C,752,29,31,44,44,51,15,25,42,54,58,62,58,67,56,43,31,26,13,3,F,2011
E01006128,Trafford 005D,881,56,38,39,44,38,37,58,82,62,76,67,63,57,33,26,36,27,23,19,F,2011
E01006131,Trafford 005E,784,37,47,44,51,32,40,34,48,68,77,57,43,45,42,36,28,30,17,8,F,2011
E01006155,Trafford 006A,817,49,49,45,58,39,40,62,78,91,54,55,38,43,36,28,20,16,12,4,F,2011
E01006157,Trafford 006B,804,59,61,44,45,53,47,54,48,72,76,71,39,30,25,32,16,16,13,3,F,2011
E01006159,Trafford 006C,979,81,72,72,68,55,69,77,76,80,60,68,44,38,31,32,22,23,5,6,F,2011
E01006182,Trafford 006D,835,39,51,62,56,55,43,36,51,62,75,65,51,41,37,31,43,18,12,7,F,2011
E01006183,Trafford 006E,826,47,54,49,44,40,55,50,37,69,83,62,53,47,36,35,27,21,11,6,F,2011
E01006125,Trafford 007A,765,39,36,33,46,42,37,28,52,54,69,61,49,55,39,42,39,28,10,6,F,2011
E01006126,Trafford 007B,875,54,48,59,65,41,50,62,54,71,61,52,46,55,39,26,20,26,31,15,F,2011
E01006127,Trafford 007C,824,39,59,55,42,40,44,62,58,61,71,54,57,62,45,26,26,12,8,3,F,2011
E01006130,Trafford 007D,900,48,40,55,59,47,37,60,71,68,81,63,50,50,39,42,32,23,20,15,F,2011
E01006132,Trafford 007E,807,31,44,49,53,39,41,46,61,57,75,57,64,44,36,28,34,27,15,6,F,2011
E01006156,Trafford 008A,856,41,55,69,56,54,45,47,68,64,74,56,43,47,29,34,31,19,20,4,F,2011
E01006158,Trafford 008B,838,66,49,44,44,48,70,50,67,68,66,65,35,42,36,22,20,20,20,6,F,2011
E01006179,Trafford 008C,829,34,36,45,44,42,42,64,57,63,70,71,42,58,37,25,37,29,22,11,F,2011
E01006184,Trafford 008D,867,51,45,42,57,44,46,54,38,78,79,57,43,56,36,45,34,34,15,13,F,2011
E01006198,Trafford 009A,823,45,42,45,57,50,52,65,46,52,68,43,43,36,34,35,12,39,29,30,F,2011
E01006199,Trafford 009B,829,51,49,43,42,33,72,62,78,80,60,52,43,47,36,30,19,15,12,5,F,2011
E01006200,Trafford 009C,770,29,48,31,25,26,31,33,46,45,52,45,34,65,54,46,45,42,40,33,F,2011
E01006201,Trafford 009D,743,47,37,45,36,43,42,65,70,66,60,46,53,26,15,17,27,21,20,7,F,2011
E01006202,Trafford 009E,650,30,41,42,38,24,37,37,42,52,78,50,37,36,22,16,22,24,16,6,F,2011
E01006120,Trafford 010A,731,31,41,47,46,38,21,20,35,58,75,62,48,53,49,49,23,21,11,3,F,2011
E01006129,Trafford 010B,733,32,39,39,31,24,15,44,42,66,55,40,45,52,52,41,48,37,23,8,F,2011
E01006133,Trafford 010C,751,19,33,29,30,30,21,30,41,50,63,55,51,77,55,59,40,40,21,7,F,2011
E01006197,Trafford 010D,796,54,58,45,46,30,42,51,81,56,57,51,38,36,47,26,33,18,14,13,F,2011
E01006203,Trafford 010E,730,29,38,48,48,40,28,31,33,61,68,65,50,42,33,21,28,29,18,20,F,2011
E01006142,Trafford 011A,858,49,39,45,53,48,65,53,54,57,63,58,49,36,34,31,31,41,34,18,F,2011
E01006143,Trafford 011B,824,43,48,51,48,49,48,53,54,56,69,52,50,48,32,40,24,38,14,7,F,2011
E01006144,Trafford 011C,739,49,38,39,32,32,72,79,45,50,50,44,40,39,22,30,33,23,14,8,F,2011
E01006180,Trafford 011D,932,67,46,50,32,62,86,119,95,73,66,64,37,40,21,24,14,15,14,7,F,2011
E01006181,Trafford 011E,835,68,61,49,52,35,61,50,49,62,58,48,53,45,32,31,29,23,20,9,F,2011
E01006147,Trafford 012A,692,41,36,54,32,22,21,34,61,60,64,56,32,45,30,35,27,21,15,6,F,2011
E01006149,Trafford 012B,765,58,46,37,31,30,42,64,58,62,56,50,29,40,46,28,25,34,17,12,F,2011
E01006150,Trafford 012C,771,53,47,39,16,28,36,52,60,65,54,56,45,46,44,31,28,28,28,15,F,2011
E01006154,Trafford 012D,741,67,42,31,24,29,71,75,80,63,64,48,35,38,21,24,6,12,6,5,F,2011
E01006165,Trafford 012E,997,68,46,27,37,64,116,119,125,89,75,58,40,36,25,29,14,16,5,8,F,2011
E01006166,Trafford 013A,802,42,30,54,40,38,45,58,52,84,52,67,60,51,45,28,19,17,18,2,F,2011
E01006169,Trafford 013B,834,40,44,52,48,43,39,43,49,65,71,54,59,58,39,45,27,32,16,10,F,2011
E01006170,Trafford 013C,813,54,50,37,37,26,53,68,57,54,61,49,57,46,33,41,34,30,15,11,F,2011
E01006171,Trafford 013D,933,57,72,70,56,54,60,57,68,65,86,62,39,42,35,34,38,20,16,2,F,2011
E01006098,Trafford 014A,656,32,37,47,25,21,18,23,44,61,63,47,37,42,41,35,33,26,11,13,F,2011
E01006099,Trafford 014B,674,55,32,36,32,25,34,51,52,70,48,43,45,45,31,28,19,17,7,4,F,2011
E01006164,Trafford 014C,837,43,36,38,29,32,37,56,55,71,60,60,65,49,39,53,49,28,23,14,F,2011
E01006174,Trafford 014D,863,43,37,53,29,48,55,58,73,64,70,45,37,66,48,40,43,26,17,11,F,2011
E01006178,Trafford 014E,909,67,43,40,33,48,46,82,76,73,47,71,58,61,43,40,38,19,15,9,F,2011
E01006097,Trafford 015A,873,44,40,37,38,40,65,64,59,56,51,55,48,45,47,48,35,48,38,15,F,2011
E01006160,Trafford 015B,869,55,28,27,26,45,105,77,64,49,46,55,32,38,35,38,40,49,32,28,F,2011
E01006161,Trafford 015C,990,71,56,42,38,37,91,110,73,76,78,41,53,38,40,37,27,30,27,25,F,2011
E01006162,Trafford 015D,819,65,40,40,43,41,63,51,68,75,83,48,41,49,36,29,24,11,11,1,F,2011
E01006163,Trafford 015E,906,73,44,38,37,43,111,111,81,79,62,51,46,45,26,21,19,10,4,5,F,2011
E01006148,Trafford 016A,821,27,32,55,41,35,42,37,44,54,74,66,56,53,44,39,48,40,21,13,F,2011
E01006151,Trafford 016B,760,32,48,36,57,31,17,20,33,67,77,61,52,47,52,38,28,25,12,27,F,2011
E01006152,Trafford 016C,838,27,47,62,47,38,27,31,41,59,76,79,54,58,52,53,44,25,15,3,F,2011
E01006153,Trafford 016D,825,46,42,45,40,34,23,30,43,52,71,53,61,65,49,57,30,50,28,6,F,2011
E01006172,Trafford 016E,787,35,32,36,44,37,18,28,42,46,69,55,55,56,64,50,53,38,19,10,F,2011
E01006104,Trafford 017A,858,38,37,51,39,43,51,52,39,62,70,61,60,57,60,38,44,25,17,14,F,2011
E01006105,Trafford 017B,1019,133,90,78,43,66,103,82,60,59,70,59,36,42,24,23,23,20,5,3,F,2011
E01006106,Trafford 017C,806,70,54,36,53,57,47,40,48,57,75,53,46,52,42,31,23,13,8,1,F,2011
E01006107,Trafford 017D,856,49,58,51,43,37,40,59,34,65,70,54,57,56,38,35,33,41,25,11,F,2011
E01006108,Trafford 017E,919,125,70,63,73,81,71,80,66,47,65,56,40,22,21,12,14,5,7,1,F,2011
E01006102,Trafford 018A,735,42,54,48,43,21,32,41,52,67,52,51,33,41,35,37,27,27,20,12,F,2011
E01006173,Trafford 018B,783,38,44,50,34,46,37,40,51,79,61,46,50,51,32,41,36,32,10,5,F,2011
E01006175,Trafford 018C,860,70,49,45,50,42,77,41,42,61,68,50,34,45,35,33,38,44,25,11,F,2011
E01006176,Trafford 018D,905,57,47,48,52,41,42,72,72,59,81,59,48,65,36,41,41,23,12,9,F,2011
E01006177,Trafford 018E,854,56,68,75,58,36,47,78,80,83,76,35,38,37,24,21,17,15,6,4,F,2011
E01006091,Trafford 019A,1177,110,68,52,43,48,150,164,137,93,79,74,48,42,35,16,10,4,3,1,F,2011
E01006092,Trafford 019B,732,61,51,63,60,57,47,58,58,62,55,39,28,32,16,19,9,12,4,1,F,2011
E01006095,Trafford 019C,805,49,49,35,32,37,63,75,68,59,70,49,56,55,39,29,17,14,8,1,F,2011
E01006167,Trafford 019D,853,52,44,55,70,47,52,59,70,75,67,51,34,38,31,47,26,18,14,3,F,2011
E01006168,Trafford 019E,1035,91,68,78,73,89,95,63,97,91,78,62,24,37,36,20,16,7,8,2,F,2011
E01006090,Trafford 020A,952,57,49,43,41,60,83,83,87,76,69,72,54,48,51,34,23,14,6,2,F,2011
E01006094,Trafford 020B,768,41,52,44,36,32,28,42,58,58,50,53,56,61,36,37,29,28,19,8,F,2011
E01006096,Trafford 020C,784,70,54,59,37,41,28,49,66,78,67,54,47,33,31,25,15,11,13,6,F,2011
E01006100,Trafford 020D,751,41,42,46,45,34,27,30,49,61,79,62,46,51,29,30,19,25,18,17,F,2011
E01006103,Trafford 020E,800,48,55,52,52,21,29,52,75,70,81,63,40,43,36,28,17,22,12,4,F,2011
E01006101,Trafford 021A,750,42,50,36,44,29,21,36,41,85,66,65,62,50,33,29,33,13,12,3,F,2011
E01006190,Trafford 021B,862,57,54,34,48,37,37,43,46,67,84,57,70,62,45,34,33,27,19,8,F,2011
E01006195,Trafford 021C,882,42,60,62,47,39,40,53,84,59,79,57,57,64,47,48,22,11,8,3,F,2011
E01006196,Trafford 021D,883,44,63,46,52,44,36,58,77,75,86,68,47,59,34,35,26,19,9,5,F,2011
E01006210,Trafford 021E,806,39,54,50,34,29,27,48,71,75,63,63,54,53,47,33,33,19,12,2,F,2011
E01006204,Trafford 022A,860,36,35,50,63,41,38,38,43,55,65,76,52,51,59,40,42,31,29,16,F,2011
E01006206,Trafford 022B,987,64,68,66,71,43,59,67,73,65,76,69,33,52,46,32,38,21,26,18,F,2011
E01006207,Trafford 022C,833,53,43,45,54,45,45,57,77,69,66,56,38,56,29,34,27,22,14,3,F,2011
E01006208,Trafford 022D,871,54,64,68,60,28,43,53,61,61,81,57,46,58,44,39,28,11,10,5,F,2011
E01006211,Trafford 022E,800,48,39,57,55,38,34,37,52,66,72,45,51,37,40,33,30,34,18,14,F,2011
E01006093,Trafford 023A,809,40,53,58,59,27,45,49,70,72,67,38,59,48,40,28,22,14,8,12,F,2011
E01006191,Trafford 023B,859,47,62,56,62,27,26,39,63,68,72,61,59,54,55,28,42,16,17,5,F,2011
E01006192,Trafford 023C,797,40,37,50,55,32,21,32,64,63,77,52,39,51,44,40,32,28,30,10,F,2011
E01006205,Trafford 023D,690,42,34,46,32,23,20,26,51,54,53,46,44,42,43,42,36,32,15,9,F,2011
E01006209,Trafford 023E,803,31,49,53,47,19,17,23,45,69,64,64,51,59,55,49,38,43,18,9,F,2011
E01006078,Trafford 024A,921,68,32,30,35,64,122,126,88,65,50,53,32,37,35,23,28,14,12,7,F,2011
E01006080,Trafford 024B,927,70,47,41,42,32,73,99,81,72,67,58,44,45,36,36,33,24,18,9,F,2011
E01006089,Trafford 024C,738,43,42,33,39,43,68,75,66,62,53,48,27,37,29,23,28,9,7,6,F,2011
E01006193,Trafford 024D,765,57,41,42,50,21,34,48,58,61,60,53,44,54,50,32,24,18,11,7,F,2011
E01006194,Trafford 024E,1191,111,83,68,51,51,109,136,136,106,82,58,57,42,36,19,15,15,9,7,F,2011
E01006074,Trafford 025A,840,51,49,54,65,36,37,49,53,55,81,42,37,41,34,44,21,39,20,32,F,2011
E01006075,Trafford 025B,980,49,52,56,47,34,55,70,72,68,72,52,39,57,46,46,44,57,42,22,F,2011
E01006076,Trafford 025C,838,45,31,26,38,25,29,40,42,55,69,50,41,54,60,53,48,57,43,32,F,2011
E01006079,Trafford 025D,987,58,50,64,64,57,66,65,62,87,91,71,52,51,44,37,33,22,7,6,F,2011
E01006087,Trafford 025E,758,29,48,60,47,29,30,30,30,51,69,60,60,58,57,34,31,17,13,5,F,2011
E01006083,Trafford 026A,706,37,58,65,53,22,9,24,37,68,74,63,42,41,32,25,20,13,14,9,F,2011
E01006084,Trafford 026B,868,54,74,59,69,25,24,32,55,74,86,79,45,51,37,31,27,18,15,13,F,2011
E01006088,Trafford 026C,808,80,56,39,35,14,32,75,75,99,74,63,31,27,28,25,18,14,15,8,F,2011
E01006139,Trafford 026D,889,72,60,61,39,26,64,70,84,69,68,56,50,29,28,23,29,30,20,11,F,2011
E01006140,Trafford 026E,864,69,76,52,56,23,31,40,78,86,86,61,41,40,34,27,23,25,11,5,F,2011
E01006077,Trafford 027A,779,38,42,29,34,39,73,83,56,61,57,41,35,31,30,26,31,29,27,17,F,2011
E01006081,Trafford 027B,699,31,40,51,52,23,22,10,41,44,62,67,51,54,48,20,29,26,14,14,F,2011
E01006082,Trafford 027C,827,43,48,50,56,22,27,30,50,64,75,66,59,56,51,40,35,27,23,5,F,2011
E01006085,Trafford 027D,850,46,66,48,40,25,26,39,68,51,73,57,48,61,36,28,34,30,42,32,F,2011
E01006086,Trafford 027E,864,49,45,54,45,31,35,36,52,80,76,58,44,52,50,40,30,38,29,20,F,2011
E01006134,Trafford 028A,771,35,58,53,50,27,33,17,41,57,80,74,63,52,37,33,14,25,19,3,F,2011
E01006135,Trafford 028B,877,41,61,63,38,30,27,24,47,64,56,55,54,67,52,57,52,36,41,12,F,2011
E01006136,Trafford 028C,820,48,64,42,38,21,37,42,43,49,51,65,47,62,52,48,45,36,14,16,F,2011
E01006137,Trafford 028D,742,42,60,47,57,38,25,21,35,53,65,45,48,42,49,32,45,23,10,5,F,2011
E01006138,Trafford 028E,921,36,55,43,47,22,34,42,54,67,74,41,50,74,63,59,59,55,32,14,F,2011
E08000010,,160064,9474,8838,8820,9539,9509,10211,9613,10525,12781,12296,10445,9184,10577,8721,6723,5211,3792,2425,1380,F,2011
E01006315,Wigan 001A,626,24,25,35,36,29,19,26,38,46,60,47,41,55,51,26,17,17,14,20,F,2011
E01006316,Wigan 001B,740,32,25,34,43,40,34,34,52,59,68,54,71,63,49,26,25,14,13,4,F,2011
E01006317,Wigan 001C,777,31,38,49,42,34,36,48,40,72,59,42,52,60,64,45,20,21,16,8,F,2011
E01006319,Wigan 001D,735,50,58,67,60,32,31,52,73,72,81,56,23,13,14,15,15,11,8,4,F,2011
E01006229,Wigan 002A,777,31,35,34,34,36,36,31,40,50,51,44,61,80,52,56,54,17,22,13,F,2011
E01006230,Wigan 002B,723,31,26,39,55,34,26,26,35,62,65,62,60,57,44,26,31,28,13,3,F,2011
E01006233,Wigan 002C,756,19,38,63,50,19,23,19,34,85,80,64,50,55,41,44,22,28,14,8,F,2011
E01006237,Wigan 002D,789,43,44,65,50,27,42,35,58,96,75,55,43,47,32,31,19,18,7,2,F,2011
E01006238,Wigan 002E,803,34,39,55,40,36,44,54,58,58,55,40,42,55,40,46,44,31,25,7,F,2011
E01006259,Wigan 003A,656,32,39,31,43,30,46,45,33,62,56,49,45,35,31,42,17,12,7,1,F,2011
E01006312,Wigan 003B,741,30,37,34,30,37,33,34,42,58,58,59,41,74,60,44,28,28,10,4,F,2011
E01006313,Wigan 003C,539,32,28,27,42,31,34,28,25,39,50,32,24,36,31,28,21,19,8,4,F,2011
E01006314,Wigan 003D,864,35,35,39,49,34,31,52,58,63,50,73,59,68,55,57,50,30,17,9,F,2011
E01006318,Wigan 003E,715,16,33,36,43,33,18,25,47,49,55,41,67,74,71,45,34,17,9,2,F,2011
E01006320,Wigan 003F,678,31,25,42,35,40,33,28,47,53,53,47,54,77,52,26,18,7,10,0,F,2011
E01006321,Wigan 003G,853,55,40,51,38,27,37,55,78,76,79,63,54,75,45,30,24,15,6,5,F,2011
E01006231,Wigan 004A,738,31,41,37,41,31,27,25,32,77,71,63,59,49,58,49,24,10,11,2,F,2011
E01006232,Wigan 004B,979,48,65,50,58,51,52,55,72,94,86,65,43,67,44,36,25,24,24,20,F,2011
E01006234,Wigan 004C,609,24,33,27,32,33,18,28,35,41,38,42,41,62,57,45,25,14,11,3,F,2011
E01006235,Wigan 004D,776,48,52,54,34,30,46,51,44,72,69,41,28,43,27,40,33,36,19,9,F,2011
E01006253,Wigan 005A,794,50,43,37,44,44,51,45,47,51,58,51,42,36,63,60,30,23,14,5,F,2011
E01006254,Wigan 005B,878,85,67,62,60,71,66,53,64,57,56,43,40,43,25,32,28,13,9,4,F,2011
E01006255,Wigan 005C,761,24,37,36,40,35,44,32,44,63,62,56,40,63,58,42,32,30,19,4,F,2011
E01006256,Wigan 005D,692,49,45,35,30,39,51,43,61,61,58,46,44,29,31,31,21,10,5,3,F,2011
E01006260,Wigan 005E,797,36,46,54,51,39,47,40,58,66,64,64,50,39,38,33,32,28,7,5,F,2011
E01006370,Wigan 006A,727,46,30,26,36,73,81,47,50,45,55,43,32,41,28,30,27,23,11,3,F,2011
E01006372,Wigan 006B,876,35,33,58,56,49,22,23,39,65,84,73,57,63,67,43,29,40,28,12,F,2011
E01006373,Wigan 006C,760,45,27,40,40,50,31,31,52,48,72,61,63,47,39,30,37,29,13,5,F,2011
E01006374,Wigan 006D,800,43,41,42,36,33,41,40,48,67,63,59,46,44,48,49,44,34,16,6,F,2011
E01006390,Wigan 006E,776,36,29,34,38,35,55,32,49,38,62,62,41,54,58,50,44,38,13,8,F,2011
E01006236,Wigan 007A,747,31,34,30,35,31,36,34,41,50,57,65,59,81,62,37,29,19,13,3,F,2011
E01006388,Wigan 007B,834,35,55,42,44,56,55,50,48,83,57,44,46,61,40,38,35,24,11,10,F,2011
E01006389,Wigan 007C,716,49,47,59,46,43,48,47,51,70,80,55,33,38,13,25,7,1,3,1,F,2011
E01006391,Wigan 007D,789,37,36,37,41,55,37,30,38,55,74,44,44,78,69,46,37,21,6,4,F,2011
E01006257,Wigan 008A,650,32,25,32,41,57,40,51,44,49,53,48,23,33,26,36,27,17,9,7,F,2011
E01006258,Wigan 008B,878,50,42,36,48,75,57,45,58,56,74,58,36,39,48,52,26,25,30,23,F,2011
E01006369,Wigan 008C,798,40,34,35,46,69,82,59,54,65,62,48,40,30,29,33,25,22,20,5,F,2011
E01006371,Wigan 008D,762,41,45,33,39,54,60,50,56,56,68,72,36,36,28,27,23,22,12,4,F,2011
E01006375,Wigan 008E,793,52,45,41,47,42,59,50,51,75,66,52,34,49,36,29,22,26,13,4,F,2011
E01006306,Wigan 009A,721,32,32,33,29,55,53,46,38,54,57,50,46,40,34,31,28,22,30,11,F,2011
E01006307,Wigan 009B,700,37,28,38,56,45,61,34,53,52,59,44,43,37,26,34,27,15,7,4,F,2011
E01006386,Wigan 009C,706,28,25,13,20,44,42,20,20,53,68,52,55,55,47,47,56,27,22,12,F,2011
E01006387,Wigan 009D,668,40,37,35,34,51,47,41,32,57,45,43,31,30,33,32,32,18,21,9,F,2011
E01006392,Wigan 009E,740,67,41,58,61,74,69,46,51,68,36,31,25,35,19,24,14,13,3,5,F,2011
E01006350,Wigan 010A,932,79,68,64,78,73,85,57,45,75,63,50,36,48,42,18,23,13,10,5,F,2011
E01006351,Wigan 010B,1085,100,76,63,70,124,123,69,63,72,60,59,45,54,36,24,25,9,11,2,F,2011
E01006357,Wigan 010C,919,84,80,54,63,65,75,43,61,50,64,38,40,59,30,20,29,27,13,24,F,2011
E01006360,Wigan 010D,843,75,57,53,68,75,71,48,52,77,56,45,29,36,25,19,32,16,7,2,F,2011
E01006361,Wigan 010E,795,76,45,48,60,71,86,53,54,41,54,59,41,32,19,26,19,6,2,3,F,2011
E01006356,Wigan 011A,737,46,48,61,61,42,40,39,63,59,56,46,37,39,32,29,13,12,10,4,F,2011
E01006396,Wigan 011B,760,35,35,56,49,43,37,44,53,58,54,57,67,45,35,31,17,19,17,8,F,2011
E01006397,Wigan 011C,576,25,28,26,19,31,36,34,34,35,47,28,35,48,30,33,18,37,22,10,F,2011
E01006398,Wigan 011D,537,44,32,15,30,36,35,41,32,45,42,35,39,35,19,22,13,15,6,1,F,2011
E01006399,Wigan 011E,772,41,28,31,50,44,65,42,56,56,46,53,55,44,44,32,31,35,10,9,F,2011
E01006305,Wigan 012A,909,66,65,68,80,76,56,63,45,68,66,62,36,40,42,19,24,19,11,3,F,2011
E01006308,Wigan 012B,842,67,45,45,58,68,64,52,63,58,52,55,41,45,23,24,24,21,23,14,F,2011
E01006309,Wigan 012C,765,58,43,50,45,68,58,63,36,60,62,52,39,37,28,15,10,14,16,11,F,2011
E01006310,Wigan 012D,751,41,53,44,50,51,59,62,53,62,49,33,29,42,37,25,28,14,13,6,F,2011
E01006311,Wigan 012E,810,64,58,49,49,52,56,63,58,70,51,49,41,49,36,21,22,12,4,6,F,2011
E01006269,Wigan 013A,795,57,32,35,44,38,44,54,54,66,54,54,42,49,52,34,40,23,12,11,F,2011
E01006271,Wigan 013B,904,56,42,44,57,71,53,54,50,74,75,53,53,52,46,33,31,33,16,11,F,2011
E01006272,Wigan 013C,839,45,40,37,40,61,64,50,72,74,63,33,48,36,35,32,32,27,28,22,F,2011
E01006273,Wigan 013D,808,50,52,50,49,47,48,60,53,57,58,47,50,53,52,35,13,15,17,2,F,2011
E01006276,Wigan 013E,1151,83,86,68,80,68,86,86,101,116,90,71,47,49,36,35,20,13,13,3,F,2011
E01006353,Wigan 014A,753,59,26,24,36,43,37,35,45,68,61,47,49,53,55,47,32,23,8,5,F,2011
E01006354,Wigan 014B,777,55,28,37,42,53,48,53,48,58,42,41,42,36,37,42,35,27,28,25,F,2011
E01006355,Wigan 014C,789,52,40,25,41,48,99,44,40,48,56,52,41,55,49,47,24,15,12,1,F,2011
E01006358,Wigan 014D,883,52,46,32,47,66,67,49,54,56,57,49,50,61,41,46,35,39,25,11,F,2011
E01006359,Wigan 014E,761,56,46,61,40,51,52,66,44,56,50,32,42,53,34,26,22,16,9,5,F,2011
E01006349,Wigan 015A,881,54,30,41,38,101,107,63,51,64,68,46,40,37,31,29,31,27,14,9,F,2011
E01006352,Wigan 015B,828,74,28,36,29,61,92,73,52,54,46,47,43,51,28,34,23,19,21,17,F,2011
E01006404,Wigan 015C,846,62,56,54,45,57,70,79,42,70,67,39,22,30,36,28,32,15,19,23,F,2011
E01006405,Wigan 015D,724,40,29,31,37,32,49,39,50,49,54,54,48,49,55,38,21,16,22,11,F,2011
E01006411,Wigan 015E,784,75,43,38,31,48,75,57,49,64,58,35,38,45,44,38,14,12,11,9,F,2011
E01006270,Wigan 016A,758,46,36,38,37,39,44,41,39,52,51,40,41,65,56,52,37,26,9,9,F,2011
E01006274,Wigan 016B,793,65,58,50,54,49,61,46,47,66,54,32,28,40,38,36,23,23,15,8,F,2011
E01006275,Wigan 016C,787,57,48,46,59,56,61,44,55,39,51,44,34,49,31,34,34,18,19,8,F,2011
E01006277,Wigan 016D,899,59,75,71,76,49,35,62,88,114,76,72,47,33,12,8,6,7,5,4,F,2011
E01006286,Wigan 016E,755,28,25,27,36,38,32,28,28,47,57,52,62,83,82,57,24,13,12,24,F,2011
E01006239,Wigan 017A,945,49,60,52,50,70,77,68,62,74,69,53,44,60,42,30,47,23,10,5,F,2011
E01006240,Wigan 017B,804,72,75,51,62,45,76,63,53,66,61,42,28,39,18,22,17,10,2,2,F,2011
E01006241,Wigan 017C,988,88,69,70,66,54,100,61,68,69,79,58,50,43,39,31,20,9,12,2,F,2011
E01006287,Wigan 017D,627,20,37,40,39,33,31,28,36,47,56,58,55,59,30,26,16,7,7,2,F,2011
E01006289,Wigan 017E,849,61,43,55,66,72,62,44,57,62,55,56,49,30,39,26,29,25,11,7,F,2011
E01006362,Wigan 018A,886,47,53,48,55,32,29,47,56,70,70,52,52,73,52,49,35,41,17,8,F,2011
E01006363,Wigan 018B,801,21,35,27,44,25,16,34,34,50,53,48,42,73,68,89,75,31,29,7,F,2011
E01006364,Wigan 018C,954,42,68,52,52,50,54,69,69,79,71,63,51,43,52,39,47,23,17,13,F,2011
E01006365,Wigan 018D,1137,80,101,82,67,48,62,79,103,111,100,62,52,77,43,27,19,11,11,2,F,2011
E01006366,Wigan 018E,812,21,40,34,40,44,34,38,53,68,55,64,45,60,65,49,51,27,16,8,F,2011
E01006367,Wigan 018F,800,38,31,30,31,43,43,47,44,56,57,49,64,68,63,45,49,27,13,2,F,2011
E01006368,Wigan 018G,849,37,49,49,48,33,43,42,50,77,53,50,62,72,56,47,30,31,13,7,F,2011
E01006278,Wigan 019A,820,38,40,31,44,41,60,44,56,54,55,44,55,66,68,51,40,19,9,5,F,2011
E01006279,Wigan 019B,817,47,53,52,51,45,55,70,53,78,44,62,46,65,39,29,14,7,3,4,F,2011
E01006280,Wigan 019C,738,48,40,43,38,30,40,34,39,51,56,51,36,47,57,44,35,24,21,4,F,2011
E01006281,Wigan 019D,879,47,43,46,39,55,57,57,66,89,79,48,60,58,55,34,20,13,11,2,F,2011
E01006285,Wigan 019E,933,32,55,63,61,45,33,46,54,82,75,76,84,78,63,43,25,8,6,4,F,2011
E01006406,Wigan 020A,738,30,36,33,33,33,49,38,43,41,47,57,50,91,74,38,22,12,5,6,F,2011
E01006407,Wigan 020B,753,41,44,37,46,41,53,42,58,77,62,54,50,73,41,13,15,5,1,0,F,2011
E01006408,Wigan 020C,781,37,46,39,53,58,63,48,54,64,58,42,42,49,34,32,19,23,14,6,F,2011
E01006409,Wigan 020D,703,21,31,26,44,38,31,22,37,65,59,58,35,58,60,50,30,21,13,4,F,2011
E01006410,Wigan 020E,686,24,31,43,49,32,42,17,34,52,63,59,71,78,42,19,16,8,5,1,F,2011
E01006393,Wigan 021A,731,38,40,43,27,36,42,61,39,60,68,49,53,78,37,24,16,11,8,1,F,2011
E01006394,Wigan 021B,806,28,43,37,44,43,31,40,35,64,53,48,93,69,67,44,35,22,7,3,F,2011
E01006395,Wigan 021C,1244,81,105,99,76,67,67,94,145,128,120,89,63,53,20,15,15,5,2,0,F,2011
E01006400,Wigan 021D,705,67,53,40,43,44,30,55,46,72,62,49,42,50,28,8,12,1,2,1,F,2011
E01006401,Wigan 021E,747,41,34,42,59,45,41,55,41,52,57,54,45,61,35,45,20,13,6,1,F,2011
E01006402,Wigan 021F,604,27,28,38,40,19,28,39,30,46,43,49,46,73,50,19,18,5,2,4,F,2011
E01006403,Wigan 021G,847,36,51,46,46,39,42,42,55,62,60,70,48,94,75,37,20,17,4,3,F,2011
E01006290,Wigan 022A,691,31,35,26,36,19,31,40,35,59,48,51,56,57,65,41,33,15,9,4,F,2011
E01006291,Wigan 022B,729,51,33,36,33,38,59,53,45,50,71,45,40,36,42,35,27,14,14,7,F,2011
E01006292,Wigan 022C,808,33,43,31,43,57,36,44,33,60,63,56,64,59,60,43,23,25,21,14,F,2011
E01006293,Wigan 022D,791,40,38,35,48,43,48,48,47,69,72,46,45,40,41,31,39,26,14,21,F,2011
E01006242,Wigan 023A,828,42,28,41,36,45,51,46,52,61,57,57,56,72,45,47,27,27,22,16,F,2011
E01006243,Wigan 023B,1006,56,54,50,60,51,79,72,91,87,65,58,58,68,45,34,31,25,14,8,F,2011
E01006244,Wigan 023C,791,33,25,32,30,45,62,51,45,59,45,55,41,46,48,38,42,43,27,24,F,2011
E01006245,Wigan 023D,1203,73,64,63,56,88,116,127,100,90,71,73,64,65,59,41,18,20,9,6,F,2011
E01006213,Wigan 024A,814,67,52,60,57,77,64,57,57,60,42,40,36,41,35,26,22,10,7,4,F,2011
E01006215,Wigan 024B,831,43,53,34,44,65,58,58,45,60,44,62,39,48,38,27,36,37,18,22,F,2011
E01006217,Wigan 024C,1194,107,80,67,77,90,116,109,91,83,73,49,47,53,48,35,32,18,13,6,F,2011
E01006218,Wigan 024D,1041,87,64,67,70,80,89,110,97,72,78,48,31,56,42,20,14,7,6,3,F,2011
E01006219,Wigan 024E,657,37,34,49,33,40,43,37,41,45,44,48,58,66,41,15,12,8,4,2,F,2011
E01006288,Wigan 025A,945,75,68,64,78,61,62,64,60,65,61,54,51,62,36,26,22,17,11,8,F,2011
E01006294,Wigan 025B,997,71,47,56,65,103,83,81,82,80,88,66,43,37,25,20,20,11,12,7,F,2011
E01006295,Wigan 025C,785,46,37,46,47,51,57,58,51,58,69,48,54,43,40,31,18,17,8,6,F,2011
E01006377,Wigan 025D,839,35,48,51,59,40,51,36,58,65,69,64,68,69,36,35,29,15,7,4,F,2011
E01006378,Wigan 025E,654,20,21,35,24,29,21,24,38,46,45,54,52,64,62,46,33,27,11,2,F,2011
E01006212,Wigan 026A,679,33,39,38,36,30,45,35,42,46,51,43,45,77,41,28,22,14,9,5,F,2011
E01006214,Wigan 026B,708,62,43,40,43,55,71,56,37,53,55,32,38,36,29,21,14,12,8,3,F,2011
E01006216,Wigan 026C,1091,87,67,67,57,49,116,128,84,80,56,55,78,66,40,23,17,11,6,4,F,2011
E01006322,Wigan 026D,760,54,34,47,57,54,76,58,45,60,60,49,33,26,43,19,17,17,8,3,F,2011
E01006329,Wigan 026E,528,28,20,24,40,41,37,21,41,47,47,28,43,22,19,20,12,12,16,10,F,2011
E01006282,Wigan 027A,841,59,60,31,42,47,61,53,43,63,69,52,48,56,53,27,21,26,13,17,F,2011
E01006283,Wigan 027B,749,41,56,54,37,45,63,52,79,55,60,42,40,36,23,20,16,13,10,7,F,2011
E01006284,Wigan 027C,761,56,40,47,50,32,64,57,44,47,67,56,52,48,36,16,16,18,8,7,F,2011
E01006336,Wigan 027D,863,74,64,46,55,59,62,48,55,56,56,55,48,45,30,28,23,20,21,18,F,2011
E01006337,Wigan 027E,777,56,43,37,48,35,44,46,46,61,61,56,43,59,55,33,17,18,14,5,F,2011
E01006376,Wigan 028A,801,53,50,48,52,51,56,57,39,70,63,55,49,45,31,32,23,13,9,5,F,2011
E01006381,Wigan 028B,939,62,68,65,72,48,59,60,74,83,99,93,47,47,27,14,7,8,4,2,F,2011
E01006382,Wigan 028C,693,36,31,44,49,30,34,29,40,55,71,62,54,69,42,28,11,7,1,0,F,2011
E01006383,Wigan 028D,832,45,52,56,57,49,47,42,64,75,91,73,50,51,27,16,18,9,8,2,F,2011
E01006384,Wigan 028E,686,38,33,38,46,32,40,46,47,65,63,60,48,45,44,21,10,8,2,0,F,2011
E01006250,Wigan 029A,761,31,37,45,35,33,34,41,52,64,58,59,62,65,55,30,29,15,11,5,F,2011
E01006251,Wigan 029B,739,43,28,39,38,45,42,46,40,67,59,66,57,56,42,25,18,17,7,4,F,2011
E01006379,Wigan 029C,793,39,45,49,34,25,55,52,62,65,53,46,36,71,66,39,27,17,8,4,F,2011
E01006380,Wigan 029D,867,51,40,57,60,61,48,44,65,73,64,53,28,53,33,40,41,28,13,15,F,2011
E01006385,Wigan 029E,766,37,31,38,44,44,31,43,57,51,62,64,58,62,59,26,27,18,9,5,F,2011
E01006328,Wigan 030A,684,53,40,36,47,54,53,45,37,63,46,52,25,30,19,29,29,14,9,3,F,2011
E01006333,Wigan 030B,923,83,52,44,56,76,96,58,62,70,50,53,58,47,33,16,26,23,12,8,F,2011
E01006334,Wigan 030C,862,83,41,39,55,92,86,68,48,65,62,50,39,32,32,28,14,17,6,5,F,2011
E01006338,Wigan 030D,792,50,43,40,40,63,74,59,54,65,51,46,40,39,42,19,32,26,7,2,F,2011
E01006248,Wigan 031A,734,55,50,29,41,68,62,34,48,57,45,40,34,49,36,27,17,20,19,3,F,2011
E01006249,Wigan 031B,801,58,52,41,77,40,50,39,62,64,65,46,52,46,50,19,13,20,7,0,F,2011
E01006330,Wigan 031C,818,30,44,37,48,54,28,42,46,79,64,66,52,61,64,44,22,24,9,4,F,2011
E01006331,Wigan 031D,804,42,52,42,45,38,37,43,58,70,75,79,52,60,48,26,18,10,8,1,F,2011
E01006332,Wigan 031E,1042,63,48,49,62,62,54,75,94,96,69,47,34,50,40,32,37,36,44,50,F,2011
E01006262,Wigan 032A,753,42,54,45,44,30,63,36,45,87,72,49,38,39,41,26,20,11,7,4,F,2011
E01006263,Wigan 032B,770,26,32,36,43,26,23,30,48,59,46,57,59,78,83,47,46,18,10,3,F,2011
E01006266,Wigan 032C,707,23,22,24,36,35,29,25,26,60,53,46,56,74,62,66,37,19,11,3,F,2011
E01006267,Wigan 032D,829,48,37,52,48,53,46,39,49,53,70,50,43,57,41,33,38,33,25,14,F,2011
E01006268,Wigan 032E,889,45,49,71,67,61,39,50,77,74,82,59,35,57,30,29,26,21,10,7,F,2011
E01006323,Wigan 033A,762,58,48,45,56,37,54,39,49,69,60,43,36,51,46,28,19,14,5,5,F,2011
E01006324,Wigan 033B,668,32,36,32,43,47,47,34,36,57,49,50,33,50,45,25,24,16,7,5,F,2011
E01006325,Wigan 033C,798,47,53,52,66,33,54,40,57,71,63,66,43,56,35,30,14,6,6,6,F,2011
E01006326,Wigan 033D,721,57,36,37,51,63,54,44,55,47,55,41,38,35,31,21,20,15,15,6,F,2011
E01006327,Wigan 033E,759,44,50,49,64,50,53,42,41,60,55,37,30,38,40,35,23,18,17,13,F,2011
E01006246,Wigan 034A,779,44,40,32,53,50,46,28,61,55,51,59,40,60,43,42,34,23,14,4,F,2011
E01006247,Wigan 034B,680,37,22,40,51,31,31,26,34,56,65,59,30,43,53,39,27,21,13,2,F,2011
E01006252,Wigan 034C,765,34,36,45,36,45,37,36,46,60,53,47,47,66,64,41,21,31,14,6,F,2011
E01006297,Wigan 034D,878,66,67,38,65,69,61,57,64,71,60,52,42,33,25,34,32,30,3,9,F,2011
E01006335,Wigan 034E,846,59,47,48,56,69,77,59,60,71,68,58,39,37,37,29,14,13,2,3,F,2011
E01006220,Wigan 035A,945,70,58,46,57,58,62,54,57,57,71,47,51,48,51,46,34,27,27,24,F,2011
E01006221,Wigan 035B,828,53,42,43,45,55,50,47,49,73,52,44,48,58,49,55,35,16,11,3,F,2011
E01006222,Wigan 035C,793,47,56,44,45,27,31,43,60,70,65,44,38,69,61,44,28,13,6,2,F,2011
E01006224,Wigan 035D,778,55,63,68,63,37,33,53,79,96,94,49,34,27,12,8,2,4,1,0,F,2011
E01006226,Wigan 035E,851,42,41,35,38,47,56,65,67,66,47,57,55,78,60,38,33,18,5,3,F,2011
E01006223,Wigan 036A,801,57,39,42,36,51,53,60,45,64,64,53,41,52,38,35,26,20,14,11,F,2011
E01006225,Wigan 036B,775,32,39,37,35,41,36,34,41,47,61,51,49,63,45,50,44,28,25,17,F,2011
E01006261,Wigan 036C,800,40,34,46,42,41,45,45,48,55,54,43,39,44,69,48,43,24,20,20,F,2011
E01006264,Wigan 036D,670,24,39,40,43,27,28,26,30,57,60,49,56,84,56,28,15,4,4,0,F,2011
E01006265,Wigan 036E,730,40,40,32,41,47,42,43,48,45,62,51,48,51,49,29,27,25,6,4,F,2011
E01006296,Wigan 037A,804,65,53,47,54,71,64,59,54,57,54,52,37,29,34,26,20,12,13,3,F,2011
E01006298,Wigan 037B,738,51,45,32,51,56,57,49,46,58,40,37,46,39,22,34,25,28,17,5,F,2011
E01006299,Wigan 037C,937,50,50,55,44,49,56,71,98,74,75,54,42,63,62,42,22,13,9,8,F,2011
E01006300,Wigan 037D,689,17,22,28,32,20,21,19,40,38,51,48,49,71,76,48,43,36,17,13,F,2011
E01006301,Wigan 037E,711,33,37,44,56,27,25,19,53,62,54,59,47,56,50,33,28,15,13,0,F,2011
E01006227,Wigan 038A,797,48,45,52,55,38,51,64,52,51,61,59,47,67,36,27,20,12,8,4,F,2011
E01006228,Wigan 038B,841,70,58,42,45,72,59,74,60,62,64,42,37,52,36,37,19,7,2,3,F,2011
E01006342,Wigan 038C,789,45,45,41,56,38,46,52,52,64,40,58,46,52,32,38,48,20,11,5,F,2011
E01006344,Wigan 038D,786,44,46,67,54,40,43,45,45,55,70,39,33,35,49,33,23,31,21,13,F,2011
E01006346,Wigan 038E,1063,71,59,55,50,64,79,77,82,105,92,61,49,62,38,44,36,21,11,7,F,2011
E01006339,Wigan 039A,711,21,25,30,40,29,26,35,32,53,59,61,59,87,61,35,19,19,16,4,F,2011
E01006340,Wigan 039B,736,53,51,37,42,38,44,48,45,63,69,46,40,40,37,19,29,20,11,4,F,2011
E01006343,Wigan 039C,900,56,67,81,53,43,30,49,89,120,81,70,46,43,36,11,13,8,1,3,F,2011
E01006345,Wigan 039D,817,34,35,55,36,25,36,50,49,79,57,54,51,60,57,45,39,27,19,9,F,2011
E01006348,Wigan 039E,811,41,40,32,48,30,24,25,67,65,70,59,52,53,70,46,32,21,22,14,F,2011
E01006302,Wigan 040A,789,52,51,36,48,31,42,55,72,73,66,55,58,47,45,27,11,9,9,2,F,2011
E01006303,Wigan 040B,703,33,35,28,42,30,38,31,40,51,61,65,45,64,57,38,19,15,6,5,F,2011
E01006304,Wigan 040C,756,43,39,45,45,31,36,45,52,53,59,45,39,56,58,46,27,20,11,6,F,2011
E01006341,Wigan 040D,826,50,48,47,52,47,42,44,63,69,69,50,51,47,46,44,23,19,12,3,F,2011
E01006347,Wigan 040E,818,44,39,42,59,28,29,35,41,83,76,40,42,59,63,45,39,26,19,9,F,2011
E07000117,,44259,2852,2505,2397,2786,2863,2894,2670,2741,3040,3105,2930,2590,2999,2169,1736,1476,1187,831,488,F,2011
E01024859,Burnley 001A,777,40,33,37,39,43,76,62,72,61,51,55,47,49,31,14,21,18,18,10,F,2011
E01024861,Burnley 001B,678,17,44,37,53,30,28,34,52,49,60,60,45,57,38,29,21,8,13,3,F,2011
E01024862,Burnley 001C,794,44,40,28,41,52,47,66,52,47,63,66,48,70,45,34,19,17,10,5,F,2011
E01024891,Burnley 001D,863,45,57,51,52,48,48,45,52,51,53,48,51,56,65,41,37,28,20,15,F,2011
E01024892,Burnley 001E,765,41,34,52,44,31,33,36,34,52,60,47,43,59,61,43,31,29,24,11,F,2011
E01024894,Burnley 001F,708,36,41,48,61,48,33,34,44,51,69,47,45,54,35,21,20,8,7,6,F,2011
E01024893,Burnley 002A,765,70,43,43,44,45,70,57,43,36,39,44,33,42,40,31,36,23,20,6,F,2011
E01024896,Burnley 002B,681,45,30,27,40,41,45,44,36,36,46,56,55,54,34,31,27,14,14,6,F,2011
E01024897,Burnley 002C,725,37,38,39,35,23,41,40,48,33,34,40,41,41,37,38,51,48,38,23,F,2011
E01024898,Burnley 002D,775,53,57,35,47,61,76,67,57,68,47,46,39,33,32,16,14,17,6,4,F,2011
E01024856,Burnley 003A,800,79,66,40,38,75,71,54,60,43,40,45,39,46,26,22,18,16,13,9,F,2011
E01024875,Burnley 003B,671,86,79,67,45,57,66,67,51,41,23,22,20,21,9,5,4,3,3,2,F,2011
E01024876,Burnley 003C,665,76,49,55,50,54,70,59,37,38,26,34,30,23,17,12,9,12,5,9,F,2011
E01024877,Burnley 003D,731,102,72,56,47,63,70,68,42,30,26,27,31,25,18,21,13,8,5,7,F,2011
E01024878,Burnley 003E,789,97,95,73,62,85,74,68,53,38,27,19,20,23,20,14,14,6,1,0,F,2011
E01024895,Burnley 003F,649,63,54,48,39,54,68,49,42,47,31,32,35,21,14,20,13,10,6,3,F,2011
E01024883,Burnley 004A,808,52,49,40,58,42,55,32,41,65,53,61,50,51,33,41,23,28,22,12,F,2011
E01024884,Burnley 004B,831,35,45,36,50,40,38,45,40,62,51,61,46,57,66,44,46,35,20,14,F,2011
E01024885,Burnley 004C,820,69,52,35,43,74,84,63,41,54,50,60,44,46,29,28,20,16,10,2,F,2011
E01024886,Burnley 004D,689,50,41,35,41,60,58,49,39,47,50,48,52,27,37,16,11,17,7,4,F,2011
E01024889,Burnley 004E,647,27,25,21,33,46,35,36,35,47,50,43,35,49,36,25,28,35,20,21,F,2011
E01024890,Burnley 004F,762,62,54,43,55,65,56,47,47,59,51,33,35,42,34,26,26,13,9,5,F,2011
E01024879,Burnley 005A,695,56,30,37,55,50,47,46,44,52,45,45,30,46,26,21,14,20,18,13,F,2011
E01024880,Burnley 005B,736,21,30,34,35,34,23,36,46,61,53,52,39,59,44,38,43,44,21,23,F,2011
E01024912,Burnley 005C,716,24,38,30,35,35,22,27,34,56,64,56,51,74,47,31,34,28,17,13,F,2011
E01024913,Burnley 005D,678,34,52,53,58,28,29,35,65,72,74,56,30,35,11,20,12,11,2,1,F,2011
E01024914,Burnley 005E,746,26,28,51,38,40,20,28,43,53,74,59,76,73,46,29,31,23,5,3,F,2011
E01024881,Burnley 006A,711,51,27,33,57,48,41,59,50,51,54,33,46,42,34,34,16,14,15,6,F,2011
E01024882,Burnley 006B,773,56,44,37,61,64,60,62,63,43,56,38,29,42,31,32,14,24,11,6,F,2011
E01024902,Burnley 006C,801,50,46,46,53,52,68,67,54,55,46,46,41,51,32,21,18,26,15,14,F,2011
E01024911,Burnley 006D,879,46,37,57,53,52,58,47,58,61,61,67,49,58,53,41,34,23,17,7,F,2011
E01024855,Burnley 007A,741,36,24,20,44,53,52,29,36,43,49,45,33,54,51,45,40,34,34,19,F,2011
E01024857,Burnley 007B,795,46,54,51,49,45,50,35,58,48,51,39,36,54,30,30,33,33,33,20,F,2011
E01024858,Burnley 007C,669,59,40,38,43,53,73,53,32,52,34,41,29,25,18,22,22,12,17,6,F,2011
E01024864,Burnley 007D,816,49,42,43,42,61,57,52,35,61,42,64,54,69,48,35,27,22,8,5,F,2011
E01024863,Burnley 008A,751,55,44,49,57,45,58,39,36,51,61,46,35,64,29,34,23,15,8,2,F,2011
E01024865,Burnley 008B,712,31,25,35,49,33,50,30,41,42,52,41,48,59,37,50,31,31,21,6,F,2011
E01024866,Burnley 008C,918,40,54,32,55,41,45,46,56,64,76,73,58,58,49,45,56,44,17,9,F,2011
E01024867,Burnley 008D,737,23,26,38,42,42,21,16,40,54,55,53,68,75,66,35,36,28,15,4,F,2011
E01024860,Burnley 009A,612,21,25,37,45,21,22,21,33,51,61,58,50,60,42,24,16,13,7,5,F,2011
E01024868,Burnley 009B,608,32,27,29,33,26,24,33,43,41,54,44,39,59,39,16,26,20,13,10,F,2011
E01024869,Burnley 009C,714,18,25,25,37,19,17,23,31,40,51,64,57,74,76,47,53,35,15,7,F,2011
E01024870,Burnley 009D,588,32,19,25,25,26,31,22,30,37,44,45,53,70,57,23,21,16,10,2,F,2011
E01024872,Burnley 010A,725,60,38,34,40,60,52,42,50,42,44,56,39,53,21,30,28,12,16,8,F,2011
E01024899,Burnley 010B,847,74,59,52,66,48,56,52,66,60,47,54,28,55,46,30,18,15,12,9,F,2011
E01024900,Burnley 010C,825,73,55,50,58,75,64,49,56,47,57,51,54,36,25,27,21,14,10,3,F,2011
E01024907,Burnley 010D,616,41,30,28,50,54,49,39,30,49,41,44,34,30,22,22,25,11,14,3,F,2011
E01024908,Burnley 010E,542,45,31,19,35,60,46,34,22,43,39,30,33,27,20,22,11,13,8,4,F,2011
E01024909,Burnley 010F,727,54,38,39,46,47,63,51,44,50,48,37,36,50,31,26,16,21,14,16,F,2011
E01024874,Burnley 011A,525,19,16,38,41,15,22,19,22,43,57,55,55,35,36,28,11,7,4,2,F,2011
E01024887,Burnley 011B,755,53,55,45,39,43,49,55,50,59,64,50,54,62,30,18,12,5,8,4,F,2011
E01024888,Burnley 011C,830,35,44,34,38,48,35,53,51,61,62,59,54,77,49,39,29,22,26,14,F,2011
E01024901,Burnley 011D,940,53,46,43,61,61,54,80,75,91,104,75,39,55,31,26,24,12,6,4,F,2011
E01024904,Burnley 014A,927,62,48,38,61,63,50,49,62,59,77,57,70,66,31,40,31,25,24,14,F,2011
E01024906,Burnley 014B,769,58,31,46,43,63,48,37,47,60,55,46,50,68,29,32,22,16,15,3,F,2011
E01024910,Burnley 014C,774,61,36,37,56,76,54,43,57,47,54,52,38,43,31,26,22,17,11,13,F,2011
E01024871,Burnley 014D,676,21,26,28,38,41,38,25,38,46,46,54,42,60,49,36,30,22,20,16,F,2011
E01024873,Burnley 014E,704,33,40,39,34,36,33,39,36,41,71,53,47,52,43,43,23,19,12,10,F,2011
E01024903,Burnley 014F,662,45,52,50,56,41,40,38,45,52,43,51,38,32,17,15,27,13,5,2,F,2011
E01024905,Burnley 014G,626,33,25,31,41,27,31,37,44,47,39,47,44,51,35,31,24,18,16,5,F,2011
E07000118,,53704,3074,2873,2989,3059,2916,3003,3085,3643,4199,4171,3646,3315,3826,3007,2278,1756,1322,948,594,F,2011
E01024951,Chorley 001A,600,44,42,55,48,39,47,28,46,43,51,44,35,33,22,12,8,3,0,0,F,2011
E01024952,Chorley 001B,632,31,32,32,30,35,39,47,50,43,42,40,30,29,33,28,17,17,26,31,F,2011
E01024953,Chorley 001C,702,44,37,38,31,50,40,34,51,52,61,56,53,47,42,18,18,12,8,10,F,2011
E01024954,Chorley 001D,696,37,40,28,39,42,51,43,42,39,47,49,52,62,54,29,20,10,9,3,F,2011
E01024921,Chorley 002A,1114,37,52,53,80,46,33,45,64,92,100,109,84,87,83,52,43,31,17,6,F,2011
E01024978,Chorley 002B,672,46,28,40,42,38,25,42,56,63,57,56,47,48,32,20,17,9,5,1,F,2011
E01024979,Chorley 002C,717,30,33,44,47,24,26,35,54,55,62,69,56,62,36,31,20,21,7,5,F,2011
E01024980,Chorley 002D,714,40,41,51,44,24,18,34,32,60,62,52,50,54,47,34,28,25,14,4,F,2011
E01024946,Chorley 003A,647,33,40,38,35,13,25,38,44,48,60,49,50,54,29,33,24,21,10,3,F,2011
E01024947,Chorley 003B,662,33,41,53,37,27,17,46,57,67,81,52,54,32,24,16,8,9,4,4,F,2011
E01024955,Chorley 003C,727,38,27,28,43,45,41,59,41,49,57,55,67,59,44,33,16,13,7,5,F,2011
E01024956,Chorley 003D,744,23,35,35,45,25,26,35,42,49,57,71,69,92,37,42,21,16,18,6,F,2011
E01024957,Chorley 003E,745,30,35,50,51,21,21,27,38,70,62,47,47,71,66,47,24,22,8,8,F,2011
E01024958,Chorley 003F,687,44,42,54,41,50,45,41,59,53,48,51,43,30,32,21,14,8,7,4,F,2011
E01024948,Chorley 004A,716,38,36,34,30,33,43,47,52,58,49,52,41,50,47,40,32,16,13,5,F,2011
E01024949,Chorley 004B,1189,91,71,57,54,112,136,137,98,96,80,62,48,42,28,21,13,18,12,13,F,2011
E01024950,Chorley 004C,664,41,33,51,37,14,23,41,44,72,58,68,46,45,30,22,24,10,4,1,F,2011
E01024977,Chorley 004D,1153,47,83,59,66,45,36,37,86,131,116,113,79,82,46,37,28,40,18,4,F,2011
E01024967,Chorley 005A,665,29,38,37,28,24,26,34,43,46,46,44,54,72,65,32,25,14,4,4,F,2011
E01024968,Chorley 005B,959,70,80,53,46,29,44,62,119,98,82,57,43,47,49,29,17,18,11,5,F,2011
E01024969,Chorley 005C,734,35,39,34,35,47,26,43,42,60,45,35,49,61,55,36,31,35,16,10,F,2011
E01024970,Chorley 005D,675,28,36,39,28,24,23,39,50,58,54,57,54,54,44,32,23,15,11,6,F,2011
E01024971,Chorley 005E,678,28,35,29,42,25,22,20,51,44,67,41,48,51,49,31,31,15,28,21,F,2011
E01024972,Chorley 005F,635,24,22,26,34,24,34,27,47,48,58,53,55,58,35,28,20,19,17,6,F,2011
E01024929,Chorley 006A,682,47,42,40,45,40,52,55,53,45,49,39,32,23,23,20,19,16,24,18,F,2011
E01024930,Chorley 006B,711,60,35,45,42,54,70,44,48,42,48,41,44,35,25,21,28,16,8,5,F,2011
E01024931,Chorley 006C,786,63,36,49,34,72,77,48,54,52,68,40,39,37,34,23,17,22,9,12,F,2011
E01024932,Chorley 006D,513,15,35,21,27,18,24,20,31,43,38,49,44,53,34,24,18,4,6,9,F,2011
E01024933,Chorley 006E,693,19,35,35,47,33,55,26,36,43,43,42,49,56,52,50,35,16,17,4,F,2011
E01024937,Chorley 006F,769,27,33,39,45,28,23,38,30,50,76,62,54,53,51,55,24,39,21,21,F,2011
E01024964,Chorley 007A,744,27,29,42,56,18,22,30,33,61,58,66,58,80,54,34,30,23,12,11,F,2011
E01024974,Chorley 007B,787,33,47,42,46,23,23,25,43,80,77,61,57,70,61,42,25,16,11,5,F,2011
E01024975,Chorley 007C,659,36,32,39,26,45,25,44,54,45,58,49,44,38,34,20,29,12,15,14,F,2011
E01024976,Chorley 007D,803,44,46,36,44,36,30,41,58,56,80,51,49,68,42,26,30,19,21,26,F,2011
E01024919,Chorley 008A,1325,86,87,82,72,106,140,136,108,87,85,78,51,51,34,26,34,24,32,6,F,2011
E01024920,Chorley 008B,990,32,33,33,40,38,45,37,50,45,60,82,84,141,99,53,45,41,22,10,F,2011
E01024934,Chorley 008C,795,30,35,34,40,34,20,39,38,57,50,58,54,62,48,47,48,35,34,32,F,2011
E01024935,Chorley 008D,749,26,37,34,34,18,22,30,48,38,37,40,62,95,83,56,33,31,14,11,F,2011
E01024925,Chorley 009A,904,87,59,65,52,80,62,63,58,57,52,33,41,46,37,32,29,27,16,8,F,2011
E01024926,Chorley 009B,1003,81,61,58,75,66,85,68,66,71,76,69,46,49,30,36,31,24,8,3,F,2011
E01024927,Chorley 009C,875,83,50,41,37,74,53,51,57,61,57,57,45,51,44,50,36,15,9,4,F,2011
E01024928,Chorley 009D,792,44,49,42,40,38,44,41,50,61,53,77,53,64,31,33,21,25,13,13,F,2011
E01024936,Chorley 010A,758,51,28,29,49,66,70,46,50,46,56,40,29,43,32,29,34,22,27,11,F,2011
E01024938,Chorley 010B,798,41,29,47,51,33,42,47,49,61,68,45,48,61,56,41,31,24,15,9,F,2011
E01024939,Chorley 010C,890,42,48,51,39,55,34,29,51,83,79,61,33,82,79,38,48,20,14,4,F,2011
E01024940,Chorley 010D,801,57,35,33,59,78,78,61,51,53,49,44,33,45,35,36,17,13,15,9,F,2011
E01024941,Chorley 010E,793,64,30,40,55,66,55,49,49,56,61,45,36,46,37,41,23,16,15,9,F,2011
E01024923,Chorley 011A,609,22,26,27,34,22,17,17,35,53,52,48,52,57,46,36,25,19,11,10,F,2011
E01024924,Chorley 011B,686,27,23,30,43,33,25,26,31,58,58,47,53,73,57,39,30,18,12,3,F,2011
E01024963,Chorley 011C,785,43,36,33,33,36,31,40,49,56,71,45,52,70,62,37,25,29,23,14,F,2011
E01024965,Chorley 011D,709,9,32,45,58,23,27,17,32,58,74,56,57,63,48,36,37,20,10,7,F,2011
E01024966,Chorley 011E,804,43,48,52,49,33,36,49,56,75,67,40,40,72,56,42,23,12,8,3,F,2011
E01024942,Chorley 012A,837,55,43,41,48,74,61,39,46,62,51,37,54,58,33,39,29,35,23,9,F,2011
E01024943,Chorley 012B,1206,134,77,75,72,121,124,103,95,106,81,54,43,47,30,11,19,6,3,5,F,2011
E01024944,Chorley 012C,924,85,62,68,85,50,42,61,83,104,79,68,46,37,15,17,10,7,4,1,F,2011
E01024945,Chorley 012D,1481,136,99,92,93,115,119,125,140,115,104,76,45,47,44,38,27,25,28,13,F,2011
E01024922,Chorley 013A,751,47,44,58,43,30,47,51,58,73,55,34,33,43,52,33,22,15,10,3,F,2011
E01024959,Chorley 013B,878,69,54,60,50,58,55,53,68,79,56,39,47,49,35,30,20,24,17,15,F,2011
E01024960,Chorley 013C,828,50,51,55,48,55,82,46,55,82,52,50,43,32,37,30,21,20,14,5,F,2011
E01024961,Chorley 013D,820,36,42,42,48,40,49,50,56,44,71,58,57,73,41,36,20,25,18,14,F,2011
E01024962,Chorley 013E,786,18,42,41,40,35,29,35,40,63,51,54,59,69,64,54,41,24,18,9,F,2011
E01024915,Chorley 014A,1135,62,73,83,56,52,56,55,105,105,69,63,52,61,75,56,44,28,23,17,F,2011
E01024916,Chorley 014B,846,33,32,43,38,32,32,41,61,60,61,54,56,80,53,63,45,27,20,15,F,2011
E01024917,Chorley 014C,871,69,46,41,53,52,67,71,58,64,67,60,55,55,37,23,25,18,6,4,F,2011
E01024918,Chorley 014D,908,42,45,51,43,36,47,55,54,57,74,60,60,81,65,45,38,27,19,9,F,2011
E01024973,Chorley 014E,1093,58,49,57,57,44,39,42,48,98,98,92,72,88,73,56,48,26,29,19,F,2011
E07000119,,39098,1843,1769,1899,2019,1701,1710,1706,2099,2699,3071,2787,2462,2923,2589,2249,1983,1761,1132,696,F,2011
E01024993,Fylde 001A,775,33,42,48,34,36,26,27,45,63,76,53,66,73,56,43,31,14,6,3,F,2011
E01025026,Fylde 001B,661,19,25,24,30,25,27,22,32,38,55,49,50,72,51,45,29,22,32,14,F,2011
E01025027,Fylde 001C,922,78,71,48,55,53,59,79,59,80,77,58,59,41,35,19,15,20,11,5,F,2011
E01025028,Fylde 001D,713,40,43,34,55,31,27,33,42,43,68,64,57,46,40,39,20,17,12,2,F,2011
E01025031,Fylde 001E,599,19,28,34,23,15,14,14,21,40,60,38,30,68,64,59,33,23,11,5,F,2011
E01025007,Fylde 002A,656,34,35,40,59,26,31,34,33,60,69,50,40,46,37,31,9,8,10,4,F,2011
E01025008,Fylde 002B,589,22,16,31,42,25,24,22,35,45,45,46,32,55,45,33,33,21,11,6,F,2011
E01025009,Fylde 002C,743,24,38,28,31,49,48,37,41,42,47,55,46,56,50,50,38,35,18,10,F,2011
E01025011,Fylde 002D,775,48,31,35,49,48,49,45,37,63,57,49,37,45,37,25,36,32,28,24,F,2011
E01025012,Fylde 002E,1025,50,54,66,75,63,48,56,67,86,93,76,61,68,50,44,35,16,8,9,F,2011
E01025013,Fylde 002F,862,71,53,50,45,77,65,70,65,69,69,54,45,37,31,19,18,11,7,6,F,2011
E01025019,Fylde 002G,721,29,33,32,34,22,26,14,38,48,51,50,55,80,52,55,43,31,13,15,F,2011
E01024998,Fylde 003A,997,84,77,71,54,60,60,60,48,68,67,59,50,60,63,42,32,20,8,14,F,2011
E01025010,Fylde 003B,666,26,38,37,44,27,20,23,42,61,56,47,43,55,51,30,30,22,12,2,F,2011
E01025014,Fylde 003C,826,45,46,45,49,43,27,38,46,83,60,63,71,77,53,30,17,18,11,4,F,2011
E01025015,Fylde 003D,792,20,32,56,52,48,41,24,52,58,65,74,61,65,54,31,27,16,11,5,F,2011
E01025004,Fylde 004A,695,43,33,33,39,24,31,36,38,45,53,61,52,40,36,30,37,35,21,8,F,2011
E01025006,Fylde 004B,665,58,45,34,29,39,42,38,35,42,56,40,48,41,23,30,32,19,8,6,F,2011
E01025023,Fylde 004C,700,24,33,33,31,22,26,24,37,49,61,68,60,57,56,44,33,21,16,5,F,2011
E01025024,Fylde 004D,688,20,14,19,30,27,22,26,23,44,53,41,52,49,60,55,47,46,38,22,F,2011
E01025025,Fylde 004E,796,63,40,37,53,52,38,59,52,63,76,41,51,53,30,24,21,22,16,5,F,2011
E01025001,Fylde 005A,862,24,31,49,40,32,30,32,33,49,43,42,53,81,73,65,66,63,36,20,F,2011
E01025002,Fylde 005B,780,60,39,46,45,33,39,56,64,61,63,44,54,42,33,33,33,23,11,1,F,2011
E01025005,Fylde 005C,762,20,10,19,25,31,21,18,36,29,53,51,57,87,74,63,61,56,36,15,F,2011
E01025016,Fylde 005D,1227,57,66,72,54,30,43,45,64,91,90,110,80,97,81,65,88,60,23,11,F,2011
E01025018,Fylde 005E,650,24,26,27,33,19,18,20,25,40,50,56,34,55,64,51,46,37,16,9,F,2011
E01024984,Fylde 006A,746,32,30,19,35,26,25,31,43,39,53,46,50,67,52,44,48,56,26,24,F,2011
E01024985,Fylde 006B,715,24,29,35,31,28,22,21,34,56,58,70,51,55,42,44,41,39,21,14,F,2011
E01024986,Fylde 006C,739,19,22,21,18,39,42,27,34,43,37,44,39,53,41,49,47,74,48,42,F,2011
E01024987,Fylde 006D,611,30,21,29,45,53,49,46,40,57,56,47,35,27,18,25,14,10,4,5,F,2011
E01024988,Fylde 006E,796,33,23,28,40,33,32,42,34,32,50,37,42,46,44,58,56,64,50,52,F,2011
E01024989,Fylde 006F,762,35,43,42,48,36,44,31,54,53,63,59,45,46,37,24,41,31,18,12,F,2011
E01024996,Fylde 006G,618,19,22,29,34,43,34,25,24,42,39,40,23,47,35,36,30,42,29,25,F,2011
E01024997,Fylde 007A,737,22,19,34,44,36,33,17,28,53,73,61,47,55,48,45,39,30,31,22,F,2011
E01024999,Fylde 007B,794,32,40,38,39,44,29,40,33,64,61,55,57,60,55,39,47,36,16,9,F,2011
E01025000,Fylde 007C,654,24,26,27,34,25,26,21,31,39,59,50,52,59,59,55,25,21,13,8,F,2011
E01025029,Fylde 007D,978,32,37,40,40,39,28,46,54,57,74,77,65,88,101,87,50,36,21,6,F,2011
E01025030,Fylde 007E,860,79,45,53,75,50,62,52,68,60,74,53,31,49,39,33,16,11,6,4,F,2011
E01024981,Fylde 008A,678,20,21,15,23,26,14,12,27,32,41,49,50,72,58,60,67,47,30,14,F,2011
E01024982,Fylde 008B,723,24,18,24,21,15,20,17,30,34,48,42,37,44,37,46,59,74,77,56,F,2011
E01024983,Fylde 008C,765,63,34,39,52,23,26,32,64,70,95,59,46,37,38,23,25,20,15,4,F,2011
E01024994,Fylde 008D,819,29,27,46,32,20,21,19,32,61,73,66,49,76,60,52,52,54,34,16,F,2011
E01024995,Fylde 008E,744,20,32,35,39,25,26,19,29,39,63,47,55,67,55,48,52,50,23,20,F,2011
E01025003,Fylde 008F,853,27,32,41,38,24,22,24,48,51,60,64,52,62,56,75,69,56,35,17,F,2011
E01025017,Fylde 008G,800,20,33,27,37,19,27,25,21,50,35,66,46,55,79,80,62,67,33,18,F,2011
E01024990,Fylde 009A,843,29,34,43,31,27,52,46,47,62,60,52,36,58,62,55,45,51,36,17,F,2011
E01024991,Fylde 009B,560,24,15,18,16,12,20,14,20,29,27,38,33,30,37,33,40,58,51,45,F,2011
E01024992,Fylde 009C,742,25,21,22,16,12,19,14,21,29,36,41,50,75,97,80,71,56,42,15,F,2011
E01025020,Fylde 009D,681,43,55,40,41,32,38,37,38,55,66,53,36,40,36,28,18,15,6,4,F,2011
E01025021,Fylde 009E,728,30,37,38,25,22,35,40,47,49,56,63,46,45,58,40,32,35,20,10,F,2011
E01025022,Fylde 009F,1005,73,54,68,55,35,62,56,88,83,101,69,45,64,46,35,27,20,17,7,F,2011
E07000120,,40688,2665,2351,2487,2572,2506,2686,2486,2621,2963,2916,2585,2282,2457,2075,1601,1325,1063,668,379,F,2011
E01025060,Hyndburn 001A,747,50,52,57,49,55,74,56,57,61,40,38,37,43,25,18,14,13,6,2,F,2011
E01025061,Hyndburn 001B,768,19,31,44,42,22,24,22,36,31,55,45,67,68,60,71,53,38,28,12,F,2011
E01025062,Hyndburn 001C,790,77,52,55,47,61,70,51,55,66,39,38,29,38,29,24,23,13,17,6,F,2011
E01025063,Hyndburn 001D,740,31,34,31,39,42,29,39,39,57,74,51,39,60,51,37,31,30,16,10,F,2011
E01025064,Hyndburn 001E,802,24,28,39,44,28,25,29,45,65,64,60,68,65,71,54,38,29,19,7,F,2011
E01025065,Hyndburn 001F,811,52,26,40,40,60,72,59,53,50,69,70,45,32,24,37,27,29,18,8,F,2011
E01025066,Hyndburn 001G,813,60,57,54,53,42,50,52,84,56,71,48,40,44,36,26,18,13,4,5,F,2011
E01025032,Hyndburn 002A,760,36,45,55,53,40,36,42,53,57,51,51,44,42,44,30,18,20,16,27,F,2011
E01025033,Hyndburn 002B,1138,91,82,89,79,59,67,116,106,111,99,69,50,48,24,16,9,8,8,7,F,2011
E01025034,Hyndburn 002C,824,60,37,46,46,61,58,64,52,55,59,52,57,48,47,30,21,22,8,1,F,2011
E01025048,Hyndburn 002D,791,31,34,37,51,37,41,38,48,47,69,57,64,70,49,40,29,19,18,12,F,2011
E01025049,Hyndburn 002E,822,67,56,32,51,62,69,63,46,52,50,54,36,40,49,41,24,14,10,6,F,2011
E01025050,Hyndburn 002F,787,41,41,41,55,44,45,39,52,68,60,63,53,54,33,22,21,28,12,15,F,2011
E01025053,Hyndburn 002G,800,60,43,52,40,47,57,49,61,82,68,42,36,52,32,34,18,12,11,4,F,2011
E01025070,Hyndburn 003A,581,34,40,44,46,34,37,36,35,46,53,35,29,30,27,21,17,13,2,2,F,2011
E01025071,Hyndburn 003B,697,47,31,34,47,44,44,39,40,65,60,53,40,41,34,24,18,16,13,7,F,2011
E01025072,Hyndburn 003C,688,56,32,48,44,53,49,41,52,55,40,31,38,40,34,17,25,14,11,8,F,2011
E01025073,Hyndburn 003D,652,28,24,33,35,40,32,41,38,49,41,54,46,64,44,29,20,19,11,4,F,2011
E01025074,Hyndburn 003E,714,21,35,49,31,34,19,25,41,60,67,37,45,57,76,50,37,16,11,3,F,2011
E01025051,Hyndburn 004A,675,26,38,53,41,36,25,30,44,57,55,60,37,61,33,25,21,19,10,4,F,2011
E01025052,Hyndburn 004B,751,38,42,46,42,34,32,37,53,56,64,72,52,47,45,39,25,10,9,8,F,2011
E01025057,Hyndburn 004C,812,46,46,37,49,54,45,54,51,45,54,47,42,66,30,30,48,39,16,13,F,2011
E01025058,Hyndburn 004D,753,38,38,40,35,28,46,35,29,48,44,51,45,71,68,29,26,43,17,22,F,2011
E01025059,Hyndburn 004E,814,48,34,45,46,46,44,45,41,51,57,44,51,59,43,38,36,30,27,29,F,2011
E01025067,Hyndburn 004F,743,71,35,54,39,60,74,46,50,49,47,47,32,33,20,35,19,17,9,6,F,2011
E01025068,Hyndburn 004G,758,70,52,39,46,53,76,67,44,57,34,39,30,35,20,23,23,24,16,10,F,2011
E01025069,Hyndburn 004H,727,53,42,48,37,52,85,60,55,48,46,55,32,29,25,17,15,16,7,5,F,2011
E01025044,Hyndburn 005A,640,45,46,43,55,50,51,48,38,46,37,32,27,37,25,17,26,10,7,0,F,2011
E01025045,Hyndburn 005B,686,56,57,60,56,35,34,32,54,48,53,37,30,28,30,19,28,13,13,3,F,2011
E01025046,Hyndburn 005C,616,38,30,28,39,46,44,32,27,39,45,38,34,35,30,31,25,25,21,9,F,2011
E01025081,Hyndburn 005D,819,32,36,62,60,53,50,31,49,62,93,81,42,55,47,24,16,16,7,3,F,2011
E01025041,Hyndburn 006A,851,94,76,49,51,74,74,71,51,51,26,31,39,32,30,29,22,30,14,7,F,2011
E01025042,Hyndburn 006B,1104,133,127,103,99,84,121,85,68,66,38,28,39,30,25,18,18,15,2,5,F,2011
E01025082,Hyndburn 006E,879,74,53,62,69,78,66,50,55,70,65,46,41,42,43,24,20,14,5,2,F,2011
E01025083,Hyndburn 006F,1054,100,80,77,73,92,92,65,65,65,62,48,41,33,42,22,37,26,23,11,F,2011
E01025084,Hyndburn 006G,796,84,73,55,74,74,70,67,46,46,29,48,28,33,27,13,14,11,4,0,F,2011
E01033231,Hyndburn 006H,1432,166,129,125,111,121,159,108,103,77,64,64,61,22,44,27,26,14,7,4,F,2011
E01025055,Hyndburn 007A,733,52,43,40,36,50,64,44,53,53,47,39,35,35,28,28,29,23,26,8,F,2011
E01025075,Hyndburn 007B,839,64,38,44,49,65,68,66,72,69,63,49,41,46,40,26,17,15,4,3,F,2011
E01025076,Hyndburn 007C,717,37,46,45,47,33,48,41,45,55,52,37,31,46,26,24,37,31,26,10,F,2011
E01025077,Hyndburn 007D,713,40,26,35,46,24,48,42,41,41,46,52,43,53,42,48,28,32,18,8,F,2011
E01025078,Hyndburn 007E,738,36,32,39,42,30,38,41,56,64,62,55,50,53,54,41,18,11,12,4,F,2011
E01025035,Hyndburn 008A,719,23,37,45,46,31,39,29,41,58,62,68,49,47,49,20,37,14,16,8,F,2011
E01025036,Hyndburn 008B,696,43,39,34,45,68,56,60,27,44,55,50,46,30,28,19,14,14,17,7,F,2011
E01025037,Hyndburn 008C,744,46,43,34,44,45,52,54,46,37,60,60,40,37,37,38,27,18,20,6,F,2011
E01025038,Hyndburn 008D,705,30,29,48,36,15,19,28,47,61,48,39,57,63,59,39,35,32,10,10,F,2011
E01025039,Hyndburn 008E,594,24,27,35,45,25,23,26,40,72,61,46,43,33,30,24,18,18,4,0,F,2011
E01025040,Hyndburn 008F,731,40,43,37,46,40,20,40,56,59,65,55,48,63,27,35,24,20,9,4,F,2011
E01025054,Hyndburn 009A,849,43,40,36,59,45,35,46,59,65,66,50,60,70,61,47,23,25,13,6,F,2011
E01025056,Hyndburn 009B,667,23,32,35,32,18,17,28,28,44,54,43,51,72,67,45,37,22,14,5,F,2011
E01025079,Hyndburn 009C,814,28,30,41,42,48,24,27,51,64,63,66,55,63,70,56,40,31,8,7,F,2011
E01025080,Hyndburn 009D,794,39,32,33,43,34,49,50,43,63,70,60,67,62,41,30,35,19,18,6,F,2011
E07000121,,71181,3491,3066,3709,5530,6835,4147,3726,3868,4688,4973,4521,3997,4410,3718,3104,2748,2178,1549,923,F,2011
E01025088,Lancaster 001A,563,34,31,22,43,30,27,33,35,49,58,34,43,40,29,18,14,9,7,7,F,2011
E01025096,Lancaster 001B,821,60,40,46,55,40,60,58,52,55,76,67,47,55,30,28,20,15,13,4,F,2011
E01025097,Lancaster 001C,756,49,34,39,50,32,41,44,45,55,59,54,34,45,47,38,34,21,24,11,F,2011
E01025098,Lancaster 001D,711,28,29,22,31,27,40,32,45,43,43,47,56,70,47,28,33,34,25,31,F,2011
E01025148,Lancaster 001E,1059,24,40,37,47,28,21,29,40,64,70,81,93,120,111,71,68,50,42,23,F,2011
E01025168,Lancaster 001F,567,25,20,26,31,22,28,28,27,52,41,46,53,38,34,27,25,23,14,7,F,2011
E01025169,Lancaster 001G,684,29,40,36,38,24,19,27,38,47,60,40,37,59,61,43,30,27,18,11,F,2011
E01025130,Lancaster 002A,1093,34,51,57,58,33,23,34,61,82,92,78,75,114,102,70,50,46,23,10,F,2011
E01025132,Lancaster 002B,724,30,37,36,33,20,20,34,36,51,66,69,72,62,50,34,27,24,16,7,F,2011
E01025166,Lancaster 002C,616,18,22,36,28,17,17,21,21,36,47,50,47,54,53,39,40,34,28,8,F,2011
E01025167,Lancaster 002D,580,12,38,47,39,15,13,10,31,47,61,51,44,49,46,29,21,17,7,3,F,2011
E01025089,Lancaster 003A,737,26,35,37,44,32,24,22,36,56,60,59,57,58,55,40,36,20,32,8,F,2011
E01025090,Lancaster 003B,888,33,40,59,56,23,27,41,55,59,70,61,52,89,68,39,45,44,16,11,F,2011
E01025158,Lancaster 003C,756,26,27,36,40,17,12,18,37,41,55,56,48,43,54,66,61,59,34,26,F,2011
E01025159,Lancaster 003D,764,32,29,41,42,55,25,19,44,42,67,58,55,48,59,46,39,21,23,19,F,2011
E01025160,Lancaster 003E,650,11,25,41,32,16,11,16,31,35,46,53,52,75,68,44,30,40,23,1,F,2011
E01025085,Lancaster 004A,737,24,35,32,39,26,28,31,37,61,65,54,33,47,48,52,40,46,19,20,F,2011
E01025086,Lancaster 004B,751,19,24,24,41,18,11,21,27,37,54,46,41,67,64,66,69,53,42,27,F,2011
E01025087,Lancaster 004C,755,19,15,30,22,23,21,15,25,40,45,42,45,44,49,31,69,74,78,68,F,2011
E01025161,Lancaster 004D,606,10,10,19,19,13,11,14,19,21,32,25,47,54,52,79,69,59,39,14,F,2011
E01025108,Lancaster 005A,634,29,28,32,26,15,27,40,33,45,48,50,42,56,50,36,26,17,18,16,F,2011
E01025109,Lancaster 005B,558,26,38,36,26,21,17,27,22,39,49,40,38,48,39,31,30,17,11,3,F,2011
E01025131,Lancaster 005C,782,35,28,46,55,25,37,52,42,57,67,59,46,58,53,37,30,25,19,11,F,2011
E01025133,Lancaster 005D,739,26,37,33,33,22,29,37,44,40,51,53,40,68,50,48,54,37,19,18,F,2011
E01025112,Lancaster 006A,851,51,34,50,54,52,65,46,36,63,54,61,51,55,48,41,36,25,22,7,F,2011
E01025136,Lancaster 006B,830,58,60,57,51,50,66,68,53,63,47,46,41,38,29,32,13,27,22,9,F,2011
E01025138,Lancaster 006C,743,56,38,52,52,56,72,43,44,48,64,51,29,36,21,20,23,25,11,2,F,2011
E01025139,Lancaster 006D,772,52,31,44,53,86,63,49,41,50,55,51,35,40,34,24,27,14,15,8,F,2011
E01025140,Lancaster 006E,759,36,20,25,44,36,39,34,29,45,56,40,64,52,39,39,39,40,42,40,F,2011
E01025111,Lancaster 008A,947,55,53,67,77,46,63,56,62,69,76,66,50,51,27,45,26,24,22,12,F,2011
E01025113,Lancaster 008B,770,55,36,33,58,40,53,39,51,60,61,67,41,52,41,37,21,13,7,5,F,2011
E01025118,Lancaster 008C,577,45,36,41,35,27,33,40,33,41,39,37,29,32,28,30,22,11,13,5,F,2011
E01025119,Lancaster 008D,699,42,29,28,44,39,39,39,35,43,47,48,46,49,30,32,35,31,29,14,F,2011
E01025110,Lancaster 009A,681,52,28,43,49,57,48,44,53,48,51,48,47,45,27,11,11,5,6,8,F,2011
E01025116,Lancaster 009B,730,28,28,29,32,34,46,37,28,54,56,59,49,54,47,41,29,35,22,22,F,2011
E01025117,Lancaster 009C,648,57,31,39,55,62,58,50,40,64,49,45,31,27,14,11,8,5,2,0,F,2011
E01025120,Lancaster 009D,711,58,41,55,37,59,56,47,55,55,47,38,33,26,32,29,22,10,7,4,F,2011
E01025170,Lancaster 010A,897,39,36,46,44,41,46,38,50,64,54,47,53,66,71,75,68,36,13,10,F,2011
E01025171,Lancaster 010B,909,61,62,50,50,45,55,58,51,50,55,55,52,63,52,51,38,27,26,8,F,2011
E01025172,Lancaster 010C,821,53,41,55,38,48,47,61,49,48,63,73,45,49,47,31,23,23,18,9,F,2011
E01025173,Lancaster 010D,866,59,40,54,42,31,53,37,42,50,57,52,52,73,58,51,48,39,22,6,F,2011
E01025149,Lancaster 011A,1074,84,50,51,57,81,101,87,78,70,94,85,54,65,25,38,20,18,12,4,F,2011
E01025150,Lancaster 011B,796,68,48,42,42,65,57,44,50,54,64,49,46,49,28,25,23,29,11,2,F,2011
E01025151,Lancaster 011C,769,54,24,38,39,83,93,67,36,51,49,41,51,44,25,20,19,18,9,8,F,2011
E01025152,Lancaster 011D,779,59,42,56,56,40,55,56,55,76,69,37,45,41,25,26,22,7,8,4,F,2011
E01025154,Lancaster 011E,705,52,39,44,40,43,59,47,27,48,38,40,29,33,37,39,33,20,25,12,F,2011
E01025091,Lancaster 013A,758,43,50,54,56,35,44,35,44,56,57,45,46,42,38,33,33,27,15,5,F,2011
E01025092,Lancaster 013B,658,32,33,52,44,37,53,44,38,49,40,50,34,26,36,24,23,15,12,16,F,2011
E01025095,Lancaster 013C,604,30,34,41,30,58,35,44,42,54,65,48,39,35,17,8,14,4,5,1,F,2011
E01025126,Lancaster 013D,959,60,42,44,53,109,65,73,62,78,83,65,52,48,31,32,22,20,8,12,F,2011
E01025093,Lancaster 014A,872,21,34,20,98,331,94,46,24,33,27,29,18,19,10,20,7,16,19,6,F,2011
E01025094,Lancaster 014B,642,34,24,24,28,89,63,37,46,44,55,48,30,35,23,18,19,6,10,9,F,2011
E01025099,Lancaster 014C,697,38,11,25,42,125,95,70,33,37,44,40,23,33,26,11,17,8,11,8,F,2011
E01033071,Lancaster 014E,551,18,15,12,34,174,79,60,33,19,18,10,17,12,14,4,12,8,5,7,F,2011
E01033073,Lancaster 014F,855,27,25,35,46,265,66,41,49,32,43,34,35,35,17,28,22,23,14,18,F,2011
E01025125,Lancaster 015A,771,12,13,8,224,286,45,25,23,26,12,23,16,12,15,10,12,6,3,0,F,2011
E01025128,Lancaster 015B,660,25,18,18,29,175,95,62,39,35,33,23,29,25,14,7,12,12,6,3,F,2011
E01025129,Lancaster 015C,638,30,19,17,46,237,69,46,34,23,24,22,25,13,11,2,8,5,6,1,F,2011
E01025147,Lancaster 015D,736,44,29,36,48,119,60,50,49,49,48,43,34,32,28,20,20,12,14,1,F,2011
E01025114,Lancaster 016A,779,35,26,30,45,28,36,35,37,51,44,56,41,63,81,39,46,42,24,20,F,2011
E01025115,Lancaster 016B,820,62,46,51,53,39,48,52,54,58,57,43,42,51,44,36,36,27,10,11,F,2011
E01025121,Lancaster 016C,885,55,36,62,50,54,62,50,59,74,71,68,46,50,48,37,33,15,9,6,F,2011
E01025122,Lancaster 016D,896,49,44,47,54,19,37,37,45,66,59,66,65,65,85,47,46,39,20,6,F,2011
E01025123,Lancaster 016E,1172,81,74,69,80,58,69,88,104,115,95,72,55,57,47,41,33,20,12,2,F,2011
E01025124,Lancaster 016F,779,53,51,40,58,30,62,59,49,51,53,53,47,51,45,28,23,14,8,4,F,2011
E01033072,Lancaster 016I,1228,48,58,72,59,48,37,62,74,72,91,96,66,118,106,82,60,40,25,14,F,2011
E01025100,Lancaster 017A,775,49,34,28,21,63,75,65,59,54,53,51,44,31,24,25,24,35,20,20,F,2011
E01025101,Lancaster 017B,717,51,42,51,40,67,70,32,61,50,47,41,35,31,16,29,20,22,9,3,F,2011
E01025102,Lancaster 017C,794,40,36,41,53,152,31,54,46,49,50,47,33,43,28,28,25,17,9,12,F,2011
E01025103,Lancaster 017D,680,33,32,37,43,51,26,21,42,59,75,48,57,50,39,30,18,5,10,4,F,2011
E01025144,Lancaster 017E,1186,35,22,138,253,160,83,50,47,70,64,49,35,36,40,32,22,25,20,5,F,2011
E01025146,Lancaster 017F,1042,50,53,53,70,58,42,47,49,92,91,74,58,83,50,49,45,37,24,17,F,2011
E01025127,Lancaster 018A,706,34,19,33,42,31,34,31,38,53,58,47,47,56,44,46,35,30,22,6,F,2011
E01025141,Lancaster 018B,740,42,41,37,39,56,45,40,39,54,55,51,52,35,39,31,23,23,20,18,F,2011
E01025143,Lancaster 018C,768,36,25,37,45,73,45,44,44,59,55,31,44,48,28,32,40,31,26,25,F,2011
E01025145,Lancaster 018D,811,54,41,51,56,114,69,67,49,51,65,37,40,33,22,20,23,7,12,0,F,2011
E01025105,Lancaster 019A,3124,42,34,49,979,1397,128,52,61,45,60,68,49,48,39,28,23,13,6,3,F,2011
E01025106,Lancaster 019B,1282,45,30,54,280,236,63,60,69,82,67,59,43,37,44,40,30,23,15,5,F,2011
E01025107,Lancaster 019C,806,33,35,47,37,36,40,36,43,69,75,81,63,55,49,37,37,16,9,8,F,2011
E01025142,Lancaster 019D,757,25,24,33,48,40,28,28,29,35,66,64,57,85,66,51,41,23,10,4,F,2011
E01025137,Lancaster 020A,745,32,31,54,55,26,27,34,52,66,53,58,44,52,30,33,38,25,19,16,F,2011
E01025162,Lancaster 020B,721,22,22,25,29,21,25,18,25,47,35,40,54,68,62,75,54,48,39,12,F,2011
E01025163,Lancaster 020C,718,25,27,31,32,33,20,26,32,44,51,54,57,68,67,47,49,30,19,6,F,2011
E01025164,Lancaster 020D,746,30,28,33,35,32,35,25,37,63,36,58,58,41,41,51,46,39,34,24,F,2011
E01025165,Lancaster 020E,742,44,50,50,56,40,44,51,67,67,75,51,44,29,25,17,16,10,4,2,F,2011
E01025153,Lancaster 020F,624,32,35,46,46,31,31,37,42,49,50,47,49,43,25,25,15,16,3,2,F,2011
E01025155,Lancaster 020G,631,30,35,45,34,26,30,27,49,45,53,53,45,47,35,20,21,16,14,6,F,2011
E01025156,Lancaster 020H,618,49,62,75,47,32,55,41,38,52,54,26,15,24,18,12,9,7,2,0,F,2011
E01025157,Lancaster 020I,623,28,26,35,36,29,31,34,31,43,39,43,44,44,47,31,30,27,13,12,F,2011
E07000122,,45516,3125,2732,2568,2763,2895,3197,2826,2763,3130,2993,2953,2641,2946,2210,1707,1502,1262,809,494,F,2011
E01025191,Pendle 001A,635,31,26,35,37,32,31,36,38,64,49,42,42,50,44,16,17,21,15,9,F,2011
E01025192,Pendle 001B,715,47,45,39,40,52,61,56,67,46,44,38,42,21,26,23,16,21,15,16,F,2011
E01025193,Pendle 001C,703,27,26,41,31,33,33,26,36,59,64,55,38,53,62,43,31,20,17,8,F,2011
E01025194,Pendle 001D,711,51,46,30,48,51,72,45,45,57,42,36,42,36,24,21,21,19,21,4,F,2011
E01025195,Pendle 002A,607,35,21,34,47,26,20,37,28,50,56,41,43,62,39,29,19,11,5,4,F,2011
E01025196,Pendle 002B,771,44,37,25,32,68,55,65,61,67,48,42,52,48,40,30,20,18,15,4,F,2011
E01025197,Pendle 002C,682,35,23,44,35,32,27,32,31,56,50,56,52,54,43,45,30,22,8,7,F,2011
E01025198,Pendle 002D,731,51,46,26,38,36,52,37,45,54,53,37,47,36,43,35,30,19,26,20,F,2011
E01025199,Pendle 003A,852,51,36,34,49,54,51,48,43,66,67,67,63,70,49,42,27,21,10,4,F,2011
E01025200,Pendle 003B,780,59,47,34,46,41,49,43,40,57,59,57,45,61,53,23,23,19,13,11,F,2011
E01025201,Pendle 003C,817,47,35,62,57,39,52,46,52,52,64,54,50,53,37,33,35,30,9,10,F,2011
E01025202,Pendle 003D,703,35,18,49,39,35,44,40,39,57,51,58,47,60,35,31,38,14,9,4,F,2011
E01025205,Pendle 004A,709,60,50,40,49,77,61,47,41,54,62,34,36,35,20,11,9,16,4,3,F,2011
E01025206,Pendle 004B,617,22,20,29,41,35,22,11,38,44,54,49,41,49,42,32,32,36,12,8,F,2011
E01025207,Pendle 004C,638,33,21,26,36,61,59,45,27,37,42,44,35,55,26,24,20,28,13,6,F,2011
E01025208,Pendle 004D,664,31,26,23,31,40,40,28,24,31,43,34,41,44,31,32,42,42,49,32,F,2011
E01025220,Pendle 005A,843,65,69,64,52,61,75,65,58,66,51,38,29,39,24,26,32,15,10,4,F,2011
E01025221,Pendle 005B,696,44,41,67,52,44,46,48,48,65,58,38,23,45,29,20,12,7,7,2,F,2011
E01025222,Pendle 005C,759,41,41,43,50,30,39,39,46,53,56,53,57,69,40,28,29,25,13,7,F,2011
E01025223,Pendle 005D,724,52,31,40,40,48,43,38,50,50,34,48,40,47,28,29,31,21,31,23,F,2011
E01025178,Pendle 006A,940,45,44,44,53,26,41,42,54,84,76,68,74,96,57,31,33,35,21,16,F,2011
E01025179,Pendle 006B,813,36,36,42,48,46,52,49,63,59,52,72,46,64,45,25,35,20,15,8,F,2011
E01025180,Pendle 006C,956,57,53,54,46,38,45,41,72,76,93,86,62,70,62,40,24,20,13,4,F,2011
E01025203,Pendle 006D,830,31,40,27,51,46,47,29,42,70,76,75,56,73,51,38,30,28,18,2,F,2011
E01025226,Pendle 007A,767,53,43,38,51,69,62,45,45,60,45,60,41,43,37,32,20,17,5,1,F,2011
E01025227,Pendle 007B,1017,89,61,57,73,75,91,65,56,63,76,58,57,59,40,31,20,21,15,10,F,2011
E01025228,Pendle 007C,808,51,50,49,47,39,54,57,53,63,72,66,45,49,38,27,21,16,5,6,F,2011
E01025174,Pendle 008A,757,40,34,31,42,37,38,36,49,46,53,44,48,65,56,41,42,22,12,21,F,2011
E01025175,Pendle 008B,793,26,46,38,41,26,37,39,50,54,62,60,60,71,53,41,36,26,18,9,F,2011
E01025176,Pendle 008C,1054,76,55,42,38,68,110,83,83,72,52,70,65,55,45,32,36,40,15,17,F,2011
E01025177,Pendle 008D,920,47,49,31,40,28,37,40,54,69,67,61,75,84,58,53,56,28,32,11,F,2011
E01025204,Pendle 008E,844,29,44,46,40,30,21,27,44,75,82,81,56,92,72,37,26,19,14,9,F,2011
E01025211,Pendle 008F,740,36,51,21,20,19,30,33,49,48,44,60,54,74,61,45,38,24,22,11,F,2011
E01025181,Pendle 009A,849,64,90,56,63,43,63,48,53,54,49,42,36,37,37,28,34,29,15,8,F,2011
E01025182,Pendle 009B,813,69,61,51,50,83,73,49,44,46,37,59,43,38,36,25,22,19,6,2,F,2011
E01025183,Pendle 009C,835,73,49,43,57,69,93,54,46,33,44,58,61,25,37,23,25,17,14,14,F,2011
E01025184,Pendle 009D,833,96,76,64,55,77,83,95,52,51,34,34,33,24,16,18,9,10,5,1,F,2011
E01025188,Pendle 010A,1019,111,68,59,55,81,96,71,45,49,35,50,59,41,36,35,35,56,25,12,F,2011
E01025189,Pendle 010B,860,86,61,52,60,73,73,65,67,52,52,46,49,50,21,16,12,16,2,7,F,2011
E01025210,Pendle 010C,919,78,47,41,56,76,76,54,70,55,68,54,50,63,32,32,26,19,12,10,F,2011
E01025217,Pendle 010D,768,67,74,45,48,68,72,54,45,47,25,45,30,38,25,22,19,17,16,11,F,2011
E01025218,Pendle 010E,623,69,52,43,44,33,58,51,42,33,19,34,34,32,25,12,13,15,8,6,F,2011
E01025219,Pendle 010F,574,55,47,22,44,59,58,30,42,49,33,26,28,19,13,16,16,10,6,1,F,2011
E01025224,Pendle 011A,1097,99,100,81,67,81,119,92,80,44,50,60,35,39,26,24,33,34,23,10,F,2011
E01025225,Pendle 011B,872,66,50,59,49,49,55,63,72,62,51,52,37,39,29,39,41,43,10,6,F,2011
E01025229,Pendle 011C,1118,119,98,77,81,86,128,127,50,55,51,54,45,49,25,31,16,13,9,4,F,2011
E01025230,Pendle 011D,808,76,71,69,65,78,81,70,56,41,43,39,35,25,12,16,9,11,8,3,F,2011
E01025187,Pendle 012A,731,34,49,50,48,41,25,40,36,39,45,50,47,72,53,31,26,27,16,2,F,2011
E01025190,Pendle 012B,879,51,60,53,50,46,51,60,36,64,60,57,65,65,54,36,23,22,16,10,F,2011
E01025209,Pendle 012C,863,48,42,57,52,47,40,39,50,79,62,49,55,65,58,43,30,28,15,4,F,2011
E01025216,Pendle 012D,1097,79,71,84,92,63,60,62,67,87,75,78,52,38,48,37,30,17,28,29,F,2011
E01025185,Pendle 013A,980,85,72,46,60,80,70,80,40,46,56,59,42,61,49,37,36,27,19,15,F,2011
E01025186,Pendle 013B,712,62,52,48,47,57,61,50,46,55,36,41,26,39,29,24,20,9,4,6,F,2011
E01025212,Pendle 013C,711,28,26,44,47,36,35,38,35,45,45,47,46,66,53,39,37,27,12,5,F,2011
E01025213,Pendle 013D,565,43,39,39,27,36,37,40,45,26,27,38,31,40,30,22,14,15,12,4,F,2011
E01025214,Pendle 013E,699,30,21,39,46,35,34,25,34,50,62,66,55,61,41,29,24,25,16,6,F,2011
E01025215,Pendle 013F,695,60,45,41,60,56,59,51,39,44,37,33,43,38,15,26,21,15,5,7,F,2011
E07000123,,69736,4489,3899,3823,4914,7160,5149,4489,4344,4818,4725,4206,3511,3490,2714,2417,2128,1699,1154,607,F,2011
E01025278,Preston 001A,1276,77,75,78,62,56,57,67,91,118,101,83,71,79,73,57,48,32,27,24,F,2011
E01025279,Preston 001B,988,40,60,73,71,41,33,33,52,79,93,73,70,69,66,49,30,26,19,11,F,2011
E01025282,Preston 001C,725,42,41,35,34,34,33,25,40,48,61,49,64,53,35,42,28,18,18,25,F,2011
E01025257,Preston 002A,674,16,29,45,61,28,22,12,29,50,77,61,53,68,37,35,27,16,4,4,F,2011
E01025277,Preston 002B,885,30,39,53,54,33,24,29,42,65,56,69,64,66,65,58,58,42,28,10,F,2011
E01025280,Preston 002C,920,35,53,53,63,33,33,38,46,90,89,92,75,60,39,39,29,27,19,7,F,2011
E01025281,Preston 002D,774,34,41,63,40,30,21,21,43,68,71,64,52,60,57,43,27,22,12,5,F,2011
E01025256,Preston 003A,810,53,38,44,52,31,30,39,45,52,61,47,45,43,48,44,42,45,36,15,F,2011
E01025258,Preston 003B,770,21,34,40,49,34,31,36,42,38,62,48,39,56,64,64,48,38,17,9,F,2011
E01025259,Preston 003C,1048,49,49,55,59,46,38,57,63,76,86,81,58,86,71,50,51,46,22,5,F,2011
E01025299,Preston 003D,741,35,34,37,39,39,35,17,48,77,52,49,49,57,52,34,37,21,25,4,F,2011
E01025301,Preston 003E,572,40,32,32,31,38,42,30,56,59,54,43,29,32,15,18,12,8,1,0,F,2011
E01025302,Preston 003F,637,28,36,26,27,22,28,39,30,48,52,54,49,52,35,30,27,23,18,13,F,2011
E01025253,Preston 004A,887,62,56,57,44,55,73,86,87,97,79,87,43,27,15,8,7,4,0,0,F,2011
E01025254,Preston 004B,620,27,42,39,36,18,24,32,38,52,64,40,33,34,33,26,24,23,19,16,F,2011
E01025255,Preston 004C,800,75,43,63,48,44,42,74,84,74,80,55,25,40,21,11,10,7,2,2,F,2011
E01025300,Preston 004D,587,9,16,15,27,28,14,17,31,32,31,34,34,37,40,38,42,38,54,50,F,2011
E01025303,Preston 004E,690,41,32,29,34,32,40,45,43,71,56,59,40,58,33,25,19,18,13,2,F,2011
E01025260,Preston 005A,763,60,57,36,28,55,65,51,49,48,38,42,44,34,31,40,29,21,17,18,F,2011
E01025262,Preston 005B,757,38,37,33,35,44,41,37,45,52,47,60,58,65,40,47,39,19,12,8,F,2011
E01025263,Preston 005C,809,64,51,39,33,65,67,55,50,37,36,65,35,44,30,32,24,28,35,19,F,2011
E01025264,Preston 005D,745,66,41,35,50,49,59,56,43,40,63,49,48,58,30,31,15,6,5,1,F,2011
E01025239,Preston 006A,731,33,36,28,28,25,33,41,37,54,51,46,45,52,46,47,63,37,21,8,F,2011
E01025241,Preston 006B,822,45,38,42,48,51,32,42,46,63,58,61,50,52,43,36,40,45,16,14,F,2011
E01025242,Preston 006C,831,37,44,33,47,33,32,30,49,60,45,60,42,75,62,55,53,50,17,7,F,2011
E01025243,Preston 006D,952,51,50,72,65,62,52,66,58,70,80,77,48,62,29,32,28,30,14,6,F,2011
E01025251,Preston 006E,757,47,48,41,49,70,38,38,49,54,59,48,39,36,30,22,34,27,23,5,F,2011
E01025234,Preston 007A,743,45,52,50,44,34,48,47,55,56,60,53,53,37,24,22,18,18,12,15,F,2011
E01025235,Preston 007B,835,52,37,42,54,45,47,44,51,61,57,56,43,50,58,52,48,17,18,3,F,2011
E01025237,Preston 007C,771,37,42,47,52,43,48,41,52,60,68,51,38,47,39,30,28,24,19,5,F,2011
E01025238,Preston 007D,840,85,59,59,56,53,84,54,51,56,59,35,46,33,28,19,20,19,14,10,F,2011
E01025245,Preston 007E,1367,132,117,118,101,98,96,89,103,84,87,77,61,66,35,32,24,22,18,7,F,2011
E01025252,Preston 007F,751,38,30,37,42,70,48,29,49,48,50,47,44,38,38,47,42,28,20,6,F,2011
E01025233,Preston 008A,718,40,40,46,52,40,40,28,42,72,68,56,33,30,30,22,39,16,13,11,F,2011
E01025240,Preston 008B,811,32,31,46,44,29,41,34,39,56,81,53,58,58,60,42,38,33,25,11,F,2011
E01025261,Preston 008C,737,31,30,27,27,49,41,28,26,65,50,47,50,56,49,46,35,42,22,16,F,2011
E01025266,Preston 008D,642,23,29,33,32,37,27,33,23,54,56,53,46,30,52,44,25,27,13,5,F,2011
E01025309,Preston 008E,575,29,26,37,30,24,30,40,41,45,39,45,35,35,38,25,17,15,18,6,F,2011
E01025236,Preston 009A,768,83,63,59,45,65,46,56,50,61,44,40,37,36,18,18,19,14,11,3,F,2011
E01025283,Preston 009B,860,75,88,83,50,65,77,58,61,59,46,46,36,30,25,23,19,11,5,3,F,2011
E01025284,Preston 009C,876,50,51,66,57,46,54,39,58,68,54,75,45,55,34,34,32,22,29,7,F,2011
E01025285,Preston 009D,699,43,52,50,60,42,43,44,48,46,62,45,30,40,23,18,25,17,7,4,F,2011
E01025286,Preston 009E,849,87,69,55,59,56,72,55,53,60,69,50,54,26,28,23,16,11,5,1,F,2011
E01025287,Preston 009F,967,84,59,48,73,69,76,85,60,70,62,37,52,50,31,26,33,23,20,9,F,2011
E01025270,Preston 010A,781,35,36,42,52,48,49,42,54,63,76,64,46,49,34,18,24,29,14,6,F,2011
E01025272,Preston 010B,784,45,36,67,55,40,32,53,57,86,80,60,42,42,33,15,20,11,8,2,F,2011
E01025273,Preston 010C,701,35,46,58,62,23,23,33,49,102,103,48,48,25,18,13,10,3,1,1,F,2011
E01025288,Preston 010D,733,52,28,14,25,81,98,68,59,42,51,41,38,39,24,24,15,12,12,10,F,2011
E01025246,Preston 011A,837,67,78,73,47,65,73,79,73,62,48,34,32,30,20,19,18,11,6,2,F,2011
E01025274,Preston 011B,884,62,45,18,39,249,95,72,59,55,36,29,26,21,16,16,17,10,10,9,F,2011
E01025275,Preston 011C,835,42,32,43,43,152,61,66,55,51,43,42,43,42,27,19,29,24,12,9,F,2011
E01025294,Preston 011D,875,81,51,44,55,163,73,92,56,56,41,48,30,30,12,20,8,7,5,3,F,2011
E01025276,Preston 012A,831,50,56,41,57,111,85,60,58,52,44,43,47,30,21,25,18,21,9,3,F,2011
E01025308,Preston 012B,891,64,61,41,51,162,101,81,66,54,63,35,24,24,18,20,14,6,4,2,F,2011
E01025310,Preston 012C,758,63,28,26,32,141,100,65,48,48,48,26,16,27,23,23,17,11,11,5,F,2011
E01025311,Preston 012D,719,62,34,26,29,78,92,63,42,50,46,33,33,27,35,21,12,20,9,7,F,2011
E01025312,Preston 012E,781,58,28,30,39,106,116,78,55,55,58,30,34,26,14,18,17,10,6,3,F,2011
E01025313,Preston 012F,970,45,23,21,102,406,69,35,33,41,30,35,28,29,18,19,13,9,9,5,F,2011
E01025314,Preston 012G,1366,60,18,15,235,574,135,73,50,34,33,24,36,20,11,19,12,9,3,5,F,2011
E01025231,Preston 013A,764,39,29,38,39,37,34,38,46,48,51,52,46,48,44,38,40,42,32,23,F,2011
E01025232,Preston 013B,739,43,37,33,32,146,94,82,45,51,45,34,22,14,21,14,12,7,6,1,F,2011
E01025265,Preston 013C,752,49,40,45,50,47,40,45,51,65,90,49,49,43,23,25,14,13,10,4,F,2011
E01025267,Preston 013D,745,43,46,42,48,39,53,42,52,48,61,44,34,37,39,37,38,20,20,2,F,2011
E01025268,Preston 013E,821,62,33,40,38,56,59,54,61,57,43,60,49,58,33,45,23,23,20,7,F,2011
E01025269,Preston 013F,850,58,56,63,65,63,61,57,59,51,50,63,44,43,23,26,23,23,15,7,F,2011
E01025271,Preston 013G,805,46,53,40,62,42,44,42,63,45,62,50,51,44,41,25,34,37,18,6,F,2011
E01025295,Preston 014A,907,84,51,39,42,103,101,79,43,48,38,44,39,40,28,36,33,27,21,11,F,2011
E01025296,Preston 014B,973,106,77,69,67,82,94,94,65,60,62,57,43,26,16,12,22,9,7,5,F,2011
E01025297,Preston 014C,1014,118,84,54,56,81,128,95,66,69,57,43,35,42,24,15,15,17,13,2,F,2011
E01025298,Preston 014D,816,84,74,60,52,84,86,59,58,46,34,44,31,30,15,18,16,14,9,2,F,2011
E01025244,Preston 015A,809,86,66,65,57,75,77,73,67,44,41,28,40,33,9,17,17,9,3,2,F,2011
E01025292,Preston 015B,1559,39,23,19,582,557,90,39,31,39,27,35,18,11,15,10,11,5,6,2,F,2011
E01025293,Preston 015C,977,64,57,56,78,123,70,72,57,58,68,48,43,45,34,35,27,23,12,7,F,2011
E01025247,Preston 016A,834,92,60,52,47,101,99,78,48,44,36,43,33,25,25,17,10,13,8,3,F,2011
E01025248,Preston 016B,705,74,55,74,44,46,56,79,42,50,36,31,29,33,25,12,10,4,2,3,F,2011
E01025249,Preston 016C,505,22,26,22,31,26,21,25,36,33,40,39,25,27,28,29,24,20,13,18,F,2011
E01025250,Preston 016D,850,85,74,72,74,61,61,69,74,57,46,41,35,24,24,19,17,11,5,1,F,2011
E01025304,Preston 016E,920,62,75,69,64,65,76,74,58,65,54,56,36,41,31,33,21,25,9,6,F,2011
E01025305,Preston 016F,823,56,58,46,49,65,88,79,56,47,47,47,50,40,32,30,15,14,4,0,F,2011
E01025289,Preston 017A,794,50,32,30,37,163,95,67,41,53,46,54,28,28,17,16,12,14,8,3,F,2011
E01025290,Preston 017B,789,30,45,29,57,192,99,61,43,39,39,48,35,15,14,11,15,7,8,2,F,2011
E01025291,Preston 017C,672,42,36,32,40,55,82,53,47,43,47,36,25,39,19,20,21,23,8,4,F,2011
E01025306,Preston 017D,745,38,36,28,40,165,106,74,50,41,35,34,24,12,19,20,14,5,4,0,F,2011
E01033223,Preston 017F,516,10,1,3,83,225,60,22,8,22,6,16,9,14,9,6,6,8,6,2,F,2011
E01033224,Preston 017G,445,28,25,19,30,61,67,25,36,22,19,27,24,13,14,12,11,9,3,0,F,2011
E01033226,Preston 017H,481,37,23,26,35,40,49,35,29,29,31,29,28,32,18,14,14,8,2,2,F,2011
E07000124,,29208,1364,1525,1848,1717,1295,1226,1227,1704,2279,2428,2108,1884,2176,1813,1422,1242,925,645,380,F,2011
E01025315,Ribble Valley 001A,834,26,36,86,125,29,12,23,47,66,81,67,47,43,49,33,34,20,6,4,F,2011
E01025320,Ribble Valley 001B,663,32,35,44,37,22,18,15,37,57,71,54,56,50,53,28,27,11,11,5,F,2011
E01025331,Ribble Valley 001C,699,29,37,59,45,20,22,22,42,56,80,61,45,58,39,38,26,10,8,2,F,2011
E01025348,Ribble Valley 001D,779,19,25,31,23,18,19,24,31,47,49,62,71,99,84,60,50,27,23,17,F,2011
E01025349,Ribble Valley 001E,717,32,43,42,31,30,25,24,37,56,58,81,55,48,54,29,35,19,11,7,F,2011
E01025334,Ribble Valley 002A,810,37,44,49,45,31,37,36,44,59,56,57,57,55,44,46,52,29,21,11,F,2011
E01025344,Ribble Valley 002B,761,47,42,49,47,39,43,28,33,61,45,34,41,52,45,31,29,42,28,25,F,2011
E01025345,Ribble Valley 002C,715,20,34,48,38,19,21,27,43,49,70,49,46,63,46,40,38,28,22,14,F,2011
E01025346,Ribble Valley 002D,761,53,40,35,48,46,71,44,60,72,47,55,41,44,30,21,25,15,6,8,F,2011
E01025347,Ribble Valley 002E,824,56,40,44,51,45,59,50,60,71,61,62,44,34,45,30,34,17,11,10,F,2011
E01025329,Ribble Valley 003A,721,34,39,39,41,21,28,35,45,46,44,51,44,78,47,27,42,29,23,8,F,2011
E01025330,Ribble Valley 003B,700,40,37,32,36,32,31,39,44,39,37,38,58,52,41,33,34,33,23,21,F,2011
E01025335,Ribble Valley 003C,734,37,45,34,33,42,42,40,41,40,43,37,29,47,60,33,41,40,31,19,F,2011
E01025338,Ribble Valley 003D,788,46,29,53,40,76,60,46,50,73,64,48,43,44,32,22,18,23,13,8,F,2011
E01025339,Ribble Valley 003E,774,34,44,45,46,35,37,51,46,63,57,46,56,55,44,43,28,23,12,9,F,2011
E01025322,Ribble Valley 004A,675,16,33,51,49,31,21,25,25,58,69,65,45,60,47,36,21,14,5,4,F,2011
E01025326,Ribble Valley 004B,785,34,36,51,39,44,45,32,47,46,65,42,58,62,35,48,32,30,23,16,F,2011
E01025327,Ribble Valley 004C,693,48,24,51,40,37,34,37,48,54,67,42,42,49,37,28,30,15,6,4,F,2011
E01025342,Ribble Valley 004D,788,46,39,39,41,29,36,33,50,55,73,65,67,60,45,45,24,15,18,8,F,2011
E01025321,Ribble Valley 005A,688,27,39,31,35,37,33,30,34,46,61,57,41,45,50,32,25,21,20,24,F,2011
E01025340,Ribble Valley 005B,731,36,42,46,37,40,34,26,51,48,70,58,37,67,37,33,25,23,17,4,F,2011
E01025341,Ribble Valley 005C,602,18,30,44,40,21,9,15,25,43,62,40,41,71,49,32,23,26,8,5,F,2011
E01025343,Ribble Valley 005D,716,30,38,40,44,29,25,23,51,59,74,57,54,57,40,35,23,14,17,6,F,2011
E01025354,Ribble Valley 005E,679,30,33,38,35,20,23,37,36,65,58,50,44,60,44,35,30,22,16,3,F,2011
E01025316,Ribble Valley 006A,771,45,35,51,52,52,26,30,50,55,68,62,62,57,44,29,23,20,6,4,F,2011
E01025317,Ribble Valley 006B,599,49,40,46,40,34,45,34,40,40,37,36,31,30,30,17,14,17,10,9,F,2011
E01025325,Ribble Valley 006C,802,47,37,38,51,56,62,38,49,59,57,46,43,39,28,38,35,29,37,13,F,2011
E01025328,Ribble Valley 006D,658,52,45,34,24,28,35,35,34,31,43,35,33,52,47,33,35,24,23,15,F,2011
E01025318,Ribble Valley 007A,543,33,33,38,21,20,27,23,49,41,36,42,38,36,34,29,16,16,8,3,F,2011
E01025319,Ribble Valley 007B,1062,47,80,101,70,37,41,50,62,121,111,72,62,65,57,45,16,13,9,3,F,2011
E01025333,Ribble Valley 007C,619,25,23,37,41,29,24,26,41,38,44,47,41,63,51,31,29,15,13,1,F,2011
E01025350,Ribble Valley 007D,668,23,39,39,41,14,12,18,31,43,67,32,55,45,47,42,36,40,25,19,F,2011
E01025351,Ribble Valley 007E,1288,63,81,97,75,67,47,57,88,148,122,89,62,83,55,51,44,32,20,7,F,2011
E01025323,Ribble Valley 008A,575,23,23,31,29,27,13,19,30,42,48,53,28,49,40,44,34,24,13,5,F,2011
E01025324,Ribble Valley 008B,783,25,38,40,52,32,20,27,49,61,59,60,43,42,40,42,48,42,36,27,F,2011
E01025332,Ribble Valley 008C,525,19,24,35,27,18,16,14,30,30,43,41,31,51,44,29,35,23,12,3,F,2011
E01025336,Ribble Valley 008D,582,17,26,37,39,17,16,24,27,48,53,39,49,45,49,30,25,19,14,8,F,2011
E01025337,Ribble Valley 008E,797,24,28,43,43,34,22,33,42,67,55,62,57,72,64,51,42,29,19,10,F,2011
E01025352,Ribble Valley 008F,723,27,36,58,38,23,18,17,29,70,69,63,53,53,46,49,37,23,10,4,F,2011
E01025353,Ribble Valley 008G,576,18,53,42,28,14,17,20,26,56,54,51,34,41,40,24,27,13,11,7,F,2011
E07000125,,34662,2150,1904,2030,2126,1950,2048,2054,2325,2734,2583,2401,2203,2342,1719,1201,1101,851,586,354,F,2011
E01025355,Rossendale 001A,1154,63,60,90,68,53,44,53,87,106,100,90,115,92,44,36,26,15,7,5,F,2011
E01025361,Rossendale 001B,1087,75,44,66,65,60,74,74,86,95,81,79,75,73,41,19,26,27,15,12,F,2011
E01025362,Rossendale 001C,1003,62,57,62,45,40,52,61,100,87,75,74,55,73,47,33,38,25,10,7,F,2011
E01025393,Rossendale 001D,717,27,40,37,50,47,42,40,44,67,69,52,48,54,42,18,13,14,8,5,F,2011
E01025363,Rossendale 002A,730,37,30,33,45,36,25,23,38,56,57,39,42,55,39,28,33,37,35,42,F,2011
E01025364,Rossendale 002B,661,30,28,28,52,32,20,34,28,53,63,55,56,59,41,29,29,10,10,4,F,2011
E01025366,Rossendale 002C,794,72,54,69,78,59,66,59,49,70,50,34,30,30,24,17,15,8,6,4,F,2011
E01025395,Rossendale 002D,791,43,35,49,43,51,52,41,65,61,67,41,52,57,42,34,26,19,9,4,F,2011
E01025396,Rossendale 002E,716,49,38,50,49,53,54,43,46,38,43,35,49,37,38,25,28,21,10,10,F,2011
E01025397,Rossendale 002F,842,86,62,50,51,64,64,73,69,60,49,55,35,37,17,17,22,13,11,7,F,2011
E01025398,Rossendale 002G,711,56,66,43,47,48,60,56,57,52,46,47,23,38,17,17,10,16,9,3,F,2011
E01025367,Rossendale 003A,886,55,47,56,64,47,30,41,80,101,76,68,64,53,27,27,10,18,18,4,F,2011
E01025368,Rossendale 003B,813,45,40,47,58,45,48,55,44,58,59,59,59,57,34,27,25,23,20,10,F,2011
E01025369,Rossendale 003C,643,40,31,45,51,46,46,34,43,35,43,33,42,33,19,28,28,17,16,13,F,2011
E01025381,Rossendale 003D,772,59,64,41,46,49,59,55,47,53,42,61,51,60,34,22,10,13,5,1,F,2011
E01025382,Rossendale 003E,864,79,55,46,56,60,61,63,35,56,56,54,45,64,39,38,20,18,13,6,F,2011
E01025383,Rossendale 003F,1147,81,65,62,72,73,89,84,76,108,98,76,59,69,40,31,37,15,10,2,F,2011
E01025356,Rossendale 004A,750,58,43,49,41,53,57,54,40,50,30,41,35,41,41,30,34,18,20,15,F,2011
E01025373,Rossendale 004C,802,40,39,48,35,40,45,42,49,48,66,60,63,69,47,32,31,23,19,6,F,2011
E01025385,Rossendale 004D,660,44,48,33,44,44,41,45,54,40,53,39,27,35,36,23,24,21,5,4,F,2011
E01025387,Rossendale 004F,648,49,33,41,42,39,31,41,41,44,50,57,42,41,27,22,19,13,11,5,F,2011
E01033281,Rossendale 004G,1314,90,73,74,76,89,105,76,88,110,82,90,84,73,56,39,52,33,16,8,F,2011
E01025377,Rossendale 007A,704,44,38,50,41,26,25,39,50,75,62,54,62,59,36,12,10,12,6,3,F,2011
E01025378,Rossendale 007B,745,48,45,30,36,31,43,54,64,68,57,69,49,67,41,23,7,9,2,2,F,2011
E01025379,Rossendale 007C,766,31,34,47,33,27,31,33,39,60,41,44,37,43,48,30,49,39,56,44,F,2011
E01025380,Rossendale 007D,762,27,44,58,48,36,24,37,43,70,60,53,50,62,53,39,27,16,13,2,F,2011
E01025357,Rossendale 008A,680,36,39,38,42,33,44,49,51,58,63,46,31,41,46,20,13,11,12,7,F,2011
E01025358,Rossendale 008B,1140,55,61,60,63,50,48,66,80,87,98,99,92,87,60,39,40,24,17,14,F,2011
E01025365,Rossendale 008C,787,39,32,40,49,35,47,48,51,57,71,61,55,48,54,29,32,21,13,5,F,2011
E01025384,Rossendale 008D,639,38,32,22,27,17,21,27,43,38,50,43,43,76,32,39,29,22,20,20,F,2011
E01025359,Rossendale 009A,813,32,44,46,43,39,37,34,60,56,67,74,54,72,65,34,25,15,12,4,F,2011
E01025360,Rossendale 009B,984,57,37,43,61,57,48,52,76,79,86,56,50,74,59,37,47,41,13,11,F,2011
E01025375,Rossendale 009C,844,36,41,50,62,47,42,33,66,73,63,78,76,55,51,24,25,12,7,3,F,2011
E01025376,Rossendale 009D,1158,93,73,69,73,74,82,81,79,79,86,60,64,46,52,47,26,41,19,14,F,2011
E01025371,Rossendale 010A,730,53,44,44,48,35,51,42,46,61,38,50,41,41,36,23,34,24,13,6,F,2011
E01025374,Rossendale 010B,734,31,34,39,51,41,30,39,52,58,51,47,58,55,43,26,29,27,19,4,F,2011
E01025391,Rossendale 010C,768,57,44,48,51,52,57,51,42,68,57,44,38,40,30,33,22,14,15,5,F,2011
E01025392,Rossendale 010D,582,26,26,24,30,45,31,31,29,49,51,41,40,44,31,26,19,21,14,4,F,2011
E01025394,Rossendale 010E,770,35,58,42,48,34,48,50,63,63,54,54,62,47,36,27,17,17,9,6,F,2011
E01025370,Rossendale 010F,592,26,29,38,30,29,36,34,16,37,44,59,42,56,37,26,23,12,10,8,F,2011
E01025388,Rossendale 010G,732,49,40,57,30,31,53,49,44,55,45,52,40,56,40,24,20,26,13,8,F,2011
E01025389,Rossendale 010H,651,54,32,31,49,49,64,27,33,46,40,50,37,35,38,22,17,17,6,4,F,2011
E01025390,Rossendale 010I,576,43,25,35,33,34,21,31,32,49,44,28,31,38,39,29,34,13,14,3,F,2011
E07000126,,55788,3115,2932,3079,3153,3191,3119,3155,3717,4293,4322,3698,3420,3802,3109,2520,1982,1612,1015,554,F,2011
E01025424,South Ribble 001A,659,34,37,57,38,29,36,28,41,59,50,37,50,49,44,21,18,18,11,2,F,2011
E01025425,South Ribble 001B,682,22,39,39,47,28,23,31,64,55,76,55,24,40,31,23,33,27,17,8,F,2011
E01025426,South Ribble 001C,632,30,32,35,40,31,15,23,25,51,59,48,45,54,35,30,30,19,20,10,F,2011
E01025466,South Ribble 001D,764,41,45,46,38,23,30,38,44,72,64,38,66,49,34,34,37,36,18,11,F,2011
E01025413,South Ribble 002A,937,45,46,51,48,48,46,44,48,64,68,67,69,70,63,61,34,28,23,14,F,2011
E01025414,South Ribble 002B,783,18,33,36,42,30,20,29,31,55,59,67,67,73,81,43,34,36,19,10,F,2011
E01025456,South Ribble 002C,621,19,37,31,33,20,23,29,31,59,56,57,42,50,49,25,33,11,11,5,F,2011
E01025458,South Ribble 002D,754,37,49,31,34,40,53,52,70,59,60,47,49,43,54,25,21,12,13,5,F,2011
E01025408,South Ribble 003A,752,20,22,35,50,41,30,24,37,44,58,66,59,70,57,46,41,33,17,2,F,2011
E01025409,South Ribble 003B,681,33,32,40,33,37,26,46,48,47,58,56,53,51,42,22,25,16,13,3,F,2011
E01025410,South Ribble 003C,720,29,51,54,64,33,24,28,40,65,86,72,47,33,32,17,15,15,11,4,F,2011
E01025467,South Ribble 003D,1051,47,36,48,59,45,42,37,58,72,72,75,72,93,73,71,61,43,29,18,F,2011
E01025403,South Ribble 004A,1026,86,77,73,40,62,72,88,117,105,72,62,43,39,37,20,14,8,9,2,F,2011
E01025457,South Ribble 004B,706,52,30,30,35,43,46,41,41,53,54,59,41,65,30,27,22,21,8,8,F,2011
E01025463,South Ribble 004C,710,44,29,35,36,51,46,34,67,60,68,49,36,37,29,28,19,15,14,13,F,2011
E01025464,South Ribble 004D,645,29,31,38,35,39,16,24,43,63,59,68,40,51,40,29,17,13,8,2,F,2011
E01025465,South Ribble 004E,567,36,28,20,38,33,38,43,35,44,38,31,32,39,20,34,20,18,12,8,F,2011
E01025411,South Ribble 005A,1066,72,62,64,49,54,71,66,88,90,58,81,56,78,61,51,33,19,13,0,F,2011
E01025448,South Ribble 005B,804,51,40,35,56,42,47,54,55,65,59,55,52,55,45,29,36,17,8,3,F,2011
E01025449,South Ribble 005C,508,14,18,24,34,27,16,20,19,41,37,48,35,45,36,24,17,23,18,12,F,2011
E01025450,South Ribble 005D,538,46,40,33,46,32,35,30,33,44,46,36,30,17,21,19,10,17,3,0,F,2011
E01025412,South Ribble 006A,747,31,39,48,32,34,36,28,66,46,41,55,60,58,48,34,35,32,15,9,F,2011
E01025427,South Ribble 006B,708,38,19,40,43,41,37,40,43,60,56,47,43,49,48,26,33,24,11,10,F,2011
E01025428,South Ribble 006C,826,54,36,39,65,41,51,53,57,59,63,44,33,39,40,25,32,34,34,27,F,2011
E01025429,South Ribble 006D,721,56,47,51,41,60,71,47,68,45,42,47,39,32,15,19,17,13,10,1,F,2011
E01025404,South Ribble 007A,612,17,10,19,26,27,13,29,27,37,45,49,34,39,43,79,56,42,17,3,F,2011
E01025405,South Ribble 007B,622,32,25,17,26,35,45,31,23,41,43,26,42,58,32,38,24,24,25,35,F,2011
E01025406,South Ribble 007C,629,14,25,30,38,48,29,29,41,44,49,31,40,55,43,46,24,23,14,6,F,2011
E01025407,South Ribble 007D,1021,68,61,53,66,85,107,75,71,75,61,54,44,56,42,30,28,25,14,6,F,2011
E01025399,South Ribble 008A,850,70,46,64,75,80,56,57,51,71,56,47,30,45,29,30,16,19,6,2,F,2011
E01025400,South Ribble 008B,978,65,53,61,53,55,39,49,75,84,87,61,49,62,52,45,38,35,10,5,F,2011
E01025401,South Ribble 008C,741,45,35,25,36,59,64,40,42,52,56,42,36,47,54,47,35,11,10,5,F,2011
E01025402,South Ribble 008D,735,73,41,34,46,49,63,73,69,57,46,30,30,28,27,23,22,14,7,3,F,2011
E01025442,South Ribble 009A,530,40,23,23,32,48,48,59,33,49,23,29,24,26,21,23,8,11,8,2,F,2011
E01025443,South Ribble 009B,708,28,33,38,35,40,35,35,43,49,53,51,49,58,57,32,22,21,20,9,F,2011
E01025444,South Ribble 009C,672,45,41,31,45,33,43,36,48,64,61,41,48,42,29,22,12,20,5,6,F,2011
E01025461,South Ribble 009D,966,61,57,52,65,60,51,60,73,81,90,75,44,69,46,34,25,16,6,1,F,2011
E01025462,South Ribble 009E,847,38,49,46,53,38,49,53,55,75,64,38,62,51,46,51,33,17,21,8,F,2011
E01025439,South Ribble 010A,738,44,34,40,32,27,19,25,38,53,55,45,42,66,49,49,42,34,27,17,F,2011
E01025453,South Ribble 010B,849,43,37,48,41,40,34,24,53,73,67,58,53,68,49,60,36,28,22,15,F,2011
E01025454,South Ribble 010C,634,32,28,38,37,31,18,16,31,54,50,44,48,47,50,34,28,25,16,7,F,2011
E01025455,South Ribble 010D,751,21,29,55,36,27,19,26,34,50,60,48,50,73,67,57,47,31,14,7,F,2011
E01025436,South Ribble 011A,1134,49,57,71,69,55,38,47,70,91,116,91,69,97,83,55,40,14,15,7,F,2011
E01025437,South Ribble 011B,887,49,46,40,41,49,42,46,59,68,82,52,49,72,57,51,30,30,17,7,F,2011
E01025438,South Ribble 011C,664,21,40,31,40,23,17,28,44,55,62,46,50,63,41,34,28,20,11,10,F,2011
E01025440,South Ribble 011D,723,28,22,48,33,37,16,27,41,48,55,46,46,71,56,50,36,30,23,10,F,2011
E01025441,South Ribble 011E,742,20,35,37,32,34,14,22,31,58,53,53,51,59,61,51,39,46,36,10,F,2011
E01025417,South Ribble 012A,744,30,33,33,34,41,41,47,45,53,53,38,68,66,41,39,30,30,16,6,F,2011
E01025418,South Ribble 012B,726,46,28,37,33,46,50,58,50,48,55,36,57,40,45,35,33,16,10,3,F,2011
E01025419,South Ribble 012C,832,40,51,44,47,43,46,41,68,66,62,55,53,57,43,26,32,25,18,15,F,2011
E01025420,South Ribble 012D,1346,85,76,77,77,65,68,66,107,121,130,107,81,83,72,51,40,24,10,6,F,2011
E01025421,South Ribble 013A,1168,92,94,82,74,78,105,127,94,96,87,50,42,42,33,22,16,19,9,6,F,2011
E01025422,South Ribble 013B,707,40,25,39,40,43,34,29,57,40,47,49,48,36,27,27,39,42,30,15,F,2011
E01025431,South Ribble 013C,876,71,56,50,37,76,97,89,75,70,59,50,36,32,21,21,11,15,8,2,F,2011
E01025433,South Ribble 013D,931,49,52,55,40,65,65,63,61,62,76,66,60,61,59,32,17,25,18,5,F,2011
E01025416,South Ribble 014A,777,37,43,34,43,44,34,38,36,64,71,50,62,65,40,45,24,23,10,14,F,2011
E01025451,South Ribble 014B,1007,63,75,63,67,49,45,58,77,81,92,71,94,72,42,25,16,9,7,1,F,2011
E01025452,South Ribble 014C,854,49,45,57,62,55,64,60,65,62,62,69,56,56,34,23,15,9,4,7,F,2011
E01025415,South Ribble 015A,1031,62,55,68,61,85,61,48,63,77,79,74,70,64,58,35,30,24,8,9,F,2011
E01025423,South Ribble 015B,713,37,60,58,50,43,47,41,55,46,47,33,36,40,35,20,26,23,11,5,F,2011
E01025435,South Ribble 015C,787,38,27,49,41,46,41,45,40,52,68,40,45,47,34,33,42,49,28,22,F,2011
E01025446,South Ribble 015D,787,36,31,42,41,28,36,37,43,54,61,59,45,61,52,43,44,37,21,16,F,2011
E01025430,South Ribble 016A,1025,72,49,61,64,49,54,50,80,92,76,80,66,59,51,42,31,29,17,3,F,2011
E01025434,South Ribble 016C,978,30,33,39,55,30,29,30,34,70,82,77,71,107,94,83,55,32,19,8,F,2011
E01032928,South Ribble 016D,987,108,68,38,46,87,141,134,110,76,50,20,39,32,21,10,1,3,2,1,F,2011
E01032929,South Ribble 016E,570,25,29,27,21,40,25,30,36,25,48,34,36,46,40,34,31,22,13,8,F,2011
E01025445,South Ribble 017A,750,61,73,49,60,65,56,48,45,64,46,45,26,40,15,22,17,12,2,4,F,2011
E01025447,South Ribble 017B,657,42,54,45,39,31,50,38,42,46,48,29,28,33,37,38,17,25,9,6,F,2011
E01025459,South Ribble 017C,845,53,39,36,37,71,53,50,49,52,57,51,55,59,63,50,29,17,13,11,F,2011
E01025460,South Ribble 017D,1049,62,54,62,51,67,68,64,64,70,73,91,73,73,53,40,30,18,23,13,F,2011
E07000127,,56815,2864,2860,3145,3802,3642,2785,2580,3429,4082,4368,3958,3620,4070,3405,2713,2230,1609,1034,619,F,2011
E01025496,West Lancashire 001A,590,35,29,40,25,25,32,34,40,48,54,51,41,35,40,21,13,17,5,5,F,2011
E01025497,West Lancashire 001B,795,47,53,59,60,30,37,38,63,69,80,64,39,56,39,22,19,11,6,3,F,2011
E01025498,West Lancashire 001C,666,35,29,39,41,23,33,33,39,45,44,52,53,51,43,34,21,23,13,15,F,2011
E01025530,West Lancashire 001D,706,21,33,31,25,23,28,24,56,42,68,57,57,68,60,47,24,22,11,9,F,2011
E01025532,West Lancashire 001E,750,39,40,45,50,25,20,27,56,57,64,57,45,62,44,49,32,27,9,2,F,2011
E01025533,West Lancashire 001F,807,34,38,37,35,26,35,32,40,69,55,59,56,71,59,53,40,35,21,12,F,2011
E01025507,West Lancashire 002A,768,24,38,45,47,38,27,26,48,59,64,56,71,85,53,40,22,13,5,7,F,2011
E01025508,West Lancashire 002B,713,32,34,36,36,35,40,23,45,33,57,52,51,51,53,43,39,21,20,12,F,2011
E01025509,West Lancashire 002C,624,24,27,30,35,26,17,35,25,46,51,51,46,53,42,39,30,23,17,7,F,2011
E01025513,West Lancashire 002D,1014,35,45,64,44,36,30,29,62,80,100,75,76,84,75,44,48,36,28,23,F,2011
E01025531,West Lancashire 002E,561,18,17,21,27,23,20,17,23,40,40,49,56,54,56,37,28,20,9,6,F,2011
E01025474,West Lancashire 003A,573,21,36,32,28,24,24,19,24,53,43,53,40,52,42,31,19,22,7,3,F,2011
E01025495,West Lancashire 003B,1059,33,53,50,59,39,32,39,54,76,84,81,96,82,80,49,57,37,33,25,F,2011
E01025514,West Lancashire 003C,1127,48,52,52,56,44,47,45,65,98,87,105,88,100,70,58,55,34,18,5,F,2011
E01025515,West Lancashire 003D,788,15,33,29,33,37,15,16,46,47,64,71,56,84,66,61,40,36,23,16,F,2011
E01025483,West Lancashire 004A,1133,80,45,64,59,53,63,65,86,97,67,60,62,84,71,49,58,30,20,20,F,2011
E01025484,West Lancashire 004B,996,57,48,51,56,31,40,59,80,83,69,67,63,71,62,48,44,28,21,18,F,2011
E01025485,West Lancashire 004C,864,41,46,46,60,37,44,41,61,99,72,65,49,55,44,43,29,16,12,4,F,2011
E01025486,West Lancashire 004D,843,47,58,43,45,56,46,44,64,66,71,55,53,66,53,28,20,11,11,6,F,2011
E01025487,West Lancashire 004E,842,41,50,54,32,47,43,53,50,60,68,56,55,54,37,41,38,30,18,15,F,2011
E01025510,West Lancashire 005A,716,19,30,34,38,25,18,11,32,45,55,52,47,83,51,46,36,30,29,35,F,2011
E01025511,West Lancashire 005B,600,26,30,36,36,15,17,21,38,45,52,39,37,60,56,34,29,15,12,2,F,2011
E01025512,West Lancashire 005C,664,26,32,39,42,18,32,43,44,47,54,50,45,48,39,35,23,20,16,11,F,2011
E01025538,West Lancashire 005D,789,36,41,23,43,33,30,29,51,59,65,57,59,74,63,39,33,27,18,9,F,2011
E01025539,West Lancashire 005E,717,49,34,49,29,21,29,34,49,53,68,43,43,62,46,25,29,23,15,16,F,2011
E01025499,West Lancashire 006A,707,25,26,23,54,76,40,34,30,52,58,53,46,42,45,35,26,16,22,4,F,2011
E01025501,West Lancashire 006B,591,16,22,30,29,24,22,15,20,32,49,38,44,42,58,52,43,35,15,5,F,2011
E01025502,West Lancashire 006C,850,34,54,42,45,48,30,33,44,59,56,59,56,69,56,56,51,31,21,6,F,2011
E01025516,West Lancashire 006D,773,36,29,51,39,37,36,39,43,56,64,53,51,64,43,51,27,30,17,7,F,2011
E01025517,West Lancashire 006E,768,41,45,39,57,55,55,40,40,44,65,55,44,64,23,21,28,18,24,10,F,2011
E01025519,West Lancashire 006F,637,25,20,27,29,27,22,21,23,34,50,53,50,45,51,45,41,34,29,11,F,2011
E01025488,West Lancashire 007A,1061,29,23,26,140,316,45,38,39,38,44,49,45,63,37,39,32,33,14,11,F,2011
E01025489,West Lancashire 007B,695,21,26,38,53,82,36,24,36,52,52,48,37,46,31,27,28,26,17,15,F,2011
E01025490,West Lancashire 007C,1017,30,27,24,302,278,20,17,38,36,23,36,29,29,33,27,25,23,15,5,F,2011
E01025500,West Lancashire 007D,746,25,31,18,57,112,40,34,42,42,39,37,33,46,53,43,40,25,20,9,F,2011
E01025518,West Lancashire 007E,760,28,17,21,68,185,45,31,33,31,42,39,26,41,29,18,33,41,23,9,F,2011
E01025479,West Lancashire 008A,1016,24,51,56,64,45,31,30,55,77,96,92,78,77,72,50,49,29,25,15,F,2011
E01025491,West Lancashire 008B,831,23,27,23,131,89,26,19,36,48,37,57,52,68,60,60,35,24,14,2,F,2011
E01025506,West Lancashire 008C,993,31,39,52,48,37,35,26,54,70,103,74,88,81,85,66,56,26,14,8,F,2011
E01025468,West Lancashire 009A,876,41,43,88,67,47,42,47,72,75,95,65,65,59,28,19,13,6,1,3,F,2011
E01025469,West Lancashire 009B,808,51,37,40,42,35,31,44,37,59,49,78,49,66,54,45,38,26,18,9,F,2011
E01025470,West Lancashire 009C,749,30,34,55,56,47,35,38,53,53,91,76,71,42,27,17,12,8,3,1,F,2011
E01025522,West Lancashire 009D,582,22,26,24,28,27,32,21,30,23,49,39,52,44,52,43,35,20,10,5,F,2011
E01025471,West Lancashire 010A,790,78,62,48,50,44,52,67,56,47,77,56,41,52,27,17,7,7,1,1,F,2011
E01025480,West Lancashire 010B,790,51,63,72,74,44,53,69,52,57,53,37,46,29,27,15,7,16,19,6,F,2011
E01025481,West Lancashire 010C,740,49,46,41,46,67,52,54,40,50,50,53,56,45,28,27,17,13,5,1,F,2011
E01025482,West Lancashire 010D,744,72,48,69,63,48,60,55,52,48,59,33,29,42,16,22,13,7,7,1,F,2011
E01025520,West Lancashire 010E,624,50,32,25,35,33,44,36,40,41,47,40,28,28,42,38,25,22,13,5,F,2011
E01025521,West Lancashire 010F,872,83,66,59,60,55,68,49,61,74,53,53,42,45,45,21,23,10,3,2,F,2011
E01025523,West Lancashire 011A,848,44,60,62,44,43,54,56,68,72,66,58,37,39,43,29,33,20,12,8,F,2011
E01025524,West Lancashire 011B,735,34,38,50,44,54,54,33,53,49,56,61,36,39,42,27,15,30,16,4,F,2011
E01025525,West Lancashire 011C,833,36,52,65,43,46,52,43,52,58,69,63,49,53,48,42,29,17,13,3,F,2011
E01025526,West Lancashire 011D,881,47,48,46,48,59,54,55,47,61,64,48,67,62,41,51,41,28,10,4,F,2011
E01025472,West Lancashire 012A,730,31,45,36,50,18,18,30,39,47,64,53,46,73,50,50,35,28,12,5,F,2011
E01025473,West Lancashire 012B,764,30,37,37,42,23,24,31,30,47,50,61,45,63,60,44,28,43,29,40,F,2011
E01025475,West Lancashire 012C,741,21,25,42,40,27,19,24,32,38,68,71,52,63,65,53,52,27,16,6,F,2011
E01025476,West Lancashire 012D,700,17,21,30,36,24,20,17,25,48,54,40,51,58,39,58,51,42,39,30,F,2011
E01025477,West Lancashire 012E,632,24,29,43,42,27,26,27,29,39,57,55,50,41,41,32,31,18,9,12,F,2011
E01025478,West Lancashire 012F,607,18,25,36,40,33,5,8,30,41,59,45,36,52,64,44,35,21,10,5,F,2011
E01025492,West Lancashire 013A,665,31,32,52,43,28,35,32,43,68,50,43,51,60,46,24,11,9,6,1,F,2011
E01025527,West Lancashire 013B,709,52,38,48,45,43,59,33,44,45,49,38,36,46,52,32,24,14,6,5,F,2011
E01025528,West Lancashire 013C,852,90,78,43,59,62,84,65,72,64,61,44,28,38,21,24,12,4,1,2,F,2011
E01025529,West Lancashire 013D,907,90,47,45,63,51,78,63,60,75,59,33,50,52,48,30,16,20,16,11,F,2011
E01025493,West Lancashire 014A,837,100,52,68,69,73,80,51,52,61,53,53,33,35,21,14,14,6,1,1,F,2011
E01025494,West Lancashire 014B,787,77,33,55,60,61,58,29,76,65,47,47,35,39,39,33,15,11,3,4,F,2011
E01025503,West Lancashire 014C,718,63,55,52,53,49,59,52,63,64,50,34,31,29,24,16,13,6,4,1,F,2011
E01025504,West Lancashire 014D,603,46,45,44,48,52,38,31,46,46,33,31,35,37,32,14,11,10,4,0,F,2011
E01025505,West Lancashire 014E,729,45,30,36,53,43,44,30,44,64,62,52,49,52,43,32,31,9,8,2,F,2011
E01025534,West Lancashire 015A,904,48,60,51,45,29,44,32,86,82,69,51,56,52,58,45,59,15,11,11,F,2011
E01025535,West Lancashire 015B,708,23,34,35,50,38,25,24,43,68,71,65,46,58,39,35,24,19,8,3,F,2011
E01025536,West Lancashire 015C,813,50,40,63,57,49,49,35,57,62,61,56,38,45,26,26,43,30,15,11,F,2011
E01025537,West Lancashire 015D,750,30,35,41,28,33,26,36,44,59,63,53,53,54,55,56,44,25,11,4,F,2011
E01025540,West Lancashire 015E,637,19,36,25,22,29,29,25,27,45,36,53,68,56,42,32,33,24,27,9,F,2011
E07000128,,55462,2349,2514,2756,3176,2550,2372,2468,2837,3830,4051,3929,3546,4163,3883,3369,2860,2370,1578,861,F,2011
E01025573,Wyre 001A,705,44,22,46,36,33,27,54,40,62,36,42,46,42,44,49,40,29,10,3,F,2011
E01025574,Wyre 001B,814,63,45,38,41,55,73,43,39,49,39,54,38,52,51,54,28,26,20,6,F,2011
E01025581,Wyre 001C,703,34,24,31,56,48,34,28,42,43,67,59,50,33,47,19,33,21,18,16,F,2011
E01025582,Wyre 001D,606,43,31,28,40,49,50,37,46,42,43,39,38,39,20,25,25,8,0,3,F,2011
E01025583,Wyre 001E,644,40,38,34,50,42,49,43,41,37,42,56,34,29,32,29,20,14,11,3,F,2011
E01025584,Wyre 001F,673,34,21,21,35,48,61,43,25,41,42,37,30,45,42,46,49,30,10,13,F,2011
E01025605,Wyre 002A,750,28,39,40,48,41,20,31,42,49,51,51,47,60,40,28,40,35,37,23,F,2011
E01025606,Wyre 002B,656,52,42,50,35,44,40,41,37,44,48,47,37,32,25,34,18,17,9,4,F,2011
E01025607,Wyre 002C,800,24,42,44,47,36,38,35,38,61,64,69,56,65,42,38,37,38,16,10,F,2011
E01025608,Wyre 002D,858,34,50,54,54,39,37,41,57,58,64,61,46,46,47,58,46,24,24,18,F,2011
E01025590,Wyre 003A,821,52,49,54,58,58,52,41,44,66,48,47,37,33,25,29,41,27,35,25,F,2011
E01025591,Wyre 003B,800,23,22,25,22,23,17,25,37,40,53,49,71,68,103,64,74,46,26,12,F,2011
E01025592,Wyre 003C,793,53,69,50,56,65,51,40,50,42,68,40,49,31,39,28,25,24,10,3,F,2011
E01025593,Wyre 003D,878,20,24,44,141,17,20,23,29,38,46,66,53,71,78,72,60,37,27,12,F,2011
E01025563,Wyre 004A,577,20,12,26,18,23,12,12,27,27,37,58,35,56,53,56,32,22,27,24,F,2011
E01025564,Wyre 004B,833,30,38,39,50,23,29,38,43,63,58,53,57,71,74,54,34,43,25,11,F,2011
E01025565,Wyre 004C,755,27,30,37,37,41,19,26,31,58,58,65,42,65,62,54,38,36,20,9,F,2011
E01025586,Wyre 004D,801,26,32,31,41,30,32,26,24,53,47,51,45,90,79,64,51,38,27,14,F,2011
E01025587,Wyre 004E,781,32,29,31,36,36,31,30,31,38,45,52,50,77,69,62,57,34,25,16,F,2011
E01025588,Wyre 004F,726,7,17,17,22,18,17,17,24,27,45,38,55,65,71,87,71,62,38,28,F,2011
E01025589,Wyre 004G,624,39,32,28,49,38,26,32,32,52,47,60,32,47,43,23,22,15,5,2,F,2011
E01025557,Wyre 005A,820,33,43,54,51,22,33,38,47,77,58,69,50,70,50,58,22,28,15,2,F,2011
E01025575,Wyre 005B,583,38,28,30,37,40,43,30,25,33,34,43,29,48,36,24,27,23,14,1,F,2011
E01025578,Wyre 005C,797,51,31,51,47,47,64,52,35,40,69,60,53,45,37,38,31,25,17,4,F,2011
E01025579,Wyre 005D,723,60,72,42,50,61,55,47,35,50,45,50,34,35,26,18,19,16,7,1,F,2011
E01025580,Wyre 005E,648,17,38,34,43,41,19,21,26,43,53,47,49,60,54,33,31,22,8,9,F,2011
E01025547,Wyre 006A,909,24,43,55,107,74,37,29,51,51,68,75,67,64,54,36,28,28,13,5,F,2011
E01025549,Wyre 006B,1103,42,60,83,60,35,37,58,66,99,89,91,71,84,54,56,44,32,25,17,F,2011
E01025609,Wyre 006C,1032,42,44,68,57,33,25,33,44,90,101,88,72,84,70,65,34,44,18,20,F,2011
E01025548,Wyre 007A,786,27,21,28,23,23,22,23,28,48,39,49,53,78,90,90,75,46,17,6,F,2011
E01025553,Wyre 007B,1311,67,77,70,82,57,87,63,91,95,122,79,96,99,76,58,29,31,18,14,F,2011
E01025558,Wyre 007C,900,16,39,42,39,18,21,18,29,58,60,53,60,92,68,75,69,66,50,27,F,2011
E01025559,Wyre 007D,953,46,49,34,64,61,47,42,59,76,80,60,52,71,68,35,37,37,21,14,F,2011
E01025560,Wyre 007E,689,15,24,21,22,18,18,30,25,30,40,33,57,68,68,66,49,44,46,15,F,2011
E01025554,Wyre 008A,792,29,17,22,34,25,25,20,39,47,49,43,54,60,82,69,66,60,31,20,F,2011
E01025556,Wyre 008B,797,31,53,41,54,46,23,39,53,50,56,45,52,46,44,43,41,43,24,13,F,2011
E01025570,Wyre 008C,625,19,8,17,20,18,28,17,28,24,26,47,38,53,49,53,46,54,50,30,F,2011
E01025571,Wyre 008D,690,33,31,49,45,24,27,38,36,58,51,49,35,56,48,45,20,25,6,14,F,2011
E01025572,Wyre 008E,693,12,19,23,26,21,16,11,25,42,52,43,46,56,67,72,62,41,40,19,F,2011
E01025604,Wyre 008F,784,27,43,33,49,43,38,42,44,54,64,65,39,37,49,47,40,33,18,19,F,2011
E01025561,Wyre 009A,744,39,45,39,42,44,36,36,47,61,55,60,38,62,59,34,16,14,9,8,F,2011
E01025562,Wyre 009B,1097,46,50,58,80,52,31,38,39,90,103,84,89,85,70,57,51,32,30,12,F,2011
E01025585,Wyre 009C,1140,40,56,69,72,52,33,35,53,84,109,88,91,88,91,74,43,32,18,12,F,2011
E01025542,Wyre 010A,880,31,49,51,54,41,28,40,48,70,65,75,62,73,49,41,40,28,23,12,F,2011
E01025555,Wyre 010B,692,19,18,28,25,20,16,21,37,38,33,52,48,57,61,65,53,49,39,13,F,2011
E01025601,Wyre 010C,746,24,21,30,35,25,24,28,33,43,54,49,64,66,72,52,53,34,28,11,F,2011
E01025602,Wyre 010D,790,42,34,47,46,42,42,58,52,72,81,59,50,37,42,27,23,17,15,4,F,2011
E01025603,Wyre 010E,787,21,30,26,27,26,25,23,36,48,53,61,47,71,73,46,76,51,35,12,F,2011
E01025541,Wyre 011A,870,47,56,52,63,43,51,72,55,77,65,59,33,42,44,31,24,33,15,8,F,2011
E01025543,Wyre 011B,933,66,54,54,61,51,67,72,72,83,68,52,42,47,40,32,31,17,18,6,F,2011
E01025544,Wyre 011C,795,29,26,53,36,22,39,38,31,46,55,59,57,66,65,63,49,28,25,8,F,2011
E01025576,Wyre 011D,1231,56,51,54,53,51,48,58,68,85,90,100,79,92,76,79,61,63,45,22,F,2011
E01025577,Wyre 011E,739,44,29,36,40,48,43,51,42,49,60,46,36,50,38,34,31,31,17,14,F,2011
E01025550,Wyre 012A,757,36,28,23,41,20,23,25,47,63,51,43,48,79,55,48,40,48,26,13,F,2011
E01025552,Wyre 012B,653,35,30,33,38,30,25,33,34,47,65,57,54,54,46,23,23,12,9,5,F,2011
E01025594,Wyre 012C,821,19,18,36,36,31,33,24,22,50,47,59,55,72,79,62,53,66,42,17,F,2011
E01025595,Wyre 012D,746,27,27,33,37,27,16,23,36,69,44,51,52,76,59,55,51,35,22,6,F,2011
E01025596,Wyre 012E,1035,60,78,62,62,42,37,81,90,92,69,74,60,64,57,48,24,16,16,3,F,2011
E01025597,Wyre 012F,583,25,38,35,30,18,26,19,40,46,38,35,32,33,52,41,31,19,17,8,F,2011
E01025545,Wyre 013A,994,22,39,47,49,42,33,35,35,55,72,58,76,84,76,52,55,61,53,50,F,2011
E01025546,Wyre 013B,801,48,31,31,38,49,38,57,52,56,60,58,50,51,40,35,35,35,14,23,F,2011
E01025551,Wyre 013C,667,27,33,28,34,39,33,32,33,48,56,62,55,55,50,20,24,22,12,4,F,2011
E01025567,Wyre 013D,815,31,24,34,42,36,36,30,42,49,64,66,49,65,49,73,49,36,28,12,F,2011
E01025598,Wyre 013E,740,17,33,30,33,25,30,31,37,57,52,36,49,55,52,51,46,52,38,16,F,2011
E01025566,Wyre 014A,1016,22,41,55,67,38,26,23,37,70,93,89,68,79,79,62,74,60,25,8,F,2011
E01025568,Wyre 014B,893,35,36,47,49,37,44,39,41,57,71,60,51,55,66,59,67,43,29,7,F,2011
E01025569,Wyre 014C,970,36,37,32,41,30,32,35,37,63,71,64,56,84,88,80,69,58,39,18,F,2011
E01025599,Wyre 014D,506,13,20,22,28,21,15,20,27,46,44,27,47,45,39,25,24,25,11,7,F,2011
E01025600,Wyre 014E,788,38,34,46,35,34,42,34,49,61,59,63,53,53,40,46,33,29,22,17,F,2011
E08000011,,76627,4457,4083,4482,5025,5049,4944,4467,4617,5597,6084,5686,4675,4247,3285,3135,3006,2142,1147,499,F,2011
E01006448,Knowsley 001A,970,74,61,63,67,78,80,45,53,56,72,75,50,35,31,23,60,24,14,9,F,2011
E01006492,Knowsley 001B,700,48,37,38,44,43,50,47,43,41,36,55,89,73,26,8,15,6,1,0,F,2011
E01006493,Knowsley 001C,640,55,35,48,56,57,32,40,43,41,38,40,43,48,23,15,13,6,3,4,F,2011
E01006494,Knowsley 001D,845,64,74,56,72,59,71,49,53,51,62,57,67,38,19,20,18,7,6,2,F,2011
E01006495,Knowsley 001E,980,91,68,82,60,62,103,79,74,70,67,58,50,50,43,10,6,6,1,0,F,2011
E01006454,Knowsley 002A,627,23,15,27,37,38,34,27,25,36,42,59,59,57,55,29,20,23,18,3,F,2011
E01006456,Knowsley 002B,778,25,30,48,56,50,32,29,58,70,66,60,52,59,38,35,21,30,15,4,F,2011
E01006457,Knowsley 002C,629,13,18,19,31,38,26,18,17,33,48,45,57,52,51,60,52,37,11,3,F,2011
E01006458,Knowsley 002D,762,41,46,48,41,51,52,50,46,52,49,43,38,57,51,50,19,18,9,1,F,2011
E01006490,Knowsley 002E,1470,147,109,121,90,84,158,186,148,98,90,90,60,48,15,10,8,4,3,1,F,2011
E01006491,Knowsley 002F,1008,97,72,66,58,74,85,123,77,78,69,73,43,40,15,14,18,5,1,0,F,2011
E01006415,Knowsley 003A,1092,71,73,84,81,64,68,77,88,75,79,71,68,50,39,22,22,36,19,5,F,2011
E01006417,Knowsley 003B,629,29,34,40,41,42,43,36,37,45,39,50,52,37,20,20,17,24,16,7,F,2011
E01006436,Knowsley 003C,761,52,36,41,63,63,49,34,51,51,63,75,66,25,15,18,24,23,12,0,F,2011
E01006437,Knowsley 003D,735,41,42,25,53,54,46,46,42,46,52,82,53,46,24,15,31,28,7,2,F,2011
E01006447,Knowsley 003E,703,36,35,41,34,73,66,44,31,55,45,47,38,23,14,31,31,32,18,9,F,2011
E01006455,Knowsley 004A,953,61,69,60,61,59,73,63,49,59,52,76,73,40,25,34,36,35,18,10,F,2011
E01006506,Knowsley 004B,683,47,41,40,42,43,72,63,35,44,51,64,48,38,19,11,11,7,7,0,F,2011
E01006507,Knowsley 004C,770,45,44,49,52,47,49,42,58,48,56,55,65,39,19,23,33,33,10,3,F,2011
E01006508,Knowsley 004D,728,46,49,45,36,46,53,54,61,56,56,68,47,28,21,12,27,13,7,3,F,2011
E01006509,Knowsley 004E,890,74,59,58,60,63,56,68,55,67,52,52,50,42,29,30,35,22,13,5,F,2011
E01006510,Knowsley 004F,623,39,22,31,33,41,35,32,34,53,51,47,47,54,32,35,18,8,8,3,F,2011
E01006416,Knowsley 005A,798,60,34,33,63,47,69,44,49,63,67,50,45,53,25,23,29,22,19,3,F,2011
E01006418,Knowsley 005B,719,39,34,51,60,44,49,39,43,44,53,55,59,45,22,20,23,24,10,5,F,2011
E01006434,Knowsley 005C,832,60,49,45,68,77,61,57,53,57,60,66,51,41,20,16,18,21,11,1,F,2011
E01006435,Knowsley 005D,828,49,37,50,55,70,41,48,36,46,60,78,73,57,25,21,32,27,19,4,F,2011
E01006438,Knowsley 005E,620,35,22,23,39,33,30,26,26,39,36,45,44,51,49,38,41,23,16,4,F,2011
E01006439,Knowsley 005F,816,43,46,36,53,43,37,53,50,52,58,60,47,64,51,41,30,14,23,15,F,2011
E01006446,Knowsley 005G,741,48,38,43,47,52,67,41,33,53,47,62,50,37,29,29,25,28,11,1,F,2011
E01006412,Knowsley 006A,793,41,36,47,65,69,39,39,43,72,59,45,43,48,53,46,34,11,2,1,F,2011
E01006413,Knowsley 006B,687,36,22,42,40,62,51,39,44,39,57,45,35,35,35,33,29,25,10,8,F,2011
E01006414,Knowsley 006C,736,34,43,41,40,44,47,35,29,54,68,47,33,41,75,63,19,15,6,2,F,2011
E01006441,Knowsley 006D,1225,99,63,66,71,72,90,76,91,105,100,84,49,47,61,65,39,20,13,14,F,2011
E01006460,Knowsley 007A,839,58,52,52,76,68,66,48,51,61,60,51,40,30,44,33,13,20,12,4,F,2011
E01006461,Knowsley 007B,828,47,70,61,64,45,58,59,54,64,62,61,41,32,25,27,26,17,12,3,F,2011
E01006463,Knowsley 007C,925,68,31,39,42,81,94,75,64,64,64,53,39,41,39,26,47,24,18,16,F,2011
E01006464,Knowsley 007D,808,26,28,34,43,37,34,21,43,60,47,57,48,54,67,66,55,41,32,15,F,2011
E01006466,Knowsley 007E,837,49,28,34,54,49,53,50,46,75,72,51,37,51,31,35,52,32,23,15,F,2011
E01006453,Knowsley 008A,664,46,47,41,43,50,43,42,41,56,54,47,23,34,27,20,20,16,14,0,F,2011
E01006467,Knowsley 008B,703,43,52,49,47,46,55,47,31,49,47,61,38,40,36,23,24,8,6,1,F,2011
E01006470,Knowsley 008E,719,53,35,49,52,59,47,31,37,55,48,54,41,36,36,32,30,17,4,3,F,2011
E01033228,Knowsley 008F,1039,70,69,76,92,69,55,61,46,80,88,77,56,45,43,42,36,22,6,6,F,2011
E01006459,Knowsley 009A,829,44,47,54,64,54,52,36,62,67,59,62,49,57,39,34,24,13,5,7,F,2011
E01006462,Knowsley 009B,780,30,47,54,46,43,37,47,47,67,73,47,36,36,36,49,42,22,15,6,F,2011
E01006496,Knowsley 009C,726,34,35,53,42,48,29,22,48,62,68,48,34,47,27,30,30,37,21,11,F,2011
E01006498,Knowsley 009D,793,49,57,61,54,40,28,29,62,97,85,62,38,36,30,29,18,14,2,2,F,2011
E01006499,Knowsley 009E,837,53,32,59,37,63,65,58,53,59,75,46,34,55,38,37,31,29,8,5,F,2011
E01006440,Knowsley 010A,781,47,42,43,60,76,63,45,45,57,60,49,37,45,27,31,27,24,1,2,F,2011
E01006442,Knowsley 010B,653,54,36,31,57,60,56,32,30,52,51,48,31,31,21,27,22,12,2,0,F,2011
E01006443,Knowsley 010C,730,41,41,41,39,39,49,43,46,35,50,57,41,40,26,57,35,22,17,11,F,2011
E01006444,Knowsley 010D,757,46,44,48,57,61,52,48,44,59,54,55,34,33,32,20,30,16,15,9,F,2011
E01006445,Knowsley 010E,728,48,42,44,45,67,57,39,50,46,63,57,31,46,24,31,20,8,5,5,F,2011
E01006465,Knowsley 011A,854,47,60,42,58,41,49,49,67,79,87,63,46,46,33,29,31,17,6,4,F,2011
E01006482,Knowsley 011B,849,69,51,58,70,69,53,49,45,68,65,58,47,31,27,28,37,12,10,2,F,2011
E01006483,Knowsley 011C,696,37,37,36,43,47,51,33,46,50,51,34,36,44,28,35,65,19,4,0,F,2011
E01006484,Knowsley 011D,726,39,31,46,58,59,39,34,48,64,61,63,43,34,24,28,19,22,10,4,F,2011
E01006449,Knowsley 012A,791,37,43,35,46,51,40,37,37,62,66,50,38,42,52,54,56,26,12,7,F,2011
E01006450,Knowsley 012B,766,60,38,49,37,63,68,47,32,56,68,44,34,37,23,35,36,18,11,10,F,2011
E01006451,Knowsley 012C,782,40,41,46,42,58,47,40,45,64,65,62,41,43,38,37,41,19,9,4,F,2011
E01006452,Knowsley 012D,808,49,49,46,55,62,58,61,45,57,70,69,33,38,28,27,24,20,12,5,F,2011
E01006497,Knowsley 013A,573,27,25,22,37,42,32,20,33,41,52,50,35,31,35,34,32,14,6,5,F,2011
E01006500,Knowsley 013B,584,17,29,30,39,39,35,30,31,46,43,50,34,40,37,20,31,11,10,12,F,2011
E01006501,Knowsley 013C,722,76,52,43,38,30,67,63,70,65,48,32,32,29,32,21,14,6,4,0,F,2011
E01006504,Knowsley 013D,697,38,44,51,72,53,41,42,51,53,62,43,38,44,25,20,12,6,2,0,F,2011
E01006505,Knowsley 013E,921,63,52,80,60,62,54,49,71,76,67,42,53,49,43,45,32,12,8,3,F,2011
E01006472,Knowsley 014A,810,35,35,46,51,47,36,22,42,60,61,66,54,55,44,40,47,47,15,7,F,2011
E01006485,Knowsley 014B,790,39,33,54,56,36,43,43,59,60,80,56,40,43,41,29,26,22,23,7,F,2011
E01006486,Knowsley 014C,604,31,24,19,33,31,29,28,50,41,53,49,38,41,34,35,33,18,15,2,F,2011
E01006487,Knowsley 014D,810,35,43,42,52,43,63,32,41,59,68,56,60,38,37,58,42,27,7,7,F,2011
E01006488,Knowsley 014E,926,44,35,44,59,49,50,51,44,69,81,81,82,53,53,34,46,30,14,7,F,2011
E01006489,Knowsley 014F,743,42,35,36,50,53,37,51,36,46,73,56,41,37,23,48,33,29,9,8,F,2011
E01006477,Knowsley 015A,739,52,45,43,46,37,49,41,53,50,63,57,46,34,41,24,25,23,9,1,F,2011
E01006478,Knowsley 015B,729,40,33,35,52,46,48,46,46,44,58,51,44,41,27,31,32,30,18,7,F,2011
E01006479,Knowsley 015C,746,43,41,40,47,48,36,44,42,45,77,58,46,38,20,31,31,31,19,9,F,2011
E01006480,Knowsley 015D,734,33,25,51,51,44,47,45,43,42,63,38,52,48,33,31,42,30,13,3,F,2011
E01006481,Knowsley 015E,713,35,29,29,36,60,44,31,28,54,48,50,49,28,31,42,43,33,26,17,F,2011
E01006471,Knowsley 016A,804,33,30,45,57,45,40,35,29,50,68,74,59,47,38,36,53,47,16,2,F,2011
E01006473,Knowsley 016B,660,20,27,34,54,44,35,22,30,57,62,57,49,43,34,31,28,23,9,1,F,2011
E01006474,Knowsley 016C,796,28,43,25,41,43,34,22,38,56,76,39,48,49,44,58,50,50,37,15,F,2011
E01006475,Knowsley 016D,796,21,26,39,49,34,34,29,35,37,72,71,62,52,41,46,41,51,39,17,F,2011
E01006476,Knowsley 016E,721,20,29,37,56,42,24,27,29,57,76,73,59,37,37,39,38,25,12,4,F,2011
E01006420,Knowsley 017A,1073,77,76,69,74,64,65,78,88,93,101,92,54,37,38,30,17,8,10,2,F,2011
E01006424,Knowsley 017B,1062,47,66,62,81,60,54,44,76,91,112,81,96,72,39,27,24,22,4,4,F,2011
E01006502,Knowsley 017C,881,52,29,37,37,47,46,42,52,59,56,70,88,70,57,53,44,28,9,5,F,2011
E01006503,Knowsley 017D,630,19,27,22,32,26,23,18,19,45,46,52,51,56,60,40,42,33,15,4,F,2011
E01006421,Knowsley 018A,624,25,31,59,48,52,38,40,35,60,67,77,24,34,10,11,8,5,0,0,F,2011
E01006425,Knowsley 018B,700,28,40,43,45,40,47,32,43,57,76,73,39,33,15,27,34,16,10,2,F,2011
E01006430,Knowsley 018C,715,26,30,52,27,37,34,46,35,43,49,53,28,37,31,35,40,48,43,21,F,2011
E01006433,Knowsley 018D,754,25,40,38,38,35,47,49,34,44,71,71,44,44,34,32,40,34,23,11,F,2011
E01006419,Knowsley 019A,768,52,47,44,43,48,45,38,78,75,69,69,48,35,28,13,20,6,7,3,F,2011
E01006422,Knowsley 019B,646,22,20,25,40,45,27,23,29,49,55,47,30,64,45,45,49,23,6,2,F,2011
E01006423,Knowsley 019C,704,35,42,42,41,36,61,49,42,47,73,54,70,44,25,23,8,10,0,2,F,2011
E01006427,Knowsley 019D,760,24,26,45,38,48,31,27,39,57,58,54,51,49,46,41,77,34,13,2,F,2011
E01006426,Knowsley 020A,637,26,30,29,50,47,44,43,30,40,58,63,43,24,24,22,24,28,10,2,F,2011
E01006428,Knowsley 020B,765,51,45,39,48,51,49,68,48,57,64,58,48,32,18,30,36,13,10,0,F,2011
E01006429,Knowsley 020C,616,26,34,51,54,34,34,35,44,43,53,42,36,44,28,29,14,8,5,2,F,2011
E01006431,Knowsley 020D,865,50,41,44,54,50,56,75,42,56,62,61,59,48,39,50,24,28,15,11,F,2011
E01006432,Knowsley 020E,790,53,46,48,47,54,53,55,42,59,50,55,55,45,28,32,29,29,7,3,F,2011
E08000012,,235209,12782,10984,11917,16820,25393,18849,15568,13826,15286,16701,15073,12872,12152,9198,8655,7865,5851,3565,1852,F,2011
E01006651,Liverpool 001A,841,68,58,54,60,60,49,53,72,103,76,55,54,34,15,10,9,7,3,1,F,2011
E01006653,Liverpool 001B,784,47,45,45,34,54,71,44,52,55,69,53,34,44,30,43,32,21,10,1,F,2011
E01006655,Liverpool 001C,916,58,44,61,53,51,64,64,66,62,75,82,43,46,27,43,36,19,18,4,F,2011
E01006658,Liverpool 001D,697,30,50,41,41,55,54,45,49,44,47,43,37,38,34,32,20,21,10,6,F,2011
E01006660,Liverpool 001E,755,49,52,50,42,37,40,44,43,55,55,67,39,37,34,31,37,19,21,3,F,2011
E01006652,Liverpool 002A,755,50,32,48,47,44,59,54,53,54,74,49,43,45,37,23,24,8,6,5,F,2011
E01006656,Liverpool 002B,756,45,37,30,36,66,64,66,43,36,67,56,56,47,27,25,15,25,9,6,F,2011
E01006657,Liverpool 002C,632,47,40,20,33,43,56,53,57,35,52,35,31,37,29,24,22,7,8,3,F,2011
E01006780,Liverpool 002D,759,41,35,54,48,52,56,48,50,60,60,45,41,44,36,26,25,23,15,0,F,2011
E01006783,Liverpool 002E,785,53,52,42,56,41,55,70,56,61,51,58,51,41,36,22,19,15,6,0,F,2011
E01006781,Liverpool 003A,764,37,34,37,48,38,49,55,55,53,73,71,60,51,32,32,24,7,5,3,F,2011
E01006782,Liverpool 003B,782,52,41,39,47,51,65,51,62,65,57,60,34,46,32,19,23,18,12,8,F,2011
E01006784,Liverpool 003C,665,48,37,34,35,37,56,52,60,42,61,43,46,31,23,25,13,12,8,2,F,2011
E01006785,Liverpool 003D,890,59,44,50,64,70,91,57,60,53,61,51,53,36,40,33,32,19,11,6,F,2011
E01006786,Liverpool 003E,885,53,43,62,45,52,55,51,71,75,89,52,52,49,38,33,38,16,5,6,F,2011
E01006661,Liverpool 004A,907,63,49,46,47,68,58,68,41,51,53,59,66,47,37,36,37,43,25,13,F,2011
E01006662,Liverpool 004B,979,77,45,39,39,56,90,60,63,36,49,49,50,52,41,49,58,45,46,35,F,2011
E01006663,Liverpool 004C,591,36,29,33,28,38,65,44,44,52,39,44,30,23,9,26,27,13,9,2,F,2011
E01006664,Liverpool 004D,946,71,57,73,46,64,75,78,58,53,62,57,59,44,35,26,34,32,12,10,F,2011
E01006669,Liverpool 004E,747,56,49,46,49,47,40,53,58,71,93,53,38,38,21,15,8,6,6,0,F,2011
E01006654,Liverpool 005A,798,48,49,39,35,66,50,49,43,69,56,55,47,40,25,22,29,37,22,17,F,2011
E01006659,Liverpool 005B,526,29,27,26,29,34,37,45,35,40,43,42,20,25,18,19,26,17,12,2,F,2011
E01006734,Liverpool 005C,746,55,56,53,39,53,73,67,46,33,46,38,41,38,25,34,26,16,7,0,F,2011
E01006735,Liverpool 005D,698,50,40,39,46,43,56,47,37,52,45,54,46,34,35,24,22,13,11,4,F,2011
E01006736,Liverpool 005E,772,27,37,46,69,62,48,51,41,72,66,61,42,34,25,28,33,19,8,3,F,2011
E01006737,Liverpool 005F,771,39,28,58,65,62,61,39,41,62,71,54,38,37,30,29,33,17,3,4,F,2011
E01006787,Liverpool 006A,655,39,40,44,67,49,62,43,39,53,60,39,30,30,11,20,12,12,5,0,F,2011
E01006788,Liverpool 006B,926,75,53,60,58,43,77,78,75,65,68,65,45,53,35,21,29,16,9,1,F,2011
E01006790,Liverpool 006C,839,64,43,48,55,66,72,73,55,52,66,49,43,40,29,23,27,21,10,3,F,2011
E01006791,Liverpool 006D,791,41,30,43,42,40,55,59,58,44,53,49,59,62,36,51,25,27,13,4,F,2011
E01006665,Liverpool 007A,791,49,34,57,58,38,40,72,64,75,78,68,53,31,24,20,14,12,4,0,F,2011
E01006666,Liverpool 007B,779,44,56,71,71,52,40,47,47,65,96,66,36,37,16,9,15,7,3,1,F,2011
E01006667,Liverpool 007C,754,32,39,42,34,42,50,41,46,52,60,65,57,46,29,36,23,27,18,15,F,2011
E01006668,Liverpool 007D,805,42,65,62,58,49,50,72,68,84,81,52,31,24,27,15,15,6,4,0,F,2011
E01006670,Liverpool 007E,798,40,47,66,51,46,44,61,48,64,83,69,50,31,31,30,22,11,4,0,F,2011
E01006607,Liverpool 008A,818,40,36,51,52,51,56,51,48,73,64,65,47,38,28,31,33,29,17,8,F,2011
E01006612,Liverpool 008B,766,36,38,45,55,48,52,51,48,49,49,60,36,36,31,38,40,34,16,4,F,2011
E01006729,Liverpool 008C,756,49,61,49,54,46,62,62,45,59,52,43,28,32,24,24,26,15,19,6,F,2011
E01032510,Liverpool 008F,929,67,41,41,64,77,93,77,55,60,69,73,48,38,36,30,27,18,12,3,F,2011
E01032511,Liverpool 008G,704,34,36,38,49,47,62,47,37,43,43,57,63,63,30,19,16,13,4,3,F,2011
E01006608,Liverpool 009A,612,42,31,19,36,42,46,46,39,47,60,34,36,38,29,23,23,9,9,3,F,2011
E01006609,Liverpool 009B,675,43,30,29,49,42,58,45,44,52,48,56,39,27,36,20,15,23,15,4,F,2011
E01006610,Liverpool 009C,749,37,25,41,63,40,67,36,52,61,58,49,45,37,29,27,24,29,22,7,F,2011
E01006613,Liverpool 009D,701,33,28,37,34,49,30,35,40,46,55,50,49,48,39,29,36,27,21,15,F,2011
E01006705,Liverpool 009E,686,44,27,33,43,66,66,56,44,40,53,55,40,36,30,23,14,12,1,3,F,2011
E01006598,Liverpool 010A,745,53,48,59,53,41,41,56,55,46,49,46,30,37,33,32,29,16,16,5,F,2011
E01006599,Liverpool 010B,633,65,57,35,39,49,58,47,37,38,40,43,28,30,24,21,12,7,2,1,F,2011
E01006672,Liverpool 010E,1040,85,77,74,74,65,76,71,82,74,65,63,58,51,38,31,32,17,5,2,F,2011
E01033759,Liverpool 010F,616,49,42,34,37,33,53,57,34,39,42,42,32,26,26,22,21,20,3,4,F,2011
E01006600,Liverpool 011A,771,31,41,42,50,54,42,37,35,52,69,79,46,33,31,32,48,27,16,6,F,2011
E01006603,Liverpool 011B,734,23,40,37,48,47,46,31,37,52,62,59,46,38,35,50,39,24,15,5,F,2011
E01006730,Liverpool 011C,709,30,41,49,51,50,49,31,47,54,62,45,41,37,27,34,24,18,13,6,F,2011
E01006731,Liverpool 011D,638,38,36,51,35,50,34,51,39,43,46,41,36,41,27,20,27,12,8,3,F,2011
E01006732,Liverpool 011E,961,82,67,77,70,60,79,78,67,58,70,41,50,35,35,31,31,18,11,1,F,2011
E01006611,Liverpool 012A,646,58,29,24,31,68,61,44,39,44,54,38,30,31,19,31,18,12,7,8,F,2011
E01006614,Liverpool 012B,686,39,38,38,33,60,55,43,37,54,58,45,30,44,27,23,36,13,7,6,F,2011
E01006615,Liverpool 012C,693,50,24,30,44,64,72,43,48,41,55,44,41,40,26,23,15,20,8,5,F,2011
E01006698,Liverpool 012D,889,62,47,47,71,67,85,71,58,51,63,64,50,48,37,28,18,13,6,3,F,2011
E01006700,Liverpool 012E,734,48,42,40,50,47,64,44,47,42,53,49,40,52,33,21,29,17,9,7,F,2011
E01006623,Liverpool 013A,738,25,33,45,55,39,37,23,40,59,72,70,59,61,42,37,24,12,4,1,F,2011
E01006624,Liverpool 013B,797,48,42,34,41,53,62,59,49,58,65,52,54,42,28,40,37,14,13,6,F,2011
E01006627,Liverpool 013C,722,34,37,33,41,47,51,42,37,52,52,60,51,48,31,29,38,20,14,5,F,2011
E01006671,Liverpool 013D,722,41,34,40,68,44,35,32,41,60,61,70,48,32,36,46,20,6,6,2,F,2011
E01006699,Liverpool 014A,776,39,48,46,57,69,66,56,44,47,47,48,39,44,37,31,24,12,16,6,F,2011
E01006701,Liverpool 014B,687,36,21,31,56,43,35,51,35,43,52,69,67,47,36,28,17,10,10,0,F,2011
E01006702,Liverpool 014C,833,49,49,56,40,75,72,46,61,48,48,57,60,47,32,34,24,20,12,3,F,2011
E01006703,Liverpool 014D,727,33,28,46,46,38,44,45,45,64,44,49,53,60,31,35,24,19,11,12,F,2011
E01006778,Liverpool 014E,1102,61,49,37,69,112,91,69,64,86,77,86,75,69,44,44,36,16,10,7,F,2011
E01006541,Liverpool 015A,806,37,44,32,44,64,59,52,42,52,66,52,41,53,37,40,38,27,13,13,F,2011
E01006543,Liverpool 015B,650,32,22,30,53,57,37,23,27,46,64,58,35,44,35,31,21,18,8,9,F,2011
E01006544,Liverpool 015C,916,55,46,70,74,74,59,51,49,59,85,63,52,40,30,36,36,20,10,7,F,2011
E01006616,Liverpool 015D,732,28,35,45,41,49,39,38,46,48,77,48,60,45,38,29,30,15,17,4,F,2011
E01006762,Liverpool 015E,899,48,51,62,48,69,55,53,60,67,66,65,59,49,40,33,37,25,8,4,F,2011
E01006604,Liverpool 016A,726,24,34,44,53,46,42,33,39,51,65,67,47,37,38,35,30,21,17,3,F,2011
E01006605,Liverpool 016B,793,38,36,44,51,48,41,50,48,51,67,62,61,37,23,43,33,40,13,7,F,2011
E01006618,Liverpool 016C,871,34,35,48,49,53,36,26,39,68,82,71,51,48,47,75,45,35,14,15,F,2011
E01006625,Liverpool 016D,741,25,36,50,46,32,28,25,44,58,58,59,54,47,35,46,39,36,14,9,F,2011
E01006626,Liverpool 016E,767,32,32,23,54,44,47,30,41,36,77,74,56,53,45,40,34,31,13,5,F,2011
E01006637,Liverpool 017A,889,90,58,60,67,84,64,83,57,67,51,46,41,33,24,31,15,12,4,2,F,2011
E01006638,Liverpool 017B,690,66,42,37,50,43,53,45,49,43,53,35,42,38,27,27,15,14,10,1,F,2011
E01006639,Liverpool 017C,825,61,49,53,54,55,75,55,56,58,62,52,46,32,29,33,32,15,5,3,F,2011
E01006644,Liverpool 017D,1048,88,41,64,69,76,96,74,81,72,78,62,54,45,38,31,29,27,16,7,F,2011
E01006645,Liverpool 017E,753,32,37,53,49,59,45,36,36,47,56,55,37,33,35,44,44,37,10,8,F,2011
E01006542,Liverpool 018A,698,38,35,51,59,44,59,40,31,49,60,51,24,39,16,22,19,27,24,10,F,2011
E01006558,Liverpool 018B,687,47,30,30,53,61,64,40,34,57,40,40,44,42,30,31,18,13,4,9,F,2011
E01006562,Liverpool 018E,804,59,59,33,61,66,71,53,49,49,44,74,46,51,27,17,18,9,14,4,F,2011
E01033747,Liverpool 018F,558,40,34,30,49,37,33,33,27,31,35,34,43,37,18,17,28,21,9,2,F,2011
E01006545,Liverpool 019A,804,61,50,46,64,63,56,69,41,55,51,55,39,33,29,40,20,20,10,2,F,2011
E01006546,Liverpool 019B,654,41,34,46,43,65,65,37,37,56,42,45,35,33,22,8,19,17,3,6,F,2011
E01006547,Liverpool 019C,720,44,47,47,58,65,58,52,36,55,36,56,39,30,33,25,15,15,7,2,F,2011
E01006548,Liverpool 019D,844,64,40,40,60,83,59,56,52,53,62,45,34,39,30,39,20,29,28,11,F,2011
E01006766,Liverpool 019E,651,59,37,57,40,40,57,58,49,45,39,36,36,31,16,15,18,8,4,6,F,2011
E01006767,Liverpool 019F,886,82,50,49,61,75,92,86,66,74,49,51,42,22,24,15,20,18,6,4,F,2011
E01006606,Liverpool 020A,792,40,43,39,50,41,60,52,45,58,70,51,65,40,35,38,29,20,10,6,F,2011
E01006761,Liverpool 020B,779,42,28,57,40,58,44,58,42,57,63,61,45,38,25,33,25,24,25,14,F,2011
E01006763,Liverpool 020C,738,36,40,48,46,51,75,56,50,59,53,48,30,36,28,24,23,14,15,6,F,2011
E01006764,Liverpool 020D,746,49,51,56,58,81,65,46,39,44,55,48,32,43,27,24,16,8,3,1,F,2011
E01006765,Liverpool 020E,774,29,41,39,67,42,47,51,60,57,64,57,43,49,21,30,35,22,12,8,F,2011
E01006768,Liverpool 020F,619,22,15,29,67,49,52,32,44,34,68,59,34,35,26,20,16,8,7,2,F,2011
E01006617,Liverpool 021A,754,41,29,27,44,57,57,41,43,60,78,68,39,40,33,27,38,15,8,9,F,2011
E01006619,Liverpool 021B,848,39,36,42,48,50,61,55,44,61,70,58,53,45,45,44,33,34,19,11,F,2011
E01006620,Liverpool 021C,747,21,33,44,37,38,32,31,36,44,51,56,55,57,52,49,33,35,30,13,F,2011
E01006621,Liverpool 021D,750,27,29,49,47,43,40,39,34,46,54,69,58,60,45,39,30,25,11,5,F,2011
E01006622,Liverpool 021E,766,27,35,63,54,31,36,27,48,52,66,59,43,53,48,39,40,26,13,6,F,2011
E01006640,Liverpool 021F,991,71,52,55,55,52,58,71,57,83,70,81,61,53,52,33,44,26,14,3,F,2011
E01006776,Liverpool 022B,858,34,28,41,58,54,60,63,57,55,74,71,36,54,41,36,33,32,18,13,F,2011
E01006779,Liverpool 022D,1068,70,56,55,65,69,83,67,73,57,78,72,72,58,49,40,43,30,18,13,F,2011
E01033764,Liverpool 022E,1063,55,45,58,62,74,58,70,59,61,79,74,79,72,55,58,42,38,16,8,F,2011
E01006560,Liverpool 023A,896,41,29,42,60,70,56,52,54,57,71,58,51,69,43,53,35,35,10,10,F,2011
E01006564,Liverpool 023B,877,40,30,37,43,56,56,44,60,50,51,61,89,70,66,52,46,17,6,3,F,2011
E01006646,Liverpool 023C,892,33,47,33,53,102,117,80,55,59,54,49,53,48,34,26,30,13,5,1,F,2011
E01006648,Liverpool 023D,1018,35,43,49,67,146,126,67,46,54,66,73,65,55,31,38,25,17,9,6,F,2011
E01006540,Liverpool 024A,737,64,37,34,69,81,74,51,46,54,50,38,32,22,26,18,16,16,5,4,F,2011
E01006563,Liverpool 024B,884,56,43,47,53,41,63,47,60,50,61,47,55,63,57,36,47,22,22,14,F,2011
E01006647,Liverpool 024C,766,42,46,60,57,37,42,59,50,54,55,50,46,45,36,38,27,7,12,3,F,2011
E01006693,Liverpool 024D,727,20,25,31,27,47,40,39,35,53,54,49,53,50,55,66,37,19,19,8,F,2011
E01006572,Liverpool 025A,677,41,58,47,41,31,50,52,46,37,51,51,31,29,31,29,29,13,9,1,F,2011
E01006574,Liverpool 025B,725,40,40,51,57,35,40,44,47,52,51,51,33,44,29,32,28,33,11,7,F,2011
E01006641,Liverpool 025C,908,96,77,50,32,44,82,118,90,82,54,38,36,25,16,20,20,11,12,5,F,2011
E01006642,Liverpool 025D,725,51,55,45,50,54,49,49,29,45,78,50,28,22,27,22,31,25,13,2,F,2011
E01006643,Liverpool 025E,987,78,62,81,70,68,82,83,79,79,63,51,44,39,30,30,28,14,4,2,F,2011
E01006567,Liverpool 026A,790,33,28,38,40,51,58,40,45,50,63,38,51,57,34,38,57,35,21,13,F,2011
E01006568,Liverpool 026B,864,33,45,45,54,46,49,62,70,57,60,68,61,40,35,28,32,31,26,22,F,2011
E01006570,Liverpool 026C,756,29,46,51,52,50,43,26,36,64,77,48,51,45,37,22,35,22,18,4,F,2011
E01006571,Liverpool 026D,783,23,29,50,64,43,48,39,39,50,75,60,55,47,24,27,43,38,20,9,F,2011
E01006711,Liverpool 027A,773,56,39,49,62,42,63,49,53,64,74,44,41,37,27,30,19,11,9,4,F,2011
E01006717,Liverpool 027D,718,32,32,56,49,45,32,30,55,57,69,53,46,38,25,26,33,29,7,4,F,2011
E01006718,Liverpool 027E,793,36,38,62,46,49,57,42,49,59,72,51,46,56,32,43,29,13,8,5,F,2011
E01006719,Liverpool 027F,790,43,39,53,56,48,62,54,49,66,68,44,37,44,26,30,39,21,8,3,F,2011
E01032508,Liverpool 027G,885,55,48,54,53,76,74,51,71,59,69,47,48,42,36,35,35,17,12,3,F,2011
E01032509,Liverpool 027H,764,63,54,37,35,70,94,55,50,40,51,43,31,33,22,33,17,18,6,12,F,2011
E01006690,Liverpool 028A,711,38,28,24,52,88,72,62,47,44,45,42,38,27,24,30,18,17,14,1,F,2011
E01006692,Liverpool 028B,1066,76,48,78,82,98,100,76,78,52,76,61,53,56,36,34,28,20,10,4,F,2011
E01006695,Liverpool 028C,776,50,43,52,48,113,80,66,49,59,62,37,36,31,15,5,12,7,9,2,F,2011
E01006759,Liverpool 028D,524,22,28,39,38,40,47,43,34,36,49,30,28,31,14,8,15,10,9,3,F,2011
E01006760,Liverpool 028E,609,33,23,19,44,101,64,65,33,41,42,29,18,25,28,9,14,9,8,4,F,2011
E01006565,Liverpool 029A,844,31,42,52,53,47,45,46,42,69,63,76,41,51,47,32,39,37,27,4,F,2011
E01006569,Liverpool 029B,754,23,34,43,55,40,45,29,37,42,55,65,47,47,47,36,44,24,24,17,F,2011
E01006573,Liverpool 029C,786,50,42,37,39,40,61,58,47,57,51,51,55,30,28,35,36,28,24,17,F,2011
E01006712,Liverpool 029D,725,64,47,38,42,34,67,68,51,52,43,34,34,32,31,24,18,16,15,15,F,2011
E01006713,Liverpool 029E,733,44,42,36,35,46,55,61,41,49,54,55,44,31,31,33,30,27,15,4,F,2011
E01006691,Liverpool 030A,714,51,45,51,47,68,87,66,49,40,41,38,25,24,27,21,21,10,3,0,F,2011
E01006694,Liverpool 030B,910,75,51,57,49,94,87,92,70,61,61,43,37,31,25,17,27,15,14,4,F,2011
E01006696,Liverpool 030C,882,52,65,58,48,99,63,66,71,52,63,43,52,54,22,27,22,16,7,2,F,2011
E01006697,Liverpool 030D,884,84,47,43,51,111,89,69,54,57,55,41,35,39,28,30,27,14,6,4,F,2011
E01006746,Liverpool 030E,775,27,30,41,42,173,46,31,37,48,47,41,37,29,43,36,35,25,1,6,F,2011
E01006512,Liverpool 031A,804,53,25,21,74,269,126,81,37,24,16,23,24,14,3,5,5,2,2,0,F,2011
E01006747,Liverpool 031B,1907,32,15,18,433,962,119,63,35,36,39,34,24,29,15,22,16,8,7,0,F,2011
E01006748,Liverpool 031C,892,28,19,29,45,369,68,46,31,28,39,39,36,28,31,15,23,9,7,2,F,2011
E01006751,Liverpool 031F,1334,50,55,53,176,355,103,62,53,60,60,43,45,60,44,57,28,20,10,0,F,2011
E01033763,Liverpool 031G,701,13,20,21,34,118,51,50,31,40,53,40,52,37,27,45,31,15,13,10,F,2011
E01006566,Liverpool 032A,773,48,37,42,51,37,39,41,43,42,82,50,49,49,31,27,37,33,27,8,F,2011
E01006585,Liverpool 032B,697,32,25,40,45,50,49,27,34,68,63,50,38,34,19,44,29,31,9,10,F,2011
E01006586,Liverpool 032C,961,55,42,51,64,74,91,61,50,70,83,57,50,49,25,39,41,31,18,10,F,2011
E01006587,Liverpool 032D,796,44,36,35,46,49,58,51,63,59,57,60,61,72,30,29,25,14,5,2,F,2011
E01006716,Liverpool 032E,809,66,41,44,35,57,87,49,67,46,50,50,52,30,19,27,21,23,21,24,F,2011
E01006575,Liverpool 034A,686,32,26,38,41,37,43,42,43,52,56,46,43,36,29,36,42,27,12,5,F,2011
E01006576,Liverpool 034B,887,51,45,56,46,44,41,47,58,86,84,69,48,55,39,35,41,28,7,7,F,2011
E01006577,Liverpool 034C,776,38,31,32,61,42,31,30,53,64,80,73,44,59,34,29,34,23,8,10,F,2011
E01006579,Liverpool 034D,845,47,45,52,51,35,38,39,48,61,85,61,61,55,53,29,32,28,14,11,F,2011
E01006584,Liverpool 034E,705,39,22,37,53,29,35,35,49,49,51,57,52,62,29,41,28,20,9,8,F,2011
E01006720,Liverpool 035A,1022,85,65,55,51,212,150,84,65,47,42,29,38,26,17,13,27,11,2,3,F,2011
E01006725,Liverpool 035B,750,45,33,26,29,86,88,60,38,45,54,39,46,46,37,30,17,18,10,3,F,2011
E01006726,Liverpool 035C,804,55,34,43,56,177,84,51,48,39,45,38,34,32,20,13,18,9,6,2,F,2011
E01006727,Liverpool 035D,693,43,30,27,40,81,76,52,32,56,48,40,49,37,36,16,13,9,5,3,F,2011
E01006728,Liverpool 035E,835,65,45,41,39,112,96,77,54,59,50,41,31,25,18,23,24,20,10,5,F,2011
E01006752,Liverpool 035F,470,32,22,19,29,60,35,32,27,34,35,36,25,28,19,21,9,4,1,2,F,2011
E01006578,Liverpool 036A,724,55,50,41,40,48,51,53,42,44,60,52,35,38,36,32,14,19,10,4,F,2011
E01006580,Liverpool 036B,686,32,44,33,49,39,28,27,29,57,62,73,46,40,33,37,21,15,16,5,F,2011
E01006581,Liverpool 036C,823,47,50,43,48,55,37,29,47,77,62,70,48,64,48,34,23,19,15,7,F,2011
E01006773,Liverpool 036D,686,32,36,30,33,52,32,40,55,51,58,55,45,55,30,36,22,13,8,3,F,2011
E01006774,Liverpool 036E,744,36,35,43,60,36,39,49,36,57,86,67,51,44,27,23,26,15,8,6,F,2011
E01006514,Liverpool 037A,921,20,13,16,97,322,98,81,46,48,38,36,39,19,14,17,5,5,6,1,F,2011
E01006515,Liverpool 037B,611,34,27,35,26,68,67,46,48,32,31,28,35,30,18,28,24,12,20,2,F,2011
E01006673,Liverpool 037D,920,93,46,57,63,121,90,79,63,60,48,36,30,39,29,25,26,8,3,4,F,2011
E01033757,Liverpool 037E,429,12,7,6,51,191,28,36,17,17,16,9,14,5,4,9,4,2,0,1,F,2011
E01033768,Liverpool 037F,476,20,4,11,17,84,66,53,41,46,48,24,21,16,4,10,7,2,1,1,F,2011
E01006550,Liverpool 038A,812,13,13,13,43,485,59,22,19,24,24,19,20,16,16,8,9,6,3,0,F,2011
E01006557,Liverpool 038B,1022,25,13,24,58,617,65,42,22,21,23,25,20,25,11,13,6,10,1,1,F,2011
E01006721,Liverpool 038C,845,64,37,32,44,145,97,69,51,42,41,40,39,26,23,17,35,19,10,14,F,2011
E01006722,Liverpool 038D,852,30,29,34,62,361,66,49,29,27,29,29,24,17,16,19,12,9,5,5,F,2011
E01006723,Liverpool 038E,903,24,27,27,54,348,77,44,35,33,30,38,41,34,30,24,18,12,2,5,F,2011
E01006724,Liverpool 038F,875,17,15,18,66,431,59,34,21,30,35,24,23,26,23,18,17,12,5,1,F,2011
E01006552,Liverpool 039A,918,112,84,65,32,106,108,76,80,51,48,31,36,23,27,18,15,4,2,0,F,2011
E01006556,Liverpool 039B,925,94,57,56,62,108,89,75,57,56,59,53,46,29,21,18,24,9,9,3,F,2011
E01006674,Liverpool 039C,926,93,73,74,64,64,85,74,63,58,46,44,30,43,34,35,26,9,9,2,F,2011
E01006679,Liverpool 039D,1117,122,105,87,97,73,95,98,71,56,49,53,36,35,33,48,26,14,11,8,F,2011
E01006709,Liverpool 040A,701,37,35,28,48,43,47,42,37,43,53,57,49,34,31,25,28,26,24,14,F,2011
E01006769,Liverpool 040B,639,27,30,42,26,17,35,39,39,46,35,40,39,34,42,36,38,35,26,13,F,2011
E01006770,Liverpool 040C,544,28,31,25,37,35,32,28,27,41,37,39,31,40,28,26,24,18,13,4,F,2011
E01006771,Liverpool 040D,796,48,27,45,49,46,42,41,46,58,68,39,49,49,54,54,43,16,15,7,F,2011
E01006772,Liverpool 040E,571,20,28,32,35,38,19,21,31,39,43,66,44,42,28,21,27,21,11,5,F,2011
E01006775,Liverpool 040F,725,29,34,38,54,37,39,38,32,56,65,55,39,56,56,39,39,15,4,0,F,2011
E01006582,Liverpool 041A,841,35,51,59,55,50,24,43,41,72,86,70,50,57,46,34,22,30,7,9,F,2011
E01006589,Liverpool 041B,793,47,39,36,47,40,34,43,47,62,69,65,66,56,40,21,28,34,15,4,F,2011
E01006591,Liverpool 041C,824,40,25,40,44,101,76,60,59,55,62,55,56,56,21,25,14,15,18,2,F,2011
E01006592,Liverpool 041D,841,30,34,53,43,70,54,27,35,51,65,62,55,51,51,38,38,41,31,12,F,2011
E01006597,Liverpool 041E,893,44,47,39,39,66,45,54,42,70,68,71,61,62,43,38,37,31,21,15,F,2011
E01006553,Liverpool 042A,955,31,34,20,43,433,81,68,46,37,31,25,27,27,16,17,4,11,4,0,F,2011
E01006588,Liverpool 042C,791,35,25,26,32,107,89,41,46,49,45,53,61,31,34,25,26,17,25,24,F,2011
E01006590,Liverpool 042D,780,28,33,27,24,159,89,72,46,43,45,49,33,28,25,20,23,22,9,5,F,2011
E01006593,Liverpool 042E,778,41,31,23,37,127,90,88,42,59,48,39,37,32,26,13,22,12,8,3,F,2011
E01033749,Liverpool 042F,545,5,2,4,224,245,18,9,5,7,5,5,2,5,3,2,1,3,0,0,F,2011
E01033766,Liverpool 042G,515,16,14,22,25,122,70,40,27,37,30,20,19,27,15,11,7,8,3,2,F,2011
E01006520,Liverpool 043A,759,25,10,11,14,82,164,121,63,48,44,22,25,27,25,15,19,18,17,9,F,2011
E01006549,Liverpool 043B,647,29,15,13,30,124,102,82,44,40,23,23,31,23,20,16,4,13,6,9,F,2011
E01006675,Liverpool 043C,758,24,18,19,27,90,136,100,71,39,52,33,29,41,14,15,15,18,9,8,F,2011
E01006677,Liverpool 043D,587,49,60,40,29,42,54,40,48,47,28,34,28,27,20,18,13,4,4,2,F,2011
E01006518,Liverpool 044A,846,40,39,42,46,50,44,51,54,63,71,67,47,48,36,33,46,34,23,12,F,2011
E01006630,Liverpool 044B,728,43,50,55,58,39,46,34,53,49,72,67,43,37,27,20,21,13,1,0,F,2011
E01006632,Liverpool 044C,912,61,59,59,54,70,75,77,52,72,65,39,48,44,41,26,39,19,6,6,F,2011
E01006676,Liverpool 044D,894,89,53,70,70,54,78,82,61,52,47,66,40,45,24,30,17,8,6,2,F,2011
E01006678,Liverpool 044E,998,43,52,53,59,83,72,60,55,82,76,70,45,75,47,50,32,21,11,12,F,2011
E01006706,Liverpool 045A,722,28,32,42,62,42,36,38,27,73,70,35,38,48,55,58,24,9,3,2,F,2011
E01006707,Liverpool 045B,724,42,30,44,54,30,33,38,48,46,54,42,45,46,43,48,46,19,12,4,F,2011
E01006708,Liverpool 045C,964,54,54,51,73,44,69,57,70,76,87,53,38,48,44,36,43,29,25,13,F,2011
E01006710,Liverpool 045D,810,57,44,40,60,69,53,45,47,67,59,42,51,62,46,38,23,4,2,1,F,2011
E01006792,Liverpool 046A,701,35,28,39,34,30,27,23,34,37,60,57,53,43,48,53,40,38,15,7,F,2011
E01006794,Liverpool 046B,829,50,31,31,35,42,46,51,48,61,70,60,63,64,52,36,32,22,22,13,F,2011
E01006800,Liverpool 046C,692,17,21,18,27,26,22,34,26,39,46,51,49,54,55,75,66,41,20,5,F,2011
E01006801,Liverpool 046D,716,23,23,29,23,40,33,29,26,33,62,51,52,59,53,61,57,32,18,12,F,2011
E01006532,Liverpool 047A,774,21,31,53,57,25,27,26,33,57,66,66,72,56,53,46,31,30,17,7,F,2011
E01006539,Liverpool 047B,727,24,23,37,48,26,18,36,18,47,67,66,81,73,44,37,32,23,20,7,F,2011
E01006583,Liverpool 047C,1016,34,34,46,284,141,28,20,28,48,50,67,52,47,43,26,24,33,8,3,F,2011
E01006594,Liverpool 047D,743,23,27,41,55,45,29,20,31,50,60,78,64,66,37,31,33,27,18,8,F,2011
E01006796,Liverpool 047E,803,41,41,42,62,42,32,20,44,56,69,69,47,75,48,33,19,27,22,14,F,2011
E01006522,Liverpool 048A,725,26,15,12,24,81,158,110,72,64,28,44,29,26,7,10,5,7,7,0,F,2011
E01006524,Liverpool 048B,1297,30,22,19,508,145,68,55,43,38,30,33,32,29,32,28,47,46,55,37,F,2011
E01006526,Liverpool 048C,725,34,26,23,32,19,55,64,53,54,60,42,39,43,33,29,33,32,31,23,F,2011
E01006529,Liverpool 048D,665,42,34,28,30,47,49,53,46,72,45,48,30,39,29,31,13,18,6,5,F,2011
E01006551,Liverpool 048E,786,24,18,11,159,97,45,34,36,26,38,33,32,41,41,40,30,34,27,20,F,2011
E01006554,Liverpool 048F,819,33,29,28,51,288,76,47,34,40,44,37,35,33,20,7,4,6,2,5,F,2011
E01006525,Liverpool 049A,608,33,23,21,35,36,33,34,34,35,52,50,44,47,39,27,31,20,9,5,F,2011
E01006595,Liverpool 049B,939,48,37,37,39,49,82,82,79,61,50,69,54,48,55,42,48,33,11,15,F,2011
E01006596,Liverpool 049C,742,27,24,41,39,54,57,38,41,53,53,61,74,43,25,31,34,22,15,10,F,2011
E01006689,Liverpool 049D,858,38,54,43,39,40,54,56,60,67,83,59,49,52,41,39,36,29,13,6,F,2011
E01006633,Liverpool 050B,736,42,33,41,62,43,42,48,44,42,70,49,49,36,32,36,26,21,12,8,F,2011
E01032505,Liverpool 050F,694,43,28,29,51,38,58,41,42,56,45,62,51,38,41,14,29,16,4,8,F,2011
E01032506,Liverpool 050G,666,44,19,27,29,59,79,56,53,45,34,37,41,46,27,21,20,21,5,3,F,2011
E01032507,Liverpool 050H,797,36,26,23,48,91,103,98,67,52,59,39,32,44,25,22,16,10,5,1,F,2011
E01033748,Liverpool 050I,562,26,8,5,8,125,144,98,35,29,13,19,18,16,3,7,3,4,1,0,F,2011
E01033767,Liverpool 050J,558,38,20,24,36,51,51,58,33,35,41,36,26,30,22,19,18,11,8,1,F,2011
E01006793,Liverpool 051A,763,39,36,33,36,41,57,43,54,48,36,43,53,52,40,47,34,38,22,11,F,2011
E01006795,Liverpool 051B,720,40,38,36,43,21,39,44,38,48,58,65,58,53,33,22,38,31,11,4,F,2011
E01006797,Liverpool 051C,769,39,39,42,55,35,44,52,37,62,66,63,44,34,26,38,34,29,24,6,F,2011
E01006798,Liverpool 051D,728,42,32,20,36,54,38,36,32,47,58,57,59,63,32,39,28,32,16,7,F,2011
E01006799,Liverpool 051E,930,36,14,32,26,34,52,45,40,47,45,69,70,67,53,59,82,75,44,40,F,2011
E01006521,Liverpool 052A,816,30,35,27,20,63,70,73,50,52,52,40,36,49,37,35,46,49,32,20,F,2011
E01006523,Liverpool 052B,746,33,26,16,21,62,119,109,51,48,45,35,39,47,16,19,17,18,18,7,F,2011
E01006528,Liverpool 052C,704,36,30,29,32,94,83,60,43,46,56,41,39,33,19,9,9,14,17,14,F,2011
E01006628,Liverpool 052D,997,32,38,38,114,170,96,74,54,62,49,53,52,44,28,21,23,26,16,7,F,2011
E01006629,Liverpool 052E,661,16,20,14,33,55,61,46,31,38,43,74,35,51,40,37,21,22,14,10,F,2011
E01006527,Liverpool 053A,775,32,23,24,79,54,49,43,58,48,57,47,47,36,43,37,41,33,18,6,F,2011
E01006680,Liverpool 053B,781,27,40,47,37,36,34,41,39,61,69,72,66,47,46,40,40,17,15,7,F,2011
E01006682,Liverpool 053C,667,33,25,46,39,33,19,31,32,39,64,53,59,58,42,35,24,13,15,7,F,2011
E01006683,Liverpool 053D,794,26,39,50,52,54,29,31,37,61,78,75,56,49,37,34,40,24,17,5,F,2011
E01006686,Liverpool 053E,740,31,37,38,43,53,27,25,30,50,65,72,55,51,33,40,33,33,14,10,F,2011
E01006534,Liverpool 054A,785,26,33,50,63,42,37,28,49,63,89,80,52,32,28,40,28,26,14,5,F,2011
E01006535,Liverpool 054B,870,36,25,38,69,39,42,45,46,78,74,75,52,50,43,36,42,34,25,21,F,2011
E01006536,Liverpool 054C,973,42,44,59,60,67,54,42,58,77,97,82,53,61,39,44,38,23,22,11,F,2011
E01006681,Liverpool 054D,794,30,29,36,46,48,45,44,37,66,64,67,57,53,41,29,37,30,20,15,F,2011
E01006530,Liverpool 055A,757,28,35,31,43,42,35,28,35,34,69,62,51,61,40,31,54,38,35,5,F,2011
E01006531,Liverpool 055B,767,18,27,23,40,27,24,25,25,45,52,60,43,48,45,79,83,55,34,14,F,2011
E01006533,Liverpool 055C,724,35,27,28,32,34,23,18,39,53,47,58,52,59,53,34,50,32,33,17,F,2011
E01006537,Liverpool 055D,1153,75,62,50,64,112,124,105,73,59,81,86,56,61,43,35,28,24,6,9,F,2011
E01006538,Liverpool 055E,679,28,34,32,54,33,32,39,33,44,73,65,38,29,33,34,37,18,20,3,F,2011
E01006519,Liverpool 056A,656,26,22,47,35,29,26,23,36,52,76,53,60,50,31,29,18,28,8,7,F,2011
E01006684,Liverpool 056B,1076,67,42,57,52,42,95,82,76,85,87,65,68,69,51,36,35,29,24,14,F,2011
E01006685,Liverpool 056C,789,21,38,30,43,67,45,33,29,56,47,64,64,69,54,37,24,34,20,14,F,2011
E01006687,Liverpool 056D,916,62,23,26,33,54,78,74,69,53,67,62,65,64,45,41,31,33,22,14,F,2011
E01006688,Liverpool 056E,778,47,37,37,30,51,80,55,49,47,59,42,53,52,37,37,17,26,15,7,F,2011
E01006740,Liverpool 057A,603,29,32,38,41,38,51,40,52,41,55,27,26,41,22,22,20,12,13,3,F,2011
E01006742,Liverpool 057B,701,37,33,32,41,37,52,57,33,49,64,58,45,33,28,44,19,23,11,5,F,2011
E01006744,Liverpool 057C,765,53,42,36,27,46,76,69,66,57,49,51,38,36,31,31,20,20,10,7,F,2011
E01006745,Liverpool 057D,913,71,57,40,57,84,119,80,55,59,51,69,34,40,21,16,25,17,12,6,F,2011
E01006738,Liverpool 058A,831,62,39,43,60,54,79,40,59,52,61,63,45,39,39,34,17,23,16,6,F,2011
E01006739,Liverpool 058B,929,62,71,61,79,57,66,56,55,63,84,62,44,38,34,31,24,23,11,8,F,2011
E01006741,Liverpool 058C,934,45,48,60,60,68,60,47,59,84,84,73,54,40,33,39,35,30,12,3,F,2011
E01006743,Liverpool 058D,1101,88,67,55,54,83,109,96,90,83,84,69,45,39,33,27,34,28,11,6,F,2011
E01006753,Liverpool 059A,838,73,52,65,56,77,63,56,45,41,61,54,33,42,32,28,31,14,14,1,F,2011
E01006754,Liverpool 059B,844,45,41,58,51,62,64,67,46,45,63,59,57,47,32,32,17,34,15,9,F,2011
E01006755,Liverpool 059C,863,65,53,60,58,66,87,70,52,41,55,51,58,32,17,24,28,21,19,6,F,2011
E01006756,Liverpool 059D,979,88,65,69,78,75,97,75,52,57,66,60,44,41,25,22,28,20,13,4,F,2011
E01006757,Liverpool 059E,801,74,55,56,69,52,69,68,49,49,49,37,34,39,23,28,20,12,14,4,F,2011
E01006758,Liverpool 059F,825,72,46,62,53,58,75,64,40,45,66,48,49,38,32,20,22,22,7,6,F,2011
E01006513,Liverpool 060A,1468,10,5,9,311,773,166,49,31,23,23,13,7,17,5,7,6,6,3,4,F,2011
E01033758,Liverpool 060B,840,9,5,9,155,454,80,31,23,16,7,14,11,13,5,2,2,3,0,1,F,2011
E01033760,Liverpool 060C,1070,5,4,3,429,492,70,26,14,8,5,4,4,1,4,0,1,0,0,0,F,2011
E01033761,Liverpool 060D,521,8,3,1,15,222,152,72,23,9,9,4,1,0,1,0,0,0,1,0,F,2011
E01033762,Liverpool 060E,844,7,1,3,255,386,78,33,14,7,7,5,7,9,5,6,6,5,8,2,F,2011
E01033750,Liverpool 061A,544,29,9,4,8,110,132,77,30,26,34,26,24,17,10,2,1,2,2,1,F,2011
E01033754,Liverpool 061B,658,14,13,15,17,167,157,49,32,28,24,20,33,23,19,18,14,7,6,2,F,2011
E01033756,Liverpool 061C,442,17,3,2,14,150,109,53,26,11,9,6,16,14,8,1,2,1,0,0,F,2011
E01033765,Liverpool 061D,694,44,45,48,36,51,69,37,43,57,48,57,40,39,29,15,20,12,4,0,F,2011
E01033751,Liverpool 062A,825,7,21,14,172,261,95,39,46,37,27,30,25,18,12,9,11,1,0,0,F,2011
E01033752,Liverpool 062B,449,20,2,4,7,122,129,87,25,17,12,10,6,6,0,0,1,1,0,0,F,2011
E01033753,Liverpool 062C,355,8,7,0,8,93,129,41,22,14,15,7,6,1,3,1,0,0,0,0,F,2011
E01033755,Liverpool 062D,430,16,6,1,5,147,143,54,25,11,9,3,3,4,0,1,0,1,1,0,F,2011
E08000014,,142680,7064,6746,7629,8200,7722,7478,6834,8067,9622,11052,10485,9154,9469,8144,7581,6731,5418,3260,2024,F,2011
E01006946,Sefton 001A,749,18,22,31,38,33,27,26,31,35,49,47,52,61,68,62,57,54,27,11,F,2011
E01007028,Sefton 001B,697,37,40,28,24,30,34,49,49,46,41,50,49,59,49,45,29,20,12,6,F,2011
E01007029,Sefton 001C,700,13,21,29,27,17,19,15,18,35,30,43,50,67,57,95,62,55,30,17,F,2011
E01007030,Sefton 001D,827,52,59,60,54,37,44,55,62,62,60,50,38,48,36,23,37,23,18,9,F,2011
E01007036,Sefton 001E,635,20,22,26,32,34,19,30,35,40,53,46,52,64,51,38,34,23,11,5,F,2011
E01006947,Sefton 002A,747,34,35,29,46,29,19,25,28,54,57,63,53,62,57,57,42,33,18,6,F,2011
E01007031,Sefton 002B,772,28,51,47,56,28,29,27,52,58,78,65,51,48,45,36,36,19,13,5,F,2011
E01007032,Sefton 002C,712,40,30,44,36,32,23,23,40,60,49,63,46,51,42,41,38,28,18,8,F,2011
E01007033,Sefton 002D,797,32,55,44,43,28,28,29,47,49,54,63,46,55,54,46,48,36,29,11,F,2011
E01007035,Sefton 002E,779,30,36,43,39,19,17,22,39,43,67,48,57,64,63,43,42,38,32,37,F,2011
E01006944,Sefton 003A,928,18,10,14,26,40,37,30,30,23,35,30,42,57,91,92,92,111,84,66,F,2011
E01006948,Sefton 003B,730,21,29,31,32,26,30,28,32,47,44,49,56,60,53,57,41,40,31,23,F,2011
E01006949,Sefton 003C,775,14,25,37,32,26,29,17,22,29,51,50,66,56,77,58,63,50,43,30,F,2011
E01006951,Sefton 003D,794,20,20,21,27,24,28,18,36,37,51,61,59,73,62,69,53,46,55,34,F,2011
E01007034,Sefton 003E,741,25,35,37,43,28,13,19,43,41,65,55,49,56,39,46,42,44,39,22,F,2011
E01006945,Sefton 004A,842,27,19,21,21,42,52,39,46,45,50,66,39,62,57,54,62,58,52,30,F,2011
E01006950,Sefton 004B,775,33,17,9,30,85,72,47,33,47,43,31,43,51,39,40,40,49,29,37,F,2011
E01006968,Sefton 004C,905,42,16,18,45,81,85,42,39,47,42,53,52,53,28,45,49,66,59,43,F,2011
E01006969,Sefton 004D,718,48,41,30,42,49,42,49,40,52,65,45,29,44,26,24,29,24,20,19,F,2011
E01033094,Sefton 004F,490,27,7,9,22,45,49,43,23,24,27,43,30,30,30,30,27,12,9,3,F,2011
E01033097,Sefton 004G,530,43,18,13,23,47,50,30,31,27,34,27,25,34,32,23,26,29,9,9,F,2011
E01007055,Sefton 005A,763,67,50,59,45,35,48,52,49,65,66,48,37,48,28,25,20,13,6,2,F,2011
E01007056,Sefton 005B,829,65,42,51,48,40,61,68,67,68,68,64,35,38,30,24,35,13,9,3,F,2011
E01007057,Sefton 005C,803,58,36,33,49,64,75,48,55,61,48,63,36,33,42,28,45,15,11,3,F,2011
E01007062,Sefton 005D,726,29,35,49,49,43,37,33,45,53,60,73,44,44,39,27,34,12,14,6,F,2011
E01007063,Sefton 005E,830,52,56,56,65,33,49,38,62,63,82,45,46,44,39,27,30,21,14,8,F,2011
E01007058,Sefton 006A,695,34,38,36,34,60,57,39,48,45,51,65,42,48,43,15,15,20,3,2,F,2011
E01007059,Sefton 006B,781,46,48,42,45,45,33,43,74,69,65,59,39,47,42,31,18,19,10,6,F,2011
E01007060,Sefton 006C,757,48,44,34,51,37,43,49,48,52,65,58,46,40,19,24,26,25,25,23,F,2011
E01007061,Sefton 006D,747,49,57,49,52,27,54,55,64,62,58,57,44,31,32,18,17,10,5,6,F,2011
E01007064,Sefton 006E,659,34,32,52,49,26,28,28,37,55,62,65,52,40,27,19,13,20,12,8,F,2011
E01006934,Sefton 007A,791,38,51,57,44,33,44,37,65,55,58,51,67,52,33,26,32,24,21,3,F,2011
E01006970,Sefton 007B,827,54,46,38,47,50,83,48,54,43,48,45,58,47,46,37,27,23,17,16,F,2011
E01006994,Sefton 007C,836,74,57,57,44,53,66,51,58,67,49,64,46,42,24,24,22,19,6,13,F,2011
E01006996,Sefton 007D,780,46,39,50,40,50,57,34,45,52,74,53,33,42,40,28,35,24,21,17,F,2011
E01006998,Sefton 007E,862,72,44,56,37,46,79,52,70,63,61,65,55,36,30,33,38,14,5,6,F,2011
E01006995,Sefton 008A,687,30,40,52,51,35,27,17,45,55,68,49,49,51,18,26,20,27,12,15,F,2011
E01006997,Sefton 008B,784,56,46,46,49,53,60,55,51,60,69,49,49,37,37,21,20,12,9,5,F,2011
E01006999,Sefton 008C,848,33,50,41,38,37,50,47,50,60,57,63,52,65,48,66,35,35,16,5,F,2011
E01007000,Sefton 008D,673,41,39,46,43,49,26,25,49,66,54,58,47,43,34,19,20,8,5,1,F,2011
E01007001,Sefton 008E,849,63,48,60,44,41,59,62,64,71,57,69,47,34,34,30,18,20,18,10,F,2011
E01007002,Sefton 008F,695,23,30,32,32,39,32,32,36,47,47,64,55,61,39,47,31,32,10,6,F,2011
E01006928,Sefton 009A,741,28,35,45,50,25,21,27,43,48,74,61,50,76,37,36,46,20,11,8,F,2011
E01006935,Sefton 009B,878,45,45,57,61,45,40,27,57,73,84,60,53,47,34,51,27,38,19,15,F,2011
E01006971,Sefton 009C,830,10,23,24,28,25,30,16,29,39,49,39,47,79,64,80,102,76,36,34,F,2011
E01006972,Sefton 009D,920,13,21,20,30,23,17,18,18,30,47,53,46,68,90,89,87,88,79,83,F,2011
E01006973,Sefton 009E,888,20,28,29,38,37,24,24,23,41,55,43,48,74,50,65,71,70,72,76,F,2011
E01006974,Sefton 009F,849,15,36,50,53,39,26,23,31,49,79,79,52,73,59,54,47,36,30,18,F,2011
E01006929,Sefton 010A,802,50,46,48,44,58,54,36,58,65,67,66,44,42,51,21,31,11,6,4,F,2011
E01006930,Sefton 010B,758,45,39,39,47,36,41,49,48,67,55,47,56,55,36,36,22,23,7,10,F,2011
E01006931,Sefton 010C,833,42,29,55,51,36,38,28,43,58,83,63,51,58,55,38,42,36,22,5,F,2011
E01006932,Sefton 010D,779,33,46,52,40,36,28,21,36,60,76,73,67,60,54,30,24,22,11,10,F,2011
E01006933,Sefton 010E,745,54,46,48,34,33,37,49,52,51,64,53,39,40,34,32,35,24,14,6,F,2011
E01006920,Sefton 011A,867,43,51,60,53,39,35,37,31,73,73,54,51,42,52,39,50,49,25,10,F,2011
E01006924,Sefton 011B,790,54,36,49,48,28,45,38,46,57,40,55,31,50,52,53,44,39,16,9,F,2011
E01006925,Sefton 011C,805,48,52,52,41,55,50,44,35,58,68,63,61,45,35,33,13,23,24,5,F,2011
E01006927,Sefton 011D,864,29,32,43,51,30,19,32,61,60,71,68,56,54,42,67,49,51,29,20,F,2011
E01006921,Sefton 012A,694,18,26,25,29,20,15,11,22,36,51,42,48,64,85,66,52,45,24,15,F,2011
E01006922,Sefton 012B,723,21,26,27,37,26,22,25,25,34,58,46,72,77,83,50,46,28,10,10,F,2011
E01006923,Sefton 012C,784,30,23,39,30,18,20,19,33,45,46,52,46,68,76,74,79,58,23,5,F,2011
E01006926,Sefton 012D,822,18,33,36,32,30,16,21,29,41,64,66,53,101,99,52,53,39,28,11,F,2011
E01006985,Sefton 013A,768,26,39,49,44,24,20,20,44,49,63,55,62,70,77,46,30,28,16,6,F,2011
E01006986,Sefton 013B,666,21,21,31,38,30,26,9,19,40,45,54,50,64,75,53,41,27,15,7,F,2011
E01006987,Sefton 013C,645,24,24,33,30,17,20,18,25,35,47,48,46,61,60,64,49,32,10,2,F,2011
E01006989,Sefton 013D,695,15,22,37,32,24,17,13,24,44,54,47,50,68,71,66,51,36,16,8,F,2011
E01006990,Sefton 013E,633,27,25,41,25,28,16,26,33,42,53,43,46,64,43,56,36,24,4,1,F,2011
E01006988,Sefton 014A,758,34,26,25,40,28,24,27,43,48,59,45,44,40,78,50,45,47,25,30,F,2011
E01007079,Sefton 014B,814,30,28,57,42,20,18,39,51,51,58,52,45,65,70,58,50,38,31,11,F,2011
E01007080,Sefton 014C,767,41,49,41,37,19,26,43,48,56,45,46,47,69,64,45,34,27,12,18,F,2011
E01007081,Sefton 014D,788,34,29,21,37,31,18,34,32,54,42,59,42,57,64,60,54,62,41,17,F,2011
E01006991,Sefton 015A,761,23,33,47,41,20,25,21,29,50,55,58,46,80,76,69,45,29,10,4,F,2011
E01006992,Sefton 015B,592,18,23,31,36,18,27,13,20,38,54,42,37,44,38,42,40,30,17,24,F,2011
E01006993,Sefton 015C,779,33,32,45,51,37,20,23,39,52,48,67,66,65,61,56,41,24,13,6,F,2011
E01007078,Sefton 015D,794,30,33,34,60,18,16,37,47,50,60,49,58,60,53,61,60,31,29,8,F,2011
E01007075,Sefton 016A,745,30,28,51,43,28,25,30,31,60,47,42,48,51,69,64,45,32,13,8,F,2011
E01007076,Sefton 016B,739,30,27,51,43,24,23,28,38,51,66,60,55,43,63,37,39,31,16,14,F,2011
E01007077,Sefton 016C,783,32,55,41,46,29,32,43,59,60,58,53,53,48,39,46,39,29,15,6,F,2011
E01007082,Sefton 016D,732,32,38,26,34,21,38,23,53,57,56,44,39,51,64,60,54,24,12,6,F,2011
E01007067,Sefton 017A,730,30,31,36,38,31,34,19,40,55,60,58,56,59,48,48,32,24,22,9,F,2011
E01007068,Sefton 017B,659,30,35,42,37,34,29,25,44,36,64,60,42,64,29,44,24,12,5,3,F,2011
E01007069,Sefton 017C,785,35,35,47,28,32,35,31,50,40,64,60,51,53,51,52,45,34,27,15,F,2011
E01007070,Sefton 017D,737,24,23,32,45,21,23,24,42,37,59,53,74,67,65,47,56,29,15,1,F,2011
E01007101,Sefton 017E,740,23,21,37,33,31,36,25,37,41,65,50,49,57,40,68,57,53,14,3,F,2011
E01007095,Sefton 018C,829,20,32,54,37,35,28,33,48,56,48,58,50,55,64,51,70,49,32,9,F,2011
E01007096,Sefton 018D,714,17,26,35,50,33,35,11,44,49,50,55,36,53,54,56,62,35,9,4,F,2011
E01007100,Sefton 018E,726,34,32,30,44,28,36,36,35,38,69,57,41,56,46,51,43,31,16,3,F,2011
E01033096,Sefton 018F,1265,58,55,54,76,62,50,49,59,97,109,97,88,118,92,78,60,28,28,7,F,2011
E01007074,Sefton 019A,805,30,42,44,50,41,47,33,36,68,65,65,57,46,45,45,38,30,15,8,F,2011
E01007097,Sefton 019B,788,29,31,35,42,38,47,34,40,46,63,49,48,68,47,64,58,32,13,4,F,2011
E01007098,Sefton 019C,721,22,28,33,35,29,28,35,22,56,58,62,57,47,48,45,53,39,11,13,F,2011
E01007099,Sefton 019D,833,13,26,25,48,49,29,15,35,43,47,55,55,65,53,55,75,61,45,39,F,2011
E01007065,Sefton 020A,673,29,31,41,39,33,47,51,50,43,55,54,44,41,38,32,15,15,11,4,F,2011
E01007066,Sefton 020B,812,45,50,42,42,53,50,38,63,63,70,57,45,51,39,37,35,20,11,1,F,2011
E01007071,Sefton 020C,648,21,23,35,47,39,21,22,28,41,55,53,57,52,41,48,30,21,11,3,F,2011
E01007072,Sefton 020D,764,10,22,27,32,29,21,9,27,40,50,40,58,53,75,69,79,57,42,24,F,2011
E01007073,Sefton 020E,692,33,30,41,39,41,26,33,28,51,67,69,46,40,38,29,45,21,9,6,F,2011
E01007020,Sefton 021A,738,31,35,48,64,44,44,35,39,50,72,53,44,42,33,26,29,30,15,4,F,2011
E01007022,Sefton 021B,705,44,28,42,39,36,37,27,45,42,60,51,53,43,41,38,35,26,13,5,F,2011
E01007023,Sefton 021C,717,26,37,28,48,36,36,20,26,49,62,53,59,59,41,36,36,25,22,18,F,2011
E01007027,Sefton 021D,1047,32,37,44,49,52,38,31,43,57,92,114,105,103,83,63,43,33,20,8,F,2011
E01007037,Sefton 021E,803,21,35,37,44,42,22,26,42,39,68,70,75,51,65,54,52,36,13,11,F,2011
E01007038,Sefton 021F,778,39,19,46,37,43,44,35,36,33,85,68,50,64,58,39,31,29,14,8,F,2011
E01006936,Sefton 022A,800,17,18,31,38,27,22,27,25,49,57,65,51,72,61,59,65,62,37,17,F,2011
E01006937,Sefton 022B,673,29,53,55,42,28,18,19,30,48,63,59,56,53,38,27,15,21,12,7,F,2011
E01006938,Sefton 022C,643,13,9,27,37,22,17,16,21,33,32,55,55,67,60,40,41,45,33,20,F,2011
E01006939,Sefton 022D,797,44,28,45,44,44,48,49,40,63,69,62,59,50,28,33,21,34,25,11,F,2011
E01006940,Sefton 022E,763,28,33,51,39,30,22,24,31,48,59,47,63,63,48,44,35,44,25,29,F,2011
E01006943,Sefton 022F,652,26,26,37,50,36,16,16,37,41,59,63,52,47,37,30,24,31,18,6,F,2011
E01007083,Sefton 023A,633,33,27,37,48,42,42,27,34,43,53,47,37,44,30,31,24,25,8,1,F,2011
E01007085,Sefton 023B,740,56,39,50,62,51,52,31,53,51,60,42,36,31,23,23,33,27,16,4,F,2011
E01007086,Sefton 023C,697,41,31,30,26,51,37,22,38,38,45,38,43,36,31,31,37,60,36,26,F,2011
E01007091,Sefton 023D,701,26,33,41,35,46,33,19,27,51,57,50,47,42,39,62,45,29,14,5,F,2011
E01007092,Sefton 023E,594,29,29,29,40,50,30,21,33,36,37,44,30,29,26,38,32,33,20,8,F,2011
E01006979,Sefton 024A,757,53,64,46,47,58,59,52,42,57,47,43,32,29,43,41,23,15,6,0,F,2011
E01006980,Sefton 024B,765,59,43,58,44,68,59,45,56,49,56,44,37,37,30,28,22,15,9,6,F,2011
E01007024,Sefton 024C,652,41,22,25,34,44,36,32,37,28,66,47,54,24,20,27,38,32,28,17,F,2011
E01007026,Sefton 024D,619,23,23,31,45,32,30,22,33,51,55,54,35,40,28,27,38,27,19,6,F,2011
E01007089,Sefton 024E,746,38,37,45,49,45,45,47,46,45,51,53,51,43,30,25,38,35,14,9,F,2011
E01007021,Sefton 025A,675,15,27,36,36,41,21,25,20,41,51,70,58,48,28,43,45,37,22,11,F,2011
E01007025,Sefton 025B,682,21,24,39,49,35,24,20,25,51,59,64,53,57,45,53,23,20,16,4,F,2011
E01007105,Sefton 025C,865,40,53,54,60,39,33,43,49,74,73,61,53,56,44,39,34,32,18,10,F,2011
E01007106,Sefton 025D,776,43,41,40,42,36,30,39,53,54,67,54,60,52,47,36,31,23,19,9,F,2011
E01007107,Sefton 025E,721,38,47,43,48,32,27,27,32,55,72,58,49,48,32,34,19,19,22,19,F,2011
E01007108,Sefton 025F,805,30,48,49,60,40,35,35,47,84,64,74,60,45,46,30,22,15,16,5,F,2011
E01007039,Sefton 026A,649,30,37,31,39,42,30,39,45,63,49,59,43,37,16,34,28,14,11,2,F,2011
E01007040,Sefton 026B,981,55,67,54,57,41,52,56,80,97,94,69,65,57,35,45,27,18,5,7,F,2011
E01007042,Sefton 026C,670,29,32,29,35,43,34,22,36,47,54,52,39,44,43,36,33,36,19,7,F,2011
E01007044,Sefton 026D,721,12,22,27,31,32,27,22,24,38,43,66,45,51,51,67,70,67,18,8,F,2011
E01007045,Sefton 026E,633,21,28,32,34,34,32,25,32,37,50,70,48,36,30,35,43,34,9,3,F,2011
E01007041,Sefton 027A,740,32,33,41,47,49,44,32,36,58,73,59,50,43,31,31,33,26,14,8,F,2011
E01007043,Sefton 027B,725,21,23,26,36,35,33,20,39,44,51,65,44,49,48,64,50,45,25,7,F,2011
E01007046,Sefton 027C,824,49,41,47,52,39,50,48,48,57,76,72,63,45,32,38,31,23,9,4,F,2011
E01007053,Sefton 027D,740,33,30,49,53,52,48,45,40,54,73,58,30,29,37,28,27,24,21,9,F,2011
E01007084,Sefton 027E,712,37,39,39,53,39,31,38,45,64,79,79,58,37,24,25,16,6,1,2,F,2011
E01006941,Sefton 028A,886,51,35,41,58,53,37,52,38,55,75,58,73,52,40,29,34,42,34,29,F,2011
E01006942,Sefton 028B,751,35,37,43,37,36,50,54,59,49,76,57,59,44,36,28,18,19,11,3,F,2011
E01006954,Sefton 028C,770,39,31,38,41,41,47,47,43,47,54,80,44,46,37,33,28,42,19,13,F,2011
E01007104,Sefton 028D,725,39,28,46,26,36,20,38,48,69,65,69,43,43,43,27,30,23,24,8,F,2011
E01007109,Sefton 028E,842,59,46,54,42,44,45,51,48,61,66,64,67,44,44,35,22,22,18,10,F,2011
E01007048,Sefton 029A,865,80,50,52,70,68,71,77,68,54,70,53,39,32,20,25,13,17,5,1,F,2011
E01007054,Sefton 029B,716,33,24,36,43,49,47,32,46,35,59,60,49,45,42,42,42,18,9,5,F,2011
E01007087,Sefton 029C,702,37,20,54,40,48,40,39,36,46,52,61,55,37,24,27,32,39,9,6,F,2011
E01007088,Sefton 029D,685,37,35,42,41,42,47,34,42,40,58,54,43,29,27,25,31,39,10,9,F,2011
E01007090,Sefton 029E,612,50,26,27,38,41,55,37,23,40,41,50,34,29,29,26,27,18,12,9,F,2011
E01006955,Sefton 030A,852,44,53,55,56,42,52,64,58,64,80,58,60,53,34,36,19,14,8,2,F,2011
E01006956,Sefton 030B,779,49,51,33,44,50,62,65,52,76,53,59,49,38,24,26,18,21,3,6,F,2011
E01006958,Sefton 030C,714,35,33,23,28,58,52,43,48,54,51,61,39,56,36,24,20,24,17,12,F,2011
E01007102,Sefton 030D,778,61,49,42,56,46,47,51,60,65,61,59,53,34,21,32,26,9,4,2,F,2011
E01007103,Sefton 030E,761,32,38,37,45,40,40,24,38,61,68,68,53,49,35,42,48,21,18,4,F,2011
E01006978,Sefton 031A,732,30,42,41,54,35,28,39,61,51,57,57,57,45,41,33,24,22,8,7,F,2011
E01006981,Sefton 031B,786,51,43,56,59,62,46,45,47,55,58,51,48,46,32,26,23,21,10,7,F,2011
E01006982,Sefton 031C,747,35,43,46,42,39,24,36,46,54,63,56,50,54,30,48,34,27,16,4,F,2011
E01006983,Sefton 031D,869,50,51,49,56,48,49,67,76,73,64,65,47,45,25,35,29,20,14,6,F,2011
E01006984,Sefton 031E,732,72,67,43,53,44,55,60,45,44,56,41,29,32,32,21,17,15,4,2,F,2011
E01006952,Sefton 032A,679,51,26,43,57,52,44,32,46,59,48,56,36,27,25,26,17,11,15,8,F,2011
E01006953,Sefton 032B,731,38,36,44,37,41,74,40,49,58,52,54,40,39,41,33,15,19,10,11,F,2011
E01006957,Sefton 032C,711,32,12,23,32,42,57,40,47,45,61,68,56,48,25,38,19,29,16,21,F,2011
E01006959,Sefton 032D,807,38,30,40,40,53,51,47,42,55,56,59,59,57,41,38,40,27,19,15,F,2011
E01006977,Sefton 032E,849,37,23,35,41,52,44,46,37,52,63,47,37,61,54,51,59,58,31,21,F,2011
E01006976,Sefton 033A,744,39,47,44,37,45,38,63,61,57,48,66,40,55,31,34,21,12,3,3,F,2011
E01007014,Sefton 033B,818,33,36,42,50,53,42,42,60,53,68,54,54,54,48,42,42,29,6,10,F,2011
E01007047,Sefton 033E,740,39,38,38,59,35,38,38,51,46,54,57,42,54,48,31,30,16,16,10,F,2011
E01033095,Sefton 033F,954,41,51,57,64,59,33,41,53,66,77,75,61,65,70,51,34,38,12,6,F,2011
E01007004,Sefton 034A,744,62,50,33,52,60,78,48,53,55,44,55,34,37,25,30,13,8,3,4,F,2011
E01007005,Sefton 034B,690,59,38,47,48,67,57,50,43,41,57,43,36,39,27,17,10,7,3,1,F,2011
E01007011,Sefton 034C,754,31,37,41,77,63,50,39,42,65,53,53,43,39,37,29,24,15,6,10,F,2011
E01007016,Sefton 034D,972,81,50,77,65,93,60,62,76,67,80,60,41,55,36,24,26,11,6,2,F,2011
E01007017,Sefton 034E,809,59,48,33,41,77,76,65,59,51,59,47,54,48,33,24,11,13,10,1,F,2011
E01007019,Sefton 035A,751,59,37,67,60,47,46,42,52,69,63,48,48,35,17,27,18,10,3,3,F,2011
E01007049,Sefton 035B,779,48,35,46,41,41,35,54,53,54,62,60,50,45,26,39,35,27,18,10,F,2011
E01007050,Sefton 035C,705,30,48,43,44,40,32,30,43,44,65,49,34,38,40,39,36,29,13,8,F,2011
E01007051,Sefton 035D,639,36,38,33,56,45,42,40,35,38,51,42,40,41,26,27,25,19,4,1,F,2011
E01007052,Sefton 035E,730,41,73,33,51,40,59,43,57,48,64,55,37,40,19,21,25,17,5,2,F,2011
E01006964,Sefton 036A,775,64,42,49,50,57,58,48,53,69,61,43,48,40,35,22,16,12,6,2,F,2011
E01007003,Sefton 036B,619,59,25,36,27,59,63,51,42,41,34,36,33,32,24,18,10,6,15,8,F,2011
E01007006,Sefton 036C,786,72,42,54,66,54,65,52,54,47,46,37,38,51,26,29,30,11,6,6,F,2011
E01007012,Sefton 036D,683,59,34,37,48,49,70,46,56,36,57,35,35,40,31,15,13,13,6,3,F,2011
E01007013,Sefton 036E,747,67,48,40,37,74,59,73,36,48,58,52,32,36,26,27,17,10,5,2,F,2011
E01006967,Sefton 037A,766,26,33,48,52,43,52,32,42,52,45,47,54,43,54,30,41,36,18,18,F,2011
E01007007,Sefton 037B,583,25,33,32,43,34,35,32,35,38,50,52,46,47,18,29,10,11,8,5,F,2011
E01007008,Sefton 037C,640,61,28,28,30,57,67,35,34,39,62,36,46,30,36,22,19,3,3,4,F,2011
E01007009,Sefton 037D,589,33,22,27,28,61,43,35,19,39,42,31,41,46,26,25,30,17,15,9,F,2011
E01007010,Sefton 037E,547,47,33,32,37,49,33,41,26,39,42,36,25,28,15,26,25,5,5,3,F,2011
E01006960,Sefton 038A,586,25,25,36,27,29,23,27,30,42,58,46,54,36,46,30,21,18,6,7,F,2011
E01006961,Sefton 038B,794,51,47,51,50,57,63,76,48,39,54,51,50,33,25,27,20,16,14,22,F,2011
E01006962,Sefton 038C,769,43,35,35,47,43,57,31,39,47,64,52,43,48,45,45,44,24,15,12,F,2011
E01006963,Sefton 038D,768,73,40,54,48,76,61,69,50,46,42,62,34,36,17,33,14,7,3,3,F,2011
E01006965,Sefton 038E,788,52,41,66,56,45,56,42,51,46,59,68,45,40,36,33,27,13,9,3,F,2011
E01006966,Sefton 038F,774,46,51,42,48,62,60,57,51,64,49,46,33,54,35,32,20,13,8,3,F,2011
E08000013,,89208,5072,4535,4835,5373,5264,5306,4949,5644,6639,6562,5861,5456,6220,4998,4242,3365,2448,1541,898,F,2011
E01006882,St. Helens 001A,617,20,24,39,40,17,9,23,25,45,49,39,40,79,45,35,44,25,14,5,F,2011
E01006883,St. Helens 001B,688,27,37,29,39,26,24,27,31,52,47,46,39,68,72,45,33,28,14,4,F,2011
E01006884,St. Helens 001C,701,30,29,31,36,20,23,22,31,50,53,51,55,66,58,41,30,42,23,10,F,2011
E01006885,St. Helens 001D,670,23,30,43,31,26,13,11,37,45,57,54,59,57,66,38,37,25,8,10,F,2011
E01006886,St. Helens 001E,693,19,23,37,33,28,31,25,32,41,50,43,56,56,71,55,44,30,9,10,F,2011
E01006887,St. Helens 001F,703,35,26,36,42,38,33,35,41,50,53,35,41,57,48,36,31,23,23,20,F,2011
E01006802,St. Helens 002A,833,34,34,34,41,40,26,38,60,55,74,58,75,67,55,53,32,27,18,12,F,2011
E01006804,St. Helens 002B,800,35,43,33,46,30,31,31,65,40,61,50,74,72,63,67,29,20,7,3,F,2011
E01006806,St. Helens 002C,743,27,37,35,36,30,22,20,40,51,53,40,60,99,65,60,33,18,13,4,F,2011
E01006807,St. Helens 002D,713,28,25,33,30,22,25,20,23,59,50,40,58,76,70,60,30,25,22,17,F,2011
E01006803,St. Helens 003A,704,27,25,31,35,30,31,29,36,66,63,53,47,64,53,38,30,19,14,13,F,2011
E01006805,St. Helens 003B,764,49,40,44,64,37,45,59,55,58,53,45,47,44,41,38,13,14,12,6,F,2011
E01006808,St. Helens 003C,643,30,27,23,41,34,34,36,35,46,61,56,68,69,34,20,9,14,4,2,F,2011
E01006809,St. Helens 003D,753,31,28,41,39,36,29,39,35,57,38,75,47,71,88,42,30,13,12,2,F,2011
E01006849,St. Helens 004A,753,40,50,52,55,42,36,47,43,55,51,44,41,52,35,32,23,16,24,15,F,2011
E01006850,St. Helens 004B,754,42,38,43,53,36,36,34,51,43,55,56,39,60,30,28,30,28,39,13,F,2011
E01006851,St. Helens 004C,654,24,27,28,30,44,25,26,33,36,56,45,54,61,50,36,24,22,19,14,F,2011
E01006852,St. Helens 004D,653,29,33,29,31,29,25,41,49,54,47,44,58,67,55,20,28,10,4,0,F,2011
E01006853,St. Helens 004E,650,24,29,28,38,32,28,22,41,52,61,68,57,55,42,31,18,15,7,2,F,2011
E01006854,St. Helens 004F,751,43,34,37,50,41,49,52,47,67,49,60,57,51,35,23,20,16,11,9,F,2011
E01006855,St. Helens 004G,759,52,34,33,37,46,49,44,42,60,34,50,53,69,52,38,27,15,18,6,F,2011
E01006836,St. Helens 005A,713,42,32,41,42,35,37,36,38,51,52,56,27,65,50,49,35,19,2,4,F,2011
E01006839,St. Helens 005B,683,23,26,42,54,35,23,35,41,54,51,58,44,52,44,28,42,19,7,5,F,2011
E01006840,St. Helens 005C,744,39,35,25,28,38,57,57,42,40,61,45,57,72,51,23,22,27,17,8,F,2011
E01006842,St. Helens 005D,835,54,61,60,46,61,64,55,53,60,59,47,35,31,24,16,29,32,30,18,F,2011
E01006837,St. Helens 006A,785,54,44,53,45,43,39,48,58,62,58,40,45,71,25,37,34,15,8,6,F,2011
E01006838,St. Helens 006B,744,53,39,20,29,53,56,44,37,49,40,46,44,45,49,41,37,32,21,9,F,2011
E01006841,St. Helens 006C,858,36,60,56,56,38,31,48,80,83,83,61,53,53,42,29,28,11,8,2,F,2011
E01006843,St. Helens 006D,611,36,28,27,23,35,37,30,41,46,34,29,39,43,54,54,26,19,7,3,F,2011
E01006914,St. Helens 007A,600,21,22,31,25,20,13,23,27,43,47,43,44,55,56,46,41,27,9,7,F,2011
E01006915,St. Helens 007B,798,39,33,40,64,46,44,39,53,48,63,60,49,58,36,32,39,26,9,20,F,2011
E01006916,St. Helens 007C,774,41,34,33,46,56,41,39,50,55,76,68,47,54,35,22,28,24,16,9,F,2011
E01006917,St. Helens 007D,869,46,53,62,44,35,27,38,57,88,67,58,47,54,49,38,41,44,13,8,F,2011
E01006918,St. Helens 007E,638,33,40,35,41,35,30,38,49,49,73,49,27,35,15,30,24,14,17,4,F,2011
E01006919,St. Helens 007F,812,71,47,51,61,69,60,46,57,51,58,48,39,38,22,23,16,23,25,7,F,2011
E01006810,St. Helens 008A,642,23,27,37,46,28,23,19,46,48,45,44,58,96,56,25,13,5,3,0,F,2011
E01006811,St. Helens 008B,686,29,23,47,25,33,28,36,33,42,39,56,46,72,65,38,33,25,14,2,F,2011
E01006812,St. Helens 008C,752,59,48,57,51,46,57,41,46,72,52,44,39,39,23,16,24,15,19,4,F,2011
E01006813,St. Helens 008D,769,44,30,35,53,55,57,45,49,58,49,51,45,38,40,41,24,21,27,7,F,2011
E01006814,St. Helens 008E,764,35,39,39,35,29,42,51,60,68,62,60,46,89,52,30,13,10,4,0,F,2011
E01006815,St. Helens 008F,703,32,34,56,53,47,36,30,37,52,52,42,43,47,40,34,27,18,11,12,F,2011
E01006818,St. Helens 008G,664,32,30,29,32,32,38,32,36,45,58,48,73,79,47,23,16,7,4,3,F,2011
E01006822,St. Helens 009A,717,35,32,58,42,18,20,23,45,61,66,54,48,70,36,36,38,17,12,6,F,2011
E01006823,St. Helens 009B,664,18,21,34,29,28,17,16,28,39,44,38,41,45,39,63,67,69,16,12,F,2011
E01006824,St. Helens 009C,624,32,37,31,31,21,20,20,39,60,46,46,41,43,39,33,34,21,22,8,F,2011
E01006825,St. Helens 009D,743,22,38,34,41,28,26,24,40,53,42,72,55,68,69,42,43,30,10,6,F,2011
E01006866,St. Helens 010A,819,68,55,45,53,49,60,52,65,74,49,44,33,43,40,29,16,13,21,10,F,2011
E01006867,St. Helens 010B,1071,79,92,65,62,65,83,86,106,102,70,61,45,52,31,27,22,12,7,4,F,2011
E01006868,St. Helens 010C,742,57,31,53,48,32,58,65,43,56,42,40,48,36,27,34,22,28,14,8,F,2011
E01006869,St. Helens 010D,731,55,45,37,41,36,54,39,52,60,59,38,52,38,39,45,21,10,7,3,F,2011
E01006819,St. Helens 011A,745,45,53,38,52,50,58,47,44,53,46,55,58,48,30,31,12,15,7,3,F,2011
E01006820,St. Helens 011B,764,73,58,50,57,56,67,46,38,52,43,49,41,41,22,21,23,16,10,1,F,2011
E01006821,St. Helens 011C,724,59,26,35,36,67,47,38,47,41,49,51,41,39,33,25,37,30,19,4,F,2011
E01006871,St. Helens 011D,809,67,50,54,64,61,69,45,41,51,48,59,31,37,23,19,44,16,19,11,F,2011
E01006832,St. Helens 012A,798,54,51,54,53,62,82,82,77,73,58,43,32,26,13,20,11,5,2,0,F,2011
E01006834,St. Helens 012B,636,41,22,24,44,62,49,39,27,45,45,33,43,35,22,22,26,17,19,21,F,2011
E01006877,St. Helens 012C,658,22,14,32,34,40,47,29,49,38,42,45,43,44,42,40,37,22,20,18,F,2011
E01006880,St. Helens 012D,738,53,30,36,38,62,62,49,41,54,56,44,40,31,39,28,33,25,13,4,F,2011
E01006881,St. Helens 012E,705,30,38,30,50,69,53,34,53,45,49,48,47,31,34,38,14,28,9,5,F,2011
E01006863,St. Helens 013A,813,56,47,38,42,62,64,57,42,48,76,46,42,38,31,35,33,22,21,13,F,2011
E01006864,St. Helens 013B,966,69,43,39,63,82,77,84,74,78,62,71,55,51,41,30,19,21,5,2,F,2011
E01006865,St. Helens 013C,900,52,54,39,53,61,71,51,56,52,70,48,43,37,45,58,35,43,21,11,F,2011
E01006845,St. Helens 014A,762,47,39,41,44,62,57,45,57,60,63,45,39,35,35,30,28,25,9,1,F,2011
E01006870,St. Helens 014B,700,57,38,24,37,66,48,39,42,51,49,45,43,38,31,31,27,20,6,8,F,2011
E01006872,St. Helens 014C,653,35,24,27,29,65,76,45,36,34,40,31,32,37,33,34,28,23,16,8,F,2011
E01006873,St. Helens 014D,695,40,48,54,42,53,49,31,50,36,37,31,35,34,33,28,29,32,15,18,F,2011
E01006874,St. Helens 014E,621,49,27,35,51,58,52,41,35,39,41,35,29,43,22,19,16,13,14,2,F,2011
E01006856,St. Helens 015A,641,40,31,33,37,37,44,52,51,55,65,40,36,26,29,23,16,13,11,2,F,2011
E01006857,St. Helens 015B,714,30,30,32,38,30,28,40,43,48,64,66,52,52,42,49,34,20,11,5,F,2011
E01006858,St. Helens 015C,800,66,43,52,70,61,66,52,58,46,56,50,30,52,24,28,24,12,7,3,F,2011
E01006859,St. Helens 015D,798,39,35,59,40,33,38,44,50,71,94,43,49,48,46,31,31,19,14,14,F,2011
E01006860,St. Helens 015E,692,40,37,36,38,52,59,53,39,47,58,45,45,32,28,27,28,20,8,0,F,2011
E01006861,St. Helens 015F,852,76,59,39,67,81,64,50,57,56,60,43,30,45,21,27,31,18,17,11,F,2011
E01006862,St. Helens 015G,683,50,27,30,51,42,40,35,30,48,64,39,35,47,28,32,28,24,22,11,F,2011
E01006831,St. Helens 016A,756,58,40,32,42,47,67,48,64,56,49,52,42,43,37,24,21,17,10,7,F,2011
E01006833,St. Helens 016B,828,56,34,33,53,53,82,70,41,56,70,53,41,50,34,31,32,18,18,3,F,2011
E01006835,St. Helens 016C,697,40,28,48,41,37,42,30,38,55,48,44,43,45,39,45,27,22,11,14,F,2011
E01006876,St. Helens 016D,739,41,29,31,43,47,64,56,45,47,64,47,39,42,40,38,27,23,8,8,F,2011
E01006878,St. Helens 016E,688,33,24,39,28,37,46,50,51,46,53,49,45,52,35,33,31,18,8,10,F,2011
E01006879,St. Helens 016F,754,37,41,56,74,31,45,28,53,86,71,50,47,32,30,25,28,9,8,3,F,2011
E01006904,St. Helens 016G,864,58,38,58,76,47,52,38,52,73,70,56,39,55,41,27,30,35,12,7,F,2011
E01006816,St. Helens 017A,855,59,69,69,54,65,95,67,53,55,37,68,48,32,17,22,24,13,6,2,F,2011
E01006817,St. Helens 017B,663,56,39,38,39,52,53,25,40,50,45,47,38,26,31,22,29,20,7,6,F,2011
E01006875,St. Helens 017C,672,40,38,47,51,53,47,35,47,61,46,35,38,41,20,24,10,21,14,4,F,2011
E01006899,St. Helens 017D,1048,96,78,76,62,57,90,75,94,76,52,65,57,44,34,30,21,23,12,6,F,2011
E01006826,St. Helens 018A,657,22,24,32,30,33,32,28,33,49,55,46,45,57,60,36,35,17,15,8,F,2011
E01006827,St. Helens 018B,808,40,44,75,64,28,26,37,68,89,87,50,61,42,34,23,14,12,11,3,F,2011
E01006828,St. Helens 018C,1121,37,46,62,73,54,20,36,50,90,95,82,83,99,61,66,60,47,39,21,F,2011
E01006829,St. Helens 018D,646,26,20,27,42,25,44,26,29,48,51,44,55,46,38,33,30,28,16,18,F,2011
E01006830,St. Helens 019A,695,62,43,52,54,48,45,42,58,45,43,42,29,36,29,26,14,11,11,5,F,2011
E01006903,St. Helens 019C,762,43,45,37,46,39,61,48,38,39,45,50,35,45,46,51,31,33,19,11,F,2011
E01006905,St. Helens 019D,681,48,31,39,54,52,47,37,21,37,52,58,50,49,39,31,19,13,4,0,F,2011
E01006906,St. Helens 019E,771,47,43,35,46,66,57,56,50,63,47,53,31,51,31,30,21,22,8,14,F,2011
E01006907,St. Helens 019F,816,46,49,38,42,35,47,58,55,70,50,60,43,58,44,45,36,16,14,10,F,2011
E01006912,St. Helens 019G,762,66,56,52,69,63,64,50,68,45,45,34,37,33,25,21,13,14,5,2,F,2011
E01006913,St. Helens 019H,689,46,50,38,45,48,37,38,40,60,36,42,29,56,44,37,22,13,5,3,F,2011
E01032904,St. Helens 019I,941,67,73,52,62,49,47,60,100,82,70,52,36,44,56,40,27,15,2,7,F,2011
E01032905,St. Helens 019J,799,56,49,38,44,62,46,62,62,66,54,37,22,35,28,37,42,19,25,15,F,2011
E01006844,St. Helens 020A,841,55,45,55,43,62,69,56,47,68,53,49,32,54,38,44,31,19,14,7,F,2011
E01006846,St. Helens 020B,733,31,29,26,28,41,31,30,44,59,59,37,43,61,50,48,42,44,17,13,F,2011
E01006847,St. Helens 020C,885,54,76,47,68,65,49,73,74,67,72,50,54,39,40,27,15,6,5,4,F,2011
E01006848,St. Helens 020D,700,34,36,28,34,46,41,36,32,49,63,45,66,66,39,35,24,9,10,7,F,2011
E01006896,St. Helens 020E,766,27,25,29,33,38,43,35,40,55,53,64,68,78,67,43,35,23,5,5,F,2011
E01006897,St. Helens 020F,742,26,22,40,48,27,28,41,47,46,57,53,73,70,45,38,25,22,28,6,F,2011
E01006901,St. Helens 020G,651,29,29,43,49,31,41,36,50,56,56,55,48,45,31,24,15,8,1,4,F,2011
E01006890,St. Helens 021A,732,33,27,33,50,30,41,46,45,58,59,43,42,42,43,56,40,21,11,12,F,2011
E01006892,St. Helens 021B,606,24,17,31,40,30,23,30,33,36,47,47,44,46,43,39,35,22,12,7,F,2011
E01006893,St. Helens 021C,705,38,40,25,34,58,34,41,39,57,53,52,31,38,44,34,32,25,17,13,F,2011
E01006894,St. Helens 021D,690,16,28,38,30,35,28,25,21,47,43,45,41,64,76,80,41,13,11,8,F,2011
E01006898,St. Helens 022A,856,41,31,47,43,48,36,34,52,63,52,41,47,90,50,68,49,34,22,8,F,2011
E01006900,St. Helens 022B,1360,112,80,86,84,82,109,132,147,133,107,74,66,53,37,29,12,8,7,2,F,2011
E01006908,St. Helens 022C,679,64,38,44,39,65,64,37,39,50,44,49,39,38,31,13,13,8,1,3,F,2011
E01006909,St. Helens 022D,697,78,45,54,51,46,55,54,52,47,49,30,26,43,22,23,11,3,2,6,F,2011
E01006910,St. Helens 022E,869,55,49,42,47,74,69,73,70,63,64,60,50,47,35,33,14,14,7,3,F,2011
E01006911,St. Helens 022F,751,27,23,34,39,34,28,33,40,63,41,46,70,105,86,42,25,11,3,1,F,2011
E01006888,St. Helens 023A,641,19,28,39,33,24,19,16,26,44,34,44,42,64,71,62,37,18,7,14,F,2011
E01006889,St. Helens 023B,724,28,41,38,41,38,32,22,38,64,70,56,47,60,61,42,21,16,7,2,F,2011
E01006891,St. Helens 023C,717,21,40,28,58,32,22,20,39,58,62,56,37,41,45,46,39,25,28,20,F,2011
E01006895,St. Helens 023D,730,13,22,21,24,26,19,15,22,40,42,46,51,75,81,73,71,43,28,18,F,2011
E08000015,,166024,9074,8669,9214,9552,9139,9248,8984,9845,11737,12716,11607,10408,10966,8968,7702,6743,5625,3661,2166,F,2011
E01007229,Wirral 001A,867,55,43,60,56,50,70,67,68,70,64,53,56,44,34,25,32,8,7,5,F,2011
E01007230,Wirral 001B,656,32,32,35,36,34,25,40,43,38,48,62,59,39,39,35,29,19,10,1,F,2011
E01007231,Wirral 001C,778,44,36,45,36,35,52,43,43,60,79,61,55,58,36,22,26,20,16,11,F,2011
E01007237,Wirral 001D,766,36,23,32,16,32,49,29,49,40,54,57,34,48,42,57,48,56,47,17,F,2011
E01007238,Wirral 001E,780,37,38,31,43,61,52,42,47,57,64,50,42,54,42,35,30,25,19,11,F,2011
E01007218,Wirral 002A,756,60,48,47,43,49,64,65,53,50,47,60,50,37,33,18,11,9,7,5,F,2011
E01007232,Wirral 002B,771,42,37,43,37,46,33,41,53,40,70,73,52,49,35,22,13,34,32,19,F,2011
E01007233,Wirral 002C,948,58,63,60,51,73,60,61,70,68,66,66,46,41,37,21,39,26,31,11,F,2011
E01007234,Wirral 002D,792,42,39,50,52,30,46,34,68,75,71,59,54,44,48,25,29,13,12,1,F,2011
E01007236,Wirral 002E,761,39,48,43,53,40,46,43,56,62,61,55,45,31,24,23,32,22,20,18,F,2011
E01007307,Wirral 003A,886,34,32,51,62,59,44,40,59,60,73,85,55,73,41,30,36,28,13,11,F,2011
E01007308,Wirral 003B,771,21,26,25,34,40,39,24,36,45,63,62,69,53,49,54,37,47,28,19,F,2011
E01007312,Wirral 003C,777,28,46,36,43,35,33,40,41,51,62,57,54,50,38,46,41,38,28,10,F,2011
E01007313,Wirral 003D,807,28,31,38,41,39,44,32,38,58,61,60,56,65,49,37,52,41,24,13,F,2011
E01007315,Wirral 003E,792,36,43,57,41,58,34,42,47,66,71,54,56,48,37,24,25,24,23,6,F,2011
E01007211,Wirral 004A,591,17,30,27,41,27,30,23,28,38,42,60,41,55,38,28,27,21,12,6,F,2011
E01007235,Wirral 004B,794,51,49,45,48,44,45,39,59,44,60,64,55,52,38,31,34,24,7,5,F,2011
E01007310,Wirral 004C,733,31,36,54,56,35,31,37,36,40,58,73,65,44,32,25,23,25,21,11,F,2011
E01007311,Wirral 004D,749,31,30,34,40,38,32,25,36,45,73,73,58,53,54,33,25,34,15,20,F,2011
E01007314,Wirral 004E,805,46,46,41,58,63,49,34,48,67,59,63,57,42,34,27,26,24,15,6,F,2011
E01007316,Wirral 004F,803,30,37,54,61,39,35,39,33,63,64,69,58,58,48,38,41,23,8,5,F,2011
E01007215,Wirral 005A,790,50,45,46,50,51,50,52,41,52,62,45,39,42,29,34,33,32,23,14,F,2011
E01007216,Wirral 005B,790,66,37,53,43,47,49,67,58,54,45,58,55,51,34,24,20,18,10,1,F,2011
E01007219,Wirral 005C,765,36,62,49,57,44,44,42,51,73,58,64,38,47,34,33,12,9,8,4,F,2011
E01007220,Wirral 005D,656,60,46,41,42,58,60,24,41,46,50,35,26,37,21,15,20,11,11,12,F,2011
E01007275,Wirral 005E,798,56,53,39,51,58,74,71,47,61,53,55,34,40,24,26,22,18,11,5,F,2011
E01007203,Wirral 006A,1024,58,45,47,64,73,88,60,64,98,99,71,69,71,33,38,23,13,7,3,F,2011
E01007205,Wirral 006B,811,55,66,47,51,49,38,43,53,58,67,59,46,38,31,32,24,22,15,17,F,2011
E01007210,Wirral 006C,1036,72,55,54,63,84,74,66,62,88,84,73,53,60,38,43,32,19,12,4,F,2011
E01007309,Wirral 006D,782,31,42,38,49,38,24,29,33,66,69,58,54,60,39,39,37,39,28,9,F,2011
E01007212,Wirral 007A,747,29,41,43,39,40,37,37,41,53,57,60,42,60,40,48,36,27,11,6,F,2011
E01007213,Wirral 007B,813,32,37,41,45,53,48,40,41,40,65,55,59,63,56,42,38,25,18,15,F,2011
E01007214,Wirral 007C,768,35,33,38,44,49,45,50,38,50,53,53,43,50,43,42,41,32,17,12,F,2011
E01007217,Wirral 007D,821,56,34,33,33,53,78,70,44,49,66,61,47,37,44,35,29,27,20,5,F,2011
E01007276,Wirral 007E,774,56,41,45,55,50,70,48,54,56,61,51,40,33,42,25,22,18,5,2,F,2011
E01007272,Wirral 008A,745,58,50,55,63,60,41,61,52,56,38,43,39,32,34,25,18,14,1,5,F,2011
E01007273,Wirral 008B,700,58,34,35,58,64,75,41,33,52,47,35,34,37,29,27,15,15,8,3,F,2011
E01007274,Wirral 008C,713,43,50,59,46,59,46,46,40,51,59,50,36,25,20,25,16,22,13,7,F,2011
E01007277,Wirral 008D,735,46,42,46,45,51,59,38,48,61,58,53,44,38,31,15,27,23,5,5,F,2011
E01007278,Wirral 008E,745,56,54,42,54,57,70,45,42,62,50,51,33,28,29,33,16,13,9,1,F,2011
E01007204,Wirral 009A,915,83,92,62,70,63,76,61,71,61,59,58,36,35,28,18,25,13,4,0,F,2011
E01007206,Wirral 009B,957,66,60,58,68,48,74,93,77,80,67,63,35,48,35,30,20,18,12,5,F,2011
E01007207,Wirral 009C,728,30,45,41,38,40,46,45,33,61,44,43,38,58,40,39,29,31,21,6,F,2011
E01007209,Wirral 009D,669,28,28,36,28,19,16,30,46,38,38,33,40,54,51,57,62,35,19,11,F,2011
E01007269,Wirral 010C,955,55,48,79,50,89,82,76,71,56,74,75,43,39,27,27,37,18,7,2,F,2011
E01007270,Wirral 010D,832,71,40,33,62,78,94,60,50,62,65,55,40,39,25,28,15,7,4,4,F,2011
E01007271,Wirral 010E,865,71,55,48,51,69,81,67,61,53,58,52,40,46,24,21,16,24,20,8,F,2011
E01032903,Wirral 010F,1320,97,85,91,77,112,102,80,78,101,91,81,78,74,59,45,31,19,12,7,F,2011
E01007120,Wirral 011A,742,53,52,55,51,47,50,75,54,50,47,48,42,32,33,24,10,11,4,4,F,2011
E01007121,Wirral 011B,798,54,52,49,53,57,71,55,54,61,52,62,38,45,29,25,17,10,9,5,F,2011
E01007122,Wirral 011C,719,80,47,35,42,67,62,46,42,32,46,47,44,39,32,19,20,6,12,1,F,2011
E01007123,Wirral 011D,982,104,70,81,71,99,89,87,53,88,64,40,36,33,14,15,12,12,7,7,F,2011
E01007124,Wirral 011E,846,54,62,64,62,62,58,50,58,73,61,58,43,30,36,32,27,11,2,3,F,2011
E01007208,Wirral 012A,906,56,54,43,52,63,58,40,36,67,59,64,61,80,44,41,33,28,21,6,F,2011
E01007221,Wirral 012B,754,26,27,36,51,34,42,39,43,62,50,61,51,55,43,37,44,28,18,7,F,2011
E01007225,Wirral 012C,901,29,31,50,59,35,23,37,51,61,60,63,78,89,65,60,48,40,14,8,F,2011
E01007227,Wirral 012D,794,46,45,51,49,39,40,50,42,51,56,56,42,51,33,36,26,29,39,13,F,2011
E01007228,Wirral 012E,705,36,25,26,31,39,49,33,35,44,40,39,38,65,46,40,36,38,29,16,F,2011
E01007195,Wirral 013A,869,41,48,53,63,39,24,30,46,57,77,56,75,61,45,60,28,33,25,8,F,2011
E01007199,Wirral 013B,798,47,41,45,55,24,21,28,43,61,62,57,70,71,47,43,38,29,9,7,F,2011
E01007222,Wirral 013C,822,43,42,36,44,38,51,58,57,44,74,70,67,47,43,35,34,22,14,3,F,2011
E01007223,Wirral 013D,735,70,44,45,40,43,62,55,58,70,64,51,40,46,23,13,7,3,0,1,F,2011
E01007193,Wirral 014A,861,16,33,52,49,36,41,21,41,52,82,46,47,71,33,59,55,60,47,20,F,2011
E01007194,Wirral 014B,793,48,36,40,34,33,46,50,55,59,55,51,44,36,37,40,45,18,38,28,F,2011
E01007200,Wirral 014C,905,40,43,57,60,36,24,33,46,72,82,73,70,61,42,35,31,34,34,32,F,2011
E01007201,Wirral 014D,763,43,40,44,53,23,34,40,42,61,73,77,41,40,32,42,31,24,16,7,F,2011
E01007202,Wirral 014E,721,41,37,33,49,25,40,47,43,52,60,55,50,43,34,24,36,26,19,7,F,2011
E01007125,Wirral 015A,876,67,39,49,51,69,83,61,65,55,58,59,50,41,29,35,22,26,12,5,F,2011
E01007156,Wirral 015B,779,30,35,30,37,43,40,40,38,47,67,53,68,63,44,36,33,34,15,26,F,2011
E01007157,Wirral 015C,794,48,44,57,43,39,46,56,50,60,67,57,52,38,45,39,13,22,9,9,F,2011
E01007158,Wirral 015D,782,30,33,46,41,35,30,46,43,54,69,76,42,62,43,41,30,34,18,9,F,2011
E01007159,Wirral 015E,967,48,46,65,37,35,50,49,62,79,54,69,55,63,80,36,33,33,43,30,F,2011
E01007126,Wirral 016A,871,65,41,27,63,99,87,76,55,55,66,55,46,45,19,21,25,20,4,2,F,2011
E01007127,Wirral 016B,834,82,56,50,65,88,71,44,60,65,64,46,37,37,25,20,13,3,3,5,F,2011
E01007128,Wirral 016C,788,49,35,45,63,56,51,50,55,43,45,66,38,31,34,36,38,22,22,9,F,2011
E01007129,Wirral 016D,765,43,47,44,51,48,52,58,51,66,77,55,36,31,33,34,18,10,9,2,F,2011
E01007133,Wirral 016E,527,20,14,32,34,49,36,22,18,50,45,41,36,30,31,24,21,14,5,5,F,2011
E01007224,Wirral 017A,771,35,35,49,51,35,35,46,45,60,54,49,62,66,50,30,26,21,14,8,F,2011
E01007226,Wirral 017B,851,24,34,40,44,34,33,38,31,55,75,49,58,87,72,67,42,37,21,10,F,2011
E01007265,Wirral 017C,717,37,38,56,45,26,28,45,43,63,67,68,46,48,25,25,19,21,7,10,F,2011
E01007299,Wirral 017D,690,30,36,36,38,32,27,51,40,44,64,62,62,37,37,30,28,20,11,5,F,2011
E01007306,Wirral 017E,851,48,34,48,40,46,51,41,63,67,70,69,64,72,38,34,30,19,14,3,F,2011
E01007297,Wirral 018A,807,54,43,44,48,39,44,39,49,49,48,38,28,41,36,37,50,52,38,30,F,2011
E01007298,Wirral 018B,822,36,35,39,50,30,20,25,35,45,72,68,60,68,51,37,52,40,31,28,F,2011
E01007301,Wirral 018C,851,55,22,42,45,50,34,39,50,61,62,80,55,69,60,43,35,25,18,6,F,2011
E01007302,Wirral 018D,733,29,29,45,35,28,29,54,52,48,66,51,53,49,52,45,26,23,11,8,F,2011
E01007305,Wirral 018E,865,38,41,40,46,41,50,34,53,67,69,62,62,68,52,47,36,36,20,3,F,2011
E01007119,Wirral 019A,766,46,48,43,50,55,59,50,39,43,62,46,46,45,42,33,30,25,1,3,F,2011
E01007161,Wirral 019B,794,40,40,52,46,39,36,40,23,44,83,63,46,64,60,43,38,19,10,8,F,2011
E01007162,Wirral 019C,850,57,76,66,78,57,42,43,56,61,73,47,48,37,40,26,25,7,7,4,F,2011
E01007300,Wirral 019D,1054,80,59,83,72,57,68,64,73,69,69,71,58,56,26,29,32,39,27,22,F,2011
E01007155,Wirral 020A,920,36,33,27,47,60,65,37,65,51,71,58,48,49,61,39,34,58,45,36,F,2011
E01007160,Wirral 020B,844,34,45,46,28,40,55,51,46,64,55,70,73,59,46,45,28,28,18,13,F,2011
E01007240,Wirral 020C,746,24,23,27,27,54,59,49,53,44,58,50,41,48,37,29,23,36,36,28,F,2011
E01007241,Wirral 020D,798,21,30,28,25,23,31,37,23,49,39,62,48,64,57,49,58,61,54,39,F,2011
E01007242,Wirral 020E,865,24,38,32,34,35,40,39,43,60,64,55,50,77,64,73,49,44,26,18,F,2011
E01007130,Wirral 021A,919,91,77,55,57,82,82,81,70,53,58,54,50,24,25,23,16,10,4,7,F,2011
E01007131,Wirral 021B,832,90,55,46,56,76,66,63,50,54,54,50,52,30,37,10,22,14,5,2,F,2011
E01007179,Wirral 021C,655,52,36,32,53,54,65,40,58,36,50,42,26,21,26,18,11,17,9,9,F,2011
E01007291,Wirral 021D,858,58,41,40,85,96,91,64,59,57,54,48,32,31,29,22,22,20,7,2,F,2011
E01007292,Wirral 021E,787,65,55,63,54,61,62,59,58,54,55,43,32,29,30,25,24,7,4,7,F,2011
E01007294,Wirral 021F,806,81,53,47,41,80,75,64,69,49,43,55,39,26,20,26,12,13,6,7,F,2011
E01007180,Wirral 022A,786,28,30,48,61,60,38,41,39,63,78,65,48,44,33,37,28,29,10,6,F,2011
E01007181,Wirral 022B,779,59,41,47,50,38,55,57,41,68,63,49,50,39,28,22,24,16,18,14,F,2011
E01007239,Wirral 022C,892,61,58,61,46,52,69,82,74,77,61,54,30,39,29,27,30,14,9,19,F,2011
E01007243,Wirral 022D,853,34,28,38,43,41,37,41,49,60,68,63,54,74,71,51,43,32,15,11,F,2011
E01007244,Wirral 022E,1061,98,80,56,63,79,116,118,77,82,76,60,40,24,34,17,24,8,6,3,F,2011
E01007259,Wirral 023A,624,21,25,34,38,25,15,24,31,46,64,48,54,46,39,32,32,27,15,8,F,2011
E01007261,Wirral 023B,700,22,30,30,25,21,22,13,20,48,43,58,58,78,63,47,40,48,18,16,F,2011
E01007264,Wirral 023C,736,35,20,29,26,25,38,30,35,40,70,61,56,59,54,43,51,42,10,12,F,2011
E01007266,Wirral 023D,805,32,44,39,55,20,25,35,52,48,64,63,65,53,43,34,61,43,21,8,F,2011
E01007267,Wirral 023E,779,31,33,51,38,42,32,39,37,54,69,64,63,62,42,49,23,28,18,4,F,2011
E01007268,Wirral 023F,683,23,28,28,32,17,28,27,34,45,44,47,48,61,52,40,45,45,26,13,F,2011
E01007163,Wirral 024A,1213,76,71,79,62,72,68,69,99,110,96,79,71,94,62,47,20,23,9,6,F,2011
E01007245,Wirral 024B,757,31,41,31,29,47,35,37,44,51,44,63,57,64,64,35,36,25,13,10,F,2011
E01007246,Wirral 024C,783,37,40,43,50,29,40,47,50,50,57,63,61,84,50,36,23,13,8,2,F,2011
E01007247,Wirral 024D,894,60,49,51,59,40,57,54,72,74,59,52,51,77,43,45,24,19,6,2,F,2011
E01007252,Wirral 024E,815,46,46,49,50,36,31,47,47,56,68,69,54,54,53,34,33,18,12,12,F,2011
E01007249,Wirral 025A,714,49,42,51,50,30,44,42,61,50,42,48,39,38,29,20,15,32,27,5,F,2011
E01007251,Wirral 025B,576,28,25,20,25,29,47,26,28,30,42,43,40,46,39,31,35,28,10,4,F,2011
E01007257,Wirral 025C,684,42,32,41,41,46,42,34,57,50,43,43,47,36,35,27,20,26,18,4,F,2011
E01007303,Wirral 025D,771,51,41,32,47,57,41,43,45,40,60,52,52,44,36,33,31,30,30,6,F,2011
E01007304,Wirral 025E,870,41,69,52,61,43,54,61,57,60,63,50,29,58,34,35,25,27,36,15,F,2011
E01007196,Wirral 026A,895,38,38,51,43,27,44,30,40,44,57,58,53,49,37,43,74,61,62,46,F,2011
E01007197,Wirral 026B,864,48,50,61,49,21,31,26,60,60,74,60,53,68,53,34,50,28,25,13,F,2011
E01007198,Wirral 026C,892,51,36,48,35,22,49,51,51,72,71,49,41,46,51,42,46,60,53,18,F,2011
E01007263,Wirral 026D,744,26,32,43,41,27,33,39,39,48,54,60,45,59,53,52,36,23,27,7,F,2011
E01007282,Wirral 026E,758,57,46,33,34,28,33,37,61,57,59,48,35,49,45,43,23,35,22,13,F,2011
E01007175,Wirral 027A,944,55,60,46,50,71,76,70,50,71,69,51,62,57,29,24,32,31,23,17,F,2011
E01007290,Wirral 027B,869,63,45,52,59,66,60,55,57,77,64,51,48,38,37,30,31,18,16,2,F,2011
E01007293,Wirral 027C,800,61,49,61,60,50,65,65,57,53,43,40,40,40,32,24,21,21,10,8,F,2011
E01007295,Wirral 027D,625,52,50,30,45,79,62,40,47,48,43,34,32,16,15,13,12,4,2,1,F,2011
E01007296,Wirral 027E,940,97,59,43,46,83,92,80,63,46,74,65,36,36,42,27,24,17,6,4,F,2011
E01007258,Wirral 028A,751,35,41,38,36,31,28,29,45,52,70,50,52,70,47,47,28,29,16,7,F,2011
E01007260,Wirral 028B,817,38,43,63,48,22,18,29,38,58,76,58,68,59,53,33,35,43,24,11,F,2011
E01007262,Wirral 028C,746,20,31,42,36,24,17,19,34,53,78,54,62,69,54,47,35,42,21,8,F,2011
E01007281,Wirral 028D,696,34,29,34,41,24,11,17,24,45,54,55,59,58,57,41,44,36,23,10,F,2011
E01007283,Wirral 028E,660,20,30,36,49,21,10,6,21,40,34,64,68,59,56,38,27,35,20,26,F,2011
E01007173,Wirral 029A,794,35,54,40,54,49,35,41,38,51,65,47,64,58,49,38,23,23,17,13,F,2011
E01007174,Wirral 029B,820,52,43,45,44,62,49,50,47,63,74,52,61,44,40,23,29,25,14,3,F,2011
E01007176,Wirral 029C,808,50,51,38,58,42,69,53,55,61,50,45,41,57,26,28,21,31,19,13,F,2011
E01007177,Wirral 029D,834,37,39,42,58,40,33,40,50,55,67,53,61,56,55,39,34,36,29,10,F,2011
E01007178,Wirral 029E,793,43,45,42,47,49,41,37,63,66,63,68,39,29,38,32,28,31,17,15,F,2011
E01007248,Wirral 030A,775,38,47,49,48,40,29,22,40,60,65,66,45,59,51,38,22,25,20,11,F,2011
E01007250,Wirral 030B,726,35,24,48,48,31,27,27,42,52,60,57,53,60,43,41,29,24,22,3,F,2011
E01007253,Wirral 030C,811,43,33,42,56,57,31,38,54,64,52,46,49,53,40,35,39,31,31,17,F,2011
E01007254,Wirral 030D,797,29,33,45,39,37,37,27,41,39,69,64,63,57,56,50,45,33,15,18,F,2011
E01007115,Wirral 031A,829,46,55,50,40,36,39,50,74,72,50,64,37,56,51,37,39,20,9,4,F,2011
E01007138,Wirral 031B,808,71,50,35,29,67,53,58,55,57,45,63,65,56,29,25,15,25,6,4,F,2011
E01007139,Wirral 031C,786,50,45,46,46,59,48,63,56,76,57,55,57,38,21,31,19,14,3,2,F,2011
E01007141,Wirral 031D,857,49,31,33,24,49,41,45,51,75,64,54,60,58,45,44,44,47,28,15,F,2011
E01007289,Wirral 031E,842,90,67,59,50,76,71,70,55,63,54,52,41,32,20,20,10,8,3,1,F,2011
E01007111,Wirral 032A,817,37,48,54,59,39,35,24,50,65,73,72,62,60,44,29,26,20,9,11,F,2011
E01007112,Wirral 032B,802,42,53,54,43,38,40,46,49,56,62,52,46,49,54,49,28,24,9,8,F,2011
E01007113,Wirral 032C,705,28,39,32,44,30,26,24,34,63,45,61,54,57,45,26,34,29,24,10,F,2011
E01007114,Wirral 032D,813,72,63,47,46,64,55,63,48,61,73,45,45,51,23,19,20,6,6,6,F,2011
E01007116,Wirral 032E,788,39,37,44,38,35,42,46,47,41,60,54,41,51,49,50,38,46,23,7,F,2011
E01007280,Wirral 033A,891,39,43,47,46,47,32,38,52,53,83,66,69,76,43,49,45,34,21,8,F,2011
E01007284,Wirral 033B,836,36,41,38,49,29,24,22,34,49,70,67,83,87,76,34,41,32,16,8,F,2011
E01007285,Wirral 033C,785,28,34,43,50,32,34,27,51,47,57,58,53,53,58,60,43,38,14,5,F,2011
E01007287,Wirral 033D,969,36,30,33,50,30,39,34,36,60,76,58,74,73,55,86,87,68,29,15,F,2011
E01007183,Wirral 034A,639,25,23,42,34,23,17,31,37,52,61,47,54,47,39,43,27,19,9,9,F,2011
E01007255,Wirral 034B,772,30,37,43,37,34,32,24,28,58,82,72,47,61,38,47,43,40,14,5,F,2011
E01007256,Wirral 034C,866,18,40,41,42,36,23,34,32,46,61,55,53,64,91,70,77,51,20,12,F,2011
E01007279,Wirral 034D,878,32,48,52,49,39,40,51,52,73,73,59,55,55,51,44,33,39,15,18,F,2011
E01007286,Wirral 034E,721,28,26,40,36,29,42,31,42,56,54,51,57,76,43,30,29,26,16,9,F,2011
E01007110,Wirral 035A,848,28,41,46,49,45,43,34,43,70,71,52,56,71,49,42,42,36,14,16,F,2011
E01007117,Wirral 035B,883,47,59,63,64,41,36,45,49,85,84,62,49,59,32,30,23,27,21,7,F,2011
E01007118,Wirral 035C,818,44,45,58,46,26,38,47,50,69,65,57,47,40,38,39,27,24,37,21,F,2011
E01007151,Wirral 035D,819,38,32,58,50,40,30,34,42,71,69,71,43,51,51,36,35,39,22,7,F,2011
E01007154,Wirral 035E,797,29,51,51,43,28,28,39,52,54,64,50,61,71,57,40,32,27,14,6,F,2011
E01007140,Wirral 036A,847,61,49,35,43,45,59,86,67,62,71,54,50,40,36,35,22,19,5,8,F,2011
E01007142,Wirral 036B,975,45,34,36,41,41,62,42,61,60,60,68,76,68,75,52,48,47,30,29,F,2011
E01007143,Wirral 036C,854,71,45,51,49,53,81,83,61,55,68,56,42,32,24,26,25,17,8,7,F,2011
E01007152,Wirral 036D,877,43,43,39,41,37,49,51,67,44,60,47,52,46,60,53,45,40,32,28,F,2011
E01007153,Wirral 036E,835,34,30,44,36,44,20,25,48,56,57,53,48,62,57,53,47,39,44,38,F,2011
E01007182,Wirral 037A,807,37,33,36,38,30,24,28,28,43,56,51,62,59,51,63,45,51,41,31,F,2011
E01007184,Wirral 037B,817,38,44,42,36,25,43,43,37,59,57,46,54,54,64,37,50,32,30,26,F,2011
E01007185,Wirral 037C,850,45,52,68,50,34,42,54,60,73,69,59,44,50,45,34,26,16,19,10,F,2011
E01007192,Wirral 037D,691,26,31,35,29,30,14,13,27,45,49,50,43,63,41,63,43,37,35,17,F,2011
E01007288,Wirral 037E,862,32,37,43,54,35,34,39,37,42,63,50,60,66,66,65,62,32,29,16,F,2011
E01007144,Wirral 038A,748,27,27,36,32,23,27,19,28,50,52,60,50,53,57,41,33,38,42,53,F,2011
E01007145,Wirral 038B,680,28,21,34,37,23,24,14,21,49,45,50,51,90,68,51,46,13,7,8,F,2011
E01007146,Wirral 038C,815,31,27,37,39,34,51,40,38,47,58,55,65,71,56,50,55,31,20,10,F,2011
E01007147,Wirral 038D,720,21,33,38,27,25,20,19,40,58,48,54,46,91,56,50,44,29,12,9,F,2011
E01007148,Wirral 038E,839,32,33,34,56,43,22,26,34,55,69,62,70,69,71,66,56,23,14,4,F,2011
E01007135,Wirral 039A,793,27,53,39,50,34,22,35,45,52,59,49,60,56,47,44,23,42,32,24,F,2011
E01007136,Wirral 039B,878,55,41,57,55,55,60,79,56,63,64,55,42,64,49,23,21,17,12,10,F,2011
E01007137,Wirral 039C,878,41,44,54,42,47,47,45,62,61,72,54,63,57,41,49,42,22,23,12,F,2011
E01007170,Wirral 039D,781,39,40,47,35,34,40,32,38,61,55,52,49,49,66,54,42,24,18,6,F,2011
E01007186,Wirral 040A,840,28,61,61,53,16,22,20,34,79,77,54,51,63,57,50,47,37,18,12,F,2011
E01007187,Wirral 040B,765,22,23,34,37,22,16,9,29,37,67,65,59,83,69,50,50,49,27,17,F,2011
E01007188,Wirral 040C,759,29,40,40,43,25,15,21,47,52,69,57,56,60,45,60,46,26,17,11,F,2011
E01007189,Wirral 040D,834,22,32,32,30,29,26,20,29,51,63,48,63,73,60,79,62,47,40,28,F,2011
E01007190,Wirral 040E,782,33,34,53,33,20,9,14,28,52,61,51,58,78,77,61,54,38,21,7,F,2011
E01007191,Wirral 040F,661,28,23,35,38,19,11,6,29,36,61,56,42,74,61,44,40,33,16,9,F,2011
E01007149,Wirral 041A,738,24,39,32,35,31,16,23,37,59,48,56,57,65,69,53,49,26,11,8,F,2011
E01007150,Wirral 041B,738,32,35,39,44,32,21,39,52,59,60,46,46,66,58,56,31,12,9,1,F,2011
E01007165,Wirral 041C,685,32,23,37,38,34,30,37,41,44,44,33,36,56,64,58,41,23,12,2,F,2011
E01007171,Wirral 041D,753,32,44,40,36,36,31,36,54,63,69,45,54,59,31,34,30,31,19,9,F,2011
E01007172,Wirral 041E,763,35,40,47,42,32,27,29,33,36,71,42,60,69,65,44,40,26,20,5,F,2011
E01007164,Wirral 042A,886,56,64,55,28,35,41,60,68,80,70,59,50,52,47,36,34,24,22,5,F,2011
E01007166,Wirral 042B,730,36,28,21,27,29,39,29,34,52,50,56,47,63,79,65,37,22,14,2,F,2011
E01007167,Wirral 042C,778,44,58,41,48,41,35,37,49,71,64,47,37,54,36,29,32,25,16,14,F,2011
E01007168,Wirral 042D,878,47,47,32,53,56,53,53,53,46,77,53,41,60,44,39,45,56,16,7,F,2011
E01007169,Wirral 042E,898,51,34,46,46,53,61,52,65,63,63,61,44,58,47,42,58,32,12,10,F,2011
E06000011,,171055,7955,8224,9180,9941,7502,7458,8009,10120,12452,13127,12008,11552,13775,11079,9179,7709,5632,3826,2327,F,2011
E01012933,East Riding of Yorkshire 001A,539,11,20,18,21,20,6,14,18,31,44,38,53,68,64,43,27,18,16,9,F,2011
E01012934,East Riding of Yorkshire 001B,797,31,32,30,36,41,36,22,38,40,53,48,67,73,72,66,37,38,23,14,F,2011
E01012938,East Riding of Yorkshire 001C,1217,67,47,44,37,50,54,58,63,67,53,87,78,135,136,83,73,44,28,13,F,2011
E01012939,East Riding of Yorkshire 001D,952,48,39,53,31,26,42,50,48,55,53,56,62,86,89,90,62,34,22,6,F,2011
E01012940,East Riding of Yorkshire 001E,836,11,22,27,24,20,22,34,30,55,49,61,63,74,96,94,74,38,34,8,F,2011
E01012941,East Riding of Yorkshire 001F,712,10,13,20,22,16,9,13,16,41,45,42,52,80,90,74,79,44,33,13,F,2011
E01012929,East Riding of Yorkshire 002A,1014,73,74,61,67,72,85,66,60,64,66,58,65,65,38,29,30,22,12,7,F,2011
E01012930,East Riding of Yorkshire 002B,757,20,28,40,54,26,21,26,45,55,60,39,50,69,65,50,49,32,23,5,F,2011
E01012935,East Riding of Yorkshire 002C,699,12,19,24,24,16,13,14,23,35,40,44,41,73,88,58,62,48,45,20,F,2011
E01012937,East Riding of Yorkshire 002D,1108,22,30,39,52,37,15,32,36,62,69,78,94,151,146,97,61,39,34,14,F,2011
E01012942,East Riding of Yorkshire 002E,656,6,15,21,18,13,12,11,17,27,27,35,43,70,81,88,66,50,38,18,F,2011
E01012928,East Riding of Yorkshire 003A,892,74,60,74,52,53,51,52,49,54,54,61,39,55,48,39,31,22,19,5,F,2011
E01012931,East Riding of Yorkshire 003B,839,49,34,29,40,37,45,19,39,40,37,49,51,83,55,72,63,46,29,22,F,2011
E01012932,East Riding of Yorkshire 003C,845,48,59,52,55,55,52,40,64,56,48,39,41,58,54,53,34,14,15,8,F,2011
E01012946,East Riding of Yorkshire 003D,842,62,46,54,44,35,48,41,52,56,56,31,51,63,47,55,25,37,22,17,F,2011
E01012949,East Riding of Yorkshire 003E,754,43,24,34,42,37,30,38,40,39,32,49,52,60,53,46,45,43,26,21,F,2011
E01012936,East Riding of Yorkshire 004A,731,11,11,21,29,18,12,17,15,31,41,42,55,73,73,64,62,50,64,42,F,2011
E01012943,East Riding of Yorkshire 004B,855,56,47,40,55,39,73,47,49,51,55,55,49,73,45,46,31,15,13,16,F,2011
E01012945,East Riding of Yorkshire 004C,794,45,42,42,56,52,55,33,38,74,54,63,45,48,50,33,34,20,8,2,F,2011
E01012952,East Riding of Yorkshire 004D,699,32,23,35,33,46,27,43,31,36,68,52,63,53,48,40,34,16,12,7,F,2011
E01012944,East Riding of Yorkshire 005A,675,48,29,30,49,50,49,34,37,39,55,50,44,70,30,21,19,7,8,6,F,2011
E01012947,East Riding of Yorkshire 005B,739,30,37,44,46,23,33,26,30,52,62,50,60,59,55,47,38,16,20,11,F,2011
E01012948,East Riding of Yorkshire 005C,690,41,27,41,50,36,42,29,36,54,49,62,45,46,37,28,32,19,9,7,F,2011
E01012951,East Riding of Yorkshire 005D,721,27,34,35,54,23,13,17,31,51,42,43,53,47,50,41,35,33,44,48,F,2011
E01012950,East Riding of Yorkshire 006A,739,31,27,31,29,22,21,25,45,43,44,37,45,65,59,66,51,39,33,26,F,2011
E01012990,East Riding of Yorkshire 006B,715,21,31,54,37,25,21,33,38,45,58,57,60,58,56,45,37,23,9,7,F,2011
E01012991,East Riding of Yorkshire 006C,818,36,39,34,52,36,25,21,50,58,76,71,66,74,67,38,27,30,14,4,F,2011
E01012992,East Riding of Yorkshire 006D,766,27,35,57,39,25,28,36,39,42,57,51,65,94,56,44,27,20,16,8,F,2011
E01012978,East Riding of Yorkshire 008A,738,25,19,36,32,30,22,20,40,52,46,48,55,64,59,63,51,37,23,16,F,2011
E01012981,East Riding of Yorkshire 008B,713,39,34,27,36,26,33,32,34,50,66,74,54,68,58,25,25,14,15,3,F,2011
E01012983,East Riding of Yorkshire 008C,899,50,34,50,47,37,54,44,64,74,69,69,50,59,70,42,37,22,14,13,F,2011
E01012989,East Riding of Yorkshire 008D,918,32,43,53,55,26,36,30,47,48,71,60,64,74,87,63,48,39,23,19,F,2011
E01013125,East Riding of Yorkshire 008E,883,41,56,44,56,30,29,52,60,69,78,67,67,83,49,44,21,19,5,13,F,2011
E01013057,East Riding of Yorkshire 009A,764,31,44,49,37,28,24,37,54,69,71,57,53,74,52,33,18,16,12,5,F,2011
E01013059,East Riding of Yorkshire 009B,826,43,53,34,38,33,36,40,47,66,64,59,68,65,69,43,21,21,17,9,F,2011
E01013060,East Riding of Yorkshire 009C,1013,45,42,63,46,26,33,38,62,79,72,71,64,77,78,58,57,41,31,30,F,2011
E01013061,East Riding of Yorkshire 009D,847,35,47,42,53,33,26,46,44,63,71,48,65,79,64,38,34,27,22,10,F,2011
E01013126,East Riding of Yorkshire 009E,769,26,54,53,46,26,32,31,54,82,67,68,60,49,49,29,13,15,11,4,F,2011
E01012986,East Riding of Yorkshire 010A,786,15,29,34,31,23,23,34,40,41,48,57,64,101,86,60,43,33,17,7,F,2011
E01012987,East Riding of Yorkshire 010B,861,35,38,59,56,22,25,35,52,73,90,65,57,67,74,48,33,18,10,4,F,2011
E01012988,East Riding of Yorkshire 010C,763,38,37,47,48,32,27,51,43,66,64,58,55,45,46,43,19,23,14,7,F,2011
E01013048,East Riding of Yorkshire 010D,1048,55,55,54,47,38,34,36,59,92,101,79,81,121,66,43,36,26,17,8,F,2011
E01013052,East Riding of Yorkshire 011A,791,33,33,40,66,34,31,31,43,69,69,75,65,60,46,25,29,22,16,4,F,2011
E01013053,East Riding of Yorkshire 011B,725,27,16,21,28,12,19,27,28,41,36,52,57,93,76,58,51,50,23,10,F,2011
E01013054,East Riding of Yorkshire 011C,1082,69,72,90,93,43,48,80,102,94,94,52,40,45,34,42,30,36,12,6,F,2011
E01013055,East Riding of Yorkshire 011D,780,35,31,49,48,35,33,32,40,65,69,54,42,58,47,45,37,30,19,11,F,2011
E01013056,East Riding of Yorkshire 011E,836,44,40,44,41,52,46,48,47,51,63,41,47,67,48,42,46,22,29,18,F,2011
E01013058,East Riding of Yorkshire 011F,679,23,28,37,32,21,30,39,33,53,54,59,44,61,68,27,31,21,12,6,F,2011
E01013119,East Riding of Yorkshire 011G,746,31,43,33,48,22,33,28,40,67,71,65,58,55,57,40,25,15,10,5,F,2011
E01013046,East Riding of Yorkshire 012A,880,24,21,29,44,40,18,21,38,49,53,54,73,107,90,76,51,49,28,15,F,2011
E01013047,East Riding of Yorkshire 012B,842,24,34,33,52,41,20,26,42,48,77,37,58,77,74,65,48,25,38,23,F,2011
E01013049,East Riding of Yorkshire 012C,828,28,30,36,51,23,31,23,38,49,53,55,69,69,54,53,57,43,36,30,F,2011
E01013050,East Riding of Yorkshire 012D,817,26,27,36,40,26,27,33,40,63,70,45,68,79,63,55,48,37,27,7,F,2011
E01013051,East Riding of Yorkshire 012E,833,61,49,44,56,52,39,44,41,54,55,46,51,68,53,36,31,29,15,9,F,2011
E01012922,East Riding of Yorkshire 013A,746,34,32,36,46,16,30,39,36,62,73,65,57,88,50,33,22,11,11,5,F,2011
E01012923,East Riding of Yorkshire 013B,781,44,55,42,47,27,42,55,61,61,68,55,42,46,37,40,19,17,14,9,F,2011
E01012925,East Riding of Yorkshire 013C,691,30,27,51,44,25,20,29,43,61,70,52,39,57,46,28,21,21,17,10,F,2011
E01012927,East Riding of Yorkshire 013D,776,28,38,37,36,24,28,22,38,66,76,54,64,73,55,53,32,28,11,13,F,2011
E01012924,East Riding of Yorkshire 014A,869,27,53,40,55,27,26,38,46,75,85,74,74,91,62,32,31,20,8,5,F,2011
E01012926,East Riding of Yorkshire 014B,1255,57,64,69,53,45,33,63,68,80,107,75,87,143,111,66,56,40,26,12,F,2011
E01013027,East Riding of Yorkshire 014C,837,25,26,31,41,41,32,34,39,64,66,65,63,66,67,47,61,42,16,11,F,2011
E01013034,East Riding of Yorkshire 014D,910,49,49,60,52,29,26,34,75,82,72,83,71,77,66,39,21,10,5,10,F,2011
E01013120,East Riding of Yorkshire 015A,1005,55,41,39,42,33,44,59,52,62,81,76,90,93,64,55,36,40,20,23,F,2011
E01013121,East Riding of Yorkshire 015B,1031,77,64,65,63,35,52,60,83,100,101,60,75,71,44,28,25,18,9,1,F,2011
E01013123,East Riding of Yorkshire 015C,775,33,44,39,39,39,45,48,51,54,54,56,42,62,44,33,27,31,22,12,F,2011
E01013124,East Riding of Yorkshire 015D,1106,72,57,41,46,65,70,70,51,64,67,54,61,89,75,64,75,38,29,18,F,2011
E01013064,East Riding of Yorkshire 016A,789,42,57,73,54,31,24,48,77,71,81,56,37,41,28,15,11,10,13,20,F,2011
E01013065,East Riding of Yorkshire 016B,840,34,32,34,50,33,36,33,44,59,75,59,43,72,72,61,58,32,11,2,F,2011
E01013066,East Riding of Yorkshire 016C,854,45,44,44,55,27,28,35,48,67,76,72,49,62,49,53,34,37,21,8,F,2011
E01013067,East Riding of Yorkshire 016D,895,53,54,73,47,31,38,45,71,88,65,78,61,67,49,32,25,6,11,1,F,2011
E01013068,East Riding of Yorkshire 016E,742,26,35,28,38,18,18,23,35,45,42,56,48,75,60,70,49,39,23,14,F,2011
E01013070,East Riding of Yorkshire 016F,823,31,32,45,44,31,19,37,41,43,71,54,60,61,53,49,45,48,39,20,F,2011
E01013038,East Riding of Yorkshire 017A,787,73,42,63,49,60,61,40,40,64,47,45,44,41,28,21,34,18,14,3,F,2011
E01013045,East Riding of Yorkshire 017B,830,72,60,47,64,55,51,55,65,56,56,45,38,30,25,35,24,34,15,3,F,2011
E01013069,East Riding of Yorkshire 017C,786,41,32,27,35,57,52,41,58,54,65,49,48,57,46,44,31,26,18,5,F,2011
E01013071,East Riding of Yorkshire 017D,865,61,27,46,37,43,57,44,58,44,46,51,55,57,45,39,65,39,37,14,F,2011
E01013022,East Riding of Yorkshire 018A,941,48,50,45,60,40,23,29,66,81,96,83,93,83,67,33,19,11,10,4,F,2011
E01013023,East Riding of Yorkshire 018B,934,48,34,51,48,37,19,40,40,75,96,89,81,88,57,45,33,32,16,5,F,2011
E01013024,East Riding of Yorkshire 018C,957,56,54,42,72,58,46,49,70,81,79,58,54,72,60,39,26,24,12,5,F,2011
E01013122,East Riding of Yorkshire 018D,758,39,32,56,57,25,25,19,42,56,84,70,68,58,44,29,18,22,13,1,F,2011
E01013127,East Riding of Yorkshire 018E,740,37,46,47,29,18,20,32,48,69,66,56,55,79,54,33,20,17,10,4,F,2011
E01013036,East Riding of Yorkshire 019A,810,47,34,27,36,50,64,63,49,56,78,43,45,55,31,38,38,29,15,12,F,2011
E01013037,East Riding of Yorkshire 019B,757,37,47,44,45,43,79,51,64,78,57,45,34,50,24,27,16,9,6,1,F,2011
E01013040,East Riding of Yorkshire 019C,1023,58,54,68,59,61,90,74,78,97,84,73,63,48,25,25,23,15,17,11,F,2011
E01013041,East Riding of Yorkshire 019D,857,15,21,14,27,27,42,30,33,47,45,47,66,78,69,66,72,68,47,43,F,2011
E01013062,East Riding of Yorkshire 019E,881,32,30,25,39,46,45,47,55,57,60,82,55,62,50,48,54,48,29,17,F,2011
E01013063,East Riding of Yorkshire 019F,790,28,33,51,45,26,23,34,34,61,68,68,64,59,54,51,37,26,19,9,F,2011
E01012919,East Riding of Yorkshire 020A,831,24,59,38,181,54,17,22,49,69,58,51,60,37,33,29,22,12,11,5,F,2011
E01012921,East Riding of Yorkshire 020B,597,28,36,48,29,14,22,26,32,49,58,44,49,42,39,21,29,13,12,6,F,2011
E01013039,East Riding of Yorkshire 020C,864,33,30,39,41,27,28,50,52,62,74,73,69,85,62,43,46,30,12,8,F,2011
E01013042,East Riding of Yorkshire 020D,880,41,62,75,65,30,17,30,67,81,95,64,63,58,31,34,30,27,8,2,F,2011
E01013043,East Riding of Yorkshire 020E,771,29,59,64,56,30,28,32,61,77,65,64,41,37,37,16,20,25,16,14,F,2011
E01013044,East Riding of Yorkshire 020F,817,36,50,52,49,22,35,37,55,74,88,69,52,59,41,38,29,19,6,6,F,2011
E01013029,East Riding of Yorkshire 021A,752,30,35,49,34,36,35,22,39,48,67,60,68,68,38,43,37,20,15,8,F,2011
E01013030,East Riding of Yorkshire 021B,743,21,33,36,37,23,21,33,36,65,51,58,60,92,48,50,38,17,17,7,F,2011
E01013031,East Riding of Yorkshire 021C,772,18,24,49,58,35,18,23,32,55,53,73,70,80,50,58,34,24,9,9,F,2011
E01013032,East Riding of Yorkshire 021D,741,23,25,40,37,35,27,26,40,45,64,62,63,69,50,49,46,25,11,4,F,2011
E01013035,East Riding of Yorkshire 021E,655,25,26,34,29,25,25,26,37,42,45,61,75,80,51,34,18,14,4,4,F,2011
E01012954,East Riding of Yorkshire 022A,648,30,19,28,31,26,25,25,42,35,49,47,46,52,60,44,41,30,8,10,F,2011
E01012956,East Riding of Yorkshire 022B,637,23,32,43,43,28,19,22,34,48,51,57,45,53,43,35,29,16,12,4,F,2011
E01012958,East Riding of Yorkshire 022C,541,16,12,19,33,13,12,18,19,31,42,46,43,53,52,58,32,16,17,9,F,2011
E01012961,East Riding of Yorkshire 022D,776,34,22,29,46,24,21,29,37,43,48,28,47,83,53,69,68,47,31,17,F,2011
E01012966,East Riding of Yorkshire 022E,679,16,21,22,27,24,16,23,16,45,68,58,56,71,59,48,39,29,13,28,F,2011
E01012953,East Riding of Yorkshire 023A,540,22,26,26,21,20,21,31,30,42,43,44,37,53,42,29,24,16,8,5,F,2011
E01012955,East Riding of Yorkshire 023B,810,28,38,43,51,40,27,33,48,44,76,54,49,65,55,47,41,34,25,12,F,2011
E01012959,East Riding of Yorkshire 023C,746,47,28,36,38,35,44,44,46,50,43,65,58,66,41,34,33,18,12,8,F,2011
E01012962,East Riding of Yorkshire 023D,614,21,23,31,27,27,18,27,26,43,47,55,41,44,28,34,31,19,42,30,F,2011
E01012964,East Riding of Yorkshire 023E,845,36,34,44,48,46,39,52,44,64,71,61,48,46,43,55,57,32,18,7,F,2011
E01012920,East Riding of Yorkshire 024A,743,40,46,36,32,27,28,36,57,61,73,51,51,68,52,28,25,18,9,5,F,2011
E01012965,East Riding of Yorkshire 024B,535,18,21,29,31,20,14,12,33,35,41,56,44,47,35,26,28,13,19,13,F,2011
E01012967,East Riding of Yorkshire 024C,829,35,39,54,40,26,27,27,53,70,70,62,45,67,54,44,38,31,36,11,F,2011
E01012968,East Riding of Yorkshire 024D,853,33,39,59,57,18,27,22,67,66,82,79,71,69,50,48,33,19,6,8,F,2011
E01012969,East Riding of Yorkshire 024E,593,22,32,35,29,23,24,26,28,52,57,39,43,48,34,27,27,22,14,11,F,2011
E01012957,East Riding of Yorkshire 025A,1281,40,26,29,432,155,42,35,40,43,43,41,50,65,38,54,49,51,28,20,F,2011
E01012960,East Riding of Yorkshire 025B,888,34,40,46,31,50,30,36,41,51,65,68,58,43,50,59,50,50,49,37,F,2011
E01012963,East Riding of Yorkshire 025C,783,45,33,31,30,31,36,29,35,57,29,42,43,73,54,53,53,45,46,18,F,2011
E01013112,East Riding of Yorkshire 025D,739,13,32,29,32,31,13,24,28,30,57,40,60,60,65,85,74,46,13,7,F,2011
E01013018,East Riding of Yorkshire 026A,978,68,51,47,57,45,58,64,47,80,71,57,52,71,57,54,41,28,18,12,F,2011
E01013019,East Riding of Yorkshire 026B,589,22,28,35,34,27,21,30,30,45,59,62,55,50,27,25,18,13,3,5,F,2011
E01013021,East Riding of Yorkshire 026C,747,26,34,34,40,29,32,33,42,56,57,56,65,58,57,49,34,25,16,4,F,2011
E01013025,East Riding of Yorkshire 026D,679,22,39,42,28,25,20,24,48,51,57,37,55,56,55,39,34,23,15,9,F,2011
E01013026,East Riding of Yorkshire 026E,826,27,42,46,55,45,39,37,52,61,83,71,59,50,49,36,39,21,10,4,F,2011
E01013105,East Riding of Yorkshire 027A,761,45,44,52,34,43,37,45,37,49,66,55,43,35,41,39,50,23,16,7,F,2011
E01013110,East Riding of Yorkshire 027B,851,44,43,58,50,36,26,52,64,61,59,58,38,53,38,28,42,48,32,21,F,2011
E01013111,East Riding of Yorkshire 027C,749,41,41,45,43,28,23,38,39,57,61,66,46,62,55,36,28,12,15,13,F,2011
E01013115,East Riding of Yorkshire 027D,791,49,33,51,51,42,39,46,35,63,72,65,40,50,50,52,29,11,9,4,F,2011
E01013117,East Riding of Yorkshire 027E,789,33,29,49,55,30,14,29,51,61,63,56,50,59,47,44,41,40,25,13,F,2011
E01013108,East Riding of Yorkshire 028A,773,25,30,36,38,34,21,31,35,56,70,55,58,67,46,60,33,31,27,20,F,2011
E01013113,East Riding of Yorkshire 028B,793,25,39,34,38,28,12,35,39,52,62,71,51,66,54,56,40,36,24,31,F,2011
E01013114,East Riding of Yorkshire 028C,746,19,32,44,50,27,13,16,31,55,53,62,63,77,65,51,41,25,15,7,F,2011
E01013116,East Riding of Yorkshire 028D,766,21,42,35,44,37,17,18,46,64,62,57,58,75,40,47,39,25,21,18,F,2011
E01013118,East Riding of Yorkshire 028E,771,23,44,47,36,24,10,23,29,52,78,46,49,82,62,54,47,40,16,9,F,2011
E01013094,East Riding of Yorkshire 029A,726,28,32,44,40,26,25,25,55,46,55,39,57,78,55,32,35,24,21,9,F,2011
E01013095,East Riding of Yorkshire 029B,837,41,35,36,31,29,46,36,50,51,47,56,63,78,54,44,53,36,24,27,F,2011
E01013096,East Riding of Yorkshire 029C,881,39,43,50,60,40,42,49,63,83,67,55,55,54,43,47,45,17,21,8,F,2011
E01013097,East Riding of Yorkshire 029D,717,29,34,28,31,42,39,43,44,38,56,57,54,71,39,30,45,24,9,4,F,2011
E01013102,East Riding of Yorkshire 029E,742,23,22,33,44,31,37,30,41,43,54,61,60,73,69,39,42,21,9,10,F,2011
E01013028,East Riding of Yorkshire 031A,762,23,41,48,42,20,37,38,42,58,66,64,61,88,56,37,19,10,8,4,F,2011
E01013078,East Riding of Yorkshire 031B,709,21,32,30,45,24,24,22,29,58,54,74,61,68,60,39,27,22,11,8,F,2011
E01013081,East Riding of Yorkshire 031C,752,43,27,34,31,38,34,30,41,64,44,74,68,76,39,45,30,14,17,3,F,2011
E01013082,East Riding of Yorkshire 031D,782,39,29,26,40,48,29,33,34,33,61,72,54,82,76,41,44,19,16,6,F,2011
E01013085,East Riding of Yorkshire 031E,826,38,39,54,40,38,31,35,50,65,58,56,57,82,56,55,29,23,12,8,F,2011
E01012970,East Riding of Yorkshire 032A,752,21,40,36,42,30,27,26,36,62,65,72,58,68,64,35,38,19,7,6,F,2011
E01012972,East Riding of Yorkshire 032C,797,42,45,51,48,25,23,32,48,68,77,44,43,62,44,39,46,28,22,10,F,2011
E01012973,East Riding of Yorkshire 032D,1421,108,95,102,88,51,105,122,151,149,114,80,55,63,50,30,23,15,8,12,F,2011
E01012974,East Riding of Yorkshire 032E,811,34,40,40,45,44,39,40,69,59,50,50,43,60,50,46,36,32,22,12,F,2011
E01013092,East Riding of Yorkshire 032F,1036,60,68,56,65,42,53,68,97,71,80,60,54,56,68,53,39,34,7,5,F,2011
E01033495,East Riding of Yorkshire 032G,716,91,57,41,33,45,73,95,78,62,51,26,23,16,8,8,7,1,1,0,F,2011
E01033496,East Riding of Yorkshire 032H,890,52,74,71,43,26,27,39,77,104,89,59,49,52,36,37,26,11,15,3,F,2011
E01013033,East Riding of Yorkshire 033A,816,44,56,49,50,33,39,47,62,63,64,67,59,67,33,30,25,16,10,2,F,2011
E01013098,East Riding of Yorkshire 033B,1159,74,70,72,64,65,57,79,103,77,81,77,65,95,57,44,43,23,8,5,F,2011
E01013099,East Riding of Yorkshire 033C,696,32,37,37,32,25,38,30,25,41,57,47,35,68,52,42,39,36,19,4,F,2011
E01013100,East Riding of Yorkshire 033D,849,34,33,49,50,36,28,20,61,63,74,57,61,67,59,61,36,16,28,16,F,2011
E01013101,East Riding of Yorkshire 033E,841,31,51,58,39,34,28,50,69,66,55,58,50,82,69,46,30,15,4,6,F,2011
E01013008,East Riding of Yorkshire 034A,788,41,44,43,41,77,67,59,61,60,53,53,41,38,23,23,13,28,9,14,F,2011
E01013009,East Riding of Yorkshire 034B,795,38,33,42,48,32,43,37,55,55,48,55,56,50,41,42,52,36,17,15,F,2011
E01013013,East Riding of Yorkshire 034C,797,56,42,32,48,46,79,56,58,70,58,40,43,49,32,43,24,8,10,3,F,2011
E01013014,East Riding of Yorkshire 034D,763,41,37,61,51,45,37,31,51,69,66,46,43,37,46,30,31,27,6,8,F,2011
E01013107,East Riding of Yorkshire 034E,818,39,42,46,37,28,46,37,48,48,52,40,43,57,53,44,51,48,41,18,F,2011
E01013088,East Riding of Yorkshire 035A,835,24,46,67,34,17,15,16,47,74,56,73,57,82,61,61,56,27,14,8,F,2011
E01013089,East Riding of Yorkshire 035B,883,43,37,50,50,22,31,37,67,58,80,55,64,77,64,53,39,30,14,12,F,2011
E01013090,East Riding of Yorkshire 035C,712,31,23,41,44,22,20,27,47,64,61,49,50,50,60,52,28,21,16,6,F,2011
E01013091,East Riding of Yorkshire 035D,811,27,46,46,46,22,18,30,55,71,73,57,56,65,47,44,37,27,17,27,F,2011
E01013093,East Riding of Yorkshire 035E,751,27,30,49,39,18,24,24,28,65,59,57,59,81,62,51,43,23,5,7,F,2011
E01013005,East Riding of Yorkshire 036A,762,18,27,32,28,22,22,13,19,48,72,41,69,50,46,38,57,54,59,47,F,2011
E01013007,East Riding of Yorkshire 036B,828,49,37,48,40,39,29,50,72,59,55,59,51,53,34,42,36,41,20,14,F,2011
E01013011,East Riding of Yorkshire 036C,791,46,36,41,62,34,53,51,59,75,61,48,40,40,36,36,30,21,18,4,F,2011
E01013012,East Riding of Yorkshire 036D,702,25,34,36,39,33,25,28,43,54,77,64,67,46,33,20,26,19,14,19,F,2011
E01012996,East Riding of Yorkshire 037A,807,37,31,44,55,19,28,39,47,65,63,56,49,64,48,50,36,35,19,22,F,2011
E01012998,East Riding of Yorkshire 037B,1144,53,74,71,68,55,51,72,86,96,93,73,59,66,60,58,46,39,21,3,F,2011
E01013015,East Riding of Yorkshire 037C,774,48,29,39,48,52,50,51,50,46,66,71,52,50,29,28,19,20,14,12,F,2011
E01013016,East Riding of Yorkshire 037D,829,40,34,38,46,22,29,40,55,66,66,70,64,81,72,38,34,21,10,3,F,2011
E01013003,East Riding of Yorkshire 038A,732,25,27,37,27,26,40,38,34,47,41,63,57,54,42,48,36,41,24,25,F,2011
E01013017,East Riding of Yorkshire 038B,831,37,37,38,44,43,49,45,47,57,71,59,56,57,40,48,37,34,25,7,F,2011
E01013020,East Riding of Yorkshire 038C,935,51,66,50,61,39,27,41,61,91,100,65,71,68,50,29,27,19,15,4,F,2011
E01013076,East Riding of Yorkshire 038D,738,28,33,48,41,30,34,30,49,67,51,61,46,58,55,29,27,30,13,8,F,2011
E01013079,East Riding of Yorkshire 039A,754,18,37,28,32,30,25,30,44,49,51,47,66,95,68,52,37,26,10,9,F,2011
E01013080,East Riding of Yorkshire 039B,693,43,41,52,45,44,31,27,52,55,53,42,33,50,35,28,30,16,7,9,F,2011
E01013083,East Riding of Yorkshire 039C,728,33,38,50,44,39,27,34,45,37,49,53,54,51,44,27,25,23,26,29,F,2011
E01013084,East Riding of Yorkshire 039D,755,38,44,38,41,39,42,27,37,29,40,37,58,47,55,59,43,44,20,17,F,2011
E01013086,East Riding of Yorkshire 039E,760,33,31,47,35,26,41,37,42,49,41,51,51,63,66,53,35,22,21,16,F,2011
E01013087,East Riding of Yorkshire 039F,692,23,29,55,41,22,21,33,36,53,53,59,62,77,44,30,25,18,8,3,F,2011
E01012993,East Riding of Yorkshire 040A,756,25,23,27,38,30,37,29,41,35,39,44,53,73,52,45,52,42,40,31,F,2011
E01012997,East Riding of Yorkshire 040B,953,74,55,41,42,80,108,81,65,60,57,59,30,45,39,23,39,26,21,8,F,2011
E01012999,East Riding of Yorkshire 040C,887,83,58,55,58,86,92,76,52,63,55,62,47,28,23,16,12,10,6,5,F,2011
E01013001,East Riding of Yorkshire 040D,938,52,62,47,48,43,70,60,52,64,54,51,62,67,49,35,51,26,27,18,F,2011
E01013074,East Riding of Yorkshire 040E,819,29,28,49,39,37,27,41,49,70,53,70,59,79,61,35,31,27,20,15,F,2011
E01012994,East Riding of Yorkshire 041A,894,39,50,49,49,35,56,49,53,53,62,58,65,60,62,41,41,26,33,13,F,2011
E01012995,East Riding of Yorkshire 041B,1003,47,66,75,81,72,78,59,79,76,66,57,51,61,44,30,27,18,12,4,F,2011
E01013000,East Riding of Yorkshire 041C,856,60,38,34,73,63,62,64,61,68,69,54,44,58,22,26,24,18,14,4,F,2011
E01013002,East Riding of Yorkshire 041D,817,77,54,43,47,72,67,62,43,51,53,52,46,33,32,26,28,17,13,1,F,2011
E01013004,East Riding of Yorkshire 041E,892,87,67,49,62,65,76,52,65,53,58,52,42,54,26,24,28,17,9,6,F,2011
E01013072,East Riding of Yorkshire 042A,868,56,54,51,50,32,44,44,51,86,57,53,62,59,47,41,37,21,15,8,F,2011
E01013073,East Riding of Yorkshire 042B,801,32,47,43,50,40,30,29,54,71,71,62,53,69,54,34,31,24,6,1,F,2011
E01013075,East Riding of Yorkshire 042C,652,17,28,45,36,29,17,26,44,58,62,57,54,63,46,29,21,8,4,8,F,2011
E01013077,East Riding of Yorkshire 042D,1047,39,58,73,63,33,41,58,72,85,86,63,77,83,44,71,24,38,25,14,F,2011
E01013006,East Riding of Yorkshire 043A,789,48,42,49,56,50,47,64,57,61,60,62,51,43,27,24,19,12,13,4,F,2011
E01013010,East Riding of Yorkshire 043B,761,45,26,30,46,43,44,54,44,58,57,62,42,49,50,45,31,16,14,5,F,2011
E01013103,East Riding of Yorkshire 043C,731,29,32,36,46,24,29,25,46,55,48,45,60,89,58,44,38,11,11,5,F,2011
E01013104,East Riding of Yorkshire 043D,655,22,32,24,25,24,33,26,36,39,49,47,52,65,54,46,43,24,11,3,F,2011
E01013106,East Riding of Yorkshire 043E,601,33,31,35,34,22,41,46,39,37,46,39,34,51,20,22,25,32,8,6,F,2011
E01032596,East Riding of Yorkshire 043F,746,33,38,48,54,38,27,32,68,59,50,58,42,53,30,32,32,26,16,10,F,2011
E01012975,East Riding of Yorkshire 044A,789,26,22,39,43,31,32,36,28,47,69,70,52,77,66,66,32,23,22,8,F,2011
E01012977,East Riding of Yorkshire 044B,1357,57,94,98,100,64,64,62,91,142,128,88,60,87,62,51,43,24,20,22,F,2011
E01012984,East Riding of Yorkshire 044C,838,31,44,42,52,28,33,26,47,68,65,75,80,63,57,43,32,35,10,7,F,2011
E01012985,East Riding of Yorkshire 044D,877,33,48,63,45,34,34,32,51,66,57,59,66,75,70,51,43,25,16,9,F,2011
E01012976,East Riding of Yorkshire 045A,761,54,29,37,47,49,41,38,50,56,51,57,38,68,44,33,26,23,15,5,F,2011
E01012979,East Riding of Yorkshire 045B,775,30,31,36,40,48,43,43,40,49,61,37,49,72,53,44,40,37,15,7,F,2011
E01012980,East Riding of Yorkshire 045C,972,63,37,36,50,61,61,51,64,59,65,46,41,50,46,46,53,58,52,33,F,2011
E01012982,East Riding of Yorkshire 045D,873,43,39,43,52,56,44,47,41,62,59,63,44,56,51,41,49,42,28,13,F,2011
E06000010,,127790,8432,6853,6627,8223,11788,10140,8338,8206,8572,8856,8048,6778,6831,5041,4529,4080,3316,2051,1081,F,2011
E01012779,Kingston upon Hull 001A,698,78,57,54,56,68,65,55,46,47,39,31,40,26,20,6,7,3,0,0,F,2011
E01012780,Kingston upon Hull 001B,809,81,59,56,73,79,71,61,54,48,47,36,44,40,27,17,8,5,3,0,F,2011
E01012781,Kingston upon Hull 001C,662,63,52,60,34,49,44,44,41,37,40,45,33,50,26,22,8,8,2,4,F,2011
E01012832,Kingston upon Hull 001E,708,65,42,38,35,62,47,79,60,52,48,39,38,37,16,11,11,9,13,6,F,2011
E01033105,Kingston upon Hull 001F,710,46,56,39,38,64,62,64,64,81,70,50,23,28,13,4,5,2,1,0,F,2011
E01033106,Kingston upon Hull 001G,580,58,29,31,45,63,111,67,43,47,40,27,9,5,2,2,0,0,1,0,F,2011
E01033107,Kingston upon Hull 001H,680,67,55,32,43,50,74,81,59,54,57,50,23,17,10,4,2,1,1,0,F,2011
E01033108,Kingston upon Hull 001I,718,69,61,33,45,58,67,85,63,68,58,43,27,20,12,3,3,3,0,0,F,2011
E01012782,Kingston upon Hull 002A,761,48,48,58,74,51,53,32,65,58,48,28,35,27,34,31,21,24,17,9,F,2011
E01012785,Kingston upon Hull 002B,673,59,49,50,60,53,47,50,49,38,45,33,26,30,25,22,17,9,9,2,F,2011
E01012786,Kingston upon Hull 002C,625,33,25,36,40,42,39,32,38,36,53,37,41,39,43,34,23,23,9,2,F,2011
E01012787,Kingston upon Hull 002D,742,53,46,33,61,77,64,41,33,45,65,27,43,50,44,23,23,3,9,2,F,2011
E01012788,Kingston upon Hull 002E,754,57,42,52,67,61,53,41,53,57,46,43,29,49,26,32,19,12,13,2,F,2011
E01012789,Kingston upon Hull 002F,705,64,49,35,50,57,51,37,49,46,42,33,33,45,39,34,25,5,8,3,F,2011
E01012875,Kingston upon Hull 003A,764,74,66,54,61,67,77,50,48,43,33,45,29,31,20,16,23,11,12,4,F,2011
E01012876,Kingston upon Hull 003B,899,81,69,62,72,66,60,53,46,54,64,60,42,26,34,45,37,17,9,2,F,2011
E01012877,Kingston upon Hull 003C,763,83,73,57,68,52,57,48,51,47,47,41,29,27,28,25,16,9,3,2,F,2011
E01012878,Kingston upon Hull 003D,811,57,53,44,72,61,57,40,61,67,62,48,46,31,27,27,27,15,7,9,F,2011
E01012879,Kingston upon Hull 003E,694,60,54,38,57,68,59,43,52,41,44,36,25,32,16,19,26,15,5,4,F,2011
E01012778,Kingston upon Hull 004A,795,62,64,67,75,72,60,44,56,67,50,36,32,46,21,10,15,9,6,3,F,2011
E01012783,Kingston upon Hull 004B,633,56,35,50,59,54,47,36,40,44,54,30,24,26,19,25,15,7,12,0,F,2011
E01012784,Kingston upon Hull 004C,1091,107,86,73,77,83,105,105,91,84,70,54,49,39,26,24,8,8,1,1,F,2011
E01012790,Kingston upon Hull 004D,683,33,31,23,44,46,39,24,33,42,40,50,40,50,49,48,32,28,22,9,F,2011
E01012906,Kingston upon Hull 004E,860,68,56,62,77,75,60,39,76,58,59,46,40,47,39,17,18,12,8,3,F,2011
E01012908,Kingston upon Hull 004F,599,45,37,23,29,32,44,38,38,28,43,37,41,51,29,29,25,15,9,6,F,2011
E01012764,Kingston upon Hull 005A,574,19,20,20,11,17,21,20,40,23,35,55,54,61,46,56,27,24,16,9,F,2011
E01012765,Kingston upon Hull 005B,774,44,53,44,39,49,57,70,51,49,60,64,42,32,33,36,20,19,8,4,F,2011
E01012768,Kingston upon Hull 005C,709,38,22,17,24,39,58,31,31,40,52,65,63,62,49,43,35,31,7,2,F,2011
E01012769,Kingston upon Hull 005D,660,23,15,17,22,14,27,34,25,32,38,36,44,51,70,79,66,43,19,5,F,2011
E01012829,Kingston upon Hull 006A,804,36,41,37,34,41,53,56,46,69,53,57,64,78,41,36,26,19,12,5,F,2011
E01012830,Kingston upon Hull 006B,735,39,38,28,41,35,52,46,52,46,56,54,64,66,42,31,29,8,7,1,F,2011
E01012905,Kingston upon Hull 006C,687,47,32,38,53,42,34,34,49,50,38,50,49,53,33,35,22,18,9,1,F,2011
E01012910,Kingston upon Hull 006D,641,38,31,50,48,49,48,33,51,49,57,54,45,45,20,9,10,2,2,0,F,2011
E01012912,Kingston upon Hull 006E,904,52,48,50,44,58,58,55,54,53,66,45,57,83,62,62,26,21,8,2,F,2011
E01012822,Kingston upon Hull 007A,759,36,35,41,33,46,31,47,52,49,48,45,50,36,43,46,50,38,25,8,F,2011
E01012904,Kingston upon Hull 007B,749,21,19,28,46,40,34,30,39,45,73,51,49,60,32,52,34,42,25,29,F,2011
E01012907,Kingston upon Hull 007C,695,31,39,38,44,47,31,50,50,59,41,60,48,63,29,23,21,14,2,5,F,2011
E01012909,Kingston upon Hull 007D,666,40,23,33,35,35,76,59,49,48,49,51,53,41,32,12,20,7,2,1,F,2011
E01012911,Kingston upon Hull 007E,603,25,21,34,38,41,35,35,40,37,52,68,65,52,19,17,12,9,2,1,F,2011
E01012873,Kingston upon Hull 008A,819,69,52,61,67,88,63,63,49,49,47,47,32,31,26,29,22,18,5,1,F,2011
E01012874,Kingston upon Hull 008B,798,65,55,56,57,56,51,53,61,53,45,57,45,26,29,33,24,15,15,2,F,2011
E01012880,Kingston upon Hull 008C,902,82,59,64,68,76,72,54,55,73,68,55,44,33,28,23,15,19,10,4,F,2011
E01012881,Kingston upon Hull 008D,767,58,56,59,52,55,55,39,47,60,56,42,43,32,27,30,20,24,8,4,F,2011
E01012915,Kingston upon Hull 008E,779,55,47,34,46,61,78,44,50,45,54,49,29,49,23,32,38,30,10,5,F,2011
E01012917,Kingston upon Hull 008F,832,55,44,45,47,68,65,44,34,58,37,40,36,41,41,55,52,40,20,10,F,2011
E01012918,Kingston upon Hull 008G,777,48,47,52,60,53,66,47,67,57,61,54,43,29,30,20,18,19,5,1,F,2011
E01012833,Kingston upon Hull 009A,810,61,55,40,60,64,82,42,45,55,43,42,45,31,33,17,22,34,28,11,F,2011
E01012835,Kingston upon Hull 009B,580,17,17,22,25,23,20,25,27,39,40,44,57,82,40,28,29,22,18,5,F,2011
E01012836,Kingston upon Hull 009C,693,35,33,33,42,43,58,29,45,45,55,49,41,35,22,25,35,37,26,5,F,2011
E01012839,Kingston upon Hull 009D,663,37,28,39,42,39,35,36,37,34,44,48,47,57,26,31,29,25,21,8,F,2011
E01012840,Kingston upon Hull 009E,786,53,50,44,53,51,54,37,64,55,52,53,39,45,33,32,22,34,10,5,F,2011
E01012824,Kingston upon Hull 010A,846,36,41,52,41,36,34,46,70,78,64,65,56,43,30,23,37,28,35,31,F,2011
E01012825,Kingston upon Hull 010B,805,37,34,36,46,47,31,38,38,54,53,68,63,58,41,41,47,38,25,10,F,2011
E01012834,Kingston upon Hull 010C,870,75,64,58,50,62,67,59,52,53,47,44,42,47,26,26,24,43,23,8,F,2011
E01012837,Kingston upon Hull 010D,921,49,47,45,53,47,59,49,50,52,56,50,42,53,42,40,42,71,51,23,F,2011
E01012838,Kingston upon Hull 010E,801,65,64,73,50,51,65,69,43,49,49,37,49,36,22,24,24,15,12,4,F,2011
E01012821,Kingston upon Hull 011A,651,27,26,30,49,22,24,34,35,48,53,41,37,43,34,46,44,28,20,10,F,2011
E01012823,Kingston upon Hull 011B,736,47,55,62,50,47,36,48,39,41,49,34,45,43,27,39,30,27,16,1,F,2011
E01012826,Kingston upon Hull 011C,793,30,38,44,45,55,39,33,52,62,53,59,40,49,38,43,45,38,19,11,F,2011
E01012827,Kingston upon Hull 011D,791,26,26,20,32,52,27,24,37,42,61,62,53,53,50,50,45,56,48,27,F,2011
E01012828,Kingston upon Hull 011E,797,49,29,43,41,55,51,32,50,57,57,61,44,43,33,47,47,31,22,5,F,2011
E01012766,Kingston upon Hull 012A,708,36,25,34,52,61,47,52,51,59,62,57,58,44,28,12,14,10,5,1,F,2011
E01012767,Kingston upon Hull 012B,814,30,25,29,55,281,48,40,36,46,50,36,31,43,22,20,9,5,6,2,F,2011
E01012914,Kingston upon Hull 012C,1016,21,11,11,254,499,86,27,10,12,13,16,13,7,6,9,7,7,6,1,F,2011
E01012916,Kingston upon Hull 012D,760,39,26,25,45,87,75,49,41,43,54,46,45,48,38,32,34,19,10,4,F,2011
E01012812,Kingston upon Hull 013A,704,39,44,40,48,41,33,28,56,58,61,70,28,49,31,29,24,15,6,4,F,2011
E01012813,Kingston upon Hull 013B,888,52,46,52,68,40,37,50,59,78,72,85,74,69,39,25,19,9,11,3,F,2011
E01012814,Kingston upon Hull 013C,795,36,38,47,57,31,26,41,47,71,66,61,49,68,51,41,29,20,12,4,F,2011
E01012815,Kingston upon Hull 013D,765,50,33,40,43,47,57,65,59,70,72,46,44,48,29,19,25,11,2,5,F,2011
E01012818,Kingston upon Hull 013E,641,19,28,45,56,30,23,28,42,53,68,51,42,43,34,30,21,17,5,6,F,2011
E01012791,Kingston upon Hull 014A,846,47,50,35,57,38,45,39,48,80,68,71,57,64,49,36,21,21,14,6,F,2011
E01012792,Kingston upon Hull 014B,796,57,41,37,49,56,32,53,58,70,64,58,39,43,36,31,33,25,7,7,F,2011
E01012793,Kingston upon Hull 014C,778,23,30,31,38,55,31,41,30,43,45,58,54,66,40,38,29,52,38,36,F,2011
E01012794,Kingston upon Hull 014D,790,37,35,55,65,46,41,44,71,75,66,62,43,47,38,29,14,9,8,5,F,2011
E01012913,Kingston upon Hull 014E,1017,64,69,70,74,96,95,77,81,59,63,59,53,57,28,23,24,18,7,0,F,2011
E01012761,Kingston upon Hull 015A,792,43,23,24,27,136,99,38,46,40,38,49,27,33,41,20,25,38,29,16,F,2011
E01012868,Kingston upon Hull 015B,834,35,17,15,46,355,61,51,27,23,31,19,27,20,18,18,24,23,13,11,F,2011
E01012869,Kingston upon Hull 015C,806,31,16,15,59,303,77,38,29,37,37,25,34,32,11,14,11,13,13,11,F,2011
E01012871,Kingston upon Hull 015D,820,60,44,30,61,167,96,67,64,49,48,39,25,28,21,9,7,4,0,1,F,2011
E01012872,Kingston upon Hull 015E,852,26,27,21,71,401,75,50,31,33,19,21,20,9,11,12,4,10,9,2,F,2011
E01012804,Kingston upon Hull 016A,728,43,33,28,26,56,64,59,46,58,64,54,46,54,27,20,19,20,6,5,F,2011
E01012806,Kingston upon Hull 016B,725,64,43,24,46,65,81,65,58,41,46,50,41,26,21,18,13,11,7,5,F,2011
E01012807,Kingston upon Hull 016C,695,40,19,42,36,39,38,34,39,44,63,43,43,50,40,31,24,23,24,23,F,2011
E01012817,Kingston upon Hull 016D,670,54,27,23,30,86,78,46,36,48,46,54,39,30,19,19,18,7,8,2,F,2011
E01012819,Kingston upon Hull 016E,726,46,45,28,39,47,68,59,48,51,59,43,45,54,30,20,18,14,6,6,F,2011
E01012841,Kingston upon Hull 017A,867,91,68,61,60,78,66,47,64,48,59,47,44,34,26,22,26,20,5,1,F,2011
E01012844,Kingston upon Hull 017B,686,57,38,38,43,52,53,36,43,47,48,39,44,53,23,20,22,16,11,3,F,2011
E01012849,Kingston upon Hull 017C,761,36,43,45,45,50,50,37,48,47,58,45,43,46,28,35,34,34,29,8,F,2011
E01012895,Kingston upon Hull 017D,782,65,79,54,73,67,62,42,51,40,43,41,38,32,24,24,20,18,6,3,F,2011
E01012897,Kingston upon Hull 017E,838,78,70,50,51,70,74,40,63,34,62,41,44,39,30,31,22,18,13,8,F,2011
E01012898,Kingston upon Hull 017F,750,52,27,33,41,47,47,31,35,35,48,40,31,42,47,44,53,50,30,17,F,2011
E01012758,Kingston upon Hull 018A,776,40,29,42,30,63,70,80,47,74,51,52,59,52,28,17,20,9,8,5,F,2011
E01012762,Kingston upon Hull 018B,789,46,42,38,55,136,63,44,56,52,60,55,47,37,24,13,10,7,3,1,F,2011
E01012763,Kingston upon Hull 018C,889,50,41,40,53,136,118,101,64,50,48,42,32,35,25,15,11,20,5,3,F,2011
E01012866,Kingston upon Hull 018D,746,48,30,33,26,150,98,73,55,46,36,33,37,19,14,18,9,9,8,4,F,2011
E01012870,Kingston upon Hull 018E,847,36,32,16,43,344,88,69,35,40,31,26,28,23,12,3,7,9,2,3,F,2011
E01012774,Kingston upon Hull 019A,782,39,49,44,54,49,50,57,63,55,68,52,39,45,35,23,23,25,11,1,F,2011
E01012795,Kingston upon Hull 019B,1001,52,58,42,67,46,73,47,64,72,79,53,47,62,39,38,45,51,47,19,F,2011
E01012797,Kingston upon Hull 019C,738,62,33,38,38,39,53,41,55,51,51,41,24,35,32,54,38,31,18,4,F,2011
E01012798,Kingston upon Hull 019D,845,36,45,35,32,40,47,41,47,51,53,43,42,52,62,55,59,61,25,19,F,2011
E01012801,Kingston upon Hull 019E,731,44,29,32,33,52,45,42,46,59,56,48,57,44,31,43,27,18,15,10,F,2011
E01012816,Kingston upon Hull 020A,706,32,38,47,49,34,41,27,48,59,70,58,31,31,36,28,26,30,9,12,F,2011
E01012848,Kingston upon Hull 020B,513,36,20,21,26,42,75,50,42,25,42,28,25,22,18,19,6,12,4,0,F,2011
E01012894,Kingston upon Hull 020C,805,42,43,52,67,50,48,42,44,63,73,70,46,46,40,24,16,23,9,7,F,2011
E01012896,Kingston upon Hull 020D,1081,77,78,70,90,78,80,75,68,89,90,98,55,43,34,13,27,10,5,1,F,2011
E01012901,Kingston upon Hull 020E,739,32,35,41,56,40,43,35,56,40,60,58,39,48,30,32,22,27,27,18,F,2011
E01012842,Kingston upon Hull 021A,804,82,47,58,60,63,65,47,41,55,63,58,36,25,22,27,30,13,11,1,F,2011
E01012843,Kingston upon Hull 021B,824,73,56,55,57,63,60,51,44,49,40,38,42,36,27,19,38,38,23,15,F,2011
E01012845,Kingston upon Hull 021C,807,68,59,57,64,61,65,47,43,47,66,43,34,36,23,21,38,20,14,1,F,2011
E01012846,Kingston upon Hull 021D,739,62,45,45,50,56,57,37,30,52,54,35,40,28,28,33,42,25,13,7,F,2011
E01012847,Kingston upon Hull 021E,675,60,58,39,51,63,57,32,42,44,43,44,24,31,16,21,26,18,6,0,F,2011
E01012820,Kingston upon Hull 022A,706,40,47,58,52,43,45,41,67,52,69,37,36,37,21,19,20,9,9,4,F,2011
E01012899,Kingston upon Hull 022B,785,59,32,37,32,52,74,61,57,63,51,47,45,50,27,21,29,16,12,20,F,2011
E01012900,Kingston upon Hull 022C,805,78,42,41,53,97,74,52,64,47,53,41,35,35,26,22,18,14,5,8,F,2011
E01012902,Kingston upon Hull 022D,779,38,38,46,61,44,63,40,47,65,63,59,49,46,43,29,23,11,10,4,F,2011
E01012903,Kingston upon Hull 022E,871,68,28,33,47,77,100,67,50,50,70,43,49,44,45,21,28,22,14,15,F,2011
E01012796,Kingston upon Hull 023A,671,39,36,33,37,27,31,35,52,49,45,46,50,54,30,34,28,22,17,6,F,2011
E01012799,Kingston upon Hull 023B,647,47,31,23,25,60,74,63,49,45,58,41,22,31,19,20,18,13,7,1,F,2011
E01012800,Kingston upon Hull 023C,748,45,27,28,43,55,78,64,40,60,64,43,26,45,27,36,25,25,12,5,F,2011
E01012802,Kingston upon Hull 023D,713,39,32,27,23,63,70,60,46,43,51,42,47,57,37,27,21,17,8,3,F,2011
E01012803,Kingston upon Hull 023E,742,50,31,43,39,50,73,52,57,58,44,40,36,52,37,32,20,14,6,8,F,2011
E01012850,Kingston upon Hull 024A,799,76,49,47,39,76,97,62,60,58,66,52,35,23,16,14,17,6,3,3,F,2011
E01012852,Kingston upon Hull 024B,779,47,37,40,45,69,74,58,70,49,58,45,44,31,31,26,29,18,5,3,F,2011
E01012856,Kingston upon Hull 024C,759,58,47,41,45,66,43,58,49,47,32,36,37,66,37,34,28,18,13,4,F,2011
E01012857,Kingston upon Hull 024D,754,48,49,40,46,71,70,60,38,49,54,44,45,38,23,25,25,19,8,2,F,2011
E01012867,Kingston upon Hull 024E,791,71,56,42,49,89,74,78,58,41,36,33,25,28,22,25,18,21,10,15,F,2011
E01012756,Kingston upon Hull 025A,791,52,37,30,50,50,73,68,34,67,59,67,63,42,28,25,22,9,10,5,F,2011
E01012757,Kingston upon Hull 025B,727,53,29,29,42,71,83,88,52,52,49,52,22,31,14,17,21,11,7,4,F,2011
E01012759,Kingston upon Hull 025C,816,54,43,31,42,83,94,62,63,52,55,44,43,49,28,26,15,18,5,9,F,2011
E01012760,Kingston upon Hull 025D,728,59,38,32,23,67,104,79,59,46,45,41,32,15,32,20,17,8,7,4,F,2011
E01012862,Kingston upon Hull 025E,669,38,40,33,43,45,47,39,31,38,63,36,37,37,41,25,20,23,17,16,F,2011
E01012805,Kingston upon Hull 026A,648,51,31,33,42,79,44,49,41,44,52,38,43,33,30,15,14,5,3,1,F,2011
E01012808,Kingston upon Hull 026B,825,42,37,26,67,68,52,43,46,47,59,68,50,53,33,37,28,28,25,16,F,2011
E01012809,Kingston upon Hull 026C,828,54,37,33,66,96,92,64,53,60,68,60,35,30,21,25,15,12,5,2,F,2011
E01012810,Kingston upon Hull 026D,931,56,65,36,29,48,86,84,93,76,42,53,48,47,46,30,41,30,17,4,F,2011
E01012811,Kingston upon Hull 026E,748,55,33,26,21,66,88,76,79,57,53,48,28,27,34,9,18,17,8,5,F,2011
E01012773,Kingston upon Hull 027A,861,55,52,39,41,61,84,73,65,71,53,60,46,37,38,30,28,10,12,6,F,2011
E01012776,Kingston upon Hull 027B,769,47,28,39,40,54,75,61,49,58,68,58,44,42,32,24,26,12,6,6,F,2011
E01012863,Kingston upon Hull 027C,711,53,40,38,44,66,58,43,43,60,60,52,28,29,24,24,17,11,9,12,F,2011
E01012864,Kingston upon Hull 027D,754,64,60,49,49,79,81,66,56,51,52,57,28,21,11,10,13,4,3,0,F,2011
E01012865,Kingston upon Hull 027E,695,46,40,46,43,45,56,46,48,49,55,41,35,40,26,21,22,11,13,12,F,2011
E01012770,Kingston upon Hull 028A,749,48,33,41,46,38,26,29,53,61,80,74,49,55,31,29,25,17,11,3,F,2011
E01012771,Kingston upon Hull 028B,779,50,35,44,47,34,39,36,40,64,70,65,51,45,42,42,34,28,8,5,F,2011
E01012772,Kingston upon Hull 028C,743,36,52,54,54,40,48,31,50,61,65,51,47,48,28,27,23,16,8,4,F,2011
E01012775,Kingston upon Hull 028D,746,48,42,32,36,52,53,42,51,55,37,65,41,53,36,31,29,20,16,7,F,2011
E01012777,Kingston upon Hull 028E,764,25,20,31,33,35,24,26,31,39,54,43,46,61,56,56,59,53,53,19,F,2011
E01012851,Kingston upon Hull 029A,939,42,36,22,44,134,131,78,59,37,44,59,37,36,43,32,34,34,26,11,F,2011
E01012854,Kingston upon Hull 029C,854,96,41,30,41,82,105,89,49,56,42,51,42,32,34,23,17,16,5,3,F,2011
E01012855,Kingston upon Hull 029D,791,59,48,40,51,57,65,51,60,50,51,54,45,33,24,29,24,31,12,7,F,2011
E01033104,Kingston upon Hull 029E,553,12,8,1,48,119,86,51,26,32,19,21,23,18,16,17,15,15,15,11,F,2011
E01033109,Kingston upon Hull 029F,493,33,17,5,17,86,97,42,33,22,29,24,11,13,14,15,7,14,6,8,F,2011
E01012859,Kingston upon Hull 030A,733,70,47,56,65,72,74,58,47,42,54,50,34,17,19,10,12,4,1,1,F,2011
E01012889,Kingston upon Hull 030B,710,54,36,39,47,54,53,53,42,49,25,41,37,39,30,34,30,19,19,9,F,2011
E01012891,Kingston upon Hull 030C,940,89,51,32,53,110,115,76,75,70,59,64,37,20,19,16,14,12,15,13,F,2011
E01012892,Kingston upon Hull 030D,950,85,58,51,65,92,116,77,51,69,63,58,45,29,28,23,8,11,7,14,F,2011
E01012893,Kingston upon Hull 030E,800,72,38,47,55,57,59,63,50,42,62,60,44,32,21,26,21,21,19,11,F,2011
E01012858,Kingston upon Hull 031A,917,66,44,52,72,59,83,70,54,51,65,65,49,51,35,28,44,13,11,5,F,2011
E01012860,Kingston upon Hull 031B,836,68,50,47,60,73,61,61,45,74,63,70,35,35,27,21,23,11,9,3,F,2011
E01012886,Kingston upon Hull 031D,802,46,34,41,51,36,63,47,50,61,67,48,52,66,41,28,29,24,14,4,F,2011
E01012888,Kingston upon Hull 031E,737,66,29,25,48,90,76,50,50,56,48,60,32,36,20,16,15,10,10,0,F,2011
E01033110,Kingston upon Hull 031G,768,46,49,42,44,49,54,38,51,46,58,48,45,55,40,28,38,21,11,5,F,2011
E01012882,Kingston upon Hull 033A,826,43,36,44,49,47,58,54,60,52,72,66,57,47,44,31,25,24,5,12,F,2011
E01012883,Kingston upon Hull 033B,787,24,23,21,23,33,26,34,26,36,49,43,59,62,53,75,69,65,42,24,F,2011
E01012884,Kingston upon Hull 033C,983,50,56,64,63,72,53,50,49,51,63,72,48,47,43,58,48,57,26,13,F,2011
E01012887,Kingston upon Hull 033D,719,38,46,39,54,42,45,45,44,59,50,45,38,38,32,26,33,32,9,4,F,2011
E01032595,Kingston upon Hull 033E,940,64,47,54,63,62,52,49,52,71,67,65,46,54,27,37,54,41,27,8,F,2011
E06000012,,81428,4862,4472,4527,5000,5250,5115,4425,4716,5788,6076,5433,4779,5079,4075,3722,3146,2422,1575,966,F,2011
E01013174,North East Lincolnshire 001A,806,102,85,66,55,58,66,66,60,57,54,44,39,21,13,14,4,2,0,0,F,2011
E01013175,North East Lincolnshire 001B,680,24,22,22,39,41,35,25,46,59,62,59,38,61,49,35,29,20,10,4,F,2011
E01013176,North East Lincolnshire 001C,711,47,31,42,40,40,53,46,41,50,43,49,51,55,41,41,23,16,1,1,F,2011
E01013177,North East Lincolnshire 001D,789,50,37,44,64,69,55,44,42,44,50,44,39,46,55,31,25,27,15,8,F,2011
E01013178,North East Lincolnshire 001E,748,31,34,44,43,30,34,37,33,65,44,45,49,57,69,43,43,32,10,5,F,2011
E01013179,North East Lincolnshire 001F,782,38,36,56,50,42,37,35,44,61,47,38,55,59,35,35,34,32,24,24,F,2011
E01013180,North East Lincolnshire 001G,725,30,34,26,50,41,37,42,26,54,60,57,57,57,38,41,31,28,14,2,F,2011
E01013136,North East Lincolnshire 002A,678,33,28,29,61,68,44,35,25,27,53,52,30,45,41,28,32,18,14,15,F,2011
E01013137,North East Lincolnshire 002B,620,34,18,11,33,42,35,25,28,39,45,45,44,48,38,27,37,46,18,7,F,2011
E01013139,North East Lincolnshire 002C,621,44,38,39,41,45,52,24,42,25,40,49,31,37,30,22,24,22,14,2,F,2011
E01013142,North East Lincolnshire 002D,877,88,54,53,50,83,107,66,51,51,58,54,40,30,23,17,27,12,8,5,F,2011
E01013218,North East Lincolnshire 003A,695,66,46,49,47,72,66,48,41,56,48,46,25,14,16,14,19,11,7,4,F,2011
E01013219,North East Lincolnshire 003B,755,76,42,37,44,72,63,44,51,46,48,45,34,44,36,21,18,17,8,9,F,2011
E01013220,North East Lincolnshire 003C,841,78,46,51,55,88,96,57,46,54,52,49,41,30,24,33,17,11,10,3,F,2011
E01013221,North East Lincolnshire 003D,838,52,49,38,42,90,96,58,37,50,42,49,46,42,28,39,26,26,19,9,F,2011
E01013222,North East Lincolnshire 003E,798,70,47,50,44,72,88,61,43,63,55,43,34,39,26,23,14,12,6,8,F,2011
E01013144,North East Lincolnshire 004A,745,48,38,41,48,55,53,34,20,59,40,52,61,43,43,31,28,25,17,9,F,2011
E01013145,North East Lincolnshire 004B,663,22,24,51,42,35,19,24,35,45,60,57,62,62,41,36,17,17,8,6,F,2011
E01013146,North East Lincolnshire 004C,888,72,57,60,52,51,69,68,60,54,70,68,51,42,43,28,17,11,9,6,F,2011
E01013148,North East Lincolnshire 004D,700,19,31,37,51,42,31,37,50,50,69,61,65,69,32,19,21,8,8,0,F,2011
E01013195,North East Lincolnshire 005A,748,69,58,34,57,73,66,53,36,54,43,44,26,33,20,28,22,12,10,10,F,2011
E01013196,North East Lincolnshire 005B,719,69,48,38,52,93,61,46,54,56,44,45,26,23,19,16,18,5,1,5,F,2011
E01013201,North East Lincolnshire 005C,760,58,55,55,59,75,66,49,53,60,44,43,41,37,17,20,18,5,3,2,F,2011
E01013202,North East Lincolnshire 005D,780,60,72,54,49,70,70,56,50,64,49,41,40,26,30,16,15,9,7,2,F,2011
E01013203,North East Lincolnshire 005E,802,93,59,40,62,83,69,63,60,37,62,47,34,24,23,20,13,9,4,0,F,2011
E01013138,North East Lincolnshire 006A,681,75,52,42,45,81,55,51,47,46,35,39,37,27,11,11,14,2,6,5,F,2011
E01013140,North East Lincolnshire 006B,815,82,55,40,63,80,79,63,45,64,51,41,41,33,22,16,19,9,10,2,F,2011
E01013141,North East Lincolnshire 006C,825,60,56,64,86,69,50,52,65,58,55,57,37,35,23,28,16,6,6,2,F,2011
E01013143,North East Lincolnshire 006D,717,53,44,48,47,63,64,55,40,67,52,42,28,34,24,16,18,8,9,5,F,2011
E01013173,North East Lincolnshire 007A,636,20,27,37,27,35,32,35,28,46,57,54,48,48,36,29,31,20,13,13,F,2011
E01013223,North East Lincolnshire 007B,1495,52,101,107,120,59,48,73,116,122,149,118,86,72,86,68,55,40,17,6,F,2011
E01013224,North East Lincolnshire 007C,951,47,47,66,51,30,33,55,80,78,77,74,44,70,63,33,36,31,17,19,F,2011
E01013226,North East Lincolnshire 007D,758,35,41,47,38,33,26,33,43,71,82,60,47,41,54,43,33,23,7,1,F,2011
E01013187,North East Lincolnshire 008A,696,21,29,25,33,48,47,27,23,40,29,46,40,44,38,58,45,52,33,18,F,2011
E01013188,North East Lincolnshire 008B,789,29,42,35,45,55,41,30,40,70,75,65,53,53,38,42,30,22,17,7,F,2011
E01013231,North East Lincolnshire 008C,864,67,48,44,53,64,80,69,46,76,64,42,32,41,45,34,24,21,9,5,F,2011
E01013233,North East Lincolnshire 008D,743,48,51,40,42,68,74,46,44,60,58,58,44,25,28,22,18,7,6,4,F,2011
E01013147,North East Lincolnshire 009A,747,53,49,45,52,38,52,35,44,61,48,51,36,47,34,39,28,16,8,11,F,2011
E01013234,North East Lincolnshire 009D,788,51,35,37,39,41,59,44,44,50,52,44,34,35,43,30,34,48,36,32,F,2011
E01033414,North East Lincolnshire 009E,1194,65,59,57,65,86,90,66,70,89,75,106,55,88,53,67,54,25,10,14,F,2011
E01013128,North East Lincolnshire 010A,734,51,38,39,61,66,59,42,53,43,58,50,33,51,31,19,17,7,11,5,F,2011
E01013198,North East Lincolnshire 010B,749,45,37,38,39,61,60,46,39,60,62,49,52,43,18,41,25,11,12,11,F,2011
E01013199,North East Lincolnshire 010C,602,41,33,28,26,48,80,36,29,49,38,42,29,38,24,18,6,14,10,13,F,2011
E01013200,North East Lincolnshire 010D,642,29,41,45,47,33,32,34,48,57,59,46,40,29,22,29,22,14,10,5,F,2011
E01013159,North East Lincolnshire 011A,717,60,56,44,53,88,72,57,48,50,44,36,19,20,22,22,11,11,2,2,F,2011
E01013161,North East Lincolnshire 011B,714,58,53,53,50,86,76,54,42,48,52,42,34,16,15,9,8,8,6,4,F,2011
E01013162,North East Lincolnshire 011C,754,50,54,49,64,53,74,58,45,68,58,46,27,31,19,23,10,15,6,4,F,2011
E01013165,North East Lincolnshire 011D,652,63,39,24,60,69,52,38,37,47,45,55,40,23,16,14,12,9,3,6,F,2011
E01013158,North East Lincolnshire 012A,757,44,47,44,56,56,48,37,47,62,61,46,42,38,21,27,35,24,12,10,F,2011
E01013160,North East Lincolnshire 012B,745,33,32,41,33,54,55,45,41,63,64,54,42,50,42,30,24,25,11,6,F,2011
E01013163,North East Lincolnshire 012C,644,20,25,18,21,22,25,19,33,40,60,51,51,60,56,33,44,30,22,14,F,2011
E01013164,North East Lincolnshire 012D,978,84,69,60,59,89,74,61,67,68,76,51,46,34,23,21,38,26,16,16,F,2011
E01013197,North East Lincolnshire 012E,666,41,38,39,53,51,32,31,47,66,46,44,39,33,24,33,19,13,9,8,F,2011
E01013149,North East Lincolnshire 013A,584,18,25,28,36,31,21,27,37,45,47,40,55,61,42,40,16,9,4,2,F,2011
E01013150,North East Lincolnshire 013B,676,30,33,42,56,25,41,37,43,54,55,63,56,55,29,30,10,9,8,0,F,2011
E01013227,North East Lincolnshire 013C,853,44,35,40,47,46,36,55,41,51,52,66,59,73,52,46,42,39,22,7,F,2011
E01013228,North East Lincolnshire 013D,791,59,35,42,43,66,51,63,48,63,83,57,56,49,33,15,11,6,11,0,F,2011
E01013229,North East Lincolnshire 013E,768,59,59,62,53,67,57,47,55,69,60,39,30,27,14,25,13,21,10,1,F,2011
E01013131,North East Lincolnshire 014A,817,64,41,34,48,42,59,56,50,55,53,49,58,33,34,41,32,31,24,13,F,2011
E01013132,North East Lincolnshire 014B,734,41,32,30,32,45,43,35,49,55,59,44,50,40,38,49,38,21,17,16,F,2011
E01013133,North East Lincolnshire 014C,808,43,50,31,39,67,58,64,54,63,56,41,44,57,38,37,26,16,13,11,F,2011
E01013134,North East Lincolnshire 014D,790,38,33,40,34,41,44,33,28,45,56,41,53,47,45,62,68,46,30,6,F,2011
E01013206,North East Lincolnshire 015A,710,42,44,44,54,41,36,38,43,49,47,53,48,51,26,21,30,20,12,11,F,2011
E01013207,North East Lincolnshire 015B,705,32,23,41,34,52,38,35,31,40,58,50,50,51,42,41,44,28,11,4,F,2011
E01013211,North East Lincolnshire 015C,776,46,48,42,33,57,70,41,47,35,55,56,49,44,39,28,41,27,13,5,F,2011
E01013212,North East Lincolnshire 015D,716,51,62,51,60,51,48,46,42,50,45,48,31,18,17,21,23,19,18,15,F,2011
E01013181,North East Lincolnshire 016A,754,62,66,55,51,74,64,80,60,47,53,35,19,32,15,15,15,7,2,2,F,2011
E01013182,North East Lincolnshire 016B,780,22,28,29,38,46,27,26,24,50,44,65,62,55,60,50,43,42,34,35,F,2011
E01013183,North East Lincolnshire 016C,783,45,35,46,44,45,42,47,51,65,61,56,47,55,28,33,28,23,18,14,F,2011
E01013184,North East Lincolnshire 016D,770,47,38,30,47,59,54,56,38,55,50,51,39,39,36,23,34,24,16,34,F,2011
E01013185,North East Lincolnshire 016E,839,56,47,43,55,82,72,56,59,42,61,66,43,42,15,28,27,34,7,4,F,2011
E01013186,North East Lincolnshire 016F,705,30,30,47,41,28,19,28,37,62,76,54,52,46,32,26,32,27,24,14,F,2011
E01013129,North East Lincolnshire 017A,742,49,47,51,36,50,86,40,52,58,57,33,33,42,34,20,13,18,18,5,F,2011
E01013151,North East Lincolnshire 017B,645,22,28,45,42,24,15,19,32,44,55,50,58,63,50,30,29,23,10,6,F,2011
E01013152,North East Lincolnshire 017C,763,32,44,41,33,27,23,32,42,50,64,43,51,58,49,47,41,45,24,17,F,2011
E01013155,North East Lincolnshire 017D,717,29,41,41,22,23,33,32,31,48,42,50,57,74,63,42,41,19,23,6,F,2011
E01013130,North East Lincolnshire 018A,722,36,27,29,68,31,27,31,43,47,67,46,45,51,31,33,31,39,26,14,F,2011
E01013135,North East Lincolnshire 018B,760,30,27,19,25,35,32,23,32,37,38,40,64,70,54,75,56,58,30,15,F,2011
E01013154,North East Lincolnshire 018C,694,24,24,29,38,16,20,20,44,45,48,47,52,68,68,59,41,26,18,7,F,2011
E01013156,North East Lincolnshire 018D,705,19,16,20,27,15,28,18,24,24,34,44,35,84,54,91,61,50,40,21,F,2011
E01013204,North East Lincolnshire 019A,737,44,47,54,42,52,42,40,42,40,58,45,38,55,37,27,27,25,14,8,F,2011
E01013205,North East Lincolnshire 019B,727,65,70,56,51,46,63,46,37,58,51,40,37,24,13,19,9,15,10,17,F,2011
E01013208,North East Lincolnshire 019C,752,80,80,57,71,64,66,43,48,53,47,23,37,35,17,15,11,3,2,0,F,2011
E01013209,North East Lincolnshire 019D,753,61,52,47,42,62,61,41,42,39,40,39,59,49,26,28,27,23,12,3,F,2011
E01013210,North East Lincolnshire 019E,771,98,65,54,57,76,60,54,42,52,54,30,27,31,19,18,14,11,7,2,F,2011
E01013153,North East Lincolnshire 020A,694,17,18,35,26,30,15,13,21,35,57,40,43,80,76,65,56,35,23,9,F,2011
E01013157,North East Lincolnshire 020B,987,38,67,74,64,59,44,43,68,93,95,76,56,54,45,31,31,21,21,7,F,2011
E01013166,North East Lincolnshire 020C,821,24,34,39,45,27,25,28,41,50,62,61,52,71,65,66,49,40,29,13,F,2011
E01013167,North East Lincolnshire 020D,879,25,37,36,51,24,17,27,55,57,75,68,62,100,89,53,38,31,25,9,F,2011
E01013169,North East Lincolnshire 020E,548,16,14,28,20,18,20,12,21,39,36,45,33,38,58,52,42,24,23,9,F,2011
E01013189,North East Lincolnshire 021A,766,22,35,44,41,33,27,28,40,62,50,57,36,59,64,49,40,29,30,20,F,2011
E01013190,North East Lincolnshire 021B,1453,118,86,93,108,82,106,93,140,111,123,82,61,68,57,54,28,21,15,7,F,2011
E01013191,North East Lincolnshire 021C,823,43,37,35,49,34,22,32,40,55,75,56,56,49,64,54,41,34,22,25,F,2011
E01013192,North East Lincolnshire 021D,758,39,42,43,34,28,41,46,34,47,47,54,52,42,35,37,45,43,38,11,F,2011
E01013194,North East Lincolnshire 021E,768,34,27,32,48,15,21,29,52,40,53,49,43,69,58,73,58,41,22,4,F,2011
E01013168,North East Lincolnshire 022A,826,24,24,50,39,19,25,23,53,47,71,64,58,85,63,50,51,40,21,19,F,2011
E01013170,North East Lincolnshire 022B,785,28,31,42,41,27,38,32,50,63,74,47,56,53,55,39,43,30,23,13,F,2011
E01013171,North East Lincolnshire 022C,884,51,69,63,75,35,34,51,68,89,90,62,47,52,31,25,23,6,11,2,F,2011
E01013172,North East Lincolnshire 022D,775,27,33,35,38,28,23,17,39,50,59,55,57,61,63,68,43,33,32,14,F,2011
E01013193,North East Lincolnshire 022E,808,20,34,31,28,19,24,26,36,64,59,60,61,80,77,70,46,41,21,11,F,2011
E01013213,North East Lincolnshire 023A,660,20,23,34,22,16,35,32,22,42,38,31,35,43,36,55,67,39,43,27,F,2011
E01013214,North East Lincolnshire 023B,731,20,29,33,40,21,25,19,25,53,64,51,54,77,51,67,57,28,9,8,F,2011
E01013215,North East Lincolnshire 023C,837,42,26,43,40,30,23,42,30,54,69,55,59,56,58,67,42,42,24,35,F,2011
E01013216,North East Lincolnshire 023D,664,39,18,45,55,26,31,33,44,68,68,60,43,54,32,16,13,13,3,3,F,2011
E01013217,North East Lincolnshire 023E,713,31,37,22,57,15,22,37,43,44,60,61,57,59,43,37,36,32,17,3,F,2011
E01013225,North East Lincolnshire 023F,579,16,32,27,22,22,24,18,21,36,61,60,49,47,44,26,25,25,16,8,F,2011
E06000013,,84913,4993,4600,4738,4847,4795,5045,4515,5071,6236,6360,5832,5513,5697,4723,3686,3183,2433,1693,953,F,2011
E01013254,North Lincolnshire 001A,888,49,48,47,48,52,47,42,52,63,60,50,53,69,65,43,30,38,23,9,F,2011
E01013255,North Lincolnshire 001B,871,33,26,37,40,41,62,34,46,61,48,65,74,72,63,33,42,46,24,24,F,2011
E01013256,North Lincolnshire 001C,1242,83,66,74,68,80,89,79,104,99,99,85,70,69,62,40,33,15,20,7,F,2011
E01013257,North Lincolnshire 001D,904,40,38,55,42,44,34,35,47,77,78,63,79,84,62,36,45,24,13,8,F,2011
E01013258,North Lincolnshire 001E,875,63,54,53,53,39,56,44,58,56,69,44,53,53,51,38,33,29,25,4,F,2011
E01013259,North Lincolnshire 001F,917,84,60,62,53,55,57,53,45,73,56,63,49,57,48,42,26,21,7,6,F,2011
E01013303,North Lincolnshire 002A,631,26,31,26,45,32,27,27,36,48,60,48,45,60,28,33,26,17,9,7,F,2011
E01013304,North Lincolnshire 002B,806,27,41,50,50,42,26,41,61,73,76,58,51,69,47,35,26,18,12,3,F,2011
E01013305,North Lincolnshire 002C,809,49,46,45,48,34,30,39,48,85,55,78,71,69,33,35,17,16,11,0,F,2011
E01013307,North Lincolnshire 002D,902,54,42,44,51,47,44,47,66,69,63,45,72,63,59,42,32,20,26,16,F,2011
E01013288,North Lincolnshire 003A,773,47,25,39,50,41,46,46,42,64,58,59,51,53,52,37,29,19,10,5,F,2011
E01013291,North Lincolnshire 003B,818,67,67,58,47,43,54,43,55,75,52,41,34,55,42,24,20,13,16,12,F,2011
E01013292,North Lincolnshire 003C,881,37,36,44,57,32,44,40,49,65,61,64,73,83,61,46,35,30,17,7,F,2011
E01013294,North Lincolnshire 003D,773,33,29,42,46,32,23,32,30,77,76,57,68,66,57,29,36,26,10,4,F,2011
E01013270,North Lincolnshire 004A,994,57,48,67,59,48,55,49,81,66,78,76,85,59,38,43,31,28,17,9,F,2011
E01013306,North Lincolnshire 004B,784,50,43,34,37,28,32,40,58,51,70,78,51,61,44,30,27,26,16,8,F,2011
E01013308,North Lincolnshire 004C,880,50,52,60,39,41,43,46,48,78,64,88,65,53,68,29,29,17,4,6,F,2011
E01013309,North Lincolnshire 004D,820,42,37,45,41,37,40,55,42,64,70,56,63,66,45,45,28,26,15,3,F,2011
E01013286,North Lincolnshire 005A,1203,64,47,40,43,75,102,54,55,63,51,71,86,98,113,82,70,43,31,15,F,2011
E01013287,North Lincolnshire 005B,739,29,19,28,25,32,40,38,38,51,67,54,57,62,59,52,28,23,18,19,F,2011
E01013289,North Lincolnshire 005C,844,60,56,39,35,40,58,46,68,76,66,64,49,38,43,29,18,26,20,13,F,2011
E01013290,North Lincolnshire 005D,834,18,40,31,41,33,23,26,38,68,78,80,66,64,64,62,46,23,24,9,F,2011
E01013293,North Lincolnshire 005E,773,35,45,33,27,31,16,35,45,68,52,61,62,60,48,53,40,36,18,8,F,2011
E01013245,North Lincolnshire 006A,742,46,46,55,47,42,58,49,58,48,43,57,46,47,27,22,18,18,11,4,F,2011
E01013246,North Lincolnshire 006B,741,38,35,48,52,29,41,31,34,65,63,72,54,44,49,30,22,19,11,4,F,2011
E01013247,North Lincolnshire 006C,878,38,47,60,50,41,32,34,49,89,90,79,66,57,52,28,27,17,18,4,F,2011
E01013248,North Lincolnshire 006D,875,43,30,46,44,32,53,33,43,58,76,66,62,86,49,49,40,28,13,24,F,2011
E01013249,North Lincolnshire 006E,863,56,48,43,50,54,63,57,71,57,61,52,49,52,48,36,27,24,6,9,F,2011
E01013297,North Lincolnshire 007A,1082,86,51,40,54,98,124,76,55,69,76,65,57,49,31,35,36,30,30,20,F,2011
E01013300,North Lincolnshire 007B,824,77,64,49,47,77,105,65,49,40,41,42,24,32,18,22,25,18,14,15,F,2011
E01013302,North Lincolnshire 007C,709,46,29,41,39,43,44,30,38,50,56,50,42,63,35,26,22,25,15,15,F,2011
E01013331,North Lincolnshire 007D,806,47,38,45,31,63,65,65,47,46,55,57,40,43,35,39,40,23,13,14,F,2011
E01013296,North Lincolnshire 008A,782,73,58,61,45,70,80,58,56,68,53,36,33,29,16,19,7,14,5,1,F,2011
E01013298,North Lincolnshire 008B,812,83,63,91,57,62,67,40,60,53,60,47,32,32,17,18,14,3,11,2,F,2011
E01013299,North Lincolnshire 008C,844,68,62,74,61,65,65,50,55,59,39,53,45,51,24,22,17,15,13,6,F,2011
E01013330,North Lincolnshire 008D,835,74,47,34,54,96,97,60,48,45,37,41,42,24,27,16,24,26,25,18,F,2011
E01013332,North Lincolnshire 008E,914,67,74,63,76,76,88,64,55,63,58,41,38,44,23,30,22,16,10,6,F,2011
E01013295,North Lincolnshire 009A,704,26,38,49,30,32,37,36,36,47,35,61,45,53,70,51,23,21,11,3,F,2011
E01013301,North Lincolnshire 009B,824,55,46,47,56,54,66,51,59,58,57,42,55,45,38,23,35,26,7,4,F,2011
E01013333,North Lincolnshire 009C,778,47,66,54,42,56,67,76,49,48,57,41,33,43,26,24,21,13,8,7,F,2011
E01013334,North Lincolnshire 009D,778,46,39,47,37,43,51,60,49,59,62,58,51,36,29,26,25,31,21,8,F,2011
E01013310,North Lincolnshire 010A,764,55,50,47,50,53,48,44,44,70,46,45,53,50,27,30,16,18,12,6,F,2011
E01013312,North Lincolnshire 010B,934,76,62,56,65,94,97,65,59,61,87,68,39,28,20,12,20,16,7,2,F,2011
E01013313,North Lincolnshire 010C,792,52,46,33,47,57,53,51,44,63,56,55,58,37,36,30,35,14,19,6,F,2011
E01013314,North Lincolnshire 010D,742,52,46,51,51,34,55,36,51,55,64,56,49,27,35,16,24,13,18,9,F,2011
E01013267,North Lincolnshire 011A,632,37,31,40,23,21,17,27,43,40,56,47,48,54,47,39,21,10,19,12,F,2011
E01013268,North Lincolnshire 011B,661,28,43,37,35,29,25,26,30,50,62,60,41,59,42,38,21,19,7,9,F,2011
E01013269,North Lincolnshire 011C,862,36,42,46,46,37,35,29,42,66,81,69,83,72,55,43,33,18,22,7,F,2011
E01013271,North Lincolnshire 011D,1000,76,71,61,77,62,66,58,75,77,78,63,52,38,40,30,30,27,9,10,F,2011
E01013272,North Lincolnshire 011E,837,43,32,31,47,39,38,39,50,56,53,59,51,55,53,46,43,49,30,23,F,2011
E01013273,North Lincolnshire 011F,899,35,37,38,42,31,35,43,51,60,56,61,67,85,66,48,50,41,31,22,F,2011
E01013279,North Lincolnshire 012A,769,65,38,29,25,79,64,43,35,38,56,44,53,31,22,32,35,30,29,21,F,2011
E01013285,North Lincolnshire 012B,628,21,26,39,43,33,28,37,21,47,41,51,53,69,43,34,17,14,8,3,F,2011
E01013316,North Lincolnshire 012C,718,25,32,38,48,37,25,25,32,59,59,63,59,50,28,36,36,29,24,13,F,2011
E01013321,North Lincolnshire 012D,856,47,52,46,56,42,36,44,56,62,80,62,61,53,44,39,24,26,16,10,F,2011
E01013274,North Lincolnshire 013A,1082,56,52,59,54,63,62,62,74,73,75,85,59,60,65,52,31,36,31,33,F,2011
E01013275,North Lincolnshire 013B,797,30,45,56,49,31,25,43,46,76,73,51,47,55,63,41,21,23,20,2,F,2011
E01013276,North Lincolnshire 013C,828,34,48,46,33,40,40,41,46,66,50,63,47,55,53,46,57,32,17,14,F,2011
E01013277,North Lincolnshire 013D,773,40,32,42,47,43,36,23,44,65,73,68,57,48,37,35,36,22,19,6,F,2011
E01013315,North Lincolnshire 014A,827,46,39,31,35,56,40,39,32,39,47,28,35,57,55,56,69,39,53,31,F,2011
E01013317,North Lincolnshire 014B,732,30,43,34,55,29,35,34,37,49,64,52,50,43,36,28,29,27,31,26,F,2011
E01013318,North Lincolnshire 014C,796,44,52,50,66,40,56,41,34,64,65,48,42,50,29,37,28,21,15,14,F,2011
E01013319,North Lincolnshire 014D,1108,97,86,70,61,103,121,98,73,71,53,53,64,38,28,27,35,16,10,4,F,2011
E01013238,North Lincolnshire 015A,858,65,44,40,53,70,53,58,53,70,52,61,44,45,28,28,32,34,18,10,F,2011
E01013240,North Lincolnshire 015B,1193,103,66,50,67,115,128,83,62,76,83,58,69,46,47,33,31,47,17,12,F,2011
E01013311,North Lincolnshire 015C,957,84,67,54,60,76,78,68,51,69,53,50,44,44,35,19,30,41,25,9,F,2011
E01013320,North Lincolnshire 015D,738,48,40,46,48,38,48,38,51,52,57,48,46,52,33,25,23,26,11,8,F,2011
E01013278,North Lincolnshire 016A,767,77,49,54,65,71,62,42,49,50,38,43,44,37,33,22,13,11,5,2,F,2011
E01013280,North Lincolnshire 016B,763,48,50,34,47,48,55,38,33,45,68,49,45,59,58,35,24,20,6,1,F,2011
E01013281,North Lincolnshire 016C,726,57,43,60,53,57,49,61,39,51,62,46,26,25,22,24,26,16,5,4,F,2011
E01013283,North Lincolnshire 016D,761,55,58,59,59,53,62,40,60,57,43,44,35,33,32,33,20,9,7,2,F,2011
E01013236,North Lincolnshire 017A,820,52,36,28,49,39,46,42,33,56,57,34,58,58,54,30,53,38,47,10,F,2011
E01013239,North Lincolnshire 017B,832,44,35,32,45,67,54,38,41,50,55,59,47,54,39,34,39,39,39,21,F,2011
E01013282,North Lincolnshire 017C,808,64,48,44,60,49,53,38,45,58,82,41,45,46,37,32,27,23,10,6,F,2011
E01013284,North Lincolnshire 017D,838,62,62,46,49,58,74,42,49,68,59,50,48,35,40,36,32,12,12,4,F,2011
E01013237,North Lincolnshire 018B,969,79,72,76,71,60,69,67,49,64,67,52,40,41,26,29,35,30,17,25,F,2011
E01013261,North Lincolnshire 018C,747,30,33,36,34,28,38,26,41,37,50,52,55,62,81,62,36,21,12,13,F,2011
E01013262,North Lincolnshire 018D,676,26,31,32,27,23,16,23,36,46,43,36,64,81,70,42,32,30,16,2,F,2011
E01013263,North Lincolnshire 018E,739,24,30,36,35,37,35,27,43,46,58,46,70,58,54,48,41,28,14,9,F,2011
E01033296,North Lincolnshire 018F,739,63,40,31,26,47,58,43,56,47,44,46,40,46,40,44,23,27,15,3,F,2011
E01033297,North Lincolnshire 018G,833,85,65,54,39,76,122,110,86,69,50,35,16,13,4,3,4,2,0,0,F,2011
E01013260,North Lincolnshire 019A,756,17,34,41,45,18,23,22,43,52,73,42,53,62,56,69,46,29,19,12,F,2011
E01013264,North Lincolnshire 019B,869,51,45,46,44,41,57,56,53,55,61,70,80,64,47,33,30,18,13,5,F,2011
E01013265,North Lincolnshire 019C,832,28,30,38,44,30,30,23,46,60,56,75,71,75,69,53,48,33,19,4,F,2011
E01013266,North Lincolnshire 019D,1013,61,60,52,60,54,49,69,70,84,66,82,66,71,46,39,37,29,13,5,F,2011
E01013241,North Lincolnshire 020A,793,33,24,29,41,34,21,36,37,50,64,56,62,61,73,45,48,42,27,10,F,2011
E01013242,North Lincolnshire 020B,869,35,48,53,55,31,31,36,50,77,79,82,79,54,62,32,37,9,13,6,F,2011
E01013243,North Lincolnshire 020C,1122,70,61,62,87,45,50,39,81,90,106,99,81,87,60,38,30,21,10,5,F,2011
E01013244,North Lincolnshire 020D,920,45,60,61,53,39,30,59,67,75,76,63,55,67,44,39,37,18,26,6,F,2011
E01013324,North Lincolnshire 021A,768,24,39,44,48,30,28,32,37,66,80,62,67,49,59,45,34,13,8,3,F,2011
E01013326,North Lincolnshire 021B,798,29,27,32,42,33,22,20,34,69,68,57,68,81,72,49,44,23,19,9,F,2011
E01013327,North Lincolnshire 021C,728,24,24,20,17,28,24,30,38,37,47,52,56,69,79,54,49,32,30,18,F,2011
E01013328,North Lincolnshire 021D,680,30,38,45,38,36,21,24,52,65,54,54,37,50,50,31,19,18,8,10,F,2011
E01013322,North Lincolnshire 022A,992,57,43,64,57,47,46,68,79,75,71,80,73,67,58,41,28,20,16,2,F,2011
E01013323,North Lincolnshire 022B,832,46,39,44,41,54,46,49,44,72,61,62,62,59,58,34,27,20,8,6,F,2011
E01013325,North Lincolnshire 022C,778,23,41,39,31,30,27,17,40,56,72,60,45,90,61,36,49,24,21,16,F,2011
E01013329,North Lincolnshire 022D,934,66,59,52,49,46,42,46,72,66,63,50,65,79,64,39,36,26,10,4,F,2011
E01013250,North Lincolnshire 023A,852,36,42,40,52,24,28,28,45,49,80,67,64,79,55,52,40,33,22,16,F,2011
E01013251,North Lincolnshire 023B,926,29,28,54,63,34,25,29,48,73,90,73,66,98,76,56,42,27,11,4,F,2011
E01013252,North Lincolnshire 023C,899,36,56,59,52,29,18,28,57,74,91,57,53,90,54,37,36,37,19,16,F,2011
E01013253,North Lincolnshire 023D,999,49,51,71,69,35,39,46,59,81,80,80,65,83,57,36,42,20,30,6,F,2011
E06000014,,101522,5247,4646,4718,6772,10098,6865,6375,6161,7015,6895,6138,5431,6032,4904,4253,3689,3030,2037,1216,F,2011
E01013436,York 001A,901,68,71,61,53,38,55,64,68,75,68,49,53,49,41,25,32,12,10,9,F,2011
E01013438,York 001B,930,46,66,55,56,37,42,69,62,94,77,50,52,55,41,37,32,32,17,10,F,2011
E01013439,York 001C,779,42,55,72,47,25,25,32,61,82,78,63,47,36,28,23,19,20,13,11,F,2011
E01013440,York 001D,960,50,50,43,57,34,54,50,74,72,79,82,71,72,47,42,26,32,19,6,F,2011
E01013370,York 002A,816,34,34,28,37,27,42,45,36,49,53,46,53,72,59,43,52,50,37,19,F,2011
E01013373,York 002B,774,34,49,36,33,26,34,48,41,56,47,45,47,65,44,55,27,41,28,18,F,2011
E01013375,York 002C,714,20,36,33,27,30,30,27,37,41,41,57,53,84,50,46,48,34,15,5,F,2011
E01013376,York 002D,769,29,30,45,34,23,33,33,37,41,50,58,86,86,62,37,35,31,12,7,F,2011
E01013371,York 003A,749,35,43,35,42,24,25,33,44,52,64,74,67,67,46,41,24,16,11,6,F,2011
E01013372,York 003B,908,29,26,43,29,23,32,31,42,47,59,50,66,68,72,64,67,60,62,38,F,2011
E01013374,York 003C,792,42,45,44,38,32,40,48,45,66,54,61,49,66,48,32,31,22,17,12,F,2011
E01013377,York 003D,881,44,47,50,41,35,22,44,54,65,72,87,55,68,66,30,25,36,17,23,F,2011
E01013404,York 004A,758,27,32,43,47,29,46,41,50,58,67,64,48,62,42,27,31,29,13,2,F,2011
E01013407,York 004B,790,27,39,30,25,27,20,32,34,48,46,51,52,60,60,56,61,61,31,30,F,2011
E01013408,York 004C,711,12,29,31,37,25,11,19,25,45,37,49,51,63,57,90,66,37,18,9,F,2011
E01013410,York 004D,789,34,33,54,61,42,38,40,52,67,64,44,33,41,39,30,32,31,29,25,F,2011
E01013405,York 005A,733,26,31,35,34,35,49,32,35,57,58,63,46,48,55,48,41,22,15,3,F,2011
E01013406,York 005B,995,63,43,39,70,84,87,80,76,72,85,67,50,64,44,29,22,8,10,2,F,2011
E01013409,York 005C,824,37,27,35,42,32,26,44,50,49,64,60,52,67,49,48,54,48,28,12,F,2011
E01013411,York 005D,801,29,32,34,32,24,18,41,46,42,43,51,42,72,58,66,75,58,28,10,F,2011
E01013428,York 006A,830,55,38,52,47,38,71,62,65,72,75,61,52,49,23,33,21,9,3,4,F,2011
E01013429,York 006B,1035,90,73,62,62,44,73,115,109,96,86,69,55,41,22,17,11,4,4,2,F,2011
E01013430,York 006C,785,43,39,36,34,30,43,39,39,61,59,67,65,71,55,33,33,25,8,5,F,2011
E01013431,York 006D,802,69,50,41,39,36,72,67,86,77,68,56,37,38,26,12,6,16,5,1,F,2011
E01013435,York 006E,752,40,37,33,53,27,40,43,46,60,68,59,39,52,39,49,28,26,11,2,F,2011
E01013344,York 007A,775,32,31,30,61,82,64,48,54,51,55,47,57,51,27,26,28,16,9,6,F,2011
E01013346,York 007B,843,40,25,31,34,38,59,47,53,64,63,50,58,54,57,45,37,34,36,18,F,2011
E01013432,York 007C,1111,71,62,65,50,44,69,83,89,99,74,64,61,59,41,48,55,26,29,22,F,2011
E01013433,York 007D,760,34,29,40,35,19,29,34,48,61,65,52,45,54,59,55,44,34,14,9,F,2011
E01013434,York 007E,734,31,32,39,31,22,22,51,38,55,65,53,61,41,42,41,40,30,18,22,F,2011
E01013379,York 008A,766,47,44,43,34,42,33,40,56,53,55,55,46,61,29,28,36,28,21,15,F,2011
E01013380,York 008B,888,46,31,28,96,151,58,47,48,45,45,65,43,50,40,27,18,33,12,5,F,2011
E01013385,York 008C,740,56,33,27,40,62,60,48,41,56,60,48,49,38,30,22,25,22,14,9,F,2011
E01013387,York 008D,773,17,40,44,32,15,15,20,39,58,66,49,60,64,63,51,58,48,26,8,F,2011
E01013388,York 008E,537,17,10,20,22,19,11,15,16,45,36,33,37,57,60,52,33,27,14,13,F,2011
E01013389,York 008F,580,23,29,27,33,12,19,26,41,49,38,40,35,38,48,50,34,21,10,7,F,2011
E01013437,York 008G,589,16,24,29,37,22,20,27,34,36,59,51,42,48,44,37,29,17,12,5,F,2011
E01013343,York 009A,1057,44,39,27,86,245,108,104,56,47,63,45,43,28,27,25,19,23,21,7,F,2011
E01013345,York 009B,894,38,34,19,48,137,91,85,57,56,45,48,30,41,46,30,34,19,22,14,F,2011
E01013347,York 009C,837,70,43,60,58,94,68,62,61,64,54,26,34,34,40,18,18,16,9,8,F,2011
E01013349,York 009D,698,62,49,61,57,42,61,63,45,61,43,39,28,34,17,8,13,8,4,3,F,2011
E01013350,York 009E,851,55,47,41,66,94,76,59,60,50,52,44,29,43,32,24,23,25,14,17,F,2011
E01013348,York 010A,1014,28,42,23,207,265,102,70,52,40,48,26,23,27,17,14,12,11,5,2,F,2011
E01013368,York 010B,1160,35,36,32,60,399,140,70,54,64,62,55,36,29,27,25,15,9,8,4,F,2011
E01013382,York 010C,865,55,52,42,37,102,77,57,60,50,55,45,41,50,23,38,28,23,24,6,F,2011
E01013383,York 010D,1119,67,37,38,69,252,125,75,63,68,58,46,38,53,27,28,18,24,17,16,F,2011
E01013386,York 010E,943,77,67,64,57,83,87,85,64,57,66,56,34,26,24,26,26,17,21,6,F,2011
E01013421,York 011A,846,28,41,40,92,43,47,55,47,72,74,54,56,52,49,29,33,22,9,3,F,2011
E01013422,York 011B,886,68,56,60,46,35,35,49,71,76,83,43,60,57,45,29,35,21,10,7,F,2011
E01013426,York 011C,877,33,39,57,36,18,19,33,35,61,66,66,46,87,62,66,43,61,24,25,F,2011
E01013427,York 011D,743,35,47,34,41,18,9,23,42,47,52,60,45,44,54,60,60,48,20,4,F,2011
E01013335,York 012A,851,58,41,59,56,44,55,56,43,68,70,50,42,56,42,38,31,22,12,8,F,2011
E01013336,York 012B,727,36,40,32,35,42,24,49,32,58,50,50,49,59,45,46,31,24,16,9,F,2011
E01013337,York 012C,841,44,41,42,50,37,51,50,49,55,74,69,65,47,44,35,36,22,23,7,F,2011
E01013338,York 012D,1161,75,61,57,59,82,77,89,88,85,84,63,50,42,54,44,60,43,30,18,F,2011
E01013339,York 012E,812,51,47,40,44,28,27,51,62,57,69,56,47,50,42,38,46,29,23,5,F,2011
E01013392,York 012F,744,48,49,39,31,30,50,42,63,68,63,47,61,46,27,22,26,20,8,4,F,2011
E01013366,York 013A,902,30,16,21,83,170,107,56,39,58,49,52,47,36,35,33,16,28,14,12,F,2011
E01013369,York 013C,927,33,23,25,38,171,113,74,50,38,42,40,47,32,41,31,52,35,26,16,F,2011
E01013416,York 013E,812,59,26,42,42,96,59,78,59,58,55,65,26,28,35,23,14,21,12,14,F,2011
E01033067,York 013F,665,43,11,13,25,134,82,58,41,34,41,31,32,18,25,17,15,18,16,11,F,2011
E01033068,York 013G,526,20,12,2,12,88,116,68,31,20,19,23,24,17,18,28,10,5,7,6,F,2011
E01033069,York 013H,556,29,15,14,21,54,73,56,41,43,24,32,28,36,24,16,13,11,18,8,F,2011
E01033070,York 013I,776,20,4,5,224,159,86,60,30,25,32,19,20,19,17,17,18,9,6,6,F,2011
E01013381,York 014A,776,41,35,46,46,64,43,49,56,59,62,49,31,57,24,29,37,35,12,1,F,2011
E01013402,York 014B,878,17,28,39,53,222,39,33,32,42,43,45,39,47,53,59,35,34,13,5,F,2011
E01013419,York 014C,821,29,43,41,35,67,20,27,37,52,60,59,40,53,53,45,55,45,37,23,F,2011
E01013420,York 014D,1025,46,50,56,47,96,52,60,63,80,73,66,36,56,55,63,66,27,26,7,F,2011
E01013384,York 015A,879,50,40,44,72,178,51,50,50,52,57,46,47,36,20,27,24,14,9,12,F,2011
E01013398,York 015B,835,55,38,33,61,210,53,38,51,35,55,31,26,44,28,21,26,7,15,8,F,2011
E01013399,York 015C,925,92,62,73,59,124,84,69,60,60,53,33,28,29,29,31,17,16,5,1,F,2011
E01013400,York 015D,909,48,13,9,35,356,162,85,39,26,24,39,11,14,17,11,12,5,3,0,F,2011
E01013401,York 015E,793,32,33,39,46,243,64,50,32,43,36,40,22,32,26,18,17,8,9,3,F,2011
E01013403,York 015F,929,27,19,15,49,380,60,32,34,42,44,39,35,32,24,30,22,27,12,6,F,2011
E01013393,York 016A,840,59,47,35,42,80,75,101,62,62,64,44,34,34,25,26,22,20,7,1,F,2011
E01013394,York 016B,687,57,33,23,38,62,49,39,39,52,35,45,34,43,37,26,27,18,17,13,F,2011
E01013395,York 016C,715,46,36,29,27,37,49,50,56,68,63,49,48,45,28,29,20,21,11,3,F,2011
E01013396,York 016D,878,60,35,29,38,52,60,57,60,59,41,40,50,41,55,58,48,38,36,21,F,2011
E01013441,York 016E,812,45,39,26,40,52,61,87,65,55,50,50,51,51,33,39,37,18,10,3,F,2011
E01013445,York 016F,808,59,33,34,33,55,71,52,47,56,46,48,46,40,28,29,36,41,33,21,F,2011
E01013390,York 017A,798,56,28,24,27,90,127,113,65,64,49,37,24,32,26,17,10,3,5,1,F,2011
E01013391,York 017B,1070,69,61,38,24,122,179,134,88,77,54,55,37,41,28,18,16,18,7,4,F,2011
E01013397,York 017C,752,44,39,43,38,37,39,55,59,58,66,60,37,47,37,31,25,20,7,10,F,2011
E01013413,York 017D,828,44,53,40,30,52,56,59,85,79,69,49,50,59,27,19,17,19,13,8,F,2011
E01013417,York 017E,999,60,67,55,92,63,78,61,78,72,79,58,56,54,40,30,23,15,12,6,F,2011
E01013442,York 018A,732,30,40,28,37,39,50,39,38,63,60,51,33,61,37,27,32,34,19,14,F,2011
E01013443,York 018B,793,46,39,39,48,52,57,64,44,45,57,35,30,40,36,39,29,32,35,26,F,2011
E01013444,York 018C,748,66,52,44,34,49,79,60,53,47,43,43,34,35,28,25,31,14,7,4,F,2011
E01013446,York 018D,861,65,44,48,51,53,58,76,63,54,64,50,46,46,41,32,25,19,20,6,F,2011
E01013447,York 018E,785,57,38,52,51,62,71,54,42,53,66,53,38,33,30,28,18,13,19,7,F,2011
E01013448,York 018F,673,59,48,31,31,50,79,64,41,46,36,44,31,35,21,26,14,11,4,2,F,2011
E01013360,York 019A,953,68,63,58,58,141,73,70,66,70,49,38,36,34,36,24,17,16,18,18,F,2011
E01013361,York 019B,950,79,21,39,49,173,93,71,68,48,63,57,54,49,29,20,15,12,6,4,F,2011
E01013362,York 019C,882,44,32,33,63,93,69,39,36,58,63,50,42,58,37,35,38,37,34,21,F,2011
E01013363,York 019D,1051,31,24,24,75,291,133,61,45,59,32,37,27,43,32,36,23,30,31,17,F,2011
E01013364,York 019E,969,26,30,19,30,379,107,72,33,42,48,34,29,40,24,16,14,14,9,3,F,2011
E01013418,York 019F,809,34,33,29,32,62,100,93,61,58,62,42,41,47,37,32,13,21,6,6,F,2011
E01013351,York 020A,986,32,44,73,51,24,20,28,46,81,67,76,65,80,80,66,45,44,41,23,F,2011
E01013352,York 020B,880,35,46,48,33,30,26,29,39,61,50,50,64,79,81,66,49,41,30,23,F,2011
E01013451,York 020C,638,37,48,62,41,14,21,44,39,72,58,44,44,38,25,20,13,7,4,7,F,2011
E01013452,York 020D,888,54,61,62,47,22,21,24,71,83,77,59,46,61,47,39,39,29,25,21,F,2011
E01013357,York 021A,1071,52,57,88,59,29,36,56,57,84,93,61,52,61,76,49,52,52,33,24,F,2011
E01013358,York 021B,801,49,43,48,32,29,38,46,66,85,62,57,43,51,45,42,28,21,15,1,F,2011
E01013412,York 021C,917,73,31,24,28,103,130,115,70,79,54,51,37,25,26,24,17,12,12,6,F,2011
E01013414,York 021D,848,48,25,34,34,73,95,80,67,58,56,58,48,40,42,32,18,18,16,6,F,2011
E01013353,York 022A,829,40,33,45,46,55,57,40,53,67,65,47,39,50,41,25,38,36,32,20,F,2011
E01013354,York 022B,728,40,31,22,43,32,45,44,43,48,58,71,58,75,51,28,18,6,10,5,F,2011
E01013355,York 022C,772,21,15,21,27,29,33,18,51,45,48,54,59,94,73,66,46,45,18,9,F,2011
E01013356,York 022D,744,34,31,31,37,34,36,42,45,41,45,59,62,67,47,45,32,39,13,4,F,2011
E01013359,York 022E,786,50,40,47,44,50,53,51,41,72,56,56,40,39,38,24,35,29,16,5,F,2011
E01013449,York 022F,869,50,39,49,61,46,58,56,41,68,72,67,50,53,59,37,26,27,8,2,F,2011
E01013365,York 023A,1471,62,79,83,68,80,73,57,102,99,98,77,79,106,93,95,68,52,42,58,F,2011
E01013378,York 023B,2596,30,25,30,1117,896,100,39,45,36,37,39,43,33,29,26,17,21,24,9,F,2011
E01013450,York 023C,610,26,36,34,27,21,17,24,34,62,51,50,50,45,46,28,32,15,9,3,F,2011
E01013340,York 024A,639,36,32,34,34,16,9,13,36,69,58,54,55,57,31,37,30,15,17,6,F,2011
E01013341,York 024B,693,27,42,38,24,15,19,20,45,56,40,31,43,64,53,53,49,32,27,15,F,2011
E01013342,York 024C,694,23,19,34,36,23,24,33,28,51,58,54,67,69,66,54,27,20,4,4,F,2011
E01013423,York 024D,646,26,34,33,34,19,13,30,37,36,57,46,58,85,38,36,25,17,13,9,F,2011
E01013424,York 024E,672,31,38,38,45,28,19,30,43,46,71,67,56,73,36,17,16,9,8,1,F,2011
E01013425,York 024F,817,34,41,43,51,27,29,50,48,84,62,54,54,57,48,45,27,31,18,14,F,2011
E07000163,,28695,1202,1263,1614,1629,1189,1114,1151,1550,2050,2269,2166,1995,2285,1940,1485,1356,1114,821,502,F,2011
E01027558,Craven 001A,963,30,27,65,57,35,31,31,44,65,69,91,85,94,85,57,41,36,14,6,F,2011
E01027559,Craven 001B,861,28,46,49,45,44,41,41,54,52,78,60,61,63,55,38,39,37,13,17,F,2011
E01027569,Craven 001C,684,27,15,41,37,21,22,10,37,47,66,51,52,65,66,42,35,27,16,7,F,2011
E01027570,Craven 001D,1280,53,43,60,87,50,46,46,46,90,104,93,92,122,110,73,65,41,35,24,F,2011
E01027562,Craven 002A,804,22,37,48,51,32,16,18,36,47,82,79,70,76,57,35,41,27,17,13,F,2011
E01027567,Craven 002B,863,24,21,38,39,22,22,13,34,62,63,65,61,79,82,69,52,51,45,21,F,2011
E01027585,Craven 002C,971,23,32,52,38,20,19,20,39,61,76,63,60,91,118,98,60,54,24,23,F,2011
E01027568,Craven 003A,1107,44,51,54,62,42,45,54,53,83,85,99,79,102,77,58,50,35,18,16,F,2011
E01027571,Craven 003B,967,29,35,70,93,30,25,23,44,69,70,80,65,91,70,54,44,48,18,9,F,2011
E01027572,Craven 003C,1030,24,35,57,57,48,30,43,65,70,98,84,70,96,58,59,57,39,31,9,F,2011
E01027573,Craven 003D,816,18,36,51,36,23,15,15,31,50,64,57,58,81,68,70,43,44,33,23,F,2011
E01027557,Craven 004A,836,25,47,57,53,26,21,16,50,60,79,66,59,73,62,55,29,16,27,15,F,2011
E01027561,Craven 004B,980,55,49,56,54,24,27,41,47,60,83,74,78,85,72,55,38,33,31,18,F,2011
E01027576,Craven 004C,817,9,40,58,56,18,10,14,20,61,54,83,74,82,67,43,58,35,20,15,F,2011
E01027574,Craven 005A,747,33,30,38,32,20,22,35,40,52,59,60,61,61,59,43,43,25,26,8,F,2011
E01027575,Craven 005B,1006,39,39,45,53,45,49,35,66,83,66,59,85,73,76,45,48,55,30,15,F,2011
E01027577,Craven 005C,987,39,32,58,57,46,48,48,63,72,78,87,63,47,56,55,50,42,29,17,F,2011
E01027579,Craven 005D,604,36,44,33,29,28,40,45,43,35,42,45,29,32,24,20,29,23,18,9,F,2011
E01027578,Craven 006A,795,49,36,41,27,58,85,60,54,49,58,44,50,46,34,28,30,20,17,9,F,2011
E01027580,Craven 006B,585,39,30,38,37,41,32,23,45,37,39,46,31,38,25,16,19,20,16,13,F,2011
E01027581,Craven 006C,1303,104,71,53,89,93,88,84,88,94,82,63,66,70,49,40,60,41,32,36,F,2011
E01027582,Craven 006D,776,46,38,35,43,45,43,39,50,63,69,64,43,53,40,27,28,27,16,7,F,2011
E01027556,Craven 007A,860,37,49,65,53,30,22,41,48,72,79,80,60,62,46,35,26,29,20,6,F,2011
E01027560,Craven 007B,1197,87,71,79,61,69,54,75,78,101,108,87,87,76,53,28,33,20,16,14,F,2011
E01027563,Craven 007C,753,24,27,29,27,33,27,21,37,46,55,58,55,66,54,50,43,47,35,19,F,2011
E01027586,Craven 007D,1007,48,49,45,43,40,38,40,49,81,79,84,82,77,65,38,44,40,44,21,F,2011
E01027555,Craven 008A,1035,36,45,50,71,35,20,34,48,86,83,81,67,101,68,56,51,34,48,21,F,2011
E01027564,Craven 008B,662,24,30,29,25,28,31,26,42,40,32,34,37,43,35,37,36,47,47,39,F,2011
E01027565,Craven 008C,812,41,43,57,54,36,41,29,45,66,64,59,40,62,59,43,32,22,11,8,F,2011
E01027566,Craven 008D,638,30,33,32,41,38,34,36,37,45,50,38,48,44,42,26,32,14,11,7,F,2011
E01027583,Craven 008E,1126,56,51,72,75,42,46,60,77,85,70,74,65,68,62,54,53,51,38,27,F,2011
E01027584,Craven 008F,823,23,31,59,47,27,24,35,40,66,85,58,62,66,46,38,47,34,25,10,F,2011
E07000164,,45303,2147,2240,2431,2502,1942,1964,1961,2471,3330,3748,3306,3095,3438,3028,2518,1977,1585,1020,600,F,2011
E01027591,Hambleton 001A,846,29,37,49,36,24,30,27,46,64,72,56,68,78,94,59,32,24,10,11,F,2011
E01027597,Hambleton 001B,778,20,33,55,42,19,21,24,38,50,75,77,47,68,65,53,32,29,18,12,F,2011
E01027599,Hambleton 001C,867,43,49,37,60,40,38,55,47,63,68,64,40,47,59,42,33,35,30,17,F,2011
E01027623,Hambleton 001D,699,30,33,32,37,28,21,20,28,44,57,60,50,43,54,43,39,37,22,21,F,2011
E01027625,Hambleton 001E,893,49,56,53,48,43,41,41,43,59,61,57,53,61,49,43,47,38,28,23,F,2011
E01027598,Hambleton 002A,906,22,20,40,34,19,21,25,35,52,61,61,64,107,107,82,77,42,25,12,F,2011
E01027618,Hambleton 002B,1237,47,49,65,67,42,40,37,48,78,107,104,86,142,118,80,51,40,26,10,F,2011
E01027624,Hambleton 002C,655,29,29,36,45,24,12,19,31,38,63,61,56,51,54,36,32,17,16,6,F,2011
E01027626,Hambleton 002D,690,23,31,37,36,23,20,21,32,42,56,51,46,75,76,45,33,19,19,5,F,2011
E01027627,Hambleton 002E,905,24,40,43,51,29,25,26,41,72,83,74,74,92,87,56,34,33,13,8,F,2011
E01027590,Hambleton 003A,1045,42,53,43,50,62,50,54,62,90,88,72,90,67,65,48,42,29,21,17,F,2011
E01027592,Hambleton 003B,858,24,37,44,37,23,25,19,40,63,74,83,83,95,74,67,37,16,7,10,F,2011
E01027613,Hambleton 003C,877,25,49,47,41,30,37,27,49,78,69,81,53,78,57,51,43,30,22,10,F,2011
E01027617,Hambleton 003D,541,22,26,26,34,23,24,17,19,40,59,49,51,48,40,27,13,15,8,0,F,2011
E01027605,Hambleton 004A,820,39,43,30,48,65,52,76,59,65,63,40,33,40,28,29,31,37,21,21,F,2011
E01027606,Hambleton 004B,814,35,31,40,48,26,21,37,36,64,72,46,58,59,40,56,70,48,18,9,F,2011
E01027608,Hambleton 004C,831,52,50,42,61,58,58,59,57,74,52,59,47,52,42,31,16,11,7,3,F,2011
E01027609,Hambleton 004D,703,61,49,45,53,48,48,54,55,70,51,52,34,27,20,17,11,3,5,0,F,2011
E01027610,Hambleton 004E,882,44,49,69,64,54,47,59,57,58,70,61,56,47,47,34,28,17,13,8,F,2011
E01027611,Hambleton 004F,1031,32,35,41,44,38,51,26,35,56,68,77,69,91,72,71,77,65,54,29,F,2011
E01027612,Hambleton 004G,880,61,43,53,38,50,60,53,50,56,61,48,47,52,53,48,40,32,23,12,F,2011
E01027616,Hambleton 004H,762,36,43,41,43,39,44,35,49,56,61,47,44,44,41,47,35,32,15,10,F,2011
E01027603,Hambleton 005A,995,42,40,49,54,31,46,50,45,59,92,62,76,76,83,48,44,39,29,30,F,2011
E01027604,Hambleton 005B,917,58,46,47,46,26,35,31,41,72,75,71,71,87,72,50,39,26,15,9,F,2011
E01027607,Hambleton 005C,634,16,21,23,20,31,22,14,30,39,46,51,65,57,56,49,47,26,18,3,F,2011
E01027614,Hambleton 005D,652,23,21,22,29,19,15,11,39,47,57,44,52,67,48,43,49,31,21,14,F,2011
E01027615,Hambleton 005E,650,17,39,42,42,25,13,18,36,52,70,50,51,54,41,43,22,16,12,7,F,2011
E01027587,Hambleton 006A,703,18,28,33,33,27,28,20,32,47,49,40,41,51,53,47,41,58,41,16,F,2011
E01027588,Hambleton 006B,826,32,42,55,46,43,38,19,46,75,75,50,53,46,35,30,37,26,49,29,F,2011
E01027589,Hambleton 006C,842,34,40,41,62,34,34,32,43,70,87,77,53,56,40,45,39,37,13,5,F,2011
E01027593,Hambleton 006D,866,42,35,51,60,30,22,33,42,72,75,66,63,78,61,55,38,23,11,9,F,2011
E01027628,Hambleton 007B,946,49,54,49,53,32,29,34,67,83,72,85,75,77,62,53,28,27,12,5,F,2011
E01027633,Hambleton 007C,954,37,54,51,53,35,26,38,42,72,79,90,91,82,74,50,41,25,9,5,F,2011
E01033065,Hambleton 007D,602,44,38,25,36,22,36,31,45,52,53,42,38,39,36,24,23,9,4,5,F,2011
E01033066,Hambleton 007E,897,105,76,45,54,91,129,73,74,63,52,34,26,27,13,16,12,3,3,1,F,2011
E01027620,Hambleton 008A,1049,61,57,66,59,57,67,61,72,76,91,53,48,53,45,48,40,37,27,31,F,2011
E01027630,Hambleton 008B,901,36,31,49,43,73,57,56,57,66,61,48,53,51,56,53,34,45,19,13,F,2011
E01027631,Hambleton 008C,698,32,27,23,33,36,41,31,31,33,50,55,52,45,54,44,33,33,33,12,F,2011
E01027632,Hambleton 008D,743,31,38,53,39,39,20,45,53,55,64,58,54,52,46,40,18,21,15,2,F,2011
E01027637,Hambleton 008E,965,41,33,46,50,35,29,38,31,77,88,76,93,101,74,50,47,26,23,7,F,2011
E01027621,Hambleton 009A,1170,53,54,40,65,44,43,45,64,69,84,81,81,101,78,81,66,68,30,23,F,2011
E01027629,Hambleton 009B,725,49,51,34,37,29,44,45,40,57,41,48,35,44,39,42,33,40,12,5,F,2011
E01027635,Hambleton 009C,1174,99,72,59,65,54,105,63,86,90,88,77,69,72,63,46,20,26,14,6,F,2011
E01027636,Hambleton 009D,1066,47,58,57,57,36,25,39,49,74,105,86,86,81,94,77,39,24,22,10,F,2011
E01027594,Hambleton 010A,822,46,45,38,40,29,52,42,42,47,53,41,38,51,69,56,52,32,31,18,F,2011
E01027595,Hambleton 010B,880,51,35,48,40,48,39,37,41,57,65,58,58,65,45,66,48,44,22,13,F,2011
E01027596,Hambleton 010C,812,23,30,42,34,26,19,14,26,40,74,59,70,70,66,57,42,62,36,22,F,2011
E01027601,Hambleton 010D,1003,58,58,78,77,23,26,51,52,74,94,79,73,75,59,51,35,24,12,4,F,2011
E01027622,Hambleton 010E,988,34,53,74,68,30,22,18,55,75,99,72,75,87,66,59,50,33,13,5,F,2011
E01027600,Hambleton 011A,939,44,50,64,54,35,22,43,58,86,96,85,67,69,56,50,32,15,9,4,F,2011
E01027619,Hambleton 011B,1300,87,74,84,71,61,64,83,98,119,104,92,71,77,49,44,43,35,29,15,F,2011
E01027634,Hambleton 011C,1064,49,55,75,65,34,30,35,77,100,118,96,68,83,53,36,32,25,15,18,F,2011
E07000165,,81062,4239,4324,4528,4630,3455,3978,4218,5035,6246,6575,5732,4987,5444,4607,3881,3269,2706,1946,1262,F,2011
E01027666,Harrogate 001A,885,44,54,53,51,26,30,32,51,78,53,66,63,79,69,48,41,23,13,11,F,2011
E01027667,Harrogate 001B,704,29,49,39,56,14,20,27,37,58,72,54,63,60,51,28,18,12,11,6,F,2011
E01027685,Harrogate 001C,647,23,26,25,34,31,21,34,35,41,46,46,35,49,49,39,47,35,17,14,F,2011
E01027686,Harrogate 001D,569,24,30,24,41,28,15,23,31,55,46,53,48,49,40,29,18,9,2,4,F,2011
E01027712,Harrogate 002A,703,32,47,57,50,22,26,36,51,70,52,58,33,35,36,30,27,19,18,4,F,2011
E01027713,Harrogate 002B,878,48,42,40,39,50,43,37,51,59,65,62,48,62,40,49,37,42,33,31,F,2011
E01027714,Harrogate 002C,848,37,42,48,43,33,32,34,50,61,68,48,46,74,46,43,49,37,32,25,F,2011
E01027715,Harrogate 002D,603,53,48,43,50,39,46,49,53,39,30,22,15,20,19,16,16,19,13,13,F,2011
E01027643,Harrogate 003A,726,45,26,41,36,17,17,33,36,45,67,50,61,72,55,52,40,17,12,4,F,2011
E01027688,Harrogate 003B,847,42,53,49,36,16,19,27,37,70,59,56,61,83,84,44,38,25,27,21,F,2011
E01027736,Harrogate 003C,871,57,60,76,61,21,36,57,40,62,72,63,67,49,56,29,32,17,10,6,F,2011
E01027737,Harrogate 003D,826,76,74,45,39,54,67,60,69,67,56,43,44,38,21,39,11,11,8,4,F,2011
E01027705,Harrogate 004A,833,48,57,44,56,53,56,55,49,69,61,57,65,48,45,28,18,14,6,4,F,2011
E01027706,Harrogate 004B,1001,75,48,30,47,57,81,68,45,65,65,56,54,42,55,37,51,60,36,29,F,2011
E01027707,Harrogate 004C,891,37,61,47,45,36,50,48,64,64,73,60,45,68,75,47,35,17,19,0,F,2011
E01027708,Harrogate 004D,738,49,37,35,27,36,41,41,38,43,51,51,47,50,58,47,33,23,21,10,F,2011
E01027709,Harrogate 004E,605,21,24,32,34,20,14,26,21,47,52,45,39,59,48,45,31,26,17,4,F,2011
E01027710,Harrogate 004F,586,37,36,39,28,21,26,29,40,38,34,35,33,37,22,31,33,21,30,16,F,2011
E01027711,Harrogate 004G,658,46,39,43,42,27,54,39,60,55,63,44,27,32,33,17,17,11,5,4,F,2011
E01027644,Harrogate 005A,787,34,60,41,33,24,31,40,54,72,58,46,43,53,45,47,33,32,28,13,F,2011
E01027645,Harrogate 005B,834,40,42,34,52,41,35,33,44,67,74,62,49,47,44,42,39,35,30,24,F,2011
E01027647,Harrogate 005C,813,27,36,57,48,20,19,28,36,63,83,75,72,62,68,36,37,25,17,4,F,2011
E01027687,Harrogate 005D,737,27,34,52,54,26,21,28,38,54,85,56,62,54,47,36,27,22,8,6,F,2011
E01027681,Harrogate 006A,814,39,44,52,48,36,28,33,41,70,80,63,56,76,46,54,19,15,11,3,F,2011
E01027693,Harrogate 006B,915,41,46,45,62,21,31,28,59,75,85,77,71,82,58,38,41,28,17,10,F,2011
E01027701,Harrogate 006C,788,35,46,34,46,26,23,31,43,56,67,58,59,86,61,41,32,17,17,10,F,2011
E01027702,Harrogate 006D,601,25,25,33,27,25,21,23,31,37,43,41,44,45,28,42,35,27,26,23,F,2011
E01027642,Harrogate 007A,711,27,36,41,43,4,24,26,36,60,53,51,61,56,81,42,26,25,13,6,F,2011
E01027646,Harrogate 007B,816,29,56,60,43,24,23,23,43,61,74,66,62,72,54,50,33,26,10,7,F,2011
E01027674,Harrogate 007C,720,20,51,47,33,11,18,17,35,65,71,66,58,45,40,23,29,35,32,24,F,2011
E01027675,Harrogate 007D,1221,76,70,80,70,47,41,61,81,112,109,86,73,83,68,53,46,35,24,6,F,2011
E01027641,Harrogate 008A,644,28,35,40,63,36,12,26,50,51,71,82,49,37,32,14,9,8,0,1,F,2011
E01027664,Harrogate 008B,1146,79,69,67,64,29,71,51,75,79,79,49,64,79,58,50,56,75,27,25,F,2011
E01027665,Harrogate 008C,572,29,34,32,24,21,22,21,31,40,43,38,39,50,40,34,29,25,12,8,F,2011
E01027722,Harrogate 008D,742,47,56,61,47,41,42,68,72,73,65,59,39,25,18,10,8,7,4,0,F,2011
E01027668,Harrogate 009A,821,45,46,53,39,37,47,45,36,72,63,40,52,51,55,44,47,31,17,1,F,2011
E01027669,Harrogate 009B,943,30,28,40,43,41,40,34,32,72,64,62,61,55,77,66,68,56,48,26,F,2011
E01027673,Harrogate 009C,907,33,35,43,47,47,57,26,56,71,73,74,55,66,44,53,51,48,24,4,F,2011
E01027676,Harrogate 009D,899,70,61,57,59,47,54,52,65,73,87,53,45,52,33,31,25,16,16,3,F,2011
E01027638,Harrogate 010A,673,25,35,26,29,17,37,41,42,39,51,50,50,56,52,55,37,16,10,5,F,2011
E01027639,Harrogate 010B,670,33,41,44,29,30,32,30,31,56,53,47,44,49,42,46,29,18,11,5,F,2011
E01027640,Harrogate 010C,780,51,47,51,43,34,45,45,66,50,67,35,43,49,40,39,31,22,13,9,F,2011
E01027690,Harrogate 010D,749,35,30,37,34,35,46,38,52,52,54,69,42,48,42,30,44,27,19,15,F,2011
E01027738,Harrogate 010E,676,49,36,23,48,38,67,60,47,54,47,49,33,30,31,13,25,18,5,3,F,2011
E01027739,Harrogate 010F,552,40,32,25,23,24,43,57,44,48,38,43,28,30,18,24,24,10,1,0,F,2011
E01027741,Harrogate 010G,717,29,43,31,35,25,31,44,31,39,65,49,38,59,47,53,46,28,18,6,F,2011
E01027689,Harrogate 011A,721,47,34,36,33,49,54,61,51,54,55,58,52,30,31,25,20,20,5,6,F,2011
E01027691,Harrogate 011B,779,63,34,39,33,47,58,63,69,58,69,55,45,46,41,27,11,11,7,3,F,2011
E01027720,Harrogate 011C,745,47,49,30,28,35,64,63,44,61,53,57,56,50,39,27,23,14,4,1,F,2011
E01027721,Harrogate 011D,777,45,38,42,47,32,45,46,58,74,70,58,43,52,42,34,20,9,15,7,F,2011
E01027723,Harrogate 011E,771,47,24,46,40,51,58,46,65,65,46,56,46,55,40,26,14,25,13,8,F,2011
E01027670,Harrogate 012A,828,27,39,53,51,39,30,48,63,56,81,69,71,70,45,35,23,14,9,5,F,2011
E01027671,Harrogate 012B,811,18,56,63,59,16,14,20,41,70,88,71,59,61,58,45,37,22,12,1,F,2011
E01027672,Harrogate 012C,928,31,33,48,52,33,20,26,38,60,90,71,64,76,66,67,66,39,32,16,F,2011
E01027704,Harrogate 012D,592,28,33,32,24,19,17,20,35,42,52,43,46,65,35,39,26,15,12,9,F,2011
E01027649,Harrogate 013A,909,52,45,46,36,56,69,66,74,68,68,52,49,43,30,33,27,31,26,38,F,2011
E01027651,Harrogate 013B,813,63,52,61,71,38,48,52,56,79,55,35,39,45,40,28,21,11,12,7,F,2011
E01027657,Harrogate 013C,613,39,31,24,43,63,82,70,56,47,43,35,21,19,17,8,4,7,4,0,F,2011
E01027658,Harrogate 013D,816,57,34,37,30,54,114,91,55,60,69,36,29,40,35,18,19,20,11,7,F,2011
E01027692,Harrogate 013E,601,38,29,32,35,30,39,39,52,57,49,34,29,27,26,18,27,17,13,10,F,2011
E01027740,Harrogate 013F,819,30,22,34,28,22,41,21,28,49,46,65,54,67,66,73,64,49,40,20,F,2011
E01027648,Harrogate 014A,830,62,58,56,46,46,26,50,61,79,60,48,38,46,34,37,28,26,23,6,F,2011
E01027650,Harrogate 014B,812,44,46,50,52,34,41,45,56,64,85,51,44,44,29,36,24,33,23,11,F,2011
E01027726,Harrogate 014C,904,66,36,44,55,69,44,56,59,63,70,66,34,54,28,29,33,31,35,32,F,2011
E01027727,Harrogate 014D,803,38,31,35,43,42,48,55,56,56,72,51,47,45,47,41,23,41,20,12,F,2011
E01027728,Harrogate 014E,716,32,36,37,31,21,32,26,30,60,39,64,50,51,37,61,47,30,25,7,F,2011
E01027729,Harrogate 014F,833,70,56,40,43,72,83,66,75,80,59,55,35,23,20,22,17,9,6,2,F,2011
E01027652,Harrogate 015A,845,53,53,45,25,38,56,44,59,75,54,48,49,48,48,34,37,28,31,20,F,2011
E01027655,Harrogate 015B,833,34,31,45,155,31,34,30,21,39,57,49,48,52,41,35,39,24,21,47,F,2011
E01027659,Harrogate 015C,844,70,34,23,31,102,107,96,66,61,54,49,30,31,16,16,16,29,13,0,F,2011
E01027677,Harrogate 015D,711,41,11,21,31,51,80,56,35,55,38,51,51,48,29,36,25,15,22,15,F,2011
E01027678,Harrogate 015E,796,39,21,29,35,85,126,83,59,60,43,42,37,27,31,23,21,16,7,12,F,2011
E01027680,Harrogate 015F,676,33,31,22,21,54,53,76,54,56,44,36,38,18,30,19,16,29,36,10,F,2011
E01027683,Harrogate 016A,738,34,36,54,46,28,25,33,46,64,81,59,52,63,35,24,17,19,16,6,F,2011
E01027684,Harrogate 016B,714,29,35,37,48,23,24,28,36,46,77,73,49,64,61,27,27,18,6,6,F,2011
E01027695,Harrogate 016C,866,39,51,44,48,34,22,30,65,72,83,60,55,77,53,48,28,25,18,14,F,2011
E01027696,Harrogate 016D,953,31,61,102,200,41,20,34,39,73,61,66,57,52,46,28,17,16,4,5,F,2011
E01027703,Harrogate 016E,969,35,41,60,50,31,19,34,48,78,87,91,76,68,56,44,41,33,26,51,F,2011
E01027660,Harrogate 017A,791,28,35,34,37,26,22,29,31,51,68,57,49,63,44,56,46,54,37,24,F,2011
E01027661,Harrogate 017B,755,29,38,45,47,41,35,38,59,45,56,54,43,54,37,42,27,30,26,9,F,2011
E01027662,Harrogate 017C,654,29,25,42,35,30,14,18,36,55,57,69,38,47,29,28,17,31,29,25,F,2011
E01027663,Harrogate 017D,721,33,37,30,28,28,28,38,53,57,55,62,48,56,41,42,34,29,14,8,F,2011
E01027697,Harrogate 017E,744,50,35,58,38,15,24,52,65,64,61,58,37,43,37,26,27,23,24,7,F,2011
E01027733,Harrogate 017F,740,32,50,44,39,35,19,35,54,56,46,49,47,55,40,26,31,29,30,23,F,2011
E01027682,Harrogate 018A,846,55,52,43,44,24,26,37,38,69,75,66,66,68,53,62,30,22,6,10,F,2011
E01027694,Harrogate 018B,671,50,53,36,34,33,44,33,34,48,53,29,35,54,39,41,26,19,6,4,F,2011
E01027734,Harrogate 018C,782,45,38,45,30,25,22,32,54,65,67,70,54,70,65,38,28,20,11,3,F,2011
E01027735,Harrogate 018D,814,35,54,50,45,22,19,20,42,69,89,63,50,65,73,47,39,23,7,2,F,2011
E01027656,Harrogate 019A,854,37,29,22,33,50,54,47,53,50,55,54,46,60,42,50,53,59,47,13,F,2011
E01027679,Harrogate 019B,866,29,29,45,28,36,63,52,54,48,68,46,32,33,45,65,43,50,55,45,F,2011
E01027730,Harrogate 019C,776,42,45,44,39,26,35,41,56,67,80,54,52,39,35,32,27,31,19,12,F,2011
E01027731,Harrogate 019D,791,59,52,46,41,32,44,55,64,70,50,48,52,43,36,27,19,21,18,14,F,2011
E01027732,Harrogate 019E,700,27,35,51,32,22,24,33,33,50,71,56,30,33,42,29,32,31,36,33,F,2011
E01027653,Harrogate 020A,804,42,31,36,48,17,45,28,36,52,68,41,42,43,50,41,45,52,48,39,F,2011
E01027654,Harrogate 020B,647,29,32,58,33,20,20,16,43,55,67,52,41,46,27,30,19,23,18,18,F,2011
E01027698,Harrogate 020C,813,45,47,46,51,21,33,31,51,50,81,62,47,38,52,45,59,23,20,11,F,2011
E01027716,Harrogate 020D,753,33,36,42,41,21,17,28,35,45,54,62,52,60,59,49,46,32,29,12,F,2011
E01027717,Harrogate 020E,822,48,51,44,49,16,20,51,75,81,73,50,41,47,34,27,29,33,35,18,F,2011
E01027718,Harrogate 020F,1018,57,66,71,59,27,30,51,80,90,85,63,63,69,53,44,49,26,12,23,F,2011
E01027719,Harrogate 020G,755,31,35,48,61,21,20,28,38,57,65,45,35,58,51,46,50,26,27,13,F,2011
E01027699,Harrogate 021A,712,28,34,39,44,8,11,16,39,43,72,56,54,47,50,48,31,38,24,30,F,2011
E01027700,Harrogate 021B,598,24,44,32,27,17,15,18,37,50,42,52,48,62,35,30,22,37,6,0,F,2011
E01027724,Harrogate 021C,800,31,49,50,48,26,22,28,42,72,65,73,54,68,60,34,33,26,14,5,F,2011
E01027725,Harrogate 021D,802,43,44,44,48,22,24,25,54,59,67,72,52,63,55,49,31,27,13,10,F,2011
E07000166,,24596,1396,1308,1380,1309,1235,1382,1360,1452,1906,1858,1712,1531,1801,1462,1142,935,708,445,274,F,2011
E01027743,Richmondshire 001A,624,22,19,36,38,18,19,25,28,43,43,38,75,59,48,43,34,22,12,2,F,2011
E01027751,Richmondshire 001B,638,30,29,41,34,21,19,32,34,38,65,63,49,59,37,26,25,17,7,12,F,2011
E01027752,Richmondshire 001C,586,17,22,33,25,13,11,20,25,61,64,48,48,43,50,38,23,25,16,4,F,2011
E01027759,Richmondshire 001D,725,34,36,35,38,29,17,29,40,49,66,67,70,68,53,34,22,20,13,5,F,2011
E01027761,Richmondshire 001E,603,17,30,34,29,12,11,23,17,41,49,41,36,68,54,42,38,30,21,10,F,2011
E01027762,Richmondshire 001F,642,20,26,34,32,17,16,32,39,50,67,73,54,49,45,43,20,16,8,1,F,2011
E01027765,Richmondshire 002A,845,43,51,32,62,33,31,46,43,71,73,65,62,55,48,37,36,23,20,14,F,2011
E01027766,Richmondshire 002B,637,25,23,25,27,21,32,26,31,43,38,53,39,69,36,30,36,34,25,24,F,2011
E01027767,Richmondshire 002C,795,32,45,58,53,19,24,27,62,44,50,70,53,52,74,42,34,30,16,10,F,2011
E01027768,Richmondshire 002D,605,21,25,35,34,22,16,18,25,48,62,64,49,35,51,30,26,28,12,4,F,2011
E01027769,Richmondshire 002E,663,32,32,34,47,49,32,30,40,54,47,36,51,49,38,31,34,18,4,5,F,2011
E01027770,Richmondshire 002F,815,41,32,43,37,48,41,42,46,40,60,52,59,75,51,53,47,25,15,8,F,2011
E01027745,Richmondshire 003A,854,38,53,77,58,27,31,33,57,88,91,54,34,47,28,38,40,25,18,17,F,2011
E01027746,Richmondshire 003B,724,30,26,34,35,33,44,28,42,57,68,63,54,56,40,29,34,31,12,8,F,2011
E01027747,Richmondshire 003C,725,49,39,34,51,54,70,55,51,68,52,40,38,33,38,24,17,8,3,1,F,2011
E01027748,Richmondshire 003D,614,25,31,30,17,23,23,25,38,45,43,49,33,56,44,47,35,23,17,10,F,2011
E01027749,Richmondshire 004A,1019,76,54,66,90,78,77,58,61,86,71,70,56,56,33,32,19,17,12,7,F,2011
E01027750,Richmondshire 004B,1321,78,90,96,94,95,97,93,99,156,104,72,51,60,44,29,18,19,9,17,F,2011
E01027754,Richmondshire 004C,694,87,63,40,35,34,83,47,56,60,40,28,31,28,20,12,12,6,5,7,F,2011
E01027771,Richmondshire 004E,909,158,79,46,38,110,154,114,65,46,18,10,12,7,8,9,7,14,9,5,F,2011
E01027772,Richmondshire 004F,648,29,19,29,33,38,42,39,31,75,53,55,40,51,37,21,24,12,10,10,F,2011
E01033183,Richmondshire 004G,778,130,110,73,31,58,108,124,71,51,14,4,1,1,1,1,0,0,0,0,F,2011
E01033184,Richmondshire 004H,840,93,62,68,54,114,110,92,72,72,45,18,15,8,13,1,0,3,0,0,F,2011
E01027742,Richmondshire 005A,673,26,24,28,38,23,25,27,28,51,49,57,39,70,48,39,32,29,22,18,F,2011
E01027753,Richmondshire 005B,678,29,32,31,42,27,24,33,50,46,50,57,48,58,46,37,18,27,14,9,F,2011
E01027763,Richmondshire 005C,567,12,19,24,23,7,14,20,24,30,56,39,50,78,56,38,39,16,16,6,F,2011
E01027764,Richmondshire 005D,628,21,29,35,28,29,26,23,25,55,48,44,43,75,38,32,28,27,14,8,F,2011
E01027773,Richmondshire 005E,529,16,26,28,22,22,15,16,30,33,36,54,42,54,43,45,24,15,6,2,F,2011
E01027744,Richmondshire 006A,660,21,31,33,24,20,24,18,26,52,50,48,48,73,66,40,35,31,9,11,F,2011
E01027756,Richmondshire 006B,902,57,56,56,45,42,48,59,69,91,70,76,58,65,46,26,20,6,10,2,F,2011
E01027758,Richmondshire 006D,672,23,27,29,23,22,18,26,41,47,62,57,56,80,64,36,33,13,12,3,F,2011
E01027760,Richmondshire 006E,648,25,21,26,25,34,29,33,26,48,55,44,50,51,46,52,29,27,18,9,F,2011
E01033185,Richmondshire 006F,663,22,25,28,17,31,25,33,33,37,45,41,55,50,54,47,46,33,29,12,F,2011
E01033186,Richmondshire 006G,672,17,22,29,30,12,26,14,27,30,54,62,32,63,64,58,50,38,31,13,F,2011
E07000167,,26417,1141,1245,1442,1485,1067,1034,1074,1387,1911,2060,1872,1918,2133,1891,1490,1259,1004,608,396,F,2011
E01027776,Ryedale 001A,776,29,47,48,42,19,25,23,36,55,65,56,63,88,47,49,40,27,8,9,F,2011
E01027777,Ryedale 001B,686,22,24,38,44,25,13,18,29,49,60,65,65,69,65,45,23,19,10,3,F,2011
E01027783,Ryedale 001C,904,26,38,37,50,38,29,25,37,55,65,66,62,78,81,70,64,39,29,15,F,2011
E01027784,Ryedale 001D,875,46,45,50,48,46,37,29,50,56,59,53,54,71,49,55,49,43,23,12,F,2011
E01027792,Ryedale 002A,973,33,27,39,46,38,30,29,50,48,68,60,50,85,94,74,52,59,51,40,F,2011
E01027793,Ryedale 002B,775,30,39,45,41,41,19,31,44,55,61,45,55,71,55,38,28,31,34,12,F,2011
E01027794,Ryedale 002C,1078,53,56,59,53,34,28,24,63,70,65,64,90,94,100,76,47,48,27,27,F,2011
E01027795,Ryedale 002D,830,33,52,57,53,42,47,36,51,56,68,47,48,53,46,41,37,30,14,19,F,2011
E01027801,Ryedale 002E,862,23,41,29,36,19,22,22,43,44,53,66,69,87,69,51,68,49,35,36,F,2011
E01027802,Ryedale 002F,828,28,44,49,41,21,25,32,36,64,75,68,65,100,45,41,51,27,10,6,F,2011
E01027775,Ryedale 003A,937,32,36,69,151,25,32,29,35,66,52,70,60,67,59,55,53,24,15,7,F,2011
E01027780,Ryedale 003B,903,27,39,39,49,36,27,29,46,63,78,82,82,64,86,41,55,30,16,14,F,2011
E01027781,Ryedale 003C,654,22,33,14,20,21,27,28,19,36,40,43,38,57,54,59,50,55,27,11,F,2011
E01027800,Ryedale 003D,877,39,44,43,45,24,31,31,46,61,65,79,73,71,68,52,52,34,11,8,F,2011
E01027779,Ryedale 004A,592,30,28,39,29,20,21,16,32,51,53,38,51,53,50,30,17,18,14,2,F,2011
E01027796,Ryedale 004B,863,40,31,56,37,36,35,27,40,64,84,51,64,72,64,52,35,29,25,21,F,2011
E01027798,Ryedale 004C,999,62,48,58,63,38,39,57,69,72,88,75,68,70,62,42,43,26,10,9,F,2011
E01027803,Ryedale 004D,898,56,50,66,47,34,41,44,51,82,74,77,85,60,53,30,23,12,9,4,F,2011
E01027774,Ryedale 007A,1025,62,62,58,48,32,47,47,69,113,73,59,69,95,73,50,30,20,13,5,F,2011
E01027778,Ryedale 007B,1152,32,49,80,57,46,25,45,51,121,111,99,89,91,82,73,40,33,20,8,F,2011
E01027782,Ryedale 007C,869,24,43,39,39,31,22,26,37,42,88,75,83,87,68,51,46,46,14,8,F,2011
E01027797,Ryedale 007D,866,31,38,52,41,20,26,39,41,69,88,66,75,84,59,52,37,22,14,12,F,2011
E01027799,Ryedale 007E,901,43,40,50,51,18,21,37,42,63,77,74,84,75,62,59,41,30,23,11,F,2011
E01027785,Ryedale 008A,757,40,30,46,45,50,43,52,51,59,48,41,37,40,44,22,41,40,21,7,F,2011
E01027786,Ryedale 008B,802,27,27,30,41,34,27,29,28,52,58,68,47,62,74,70,41,53,21,13,F,2011
E01027787,Ryedale 008C,919,49,42,57,67,51,47,41,49,75,68,44,38,57,54,40,59,32,29,20,F,2011
E01027788,Ryedale 008D,706,25,21,23,26,32,37,32,38,38,46,45,59,70,64,54,47,24,18,7,F,2011
E01027789,Ryedale 008E,1324,85,90,69,80,98,105,91,94,78,90,71,61,66,58,35,33,54,36,30,F,2011
E01027790,Ryedale 008F,1000,52,45,61,63,54,79,72,64,86,72,72,67,49,55,42,25,18,15,9,F,2011
E01027791,Ryedale 008G,786,40,36,42,32,44,27,33,46,68,68,53,67,47,51,41,32,32,16,11,F,2011
E07000168,,56172,2623,2471,2731,3063,3157,2632,2383,2875,3592,4056,3977,3859,4492,3802,3236,2662,2217,1457,887,F,2011
E01027837,Scarborough 001A,765,54,33,39,28,24,48,30,41,39,50,47,50,49,59,42,52,39,26,15,F,2011
E01027839,Scarborough 001B,899,51,51,50,39,44,44,46,52,53,84,62,50,51,62,48,45,28,23,16,F,2011
E01027869,Scarborough 001C,516,10,10,4,18,32,33,24,19,33,44,41,51,63,33,26,29,21,15,10,F,2011
E01027870,Scarborough 001D,681,21,16,34,30,45,37,14,28,33,44,59,57,56,58,35,32,32,33,17,F,2011
E01027871,Scarborough 001E,828,32,37,34,36,19,36,37,34,47,31,53,53,75,45,63,55,70,39,32,F,2011
E01027813,Scarborough 002A,1057,42,47,56,44,50,45,32,49,56,90,91,102,103,73,62,52,35,20,8,F,2011
E01027822,Scarborough 002B,699,29,34,35,38,31,26,32,32,47,75,50,69,53,47,42,20,19,15,5,F,2011
E01027840,Scarborough 002C,1058,44,49,50,62,48,35,34,43,75,72,75,91,114,72,72,49,38,19,16,F,2011
E01027841,Scarborough 002D,668,16,20,29,37,26,18,19,27,40,50,67,69,65,52,50,29,24,13,17,F,2011
E01027838,Scarborough 003A,812,28,47,40,42,25,17,32,42,53,60,57,76,90,66,39,37,35,20,6,F,2011
E01027864,Scarborough 003B,723,46,32,48,51,41,35,47,43,58,65,55,53,46,36,26,21,8,9,3,F,2011
E01027865,Scarborough 003C,789,51,32,34,34,53,42,45,28,55,67,58,65,78,47,36,27,18,8,11,F,2011
E01027866,Scarborough 003D,782,38,37,38,39,41,40,36,37,54,66,60,58,48,62,39,37,21,16,15,F,2011
E01027821,Scarborough 004A,734,17,25,23,34,17,23,20,29,35,47,62,76,83,76,45,57,33,21,11,F,2011
E01027823,Scarborough 004B,777,27,28,41,38,28,27,18,35,37,50,60,60,71,70,44,56,39,28,20,F,2011
E01027831,Scarborough 004C,547,18,22,30,28,19,16,23,21,40,46,34,45,58,48,28,30,20,16,5,F,2011
E01027832,Scarborough 004D,536,12,14,29,43,15,12,13,19,30,43,49,47,66,34,33,25,20,18,14,F,2011
E01027836,Scarborough 004E,1156,42,38,63,52,49,40,41,44,91,83,100,91,95,80,93,54,57,27,16,F,2011
E01027857,Scarborough 004F,679,33,32,28,23,25,24,21,28,51,52,57,53,69,55,45,31,35,12,5,F,2011
E01027842,Scarborough 005A,857,32,51,55,44,32,27,37,58,57,50,49,70,75,48,76,32,40,18,6,F,2011
E01027843,Scarborough 005B,762,37,43,50,41,25,30,42,41,53,72,35,41,54,43,44,35,39,23,14,F,2011
E01027844,Scarborough 005C,803,28,34,42,47,21,18,27,40,58,73,71,71,71,59,51,40,29,19,4,F,2011
E01027845,Scarborough 005D,917,44,51,48,48,34,31,36,55,60,67,83,63,66,58,50,51,33,26,13,F,2011
E01027855,Scarborough 005E,770,25,31,32,46,30,19,22,26,55,59,65,54,81,58,64,34,45,19,5,F,2011
E01027856,Scarborough 005F,625,12,9,18,19,13,5,16,18,19,29,35,35,73,62,63,80,56,44,19,F,2011
E01027805,Scarborough 006A,766,54,27,23,32,58,62,29,36,49,43,46,61,53,65,34,43,26,17,8,F,2011
E01027806,Scarborough 006B,829,38,25,28,74,116,54,45,47,60,55,48,44,64,34,32,21,24,14,6,F,2011
E01027846,Scarborough 006C,944,79,50,62,69,64,71,52,57,81,68,64,44,60,48,24,16,16,13,6,F,2011
E01027847,Scarborough 006D,872,45,34,35,58,89,91,45,52,80,65,58,46,46,34,29,25,16,16,8,F,2011
E01027848,Scarborough 006E,540,26,30,29,26,20,21,13,35,42,52,40,32,40,31,37,29,19,12,6,F,2011
E01027849,Scarborough 007A,610,14,19,22,31,23,15,8,19,41,46,54,39,59,46,46,42,32,27,27,F,2011
E01027850,Scarborough 007B,656,33,39,39,42,29,33,37,30,49,43,42,45,44,30,31,41,34,11,4,F,2011
E01027872,Scarborough 007C,769,39,48,47,49,41,32,24,52,58,65,47,54,62,43,28,28,23,15,14,F,2011
E01027874,Scarborough 007D,868,78,76,78,61,65,59,51,56,67,59,48,35,39,30,29,18,11,5,3,F,2011
E01027810,Scarborough 008A,886,85,48,70,68,80,64,62,75,59,68,45,47,32,33,24,9,10,4,3,F,2011
E01027811,Scarborough 008B,925,86,65,78,54,82,66,58,78,69,66,51,33,46,26,28,14,14,9,2,F,2011
E01027812,Scarborough 008C,937,76,58,52,69,112,74,68,66,62,56,54,32,36,38,31,27,13,3,10,F,2011
E01027851,Scarborough 008D,800,47,32,54,65,52,47,46,60,55,75,61,50,52,28,27,17,14,12,6,F,2011
E01027862,Scarborough 008E,847,54,34,41,42,51,63,53,49,46,63,63,55,49,45,39,28,34,21,17,F,2011
E01027824,Scarborough 009A,771,21,27,29,45,38,18,15,26,48,60,50,55,57,68,54,59,48,32,21,F,2011
E01027825,Scarborough 009B,985,79,51,45,54,76,86,72,72,72,67,57,37,51,27,24,23,28,33,31,F,2011
E01027826,Scarborough 009C,768,51,50,31,41,59,53,60,60,51,53,48,42,39,35,23,24,22,16,10,F,2011
E01027861,Scarborough 009D,687,42,30,34,33,33,36,39,45,43,50,46,40,39,36,37,25,28,32,19,F,2011
E01027863,Scarborough 009E,760,18,19,37,32,26,19,10,31,39,48,70,51,74,66,55,59,41,31,34,F,2011
E01027873,Scarborough 009F,795,30,32,31,34,32,32,31,39,54,57,62,55,77,59,41,43,47,26,13,F,2011
E01027804,Scarborough 010A,724,30,23,24,45,122,61,33,40,42,49,61,34,56,20,36,17,16,5,10,F,2011
E01027852,Scarborough 010B,792,18,19,10,45,134,55,34,35,37,54,49,57,37,49,41,35,40,24,19,F,2011
E01027853,Scarborough 010C,641,27,20,19,20,53,28,22,30,28,36,37,47,69,44,36,28,35,34,28,F,2011
E01027854,Scarborough 010D,734,23,10,9,47,102,48,28,41,32,47,59,44,52,34,35,38,35,25,25,F,2011
E01027868,Scarborough 010E,1229,25,29,24,63,46,38,30,35,53,66,78,63,126,94,101,98,100,85,75,F,2011
E01027807,Scarborough 011A,758,35,31,43,36,29,38,24,34,53,52,48,61,64,64,52,42,24,11,17,F,2011
E01027808,Scarborough 011B,729,24,14,26,30,33,11,35,37,44,47,61,60,74,82,53,58,17,17,6,F,2011
E01027809,Scarborough 011C,657,17,16,22,19,17,26,21,35,33,47,41,36,75,81,61,38,48,17,7,F,2011
E01027818,Scarborough 011D,734,48,28,38,45,52,49,51,34,57,52,65,36,43,37,38,23,18,15,5,F,2011
E01027867,Scarborough 011E,832,18,35,33,99,45,18,27,30,33,44,71,63,65,70,55,45,35,31,15,F,2011
E01027817,Scarborough 012A,722,44,34,51,41,46,49,34,44,57,63,40,48,47,24,30,24,19,15,12,F,2011
E01027819,Scarborough 012B,733,58,52,63,54,57,52,34,54,60,45,37,36,25,32,25,13,24,8,4,F,2011
E01027820,Scarborough 012C,741,56,67,68,57,58,58,52,53,47,51,42,27,28,25,24,14,11,1,2,F,2011
E01027858,Scarborough 012D,714,30,40,26,33,22,26,42,36,42,57,39,43,77,61,52,35,30,17,6,F,2011
E01027860,Scarborough 012E,790,40,49,39,31,25,40,45,56,68,59,53,39,73,52,35,36,25,16,9,F,2011
E01027814,Scarborough 013A,834,44,40,42,47,33,24,29,41,54,58,46,67,73,60,52,48,35,31,10,F,2011
E01027815,Scarborough 013B,705,25,29,44,26,28,26,27,32,46,57,53,78,68,51,43,29,19,14,10,F,2011
E01027816,Scarborough 013C,835,34,47,40,33,23,33,24,55,53,57,59,67,80,60,60,48,28,22,12,F,2011
E01027859,Scarborough 013D,885,36,51,55,50,35,30,39,56,62,82,67,58,76,64,52,31,19,17,5,F,2011
E01027827,Scarborough 014A,856,29,24,24,46,43,25,21,24,61,53,61,66,80,87,63,47,60,35,7,F,2011
E01027828,Scarborough 014B,876,26,26,26,46,28,19,13,20,32,50,55,61,85,97,93,83,55,43,18,F,2011
E01027829,Scarborough 014C,768,21,14,20,23,25,22,20,22,33,40,43,63,80,99,77,69,54,30,13,F,2011
E01027830,Scarborough 014D,950,48,65,62,65,53,56,58,56,68,75,71,41,48,60,44,34,27,16,3,F,2011
E01027833,Scarborough 014E,798,26,17,35,35,47,25,18,30,40,66,72,67,75,82,65,41,33,13,11,F,2011
E01027834,Scarborough 014F,804,29,27,30,34,30,26,27,25,40,52,68,78,67,68,73,51,49,26,4,F,2011
E01027835,Scarborough 014G,876,28,47,43,53,38,25,33,46,63,69,72,72,77,80,51,36,27,13,3,F,2011
E07000169,,42604,2364,2218,2374,2528,2219,2187,2296,2828,3383,3619,3072,2763,2976,2305,1716,1450,1111,754,441,F,2011
E01027918,Selby 001A,742,48,39,38,40,53,36,35,60,76,39,50,47,51,39,18,29,21,13,10,F,2011
E01027919,Selby 001B,569,28,24,26,33,33,23,36,29,41,63,47,41,41,30,22,15,16,15,6,F,2011
E01027920,Selby 001C,606,20,26,26,46,34,24,22,43,45,58,57,45,52,41,17,19,17,8,6,F,2011
E01027921,Selby 001D,916,24,33,37,42,43,29,33,51,63,86,54,60,53,69,55,70,53,41,20,F,2011
E01027922,Selby 001E,864,32,46,59,61,32,20,21,42,80,106,65,56,58,48,56,32,24,15,11,F,2011
E01027875,Selby 002A,927,41,61,61,55,31,22,42,69,78,78,78,73,72,69,29,32,22,8,6,F,2011
E01027886,Selby 002B,671,46,27,49,22,23,25,48,45,67,62,45,51,39,43,35,17,16,9,2,F,2011
E01027887,Selby 002C,791,42,38,47,36,29,40,39,42,72,75,59,69,74,44,33,24,16,9,3,F,2011
E01027888,Selby 002D,918,80,66,46,53,30,33,57,69,89,80,60,52,65,47,28,22,21,13,7,F,2011
E01027904,Selby 002E,1188,86,81,90,72,34,39,70,92,122,107,92,73,75,54,34,25,15,16,11,F,2011
E01027876,Selby 003A,839,48,46,48,55,48,46,44,66,63,65,67,47,55,45,31,22,21,16,6,F,2011
E01027877,Selby 003B,637,37,33,31,24,36,30,34,45,54,40,53,40,48,30,35,20,15,24,8,F,2011
E01027900,Selby 003C,989,57,66,64,44,36,55,58,70,95,92,80,88,59,46,24,17,18,11,9,F,2011
E01027901,Selby 003D,813,41,54,40,30,25,35,46,57,61,68,73,64,64,52,41,33,12,9,8,F,2011
E01027902,Selby 003E,793,41,52,47,35,23,26,40,54,69,64,61,47,59,52,32,23,25,27,16,F,2011
E01027903,Selby 003F,692,24,28,88,127,16,18,18,29,45,66,39,36,46,32,25,25,13,10,7,F,2011
E01027898,Selby 004A,1233,86,64,63,64,64,61,90,100,96,108,69,85,75,77,35,39,33,15,9,F,2011
E01027914,Selby 004B,859,48,36,41,56,45,40,43,47,56,75,61,66,95,39,39,28,22,15,7,F,2011
E01027915,Selby 004C,818,49,40,46,47,42,42,52,49,47,74,59,59,41,39,35,31,31,23,12,F,2011
E01027916,Selby 004D,794,34,44,47,63,54,57,37,46,62,58,54,47,38,34,28,35,17,27,12,F,2011
E01027917,Selby 004E,905,55,48,62,65,64,46,56,66,97,97,68,40,61,21,29,13,13,3,1,F,2011
E01027878,Selby 005A,654,53,35,24,32,66,67,56,48,43,54,37,20,30,33,14,12,21,5,4,F,2011
E01027905,Selby 005B,936,69,34,29,41,97,96,63,58,55,83,47,53,55,35,27,26,30,20,18,F,2011
E01027907,Selby 005C,693,51,42,53,35,52,68,48,44,48,50,27,35,34,23,25,12,21,19,6,F,2011
E01027908,Selby 005D,818,52,33,33,37,75,89,66,39,51,47,42,36,49,22,31,39,30,21,26,F,2011
E01027909,Selby 005E,1020,69,39,41,59,124,119,61,65,62,67,54,55,55,36,27,26,31,19,11,F,2011
E01027910,Selby 005F,1431,112,88,110,91,125,131,120,119,97,102,81,53,47,41,39,30,27,14,4,F,2011
E01027881,Selby 006A,677,26,26,31,34,32,29,25,40,37,52,42,39,58,56,37,34,34,29,16,F,2011
E01027906,Selby 006B,755,69,35,42,67,44,60,37,54,61,52,55,48,39,27,21,19,11,6,8,F,2011
E01027911,Selby 006C,796,28,23,26,48,25,30,28,39,40,54,53,42,57,57,48,45,55,54,44,F,2011
E01027912,Selby 006D,529,17,27,32,33,21,21,13,21,44,52,41,38,49,32,28,26,16,11,7,F,2011
E01027913,Selby 006E,611,20,31,30,38,30,12,26,37,48,54,49,37,41,40,36,37,24,13,8,F,2011
E01027879,Selby 007A,680,35,22,30,42,39,49,39,41,52,56,58,53,46,38,28,25,17,6,4,F,2011
E01027880,Selby 007B,818,32,40,41,64,36,26,42,50,59,58,61,65,64,52,50,33,31,12,2,F,2011
E01027882,Selby 007C,890,56,43,42,61,30,36,56,71,76,86,77,66,67,43,32,27,10,7,4,F,2011
E01027894,Selby 007D,942,55,56,48,52,34,45,55,56,74,73,82,64,73,53,51,35,19,13,4,F,2011
E01027895,Selby 007E,795,26,41,27,35,38,30,34,40,53,67,58,52,88,69,52,41,28,7,9,F,2011
E01027883,Selby 008A,584,24,31,33,36,27,24,26,39,43,44,50,52,45,38,28,23,13,7,1,F,2011
E01027884,Selby 008B,805,43,43,51,62,48,40,47,61,75,79,40,49,45,33,36,20,18,13,2,F,2011
E01027885,Selby 008C,812,54,40,40,57,39,27,50,63,63,56,54,45,63,52,41,33,22,7,6,F,2011
E01027896,Selby 008D,1004,57,56,64,74,52,49,58,64,98,98,67,74,59,46,26,30,11,15,6,F,2011
E01027897,Selby 008E,1053,57,52,54,54,49,45,49,73,98,92,98,70,77,57,33,45,29,11,10,F,2011
E01027891,Selby 009A,856,32,37,45,38,32,34,35,45,70,91,77,61,79,60,44,43,16,10,7,F,2011
E01027892,Selby 009B,957,60,52,45,53,47,63,55,68,74,75,62,64,69,59,41,30,18,17,5,F,2011
E01027893,Selby 009C,956,51,53,54,35,44,41,55,59,70,77,63,72,95,60,39,33,24,18,13,F,2011
E01027899,Selby 009D,866,53,55,61,48,42,29,34,64,88,80,59,58,49,46,40,25,17,12,6,F,2011
E01027889,Selby 010A,889,39,62,53,54,48,45,47,60,62,76,66,48,58,51,29,38,25,19,9,F,2011
E01027890,Selby 010B,1014,50,43,60,61,37,44,47,75,82,84,95,65,79,57,43,37,31,12,12,F,2011
E01027923,Selby 010C,1135,44,52,64,56,52,42,50,72,94,99,105,81,90,81,52,42,28,23,8,F,2011
E01027924,Selby 010D,1064,63,75,55,61,39,49,53,92,88,100,81,82,95,57,37,13,13,7,4,F,2011
E08000016,,117898,6749,6244,6603,7069,6920,7375,6732,7280,9013,8939,8152,7079,7384,6354,5118,4296,3351,2150,1090,F,2011
E01007434,Barnsley 001A,972,52,71,73,59,58,51,72,69,82,82,69,45,55,34,26,34,18,18,4,F,2011
E01007435,Barnsley 001B,804,37,41,38,47,59,48,51,46,49,59,56,44,49,37,33,44,37,15,14,F,2011
E01007438,Barnsley 001C,831,21,45,49,54,29,33,39,40,66,76,56,55,42,59,50,37,34,36,10,F,2011
E01007439,Barnsley 001D,603,19,17,33,39,22,23,29,23,48,54,57,63,62,36,24,20,26,4,4,F,2011
E01007433,Barnsley 002A,844,42,55,50,51,58,51,33,59,66,62,47,55,59,50,45,28,17,10,6,F,2011
E01007436,Barnsley 002B,649,29,38,33,32,24,23,41,30,40,50,52,48,52,49,34,26,28,10,10,F,2011
E01007437,Barnsley 002C,723,46,45,36,43,45,53,37,49,67,64,53,38,50,38,24,12,9,9,5,F,2011
E01007440,Barnsley 002D,770,58,44,49,51,63,57,53,41,56,53,60,34,34,36,33,19,12,9,8,F,2011
E01007329,Barnsley 003A,807,52,48,56,49,42,37,44,43,75,77,38,64,50,31,23,35,15,14,14,F,2011
E01007331,Barnsley 003B,930,43,54,34,49,51,69,64,59,70,64,75,63,50,62,46,39,20,16,2,F,2011
E01007342,Barnsley 003C,713,48,37,39,45,37,41,45,37,49,42,63,70,48,36,30,24,14,8,0,F,2011
E01007343,Barnsley 003D,691,36,31,27,25,45,58,33,33,42,39,44,45,47,34,50,32,28,31,11,F,2011
E01007356,Barnsley 004A,714,28,35,37,36,38,26,30,36,44,71,61,36,67,44,48,27,27,14,9,F,2011
E01007357,Barnsley 004B,733,38,38,45,38,40,39,41,41,70,52,47,36,47,38,25,29,24,30,15,F,2011
E01007361,Barnsley 004C,859,56,42,49,40,55,64,55,59,65,68,54,57,58,40,18,19,18,22,20,F,2011
E01007362,Barnsley 004D,820,46,48,39,32,36,32,52,55,79,67,59,54,63,62,35,24,21,7,9,F,2011
E01007363,Barnsley 004E,825,40,38,44,36,48,41,35,59,62,58,50,50,52,49,46,40,42,27,8,F,2011
E01007355,Barnsley 005A,766,53,58,47,43,29,38,43,69,86,72,45,44,38,43,23,14,11,10,0,F,2011
E01007358,Barnsley 005B,779,44,43,51,51,45,52,39,48,75,64,57,53,47,49,23,24,8,3,3,F,2011
E01007359,Barnsley 005C,773,54,40,46,46,46,54,46,49,65,46,42,41,57,37,38,24,25,13,4,F,2011
E01007360,Barnsley 005D,807,27,34,43,43,46,29,30,31,57,64,56,51,84,62,44,41,25,23,17,F,2011
E01007386,Barnsley 005E,883,43,41,28,38,33,40,43,54,64,62,66,64,67,82,55,40,37,19,7,F,2011
E01007328,Barnsley 006A,984,55,56,84,69,44,58,55,63,81,72,81,56,50,36,27,35,37,10,15,F,2011
E01007330,Barnsley 006B,884,47,40,54,58,52,46,56,58,68,69,69,50,57,47,28,32,28,18,7,F,2011
E01007332,Barnsley 006C,1188,91,54,68,67,118,141,86,62,55,72,77,43,55,40,40,36,36,29,18,F,2011
E01007333,Barnsley 006D,672,36,52,62,57,36,40,42,36,56,41,42,47,31,28,27,17,17,3,2,F,2011
E01007323,Barnsley 007A,744,56,51,51,45,62,73,58,55,57,59,34,39,31,14,21,16,16,5,1,F,2011
E01007324,Barnsley 007B,846,56,46,36,46,56,50,53,47,54,65,43,69,51,56,31,33,30,15,9,F,2011
E01007325,Barnsley 007C,887,77,87,66,60,68,68,65,55,65,53,42,45,37,24,14,18,28,6,9,F,2011
E01007326,Barnsley 007D,790,45,34,50,53,49,44,49,46,51,61,71,49,43,32,26,22,33,26,6,F,2011
E01007327,Barnsley 007E,866,30,31,50,52,40,34,37,42,55,52,68,75,70,47,53,53,46,23,8,F,2011
E01007411,Barnsley 007F,586,48,39,36,49,51,32,32,31,50,47,45,22,19,21,27,16,8,12,1,F,2011
E01007341,Barnsley 008A,641,57,38,58,55,36,51,40,34,57,33,29,30,29,31,13,17,20,11,2,F,2011
E01007345,Barnsley 008B,820,59,43,46,47,53,70,60,48,54,62,63,37,43,32,30,26,17,17,13,F,2011
E01007346,Barnsley 008C,835,57,44,54,62,42,73,61,52,67,54,56,54,38,40,28,27,13,9,4,F,2011
E01007347,Barnsley 008D,801,55,46,42,49,39,51,48,59,71,63,63,49,36,39,33,30,17,8,3,F,2011
E01007334,Barnsley 009A,674,27,28,35,41,30,37,39,43,52,61,64,48,59,49,28,19,8,2,4,F,2011
E01007335,Barnsley 009B,769,29,43,53,42,32,29,37,47,65,58,70,56,61,36,27,46,14,18,6,F,2011
E01007400,Barnsley 009C,1006,66,55,51,58,28,48,69,86,91,81,67,61,68,61,48,35,22,7,4,F,2011
E01007404,Barnsley 009D,647,11,19,20,27,29,33,21,31,39,49,74,47,60,58,53,39,22,13,2,F,2011
E01007406,Barnsley 009E,879,39,43,47,50,49,54,46,48,57,56,56,53,71,51,56,47,30,21,5,F,2011
E01007408,Barnsley 010C,795,40,44,45,54,26,56,43,46,74,49,56,41,48,47,38,33,23,17,15,F,2011
E01007409,Barnsley 010D,726,35,35,30,48,45,44,27,46,55,59,61,45,40,42,31,28,22,18,15,F,2011
E01007410,Barnsley 010E,846,48,35,38,46,54,44,38,55,56,83,51,60,71,47,43,38,26,9,4,F,2011
E01032550,Barnsley 010G,1449,88,91,93,100,79,117,118,112,118,90,115,66,78,51,61,33,26,11,2,F,2011
E01032551,Barnsley 010H,1293,66,72,90,83,50,61,102,97,106,101,105,74,63,71,54,37,33,17,11,F,2011
E01007344,Barnsley 011A,1079,75,72,62,62,82,94,73,79,84,78,60,64,62,39,34,32,15,11,1,F,2011
E01007402,Barnsley 011B,883,73,61,63,61,66,64,50,67,66,58,56,49,35,35,35,22,9,9,4,F,2011
E01007403,Barnsley 011C,785,67,49,49,47,57,58,41,47,57,58,47,46,45,38,25,26,17,6,5,F,2011
E01007405,Barnsley 011D,759,36,33,28,36,41,31,28,32,42,43,62,66,61,56,54,39,34,27,10,F,2011
E01007379,Barnsley 012A,832,43,30,40,53,32,51,43,41,61,47,57,69,79,60,44,45,22,9,6,F,2011
E01007380,Barnsley 012B,901,47,50,56,55,46,24,46,60,76,102,63,56,60,41,43,30,24,16,6,F,2011
E01007381,Barnsley 012C,786,31,42,52,44,29,34,25,50,75,73,57,51,57,42,33,29,34,21,7,F,2011
E01007387,Barnsley 012D,736,35,41,50,46,35,45,37,43,65,71,59,38,50,28,34,29,15,11,4,F,2011
E01007442,Barnsley 012E,705,19,17,31,32,19,17,22,28,42,58,41,53,68,63,56,56,50,22,11,F,2011
E01007444,Barnsley 012F,792,27,25,43,41,28,35,42,42,47,59,61,44,58,58,42,50,48,26,16,F,2011
E01007446,Barnsley 012G,685,35,34,25,19,27,34,37,39,35,54,39,39,49,65,50,38,37,22,7,F,2011
E01007336,Barnsley 013A,762,55,25,41,52,73,74,56,36,53,52,53,36,39,42,22,15,15,14,9,F,2011
E01007340,Barnsley 013B,815,64,40,42,62,73,88,59,55,54,68,55,40,35,15,12,22,18,8,5,F,2011
E01007415,Barnsley 013C,758,33,32,36,56,46,44,38,48,52,77,46,53,48,39,28,26,32,14,10,F,2011
E01007417,Barnsley 013D,809,67,29,53,47,58,83,58,56,54,66,53,43,38,27,29,19,16,10,3,F,2011
E01007441,Barnsley 013E,768,40,36,37,44,54,84,60,49,65,58,57,45,39,23,29,25,16,4,3,F,2011
E01007443,Barnsley 013F,929,87,42,29,67,115,112,82,47,73,59,59,35,33,30,25,12,10,11,1,F,2011
E01007445,Barnsley 013G,741,43,41,31,24,67,86,50,47,53,45,54,34,45,30,24,31,18,14,4,F,2011
E01007372,Barnsley 014A,679,55,50,41,48,45,46,39,45,45,39,33,32,28,46,22,23,17,16,9,F,2011
E01007373,Barnsley 014B,787,55,55,45,64,58,66,41,45,62,48,47,50,39,40,26,19,15,11,1,F,2011
E01007374,Barnsley 014C,765,41,34,28,50,48,35,28,37,61,59,56,45,55,57,47,40,26,15,3,F,2011
E01007375,Barnsley 014D,866,38,33,41,66,39,40,41,49,65,61,77,60,52,46,35,35,38,34,16,F,2011
E01007377,Barnsley 014E,545,39,34,44,42,45,36,35,21,37,52,32,34,35,15,17,13,7,5,2,F,2011
E01007378,Barnsley 014F,805,57,47,48,48,63,48,43,47,47,60,49,41,48,32,39,30,27,23,8,F,2011
E01007319,Barnsley 015A,747,27,40,45,43,27,26,34,42,60,65,46,59,57,65,42,39,14,10,6,F,2011
E01007321,Barnsley 015B,747,30,26,33,38,31,26,28,34,51,53,55,62,68,71,57,41,23,20,0,F,2011
E01007322,Barnsley 015C,1051,73,51,48,60,90,111,90,95,70,74,48,36,39,39,25,34,29,22,17,F,2011
E01007337,Barnsley 015D,864,61,44,43,59,91,103,79,65,61,55,52,27,29,33,23,17,6,8,8,F,2011
E01007418,Barnsley 016A,661,20,22,38,31,19,21,17,31,46,53,55,48,58,78,42,32,28,15,7,F,2011
E01007419,Barnsley 016B,896,37,59,59,54,24,27,32,64,75,85,74,63,61,70,46,24,22,13,7,F,2011
E01007420,Barnsley 016C,729,26,31,35,41,22,21,30,47,45,70,71,55,57,54,34,31,27,19,13,F,2011
E01007425,Barnsley 016D,734,31,26,39,24,27,16,29,43,57,74,63,62,69,56,42,36,23,12,5,F,2011
E01007338,Barnsley 017A,781,39,18,25,39,42,33,28,21,45,47,38,42,74,67,52,56,57,44,14,F,2011
E01007339,Barnsley 017B,731,51,40,40,43,85,78,45,39,48,61,47,29,24,30,28,21,13,3,6,F,2011
E01007413,Barnsley 017C,698,59,43,43,41,42,63,34,54,53,49,48,43,30,28,28,17,12,6,5,F,2011
E01007414,Barnsley 017D,853,65,45,45,50,63,68,52,56,71,60,58,40,38,33,33,21,21,22,12,F,2011
E01007317,Barnsley 018A,746,45,39,42,59,48,40,33,44,54,55,57,41,66,46,30,24,16,6,1,F,2011
E01007318,Barnsley 018B,767,72,53,45,36,44,80,56,57,45,52,39,32,36,28,32,19,21,11,9,F,2011
E01007320,Barnsley 018C,804,64,51,47,50,64,68,60,50,62,61,45,39,38,41,27,20,9,4,4,F,2011
E01007416,Barnsley 018D,621,52,33,32,47,44,57,35,32,39,32,37,34,39,31,23,28,14,9,3,F,2011
E01007382,Barnsley 019A,768,37,33,37,42,47,59,41,44,71,47,45,42,53,47,34,29,30,17,13,F,2011
E01007383,Barnsley 019B,673,34,37,52,44,32,32,42,43,71,79,67,49,38,17,13,8,11,3,1,F,2011
E01007384,Barnsley 019C,819,40,33,32,50,30,43,35,52,62,82,56,56,61,68,47,29,29,10,4,F,2011
E01007385,Barnsley 019D,741,30,26,38,36,41,40,28,38,45,48,47,29,54,62,46,43,37,31,22,F,2011
E01007348,Barnsley 020A,750,44,38,31,55,34,36,40,41,51,52,42,37,57,55,34,47,27,23,6,F,2011
E01007349,Barnsley 020B,806,45,49,50,53,57,38,45,54,67,51,49,35,47,59,37,33,23,9,5,F,2011
E01007350,Barnsley 020C,583,14,24,23,28,13,21,17,27,39,35,35,57,68,59,36,40,28,14,5,F,2011
E01007351,Barnsley 020D,735,38,44,42,44,39,31,45,46,54,59,50,44,52,34,43,35,17,8,10,F,2011
E01007352,Barnsley 020E,732,40,37,50,50,53,39,47,44,53,42,44,45,50,31,24,30,27,19,7,F,2011
E01007353,Barnsley 020F,831,51,53,52,59,44,60,52,57,66,62,62,53,41,38,28,21,12,11,9,F,2011
E01007354,Barnsley 020G,867,47,46,44,67,56,40,66,45,70,68,70,60,46,46,26,25,20,13,12,F,2011
E01007458,Barnsley 021A,733,48,31,44,50,57,49,40,45,66,52,52,49,45,36,25,16,11,11,6,F,2011
E01007459,Barnsley 021B,778,19,20,37,41,32,18,24,31,55,52,55,57,64,63,69,70,35,28,8,F,2011
E01007460,Barnsley 021C,717,25,32,43,51,28,41,25,45,58,56,49,60,45,54,39,32,24,5,5,F,2011
E01007461,Barnsley 021D,805,51,40,40,41,48,51,49,55,62,67,56,44,34,49,37,33,25,18,5,F,2011
E01007462,Barnsley 021E,871,71,84,56,57,59,51,47,52,62,57,61,35,48,29,24,36,25,9,8,F,2011
E01007463,Barnsley 021F,924,47,64,56,62,56,53,65,45,76,55,59,42,50,42,56,33,35,19,9,F,2011
E01007369,Barnsley 022A,731,46,55,30,49,65,69,59,42,38,48,55,44,29,33,26,15,11,9,8,F,2011
E01007370,Barnsley 022B,706,40,42,37,40,58,55,36,29,54,61,61,39,35,35,24,21,15,18,6,F,2011
E01007371,Barnsley 022C,1002,76,57,64,65,68,63,48,76,81,97,71,50,41,42,50,26,13,6,8,F,2011
E01007376,Barnsley 022D,718,49,49,40,49,44,38,45,51,60,53,55,43,31,40,22,14,8,14,13,F,2011
E01007447,Barnsley 023A,792,46,52,43,43,50,36,45,37,56,64,50,42,54,44,29,34,40,20,7,F,2011
E01007448,Barnsley 023B,769,47,41,27,38,68,83,65,61,54,55,59,35,52,31,29,9,6,4,5,F,2011
E01007449,Barnsley 023C,884,57,46,36,36,64,89,53,50,53,71,72,60,59,51,38,17,20,9,3,F,2011
E01007450,Barnsley 023D,758,26,36,33,51,45,27,46,43,54,56,53,55,58,49,46,33,25,17,5,F,2011
E01007427,Barnsley 024A,770,50,40,34,39,37,47,46,54,76,66,49,45,45,57,26,25,18,9,7,F,2011
E01007428,Barnsley 024B,735,39,35,41,41,34,34,25,41,60,67,71,52,54,31,34,24,27,16,9,F,2011
E01007429,Barnsley 024C,742,23,24,27,40,40,30,42,33,55,43,44,50,55,37,55,41,54,36,13,F,2011
E01007430,Barnsley 024D,1158,98,81,79,59,52,96,97,110,100,109,56,63,63,38,15,15,17,8,2,F,2011
E01007431,Barnsley 024E,686,20,41,41,38,35,27,30,44,50,70,61,67,53,34,28,23,15,8,1,F,2011
E01007432,Barnsley 024F,724,34,36,61,52,21,27,25,47,75,73,61,45,41,31,32,25,25,8,5,F,2011
E01007364,Barnsley 025A,728,35,44,54,50,36,50,30,51,52,57,43,41,48,31,34,30,17,17,8,F,2011
E01007365,Barnsley 025B,650,51,36,38,44,48,50,38,47,46,37,37,29,32,34,23,28,13,13,6,F,2011
E01007366,Barnsley 025C,1023,81,43,49,64,67,80,83,60,68,60,91,66,65,49,39,31,14,11,2,F,2011
E01007367,Barnsley 025D,589,51,36,31,42,46,47,33,33,35,41,46,31,43,12,7,27,22,4,2,F,2011
E01007368,Barnsley 025E,864,61,56,45,49,65,47,54,60,60,63,57,49,48,30,30,23,30,22,15,F,2011
E01007451,Barnsley 026A,872,53,45,60,62,47,64,44,61,71,60,55,42,38,37,39,26,31,17,20,F,2011
E01007452,Barnsley 026B,783,45,45,51,41,53,56,59,55,72,52,52,52,38,34,32,14,11,16,5,F,2011
E01007453,Barnsley 026C,839,43,48,74,74,40,48,48,48,60,49,45,52,55,45,27,29,21,21,12,F,2011
E01007455,Barnsley 026E,692,20,24,28,44,47,33,20,25,59,54,57,56,65,55,49,36,11,5,4,F,2011
E01032924,Barnsley 026F,804,71,67,49,53,55,85,82,78,76,48,33,28,18,16,15,9,7,6,8,F,2011
E01032925,Barnsley 026G,727,54,34,42,33,44,52,49,51,49,41,34,27,31,33,41,39,31,28,14,F,2011
E01007421,Barnsley 027A,661,13,22,33,34,24,16,25,34,51,72,56,58,70,47,48,19,13,21,5,F,2011
E01007422,Barnsley 027B,763,44,37,40,49,33,24,34,56,62,88,56,57,55,41,29,25,19,10,4,F,2011
E01007423,Barnsley 027C,847,35,39,58,37,36,25,26,71,62,73,71,55,70,58,45,33,31,16,6,F,2011
E01007426,Barnsley 027D,771,37,34,41,37,34,28,45,46,67,56,54,67,64,57,40,32,24,6,2,F,2011
E01007396,Barnsley 028A,826,45,40,42,52,40,64,53,59,70,50,59,38,55,43,37,26,29,20,4,F,2011
E01007397,Barnsley 028B,769,29,35,33,45,39,30,42,46,63,49,43,25,61,56,46,43,28,36,20,F,2011
E01007398,Barnsley 028C,849,23,35,28,36,35,22,29,36,52,60,53,69,68,84,80,50,44,25,20,F,2011
E01007399,Barnsley 028D,1070,75,58,62,56,64,71,71,88,106,78,73,53,48,38,48,35,28,8,10,F,2011
E01007424,Barnsley 028E,856,46,52,49,48,29,46,46,62,94,60,50,57,65,42,34,33,21,12,10,F,2011
E01007388,Barnsley 029A,803,50,33,48,47,49,64,47,47,69,87,70,45,50,29,23,22,9,10,4,F,2011
E01007393,Barnsley 029B,954,60,51,53,65,52,57,69,72,69,66,63,50,52,42,25,33,40,22,13,F,2011
E01007394,Barnsley 029C,700,33,39,41,53,54,58,31,52,56,60,46,25,25,33,26,26,18,19,5,F,2011
E01007456,Barnsley 029D,904,49,52,52,44,50,53,65,60,82,76,62,73,47,44,38,27,15,9,6,F,2011
E01007457,Barnsley 029E,855,64,51,64,53,52,75,55,66,60,61,47,44,58,28,28,20,13,12,4,F,2011
E01007389,Barnsley 030A,694,14,14,19,17,33,26,16,18,51,55,64,53,71,82,62,39,33,21,6,F,2011
E01007390,Barnsley 030B,783,34,36,53,55,41,48,43,41,73,61,42,59,56,47,26,37,22,7,2,F,2011
E01007391,Barnsley 030C,746,33,41,50,40,35,43,28,46,63,66,52,42,47,42,25,36,29,19,9,F,2011
E01007392,Barnsley 030D,777,42,51,45,54,63,44,46,40,59,62,51,43,40,28,26,22,27,18,16,F,2011
E01007395,Barnsley 030E,1065,82,78,72,75,76,66,58,76,78,73,58,48,50,50,45,33,27,13,7,F,2011
E08000017,,153268,9482,8455,8576,9288,9572,9884,8653,9155,10964,11331,10416,9244,9615,7557,6642,5707,4404,2798,1525,F,2011
E01007632,Doncaster 001A,842,60,56,75,61,58,60,42,51,88,61,60,42,34,32,25,16,6,11,4,F,2011
E01007633,Doncaster 001B,695,48,55,51,47,43,58,48,47,44,50,47,52,29,21,19,19,11,3,3,F,2011
E01007634,Doncaster 001C,836,72,72,54,36,64,72,55,47,39,65,55,32,50,41,26,21,18,10,7,F,2011
E01007635,Doncaster 001D,729,51,31,38,29,47,38,31,44,35,47,58,52,69,60,37,28,22,9,3,F,2011
E01007487,Doncaster 002A,844,39,63,51,47,40,51,36,44,62,67,54,49,58,50,44,44,26,16,3,F,2011
E01007488,Doncaster 002B,843,48,44,36,40,34,36,47,37,70,67,67,75,76,71,41,27,13,12,2,F,2011
E01007489,Doncaster 002C,876,67,34,41,39,69,61,61,45,59,63,65,52,45,42,31,47,26,20,9,F,2011
E01007490,Doncaster 002D,783,44,39,45,50,31,34,38,47,62,66,59,49,56,54,32,26,35,10,6,F,2011
E01007491,Doncaster 002E,904,76,83,72,58,73,67,69,54,68,52,42,56,34,33,31,16,5,9,6,F,2011
E01007492,Doncaster 002F,772,47,45,43,46,43,46,32,46,52,55,50,36,55,40,49,32,32,18,5,F,2011
E01007493,Doncaster 002G,900,55,49,40,49,42,38,46,62,72,74,69,50,62,49,33,46,20,24,20,F,2011
E01007636,Doncaster 003A,804,55,42,46,52,55,43,53,38,77,52,34,50,55,35,32,33,22,17,13,F,2011
E01007637,Doncaster 003B,824,52,41,59,38,35,51,50,43,48,55,58,49,54,51,56,38,24,16,6,F,2011
E01007638,Doncaster 003C,831,47,44,47,51,56,55,47,37,60,53,50,50,44,51,44,42,28,16,9,F,2011
E01007639,Doncaster 003D,944,48,38,33,48,64,57,49,56,69,84,68,55,60,57,44,45,30,19,20,F,2011
E01007640,Doncaster 003E,801,35,29,35,29,45,31,35,45,48,69,72,52,77,74,42,42,26,13,2,F,2011
E01007641,Doncaster 003F,781,46,55,54,35,55,50,46,47,50,52,69,44,55,29,27,25,17,14,11,F,2011
E01007642,Doncaster 003G,828,66,53,42,51,57,57,58,49,50,56,61,48,37,24,32,32,35,16,4,F,2011
E01007625,Doncaster 004A,753,30,46,43,47,31,21,35,51,57,66,58,49,62,45,38,32,24,13,5,F,2011
E01007626,Doncaster 004B,598,37,39,27,26,47,32,16,31,52,50,46,34,32,31,19,37,20,16,6,F,2011
E01007627,Doncaster 004C,889,68,59,53,58,56,87,37,53,65,43,42,49,49,48,40,34,32,11,5,F,2011
E01007628,Doncaster 004D,750,58,44,60,53,58,58,47,49,49,56,46,32,29,34,26,19,18,9,5,F,2011
E01007629,Doncaster 004E,831,64,56,54,58,85,51,37,52,48,52,49,32,51,37,31,31,22,17,4,F,2011
E01007468,Doncaster 005A,684,18,18,28,25,15,19,26,26,31,47,55,49,84,71,60,41,43,21,7,F,2011
E01007469,Doncaster 005B,680,31,39,49,41,27,27,45,54,61,45,55,45,53,33,23,14,18,8,12,F,2011
E01007470,Doncaster 005C,722,50,41,53,53,61,46,51,56,61,54,56,33,26,25,23,15,9,6,3,F,2011
E01007472,Doncaster 005D,822,66,55,52,57,54,53,37,50,51,51,67,46,31,44,28,26,25,22,7,F,2011
E01007473,Doncaster 005E,739,72,32,36,37,72,56,50,49,44,46,51,44,38,31,23,19,11,12,16,F,2011
E01007474,Doncaster 005F,713,56,34,25,33,45,36,35,30,29,41,41,40,51,47,56,52,32,16,14,F,2011
E01007554,Doncaster 006A,808,58,37,38,38,46,68,48,56,68,77,57,35,56,47,41,12,15,10,1,F,2011
E01007555,Doncaster 006B,796,53,50,49,39,45,53,43,34,56,46,48,34,55,68,47,35,22,12,7,F,2011
E01007556,Doncaster 006C,707,60,50,38,40,58,59,46,43,51,45,55,36,35,25,13,18,23,10,2,F,2011
E01007561,Doncaster 006D,755,29,45,41,43,36,26,28,53,63,64,54,34,60,47,34,42,29,11,16,F,2011
E01007562,Doncaster 006E,679,41,31,36,33,38,48,29,49,43,39,60,54,53,46,25,25,19,6,4,F,2011
E01007563,Doncaster 006F,763,89,67,60,44,48,67,60,48,51,56,46,31,33,22,13,12,6,8,2,F,2011
E01007621,Doncaster 007A,719,45,41,50,54,50,31,45,72,58,72,60,33,35,24,19,11,15,1,3,F,2011
E01007622,Doncaster 007B,778,38,31,44,39,34,25,44,50,54,61,58,73,70,42,38,43,21,9,4,F,2011
E01007623,Doncaster 007C,617,25,33,34,25,20,31,39,35,43,39,42,61,47,34,43,31,16,17,2,F,2011
E01007624,Doncaster 007D,937,50,58,58,54,66,49,75,68,92,82,59,52,52,32,35,25,18,8,4,F,2011
E01007630,Doncaster 007E,689,23,24,25,29,18,23,21,29,38,59,37,51,68,71,63,49,31,22,8,F,2011
E01007631,Doncaster 007F,627,27,27,35,22,24,12,23,36,45,52,41,56,75,49,42,22,19,15,5,F,2011
E01007553,Doncaster 008A,848,33,34,30,42,44,42,41,47,67,67,60,59,68,47,57,33,34,28,15,F,2011
E01007557,Doncaster 008B,504,26,31,26,30,21,24,31,26,42,36,44,27,35,39,24,17,22,1,2,F,2011
E01007558,Doncaster 008C,739,42,35,30,41,42,41,41,36,56,53,54,59,61,45,36,31,21,9,6,F,2011
E01007559,Doncaster 008D,478,16,24,18,24,13,20,13,16,38,48,42,43,42,39,24,26,22,3,7,F,2011
E01007560,Doncaster 008E,796,46,42,33,45,41,23,23,43,57,59,53,59,61,58,52,38,37,18,8,F,2011
E01007464,Doncaster 009A,773,48,45,57,51,55,49,44,46,59,66,62,40,48,30,31,17,13,8,4,F,2011
E01007465,Doncaster 009B,764,34,47,50,57,44,50,30,53,53,57,48,47,47,32,36,23,31,22,3,F,2011
E01007466,Doncaster 009C,899,79,92,64,58,65,85,89,46,50,63,43,33,48,20,23,14,13,5,9,F,2011
E01007467,Doncaster 009D,788,52,47,48,50,47,70,35,40,53,67,48,42,34,29,36,25,26,28,11,F,2011
E01007471,Doncaster 009E,777,33,29,48,65,45,30,44,62,54,87,62,54,39,24,24,23,26,20,8,F,2011
E01007504,Doncaster 009F,768,52,44,53,49,55,43,46,48,54,71,42,43,46,36,34,16,19,13,4,F,2011
E01007507,Doncaster 009G,684,68,48,61,55,55,51,47,44,54,45,43,27,25,23,16,11,7,3,1,F,2011
E01007506,Doncaster 010A,733,47,39,62,62,49,46,49,42,58,55,51,31,24,27,31,29,11,14,6,F,2011
E01007508,Doncaster 010B,865,92,58,48,70,81,80,46,56,69,51,40,45,37,24,20,25,9,10,4,F,2011
E01007509,Doncaster 010C,910,68,57,37,55,71,75,57,53,63,55,54,45,41,51,45,34,20,20,9,F,2011
E01007510,Doncaster 010D,846,60,45,39,39,65,63,52,53,61,56,56,35,33,33,44,30,31,27,24,F,2011
E01007511,Doncaster 010E,826,73,42,49,59,70,53,58,56,50,56,48,42,57,42,24,18,17,6,6,F,2011
E01007475,Doncaster 011A,783,34,56,44,48,47,34,46,69,56,82,63,43,59,30,25,29,13,4,1,F,2011
E01007476,Doncaster 011B,769,37,38,42,53,35,41,38,47,44,65,45,45,35,37,48,42,35,24,18,F,2011
E01007477,Doncaster 011C,741,34,36,30,48,46,33,30,42,71,46,42,57,48,46,49,42,23,14,4,F,2011
E01007478,Doncaster 011D,752,35,36,50,41,36,42,39,39,51,63,54,56,68,44,34,23,19,10,12,F,2011
E01007512,Doncaster 012A,849,62,50,49,46,54,74,51,50,54,58,60,55,41,35,22,32,33,16,7,F,2011
E01007513,Doncaster 012B,778,46,40,39,37,40,46,34,45,52,47,49,54,49,46,31,43,41,29,10,F,2011
E01007515,Doncaster 012C,800,36,45,55,46,52,47,42,55,48,50,80,49,38,35,36,31,36,17,2,F,2011
E01007518,Doncaster 012D,772,36,37,59,58,39,27,46,50,70,68,49,41,57,30,35,31,19,11,9,F,2011
E01007519,Doncaster 012E,679,50,42,29,79,41,53,51,36,60,47,50,32,17,14,15,22,23,15,3,F,2011
E01007505,Doncaster 013A,829,38,41,37,37,59,38,34,51,48,70,57,65,78,61,43,34,17,18,3,F,2011
E01007514,Doncaster 013B,734,69,48,17,46,84,68,56,36,43,56,52,37,32,23,26,15,14,7,5,F,2011
E01007516,Doncaster 013C,686,35,27,29,48,41,39,29,46,47,66,53,47,42,41,25,23,19,19,10,F,2011
E01007517,Doncaster 013D,800,82,50,40,41,69,84,56,53,57,59,41,34,36,29,27,18,15,7,2,F,2011
E01007479,Doncaster 014A,809,53,36,50,39,46,53,44,41,62,57,49,43,57,51,52,28,24,18,6,F,2011
E01007480,Doncaster 014B,786,55,47,64,62,47,66,47,45,57,66,56,43,28,23,17,22,12,18,11,F,2011
E01007482,Doncaster 014D,740,33,35,37,38,50,38,37,38,27,50,48,49,52,48,43,54,26,29,8,F,2011
E01033259,Doncaster 014E,818,79,51,50,38,73,124,78,59,58,44,40,18,29,19,20,12,11,4,11,F,2011
E01033260,Doncaster 014F,809,66,44,59,58,60,104,71,69,59,52,50,30,22,13,12,16,15,6,3,F,2011
E01007570,Doncaster 015A,790,49,32,45,39,43,32,30,37,60,59,49,57,51,48,40,42,42,25,10,F,2011
E01007650,Doncaster 015B,842,30,23,35,28,56,40,43,53,47,69,60,48,63,57,56,50,40,22,22,F,2011
E01007651,Doncaster 015C,959,70,73,81,67,69,86,66,66,72,79,42,42,44,20,21,22,15,16,8,F,2011
E01007652,Doncaster 015D,980,75,68,63,74,60,59,64,63,54,70,63,51,48,47,33,25,17,25,21,F,2011
E01007653,Doncaster 015E,756,55,36,29,44,65,57,62,46,59,55,62,56,31,25,35,15,15,7,2,F,2011
E01007656,Doncaster 015F,844,50,58,65,64,34,57,44,50,66,58,49,38,53,40,30,25,32,21,10,F,2011
E01007581,Doncaster 016A,775,27,49,44,59,28,35,34,48,67,72,77,45,48,37,47,31,17,7,3,F,2011
E01007582,Doncaster 016B,747,46,36,41,44,50,38,33,54,67,57,64,43,44,34,34,29,23,9,1,F,2011
E01007588,Doncaster 016C,878,55,59,59,58,49,56,53,61,63,57,57,46,40,46,41,43,17,13,5,F,2011
E01007589,Doncaster 016D,878,46,51,42,49,34,33,32,50,71,66,63,58,57,64,71,39,32,11,9,F,2011
E01007483,Doncaster 017A,721,24,35,37,46,39,37,25,38,61,67,57,78,51,36,30,28,17,12,3,F,2011
E01007484,Doncaster 017B,737,33,20,34,40,40,46,40,43,39,57,50,42,52,39,35,43,30,26,28,F,2011
E01007485,Doncaster 017C,738,39,55,45,33,40,50,51,54,71,51,66,53,48,30,25,11,8,4,4,F,2011
E01007486,Doncaster 017D,673,24,18,15,22,34,41,12,24,28,44,39,70,85,61,54,42,38,18,4,F,2011
E01007564,Doncaster 018A,821,44,62,65,63,49,54,67,56,60,46,52,34,41,26,25,29,20,21,7,F,2011
E01007565,Doncaster 018B,788,46,41,43,43,26,42,43,41,67,75,50,46,52,35,45,36,27,24,6,F,2011
E01007566,Doncaster 018C,830,56,38,45,47,59,70,48,40,57,54,50,44,45,29,29,54,33,25,7,F,2011
E01007567,Doncaster 018D,687,39,40,43,47,49,44,45,44,53,50,41,41,47,25,21,14,21,12,11,F,2011
E01007568,Doncaster 018E,882,77,60,92,73,49,72,59,59,74,66,57,41,38,22,22,14,6,1,0,F,2011
E01007569,Doncaster 018F,853,45,49,56,66,81,74,43,61,56,53,48,46,36,30,37,20,21,23,8,F,2011
E01007644,Doncaster 019A,782,54,32,43,69,53,72,50,47,57,54,39,46,45,26,20,23,24,18,10,F,2011
E01007646,Doncaster 019B,680,27,26,28,36,49,48,32,38,46,47,38,56,48,20,32,17,37,26,29,F,2011
E01007647,Doncaster 019C,792,37,21,46,50,42,51,33,53,64,55,61,49,54,26,27,34,44,24,21,F,2011
E01007648,Doncaster 019D,839,56,55,36,54,85,106,66,57,64,48,55,40,26,18,21,19,18,8,7,F,2011
E01007649,Doncaster 019E,764,48,35,51,52,52,50,60,37,63,66,60,52,34,38,22,15,13,11,5,F,2011
E01007654,Doncaster 019F,757,53,53,35,45,72,81,55,54,54,50,47,36,28,32,23,21,8,6,4,F,2011
E01007583,Doncaster 020A,753,28,32,31,39,28,27,33,39,47,66,56,69,77,58,45,41,23,12,2,F,2011
E01007586,Doncaster 020B,780,26,30,34,40,30,40,34,44,55,73,62,72,69,57,35,34,28,9,8,F,2011
E01007587,Doncaster 020C,820,24,34,31,44,27,47,20,35,57,64,77,59,77,52,74,43,30,15,10,F,2011
E01007620,Doncaster 020D,820,37,38,32,41,17,35,35,55,48,82,68,59,87,55,56,38,22,9,6,F,2011
E01007584,Doncaster 021A,808,43,41,61,50,35,62,56,51,68,49,45,36,58,43,41,26,25,14,4,F,2011
E01007585,Doncaster 021B,868,56,57,66,46,42,56,42,60,76,76,48,55,33,34,37,32,26,17,9,F,2011
E01007617,Doncaster 021C,798,33,44,49,37,29,20,33,40,61,57,52,53,77,66,47,49,27,12,12,F,2011
E01007618,Doncaster 021D,649,23,28,36,40,31,30,27,36,42,72,49,45,52,40,36,26,14,13,9,F,2011
E01007619,Doncaster 021E,915,41,54,54,62,35,33,32,56,88,101,60,60,63,43,49,37,27,11,9,F,2011
E01007529,Doncaster 022A,727,80,40,41,56,79,72,50,48,41,63,47,30,26,19,13,4,10,6,2,F,2011
E01007530,Doncaster 022B,592,77,33,38,22,67,54,46,45,35,34,32,28,25,13,14,10,12,3,4,F,2011
E01007531,Doncaster 022C,810,53,36,33,46,56,54,54,41,51,52,58,45,64,36,50,28,15,27,11,F,2011
E01007643,Doncaster 022D,873,93,59,52,60,61,68,65,54,64,68,48,34,29,32,30,23,14,10,9,F,2011
E01007645,Doncaster 022E,972,92,55,54,73,97,106,75,74,69,54,52,45,25,27,20,20,19,8,7,F,2011
E01007655,Doncaster 022F,885,76,36,37,38,132,118,76,59,53,53,49,43,24,27,19,17,14,3,11,F,2011
E01007494,Doncaster 023A,764,47,44,34,33,50,85,51,49,61,54,74,55,28,42,25,15,6,4,7,F,2011
E01007532,Doncaster 023B,748,65,31,27,48,54,77,46,43,47,54,40,39,34,34,31,26,21,18,13,F,2011
E01007533,Doncaster 023C,685,43,22,38,44,51,45,46,41,40,56,54,31,44,34,25,29,19,15,8,F,2011
E01007535,Doncaster 023D,816,64,49,43,54,80,77,58,61,48,44,50,32,25,26,25,23,20,24,13,F,2011
E01007522,Doncaster 024A,787,54,26,33,32,38,52,46,38,52,49,35,49,43,34,33,60,55,34,24,F,2011
E01007525,Doncaster 024B,824,42,46,48,40,59,48,46,41,59,65,48,35,37,38,31,43,59,27,12,F,2011
E01007528,Doncaster 024C,734,58,35,38,33,27,55,42,35,48,40,40,40,44,23,37,41,53,36,9,F,2011
E01007604,Doncaster 024D,738,37,23,46,51,31,46,23,31,48,53,61,71,63,51,35,31,22,11,4,F,2011
E01007521,Doncaster 025A,788,38,38,33,32,40,36,32,40,57,48,60,52,57,43,42,43,42,30,25,F,2011
E01007523,Doncaster 025B,767,30,35,36,36,38,47,47,38,48,54,59,58,53,40,39,30,35,33,11,F,2011
E01007524,Doncaster 025C,792,31,22,34,46,33,41,30,33,44,56,56,63,59,50,56,64,44,21,9,F,2011
E01007526,Doncaster 025D,857,39,39,40,49,48,34,36,47,64,54,63,69,55,44,51,29,53,20,23,F,2011
E01007607,Doncaster 025E,752,51,43,36,42,47,52,48,46,43,41,53,40,58,54,32,19,18,23,6,F,2011
E01007599,Doncaster 026A,901,47,57,57,59,24,27,50,62,69,87,59,62,86,46,37,30,30,8,4,F,2011
E01007600,Doncaster 026B,736,23,27,45,53,30,22,32,34,48,61,68,71,74,57,41,27,11,10,2,F,2011
E01007601,Doncaster 026C,712,23,34,28,41,26,22,25,34,39,58,48,59,73,50,47,48,30,22,5,F,2011
E01007602,Doncaster 026D,764,22,55,47,61,25,16,28,46,59,76,51,60,63,53,39,32,14,14,3,F,2011
E01007603,Doncaster 026E,761,46,25,41,46,32,43,32,45,60,60,61,54,62,40,40,25,23,17,9,F,2011
E01007520,Doncaster 027A,740,24,33,38,41,34,19,29,18,44,51,54,58,74,68,48,53,27,18,9,F,2011
E01007527,Doncaster 027B,1164,63,72,62,68,86,98,88,93,93,82,84,75,77,45,20,26,13,15,4,F,2011
E01007605,Doncaster 027C,774,22,26,46,46,25,26,25,33,50,74,63,56,66,44,46,45,38,20,23,F,2011
E01007606,Doncaster 027D,743,29,40,45,35,32,30,21,29,53,56,79,68,62,47,30,34,28,19,6,F,2011
E01007495,Doncaster 028A,972,91,64,62,73,87,95,70,49,68,65,62,44,47,34,25,16,9,5,6,F,2011
E01007500,Doncaster 028B,669,45,45,35,46,30,48,29,42,41,53,38,32,35,37,25,35,32,16,5,F,2011
E01007502,Doncaster 028C,1359,126,82,86,86,73,120,145,130,136,124,90,59,37,20,18,18,2,5,2,F,2011
E01007534,Doncaster 028D,975,111,63,48,61,118,120,81,67,47,84,48,37,24,23,19,12,5,5,2,F,2011
E01007496,Doncaster 029A,828,66,68,78,60,62,77,58,55,57,57,45,44,33,16,17,16,10,7,2,F,2011
E01007497,Doncaster 029B,715,51,52,47,36,39,55,57,48,41,50,53,51,41,29,28,15,12,6,4,F,2011
E01007498,Doncaster 029C,784,81,41,38,58,60,61,61,50,55,66,39,52,40,28,24,13,9,2,6,F,2011
E01007499,Doncaster 029D,806,51,54,49,55,36,57,43,50,40,51,34,40,44,53,34,30,28,26,31,F,2011
E01007501,Doncaster 029E,745,29,33,39,40,32,33,30,24,53,50,51,59,51,56,59,59,27,14,6,F,2011
E01007503,Doncaster 029F,806,37,47,44,32,64,43,44,45,67,50,63,72,69,45,33,29,14,3,5,F,2011
E01007575,Doncaster 030A,778,65,42,51,60,50,48,40,38,47,46,45,32,47,36,38,31,28,24,10,F,2011
E01007578,Doncaster 030B,811,57,49,39,64,50,56,42,47,80,60,36,43,53,34,36,23,22,13,7,F,2011
E01007579,Doncaster 030C,731,45,43,37,29,51,51,49,39,56,57,50,51,54,27,29,26,18,13,6,F,2011
E01007580,Doncaster 030D,670,22,20,26,41,23,17,32,32,39,56,52,65,82,56,40,36,21,7,3,F,2011
E01007571,Doncaster 031A,816,44,53,45,62,66,64,43,63,75,52,44,51,39,39,30,16,17,8,5,F,2011
E01007572,Doncaster 031B,710,39,44,31,47,56,35,28,35,59,40,64,53,43,50,36,25,11,9,5,F,2011
E01007573,Doncaster 031C,789,59,52,49,72,52,60,42,38,70,42,42,37,41,30,16,21,27,23,16,F,2011
E01007574,Doncaster 031D,839,72,42,42,52,93,68,50,39,75,52,51,32,44,29,28,21,16,15,18,F,2011
E01007576,Doncaster 031E,789,44,32,41,58,70,53,40,47,57,61,73,47,46,26,29,26,16,18,5,F,2011
E01007577,Doncaster 031F,771,74,38,28,60,81,55,51,46,42,48,53,31,31,28,24,22,22,21,16,F,2011
E01007536,Doncaster 032A,994,80,39,49,57,88,89,53,67,75,76,73,49,57,36,35,33,20,11,7,F,2011
E01007542,Doncaster 032B,913,58,74,49,61,54,59,55,64,51,58,51,73,66,32,43,26,16,17,6,F,2011
E01007543,Doncaster 032C,788,36,37,41,45,38,39,37,39,54,60,51,47,77,46,46,45,29,14,7,F,2011
E01007544,Doncaster 032D,912,57,68,50,63,54,66,56,51,57,39,60,45,54,42,49,34,22,31,14,F,2011
E01007546,Doncaster 033A,724,53,33,35,55,64,50,34,45,48,51,47,39,34,38,28,36,13,18,3,F,2011
E01007551,Doncaster 033B,828,35,46,39,38,38,35,60,50,63,55,63,56,70,57,40,41,20,18,4,F,2011
E01007552,Doncaster 033C,734,35,37,43,49,27,39,32,45,58,56,51,44,47,45,39,37,23,20,7,F,2011
E01007613,Doncaster 033D,798,17,27,40,52,38,15,33,41,64,70,64,56,91,56,48,37,25,18,6,F,2011
E01007545,Doncaster 034A,747,56,29,49,45,56,50,60,49,73,56,65,32,40,25,19,13,14,7,9,F,2011
E01007547,Doncaster 034B,775,62,51,53,62,62,63,55,51,47,52,52,38,32,30,27,12,12,5,9,F,2011
E01007548,Doncaster 034C,595,40,57,39,44,37,35,49,33,37,42,34,34,28,20,31,17,14,2,2,F,2011
E01007549,Doncaster 034D,745,32,39,37,48,40,41,35,43,46,51,54,54,51,40,46,37,29,16,6,F,2011
E01007550,Doncaster 034E,874,42,36,46,60,53,37,39,62,65,73,54,56,55,32,44,48,45,16,11,F,2011
E01007537,Doncaster 035A,893,58,66,57,51,54,59,43,66,66,76,51,56,50,37,39,26,26,11,1,F,2011
E01007538,Doncaster 035B,807,47,46,52,73,48,56,37,51,60,54,61,60,34,28,29,38,15,14,4,F,2011
E01007539,Doncaster 035C,761,50,56,54,54,56,70,48,43,52,47,45,35,41,24,23,25,18,12,8,F,2011
E01007540,Doncaster 035D,835,56,50,31,54,64,81,40,48,56,80,55,51,37,31,38,28,24,8,3,F,2011
E01007541,Doncaster 035E,747,37,36,46,45,44,39,43,45,63,50,48,31,50,37,38,44,28,14,9,F,2011
E01007591,Doncaster 036A,738,30,42,42,43,46,43,48,40,44,49,54,59,48,38,22,27,47,13,3,F,2011
E01007594,Doncaster 036B,1022,60,67,69,64,49,77,85,91,113,88,48,61,52,37,27,12,17,3,2,F,2011
E01007596,Doncaster 036C,647,23,27,27,52,23,30,21,21,46,57,54,50,77,40,26,34,22,12,5,F,2011
E01007598,Doncaster 036D,764,31,47,23,34,41,47,42,43,46,48,63,66,82,50,33,30,23,12,3,F,2011
E01007590,Doncaster 037A,609,28,35,38,36,46,33,46,39,54,58,52,35,35,20,18,21,8,7,0,F,2011
E01007592,Doncaster 037B,865,76,69,59,55,78,58,48,56,55,55,38,31,23,29,32,25,31,27,20,F,2011
E01007593,Doncaster 037C,689,53,55,40,46,56,46,37,43,53,44,61,41,38,22,25,8,18,2,1,F,2011
E01007595,Doncaster 037D,800,38,39,44,57,45,54,42,34,58,55,45,36,62,28,41,50,35,23,14,F,2011
E01007597,Doncaster 037E,859,88,62,33,57,74,80,54,41,50,42,51,53,30,34,32,40,16,14,8,F,2011
E01007608,Doncaster 038A,875,58,67,69,80,83,70,60,73,90,79,56,37,28,8,11,2,2,2,0,F,2011
E01007609,Doncaster 038B,1176,70,74,62,62,50,52,60,75,104,88,95,72,81,78,52,40,34,17,10,F,2011
E01007610,Doncaster 038C,929,42,33,52,36,44,27,43,53,74,84,51,58,76,60,67,63,30,22,14,F,2011
E01007611,Doncaster 039A,671,19,24,31,40,35,35,29,33,32,49,56,55,57,57,36,26,27,24,6,F,2011
E01007612,Doncaster 039B,713,30,23,26,29,22,16,24,37,47,52,58,53,62,76,59,38,32,16,13,F,2011
E01007614,Doncaster 039C,697,30,34,32,41,20,29,38,33,47,52,71,57,62,41,20,25,34,15,16,F,2011
E01007615,Doncaster 039D,681,33,32,30,24,18,36,24,37,31,37,38,34,57,60,51,59,42,28,10,F,2011
E01007616,Doncaster 039E,665,35,22,29,19,24,22,24,30,46,53,45,45,69,60,46,47,27,12,10,F,2011
E08000018,,131202,7668,7259,7670,8014,7664,7957,7421,8171,9645,9516,9030,7782,8360,7119,5795,4732,3612,2378,1409,F,2011
E01007693,Rotherham 001A,1080,84,55,77,55,73,112,82,80,84,68,80,59,41,30,38,24,17,16,5,F,2011
E01007694,Rotherham 001B,880,54,56,54,47,82,48,58,51,71,54,68,63,37,30,29,27,28,20,3,F,2011
E01007695,Rotherham 001C,1260,99,92,78,67,86,68,103,110,125,86,79,76,55,44,30,21,23,11,7,F,2011
E01007697,Rotherham 001D,817,43,37,51,50,34,38,42,48,54,57,59,51,44,50,40,38,37,28,16,F,2011
E01007698,Rotherham 001E,759,29,40,32,46,39,49,43,56,57,60,61,59,42,41,19,29,21,22,14,F,2011
E01007816,Rotherham 002A,846,48,57,58,41,54,41,50,60,59,68,53,64,42,50,37,31,19,8,6,F,2011
E01007817,Rotherham 002B,744,38,44,44,41,32,28,37,39,44,61,44,46,55,56,32,32,26,33,12,F,2011
E01007819,Rotherham 002C,718,30,23,28,37,23,26,37,45,40,49,56,46,66,51,45,45,46,23,2,F,2011
E01007820,Rotherham 002D,756,69,46,50,50,64,79,49,51,39,69,51,39,32,24,14,12,9,7,2,F,2011
E01007821,Rotherham 002E,860,45,49,45,42,41,33,47,43,54,59,52,48,56,56,53,36,38,26,37,F,2011
E01007822,Rotherham 002F,843,47,54,47,54,52,47,44,37,43,52,59,61,59,55,42,35,26,16,13,F,2011
E01007796,Rotherham 003A,634,36,33,37,34,37,40,32,37,39,40,24,30,39,23,29,41,42,27,14,F,2011
E01007797,Rotherham 003B,673,27,33,39,36,40,34,41,42,48,52,44,31,59,51,45,23,19,7,2,F,2011
E01007798,Rotherham 003C,628,21,36,25,33,26,19,25,31,45,46,70,47,79,52,18,26,14,13,2,F,2011
E01007799,Rotherham 003D,723,52,35,42,47,28,38,39,39,50,47,57,43,36,48,37,28,21,20,16,F,2011
E01007800,Rotherham 003E,743,43,34,34,37,50,65,40,49,35,54,51,51,46,30,37,23,25,18,21,F,2011
E01007818,Rotherham 003F,820,35,38,46,46,31,28,38,51,70,59,65,57,58,59,33,35,45,22,4,F,2011
E01007777,Rotherham 004A,827,49,48,43,40,55,56,53,47,55,72,58,43,37,42,39,37,15,29,9,F,2011
E01007793,Rotherham 004B,678,34,26,27,37,36,25,31,38,56,65,44,47,46,41,45,17,31,19,13,F,2011
E01007794,Rotherham 004C,748,55,52,55,55,47,64,41,36,45,58,51,33,52,27,29,20,11,8,9,F,2011
E01007795,Rotherham 004D,716,28,26,27,32,31,46,32,33,50,57,76,76,85,36,33,21,18,9,0,F,2011
E01007778,Rotherham 005A,761,29,33,55,67,30,18,19,48,78,88,67,54,48,41,28,27,14,13,4,F,2011
E01007779,Rotherham 005B,622,31,29,26,24,32,34,36,34,36,37,26,45,46,54,38,24,31,20,19,F,2011
E01007780,Rotherham 005C,714,20,28,40,49,41,30,30,51,48,56,54,37,45,46,54,39,21,15,10,F,2011
E01007781,Rotherham 005D,779,44,48,46,53,49,42,42,47,49,61,45,44,52,37,28,41,22,22,7,F,2011
E01007782,Rotherham 005E,790,50,49,52,73,50,55,40,51,53,63,54,40,56,39,16,23,9,10,7,F,2011
E01007771,Rotherham 006A,719,40,38,33,27,43,50,41,34,60,49,57,52,42,52,32,42,16,5,6,F,2011
E01007772,Rotherham 006B,679,48,46,33,47,51,58,46,39,49,49,46,34,42,32,15,22,10,5,7,F,2011
E01007773,Rotherham 006C,760,58,42,31,34,55,71,47,48,39,49,53,45,32,31,26,38,28,18,15,F,2011
E01007774,Rotherham 006D,770,72,47,46,46,50,85,56,40,62,60,54,41,37,16,27,15,8,7,1,F,2011
E01007696,Rotherham 007A,785,35,44,22,35,19,25,33,55,65,52,44,68,74,63,61,25,30,17,18,F,2011
E01007801,Rotherham 007B,773,36,46,43,44,41,37,36,49,68,82,60,64,56,39,24,21,10,13,4,F,2011
E01007802,Rotherham 007C,680,22,27,29,29,44,32,31,39,45,66,71,62,54,50,24,22,14,9,10,F,2011
E01007803,Rotherham 007D,672,34,33,32,49,35,46,30,46,57,51,51,44,58,30,26,22,9,10,9,F,2011
E01007808,Rotherham 007E,724,23,46,32,38,50,31,27,53,55,78,83,62,57,29,26,19,9,4,2,F,2011
E01007775,Rotherham 008A,706,52,61,45,48,44,55,42,46,53,44,38,41,32,26,22,21,20,13,3,F,2011
E01007776,Rotherham 008B,754,36,33,44,57,46,52,54,49,51,57,56,47,40,45,20,30,16,10,11,F,2011
E01007783,Rotherham 008C,873,48,45,33,45,59,55,42,49,55,59,62,45,52,58,46,35,33,33,19,F,2011
E01007784,Rotherham 008D,897,72,61,46,56,72,94,61,72,75,53,38,32,39,28,20,21,23,13,21,F,2011
E01007728,Rotherham 009A,553,21,18,29,27,27,16,27,32,39,49,42,43,43,40,34,27,21,14,4,F,2011
E01007729,Rotherham 009B,780,32,16,28,36,74,52,41,54,48,69,59,60,52,41,35,27,30,18,8,F,2011
E01007730,Rotherham 009C,706,36,22,38,39,46,44,28,38,47,63,41,49,45,39,44,28,26,22,11,F,2011
E01007731,Rotherham 009D,633,23,14,26,42,41,41,26,35,47,58,46,39,39,30,25,40,21,15,25,F,2011
E01007732,Rotherham 009E,676,25,24,29,38,35,32,31,26,59,57,43,30,62,63,51,29,23,15,4,F,2011
E01007733,Rotherham 009F,654,25,23,41,32,50,32,35,36,58,43,44,32,37,54,49,26,15,15,7,F,2011
E01007719,Rotherham 010A,631,29,58,42,32,37,43,42,40,43,36,37,34,47,33,26,12,24,10,6,F,2011
E01007720,Rotherham 010B,771,39,37,46,46,31,39,32,40,63,57,54,38,57,55,42,29,26,20,20,F,2011
E01007721,Rotherham 010C,833,65,46,43,48,69,61,48,61,55,64,43,50,47,25,36,31,19,14,8,F,2011
E01007727,Rotherham 010D,772,36,24,48,68,43,42,28,39,56,72,36,51,47,48,46,25,33,19,11,F,2011
E01007740,Rotherham 011A,807,33,46,56,64,44,55,31,46,71,54,60,37,49,27,32,31,28,29,14,F,2011
E01007804,Rotherham 011B,743,38,28,40,71,34,40,34,44,47,59,62,28,46,27,44,48,31,16,6,F,2011
E01007805,Rotherham 011C,747,33,38,51,44,51,37,40,52,52,58,31,35,56,33,41,36,41,10,8,F,2011
E01007806,Rotherham 011D,671,31,53,59,55,39,57,50,41,56,42,47,28,26,22,17,18,16,9,5,F,2011
E01007807,Rotherham 011E,728,44,40,48,47,45,41,45,42,60,46,55,36,36,33,32,35,33,6,4,F,2011
E01007681,Rotherham 012A,683,33,21,35,38,21,34,32,37,41,53,48,61,61,53,50,34,19,5,7,F,2011
E01007691,Rotherham 012B,1031,54,41,43,58,37,42,61,70,78,84,77,69,83,78,56,44,31,20,5,F,2011
E01007692,Rotherham 012C,789,45,47,38,22,31,33,54,51,68,46,63,60,67,50,38,25,26,14,11,F,2011
E01032926,Rotherham 012E,893,103,73,69,49,48,90,110,116,79,46,39,21,27,11,5,5,1,1,0,F,2011
E01032927,Rotherham 012F,768,53,46,43,54,44,53,74,63,63,52,56,38,35,21,28,17,17,6,5,F,2011
E01007723,Rotherham 013A,690,41,57,41,47,38,45,38,47,53,45,44,37,38,30,31,29,15,8,6,F,2011
E01007735,Rotherham 013B,730,64,64,60,46,49,67,51,42,52,57,49,33,23,27,13,12,13,5,3,F,2011
E01007737,Rotherham 013C,808,85,74,76,74,47,73,73,59,56,36,46,29,32,22,12,8,4,1,1,F,2011
E01007738,Rotherham 013D,780,64,76,51,57,76,60,49,49,56,45,43,36,34,29,24,11,7,6,7,F,2011
E01007739,Rotherham 013E,806,58,59,54,62,36,45,46,39,48,62,42,37,52,51,38,32,23,15,7,F,2011
E01007736,Rotherham 014A,821,63,60,70,57,63,71,66,60,52,51,41,33,30,27,19,23,17,16,2,F,2011
E01007765,Rotherham 014B,766,45,50,41,49,49,78,59,58,48,56,50,42,41,31,31,20,12,3,3,F,2011
E01007766,Rotherham 014C,741,34,53,73,59,46,43,50,56,67,64,53,34,38,23,22,14,6,4,2,F,2011
E01007768,Rotherham 014D,937,100,62,58,77,68,83,63,54,62,35,53,44,40,25,27,27,16,23,20,F,2011
E01007770,Rotherham 014E,900,73,48,56,69,67,55,57,55,69,61,64,65,37,49,23,26,13,9,4,F,2011
E01007741,Rotherham 015A,778,33,23,34,38,42,56,22,33,56,59,63,54,72,76,45,46,12,5,9,F,2011
E01007742,Rotherham 015B,744,39,46,45,49,34,36,42,43,44,69,55,39,55,42,43,21,21,14,7,F,2011
E01007743,Rotherham 015C,646,21,21,35,56,42,23,22,37,49,61,70,58,62,40,27,10,10,2,0,F,2011
E01007744,Rotherham 015D,762,29,45,37,51,44,54,50,53,53,57,49,55,51,36,31,28,16,19,4,F,2011
E01007745,Rotherham 015E,818,42,52,53,53,50,61,45,41,52,75,38,36,48,39,31,30,37,29,6,F,2011
E01007746,Rotherham 015F,789,52,38,50,60,48,43,44,59,46,74,70,49,38,33,30,33,12,10,0,F,2011
E01007715,Rotherham 016A,889,109,93,69,49,83,102,81,65,42,44,52,22,22,18,15,10,9,2,2,F,2011
E01007716,Rotherham 016B,934,83,73,56,73,95,86,55,68,57,44,51,48,29,25,33,22,15,17,4,F,2011
E01007717,Rotherham 016C,1001,83,53,65,64,80,90,76,79,69,66,74,54,42,33,25,21,18,7,2,F,2011
E01007718,Rotherham 016D,711,48,52,38,41,55,75,63,52,62,42,44,37,31,19,23,10,10,5,4,F,2011
E01007677,Rotherham 017A,754,58,53,57,40,47,71,35,38,57,32,46,35,26,34,33,22,22,19,29,F,2011
E01007714,Rotherham 017B,949,83,64,48,65,100,95,81,62,45,40,55,32,33,35,22,25,33,20,11,F,2011
E01007767,Rotherham 017C,819,42,39,53,47,53,61,49,51,59,38,71,33,40,29,28,34,30,34,28,F,2011
E01007769,Rotherham 017D,839,107,68,68,61,97,93,75,50,51,30,34,24,17,18,16,12,8,4,6,F,2011
E01007685,Rotherham 018A,724,42,32,45,32,31,42,42,40,70,50,52,50,38,54,52,29,16,4,3,F,2011
E01007754,Rotherham 018B,707,39,44,52,63,40,40,38,45,78,81,68,35,31,16,16,10,8,1,2,F,2011
E01007755,Rotherham 018C,698,50,31,41,30,45,59,31,46,47,52,66,68,47,27,28,17,8,1,4,F,2011
E01007756,Rotherham 018D,739,33,40,36,43,38,38,38,44,75,65,70,53,43,42,37,15,12,13,4,F,2011
E01007761,Rotherham 018E,833,44,46,55,57,42,39,44,56,59,60,57,33,54,54,40,34,37,16,6,F,2011
E01007762,Rotherham 018F,767,27,39,47,40,27,25,29,43,57,48,41,43,60,53,42,42,39,42,23,F,2011
E01007682,Rotherham 019A,723,49,27,46,47,51,32,40,34,59,57,76,45,35,41,18,35,18,11,2,F,2011
E01007683,Rotherham 019B,717,22,31,39,39,35,31,37,45,54,54,65,62,61,40,41,26,14,13,8,F,2011
E01007686,Rotherham 019C,748,24,24,45,22,33,18,17,27,50,35,57,42,50,83,67,51,52,34,17,F,2011
E01007688,Rotherham 019D,773,25,41,35,46,35,13,21,46,42,61,60,44,76,72,60,42,31,13,10,F,2011
E01007725,Rotherham 019E,685,33,45,43,50,32,27,31,47,71,66,50,41,30,18,25,21,24,13,18,F,2011
E01007726,Rotherham 019F,835,74,51,44,37,60,65,58,44,43,60,61,50,39,36,23,30,18,29,13,F,2011
E01007757,Rotherham 020A,864,37,46,54,55,43,50,54,46,64,66,66,72,63,48,49,22,14,14,1,F,2011
E01007758,Rotherham 020B,689,49,19,51,42,47,44,46,43,59,44,35,37,46,31,28,24,16,21,7,F,2011
E01007759,Rotherham 020C,757,40,25,39,55,40,56,41,32,67,46,54,49,61,40,40,27,23,13,9,F,2011
E01007760,Rotherham 020D,886,78,73,43,66,88,93,59,53,50,57,55,47,29,32,26,12,15,4,6,F,2011
E01007763,Rotherham 020E,797,53,46,36,36,74,62,34,40,36,57,54,48,43,26,31,36,44,21,20,F,2011
E01007764,Rotherham 020F,855,69,58,57,61,73,75,48,52,60,48,56,39,40,30,28,34,12,11,4,F,2011
E01007708,Rotherham 021A,898,55,51,58,70,32,46,47,52,71,48,63,44,57,46,39,45,30,28,16,F,2011
E01007709,Rotherham 021B,760,47,36,34,35,31,25,38,40,54,74,49,47,60,43,31,54,38,19,5,F,2011
E01007710,Rotherham 021C,802,31,35,39,41,35,29,31,37,68,68,66,46,48,52,65,62,25,15,9,F,2011
E01007711,Rotherham 021D,940,45,58,50,60,41,39,34,73,65,58,65,49,61,61,38,51,40,25,27,F,2011
E01007724,Rotherham 021E,707,33,37,35,28,33,18,40,43,47,60,60,54,68,46,33,36,12,16,8,F,2011
E01007734,Rotherham 021F,970,46,50,68,72,68,50,60,74,76,62,53,57,48,27,41,37,36,22,23,F,2011
E01007684,Rotherham 022A,828,47,41,50,59,46,73,58,57,80,69,52,43,45,40,22,21,12,8,5,F,2011
E01007687,Rotherham 022B,748,29,32,38,47,28,22,26,30,63,56,68,36,57,45,49,49,35,19,19,F,2011
E01007689,Rotherham 022C,803,36,43,64,51,49,28,56,49,77,70,60,40,38,35,21,34,26,16,10,F,2011
E01007690,Rotherham 022D,851,12,43,53,49,28,24,28,40,66,66,74,56,65,82,61,50,31,17,6,F,2011
E01007675,Rotherham 023A,962,75,70,67,67,54,56,56,59,80,70,57,60,48,44,32,18,23,18,8,F,2011
E01007678,Rotherham 023B,807,34,32,39,53,37,37,42,35,38,56,53,58,81,63,53,48,31,12,5,F,2011
E01007679,Rotherham 023C,933,48,50,71,58,53,41,65,58,81,57,62,53,49,49,27,38,34,24,15,F,2011
E01007680,Rotherham 023D,944,73,71,72,83,64,67,70,58,63,50,40,37,44,28,30,39,19,21,15,F,2011
E01007712,Rotherham 023E,996,66,69,58,56,50,64,57,60,68,74,71,58,65,47,51,30,37,13,2,F,2011
E01007713,Rotherham 023F,836,40,34,55,47,31,36,38,46,43,64,44,46,74,77,60,42,26,18,15,F,2011
E01007811,Rotherham 024A,691,30,32,34,33,31,40,40,36,52,50,57,43,42,41,35,42,30,19,4,F,2011
E01007812,Rotherham 024B,623,21,27,36,33,42,33,33,41,51,37,37,47,40,38,44,26,15,15,7,F,2011
E01007813,Rotherham 024C,654,42,33,39,33,22,40,31,55,48,46,46,51,43,26,40,29,15,8,7,F,2011
E01007814,Rotherham 024D,572,19,31,28,27,20,16,26,38,32,37,52,40,46,58,27,24,21,11,19,F,2011
E01007676,Rotherham 025A,857,65,38,46,49,65,64,36,50,55,56,56,57,58,57,34,33,20,13,5,F,2011
E01007702,Rotherham 025B,818,66,68,48,52,72,65,63,50,54,55,52,42,55,28,16,15,9,5,3,F,2011
E01007703,Rotherham 025C,648,24,33,47,52,28,29,19,39,60,44,40,27,40,38,64,30,25,7,2,F,2011
E01007704,Rotherham 025D,736,31,40,35,44,46,38,40,35,58,53,47,34,50,39,33,59,28,19,7,F,2011
E01007705,Rotherham 025E,765,39,44,46,51,37,39,30,54,59,66,55,37,56,57,41,36,14,2,2,F,2011
E01007707,Rotherham 025F,765,30,21,41,53,37,36,37,47,54,59,43,38,83,69,52,35,21,3,6,F,2011
E01007666,Rotherham 026A,686,24,22,36,41,35,31,18,32,40,65,77,70,72,40,30,21,17,11,4,F,2011
E01007809,Rotherham 026B,773,41,51,46,57,34,45,51,40,44,56,37,39,59,33,34,38,40,17,11,F,2011
E01007810,Rotherham 026C,971,50,61,65,67,54,51,45,66,60,81,54,49,61,53,57,38,30,16,13,F,2011
E01007815,Rotherham 026D,900,68,62,48,73,69,67,35,63,53,63,55,55,48,43,37,26,15,15,5,F,2011
E01007665,Rotherham 027A,915,45,51,56,48,48,48,44,71,90,72,62,39,60,55,38,30,25,17,16,F,2011
E01007699,Rotherham 027B,940,78,69,58,41,56,77,84,86,72,57,59,45,43,39,30,21,18,5,2,F,2011
E01007700,Rotherham 027C,953,77,67,61,59,43,64,92,83,88,74,52,41,37,32,22,18,16,14,13,F,2011
E01007701,Rotherham 027D,850,64,57,50,40,48,65,53,67,49,55,58,35,53,43,27,32,26,22,6,F,2011
E01007706,Rotherham 027E,718,40,33,37,51,54,48,42,47,60,68,61,45,61,37,13,15,1,4,1,F,2011
E01007787,Rotherham 028A,1394,111,57,73,69,89,134,108,93,100,103,68,84,92,64,55,45,30,17,2,F,2011
E01007788,Rotherham 028B,738,34,35,42,38,39,45,44,49,61,52,49,41,64,47,37,25,20,11,5,F,2011
E01007789,Rotherham 028C,828,50,49,34,44,54,50,42,43,77,65,40,49,47,50,33,35,39,20,7,F,2011
E01007792,Rotherham 028D,660,25,21,54,68,36,23,29,25,76,85,64,56,30,23,17,14,7,6,1,F,2011
E01007657,Rotherham 029A,737,35,29,40,54,35,31,41,54,50,66,50,49,60,56,29,34,18,4,2,F,2011
E01007659,Rotherham 029B,573,21,30,32,39,25,29,28,45,43,36,39,46,59,31,25,19,17,9,0,F,2011
E01007785,Rotherham 029C,700,40,47,47,46,48,23,31,45,65,57,52,53,37,37,34,17,11,7,3,F,2011
E01007786,Rotherham 029D,643,26,34,32,24,20,27,22,50,36,46,38,48,45,48,39,26,30,34,18,F,2011
E01007790,Rotherham 029E,755,59,42,39,45,74,48,38,31,51,53,43,31,35,40,32,26,31,22,15,F,2011
E01007791,Rotherham 029F,690,48,46,52,56,44,53,35,40,46,48,50,40,42,33,25,17,7,6,2,F,2011
E01007667,Rotherham 030A,695,44,30,30,52,57,36,38,44,54,69,46,37,34,39,33,20,22,6,4,F,2011
E01007668,Rotherham 030B,807,39,58,54,56,40,50,56,44,44,53,59,34,45,42,39,29,32,20,13,F,2011
E01007669,Rotherham 030C,757,23,29,49,38,34,25,37,32,50,40,58,62,62,68,65,34,27,16,8,F,2011
E01007670,Rotherham 030D,738,32,30,33,43,36,35,39,38,49,57,68,74,73,48,27,23,13,10,10,F,2011
E01007672,Rotherham 030E,732,39,40,35,34,51,36,45,38,58,54,60,51,80,40,28,19,12,4,8,F,2011
E01007673,Rotherham 030F,780,64,50,50,33,47,54,49,52,48,47,55,54,40,31,40,25,18,16,7,F,2011
E01007671,Rotherham 031A,1084,68,71,74,86,57,64,74,94,108,71,60,66,57,61,33,15,13,8,4,F,2011
E01007674,Rotherham 031B,997,70,52,54,37,41,61,87,91,83,64,68,57,71,55,40,33,18,2,13,F,2011
E01007747,Rotherham 031C,659,32,33,44,51,50,40,33,28,51,43,45,43,37,37,26,27,16,18,5,F,2011
E01007750,Rotherham 031D,778,41,27,47,37,24,37,36,38,64,43,69,50,65,63,49,29,24,29,6,F,2011
E01007658,Rotherham 032A,723,39,45,43,41,27,35,45,51,65,55,49,55,50,45,35,17,16,8,2,F,2011
E01007660,Rotherham 032B,599,20,21,34,35,18,26,23,34,54,48,49,51,56,54,31,20,11,5,9,F,2011
E01007661,Rotherham 032C,695,24,35,38,49,33,23,25,39,61,55,40,59,73,56,36,22,14,12,1,F,2011
E01007662,Rotherham 032D,545,32,33,28,31,26,30,33,37,36,32,24,22,40,33,31,28,30,14,5,F,2011
E01007663,Rotherham 032E,759,30,29,36,28,48,26,24,39,64,51,44,48,83,76,46,40,25,15,7,F,2011
E01007664,Rotherham 032F,960,38,34,39,51,26,24,36,48,74,55,86,64,97,103,75,46,32,18,14,F,2011
E01007748,Rotherham 033A,754,32,27,31,41,37,35,24,40,43,60,52,45,67,69,64,27,31,14,15,F,2011
E01007749,Rotherham 033B,922,57,56,67,51,48,45,46,64,75,69,71,45,58,47,48,33,23,13,6,F,2011
E01007751,Rotherham 033C,1012,90,75,50,53,52,99,82,76,76,60,44,53,60,50,31,22,13,18,8,F,2011
E01007752,Rotherham 033D,775,45,37,49,46,33,24,34,47,65,68,56,51,63,66,35,21,19,12,4,F,2011
E01007753,Rotherham 033E,804,31,39,57,35,32,25,26,42,62,70,53,56,56,67,49,34,37,22,11,F,2011
E08000019,,279217,16533,14759,14706,20211,27903,19552,17653,17150,19778,18236,16112,13981,14386,12700,10838,9454,7319,4816,3130,F,2011
E01008144,Sheffield 001A,835,45,49,55,44,38,43,51,78,66,62,41,43,58,44,31,25,24,13,25,F,2011
E01008145,Sheffield 001B,738,26,27,40,51,31,28,42,37,52,60,54,45,54,47,50,34,28,16,16,F,2011
E01008148,Sheffield 001C,771,31,41,39,57,32,28,37,49,65,51,60,42,67,51,31,43,28,15,4,F,2011
E01008149,Sheffield 001D,762,36,33,43,62,35,36,32,63,61,56,55,50,62,51,35,21,19,10,2,F,2011
E01008150,Sheffield 001E,766,45,51,31,34,44,42,53,41,63,41,40,36,46,43,26,29,43,30,28,F,2011
E01008142,Sheffield 002A,738,51,48,48,39,41,54,45,47,69,49,39,45,37,26,26,26,31,13,4,F,2011
E01008143,Sheffield 002B,827,48,41,40,32,48,59,52,59,70,68,63,42,63,47,36,26,18,10,5,F,2011
E01008146,Sheffield 002C,678,33,33,50,40,26,17,36,46,63,47,57,46,60,57,24,23,7,10,3,F,2011
E01008147,Sheffield 002D,736,36,35,24,34,31,24,27,49,57,52,46,55,76,66,47,29,21,11,16,F,2011
E01007888,Sheffield 003A,695,44,32,37,49,33,34,49,46,63,61,51,51,64,38,24,9,5,5,0,F,2011
E01007892,Sheffield 003B,780,47,29,56,49,52,43,43,39,43,62,48,58,49,32,42,27,27,19,15,F,2011
E01007893,Sheffield 003C,763,19,31,40,41,35,37,33,46,53,62,71,50,60,57,48,44,20,11,5,F,2011
E01007898,Sheffield 003D,780,39,34,52,55,47,51,42,57,70,70,80,53,30,32,21,16,11,15,5,F,2011
E01007899,Sheffield 003E,760,31,36,44,35,31,20,35,37,52,55,62,61,81,75,37,25,23,10,10,F,2011
E01007900,Sheffield 003F,865,46,46,40,42,57,70,61,58,61,54,54,53,60,47,41,30,22,11,12,F,2011
E01007901,Sheffield 003G,767,29,35,55,40,35,49,45,43,57,45,39,39,43,39,40,43,39,36,16,F,2011
E01007887,Sheffield 004A,702,33,31,36,37,28,46,35,46,58,62,49,58,48,33,20,19,29,28,6,F,2011
E01007889,Sheffield 004B,1323,90,84,90,66,69,63,92,138,144,106,76,60,75,53,30,31,29,13,14,F,2011
E01007890,Sheffield 004C,731,31,38,36,44,27,36,39,49,61,57,54,39,69,55,33,20,20,11,12,F,2011
E01007891,Sheffield 004D,774,30,25,40,43,23,25,33,46,50,58,63,55,66,71,63,26,34,14,9,F,2011
E01007894,Sheffield 004E,747,38,37,38,35,37,56,40,59,55,51,53,51,46,32,39,27,28,16,9,F,2011
E01007895,Sheffield 004F,758,27,34,36,49,35,27,37,38,58,62,52,47,55,49,32,40,43,21,16,F,2011
E01007896,Sheffield 004G,652,18,34,42,29,23,27,27,47,39,52,59,72,70,33,31,30,10,7,2,F,2011
E01007897,Sheffield 005A,685,19,19,19,28,25,19,18,40,58,38,57,53,95,73,46,42,20,10,6,F,2011
E01008134,Sheffield 005B,691,29,22,26,49,19,24,26,26,49,69,41,54,52,42,46,47,38,16,16,F,2011
E01008135,Sheffield 005C,900,50,35,50,42,51,50,70,62,72,73,55,53,62,45,34,29,18,30,19,F,2011
E01008137,Sheffield 005D,764,34,29,34,49,28,24,28,36,45,52,57,57,61,82,55,47,24,14,8,F,2011
E01008141,Sheffield 005E,830,42,47,41,42,29,23,41,64,56,62,55,61,70,65,41,42,28,15,6,F,2011
E01008053,Sheffield 006A,636,23,32,41,47,20,32,34,44,61,35,45,35,32,45,45,28,16,18,3,F,2011
E01008056,Sheffield 006B,764,40,48,56,61,46,35,50,48,67,65,42,34,53,38,24,21,15,15,6,F,2011
E01008058,Sheffield 006C,751,27,44,36,43,33,41,27,37,75,58,50,47,51,59,48,30,23,17,5,F,2011
E01008138,Sheffield 006D,681,14,33,41,39,20,21,26,40,52,50,41,40,36,45,50,47,33,33,20,F,2011
E01008139,Sheffield 006E,799,29,44,40,37,41,57,47,54,58,62,40,35,54,61,56,32,18,22,12,F,2011
E01007856,Sheffield 007A,670,55,35,40,43,42,44,43,49,56,50,44,34,25,25,28,23,21,9,4,F,2011
E01008054,Sheffield 007B,700,63,53,35,51,44,70,44,56,61,46,42,24,25,29,16,17,12,8,4,F,2011
E01008055,Sheffield 007C,794,64,75,47,55,71,52,61,52,63,55,45,33,30,24,21,22,11,11,2,F,2011
E01008057,Sheffield 007D,791,72,67,51,54,49,63,55,52,64,50,55,26,34,24,24,25,16,6,4,F,2011
E01008126,Sheffield 008A,788,23,39,45,48,31,20,15,48,63,67,71,46,65,67,59,43,18,11,9,F,2011
E01008128,Sheffield 008C,863,45,52,40,36,31,43,38,65,81,73,72,66,60,59,39,28,18,11,6,F,2011
E01008136,Sheffield 008D,673,29,32,45,37,25,23,31,49,60,55,56,45,52,43,28,28,16,9,10,F,2011
E01008140,Sheffield 008E,925,46,37,39,44,43,47,68,78,80,74,56,56,59,42,42,44,27,23,20,F,2011
E01033275,Sheffield 008F,807,69,70,48,39,40,57,88,74,90,67,46,36,28,24,10,11,8,1,1,F,2011
E01033280,Sheffield 008G,792,34,53,59,55,35,27,42,54,77,84,74,54,49,35,19,25,10,4,2,F,2011
E01008085,Sheffield 009A,708,39,51,40,47,47,38,37,53,52,56,41,29,46,33,24,22,29,15,9,F,2011
E01008086,Sheffield 009B,707,59,41,57,45,50,54,43,46,55,52,32,44,28,24,37,25,8,5,2,F,2011
E01008116,Sheffield 009C,675,44,42,47,55,44,38,32,43,51,44,58,32,29,31,35,16,12,16,6,F,2011
E01008117,Sheffield 009D,587,24,37,36,40,20,33,37,32,51,43,38,37,34,36,28,26,9,18,8,F,2011
E01008118,Sheffield 009E,709,39,42,37,45,44,60,42,36,58,48,46,34,40,32,28,32,27,12,7,F,2011
E01008119,Sheffield 009F,671,48,52,47,64,32,42,37,42,61,45,41,31,26,24,18,11,16,17,17,F,2011
E01008125,Sheffield 009G,773,38,46,51,49,38,44,36,45,59,48,49,47,61,32,40,32,25,21,12,F,2011
E01007849,Sheffield 010A,1084,91,75,68,67,89,79,76,80,100,81,58,35,33,45,36,27,30,10,4,F,2011
E01007857,Sheffield 010B,819,75,45,52,46,62,54,61,51,44,49,53,47,42,31,37,34,16,15,5,F,2011
E01008059,Sheffield 010C,814,65,59,60,45,55,55,58,62,57,50,50,42,37,39,17,22,25,10,6,F,2011
E01008060,Sheffield 010D,729,51,45,35,42,46,68,56,54,48,59,47,30,32,30,21,33,20,5,7,F,2011
E01008061,Sheffield 011A,848,79,62,62,57,55,59,56,62,51,50,44,33,35,35,27,34,26,11,10,F,2011
E01008063,Sheffield 011B,778,29,28,31,60,50,43,38,49,53,56,45,45,51,59,38,33,30,20,20,F,2011
E01033277,Sheffield 011E,1166,105,78,87,79,103,107,87,79,74,58,55,59,51,38,38,31,17,14,6,F,2011
E01008087,Sheffield 012A,791,45,38,35,34,46,44,57,53,53,63,59,47,51,43,42,25,26,13,17,F,2011
E01008088,Sheffield 012B,724,29,31,33,35,42,52,48,44,57,53,54,31,46,52,48,36,24,9,0,F,2011
E01008090,Sheffield 012C,848,82,59,37,50,70,66,72,39,55,51,57,49,40,31,25,39,16,8,2,F,2011
E01008092,Sheffield 012D,732,47,28,37,34,48,53,53,46,37,42,38,39,42,43,34,34,23,28,26,F,2011
E01008122,Sheffield 012E,700,67,64,41,51,48,65,47,48,36,44,43,30,22,28,26,27,5,6,2,F,2011
E01008124,Sheffield 012F,792,97,67,42,61,53,82,81,50,52,35,37,28,32,20,22,14,9,8,2,F,2011
E01007848,Sheffield 013A,898,90,49,46,61,56,58,59,63,73,65,39,45,41,42,26,34,15,20,16,F,2011
E01007851,Sheffield 013B,771,63,63,58,63,51,50,43,53,56,52,66,37,31,29,16,18,10,10,2,F,2011
E01007947,Sheffield 013C,833,59,55,44,39,35,43,44,38,44,52,57,48,65,37,43,53,38,25,14,F,2011
E01007948,Sheffield 013D,974,81,92,92,80,62,46,73,70,53,62,51,34,35,29,35,39,19,17,4,F,2011
E01008062,Sheffield 013E,893,117,68,65,47,72,38,28,69,65,60,46,33,45,34,30,30,21,13,12,F,2011
E01007847,Sheffield 014A,647,46,34,23,25,48,49,39,45,43,46,33,41,42,27,43,27,14,11,11,F,2011
E01007850,Sheffield 014B,818,42,40,59,50,51,43,30,44,76,60,59,60,42,66,44,29,11,10,2,F,2011
E01007852,Sheffield 014C,722,38,35,33,47,40,66,54,53,60,70,53,46,46,29,28,14,7,2,1,F,2011
E01007853,Sheffield 014D,794,40,32,48,55,39,54,49,51,65,46,59,41,38,63,40,28,24,12,10,F,2011
E01007854,Sheffield 014E,945,143,71,65,71,67,100,68,67,72,52,51,36,24,17,19,7,8,3,4,F,2011
E01007855,Sheffield 014F,1004,93,88,48,55,96,107,93,69,63,63,63,53,31,37,19,11,8,4,3,F,2011
E01007941,Sheffield 015A,823,47,43,42,51,39,46,35,52,59,64,52,39,45,48,39,42,35,26,19,F,2011
E01007945,Sheffield 015B,927,58,56,64,60,48,63,74,58,69,70,58,49,57,37,30,28,27,17,4,F,2011
E01007946,Sheffield 015C,819,87,70,47,60,63,69,58,41,63,62,46,36,26,34,19,15,8,14,1,F,2011
E01007950,Sheffield 015D,810,68,64,56,59,53,67,68,47,54,50,42,35,30,30,38,31,11,3,4,F,2011
E01008123,Sheffield 015E,678,53,34,48,41,50,51,43,39,46,47,53,31,38,23,18,14,22,13,14,F,2011
E01007987,Sheffield 016A,746,42,53,43,52,36,47,50,51,81,72,51,44,39,23,22,23,5,6,6,F,2011
E01007988,Sheffield 016B,795,39,36,56,44,32,30,37,52,75,59,67,46,60,36,35,40,27,16,8,F,2011
E01007989,Sheffield 016C,754,52,39,35,37,35,67,73,56,68,56,51,36,43,36,25,21,16,4,4,F,2011
E01007991,Sheffield 016D,829,45,47,70,57,35,35,49,48,70,57,55,50,42,53,44,28,22,15,7,F,2011
E01007995,Sheffield 017A,751,49,21,30,31,59,96,90,64,57,56,46,42,35,26,20,14,4,8,3,F,2011
E01008089,Sheffield 017B,871,88,48,53,65,63,73,57,66,74,63,40,27,34,25,33,37,17,5,3,F,2011
E01008091,Sheffield 017C,717,40,24,34,38,62,83,62,60,64,53,63,40,28,26,19,17,1,1,2,F,2011
E01008093,Sheffield 017D,733,37,32,29,21,45,77,73,54,49,53,53,41,38,35,32,28,22,8,6,F,2011
E01007903,Sheffield 018A,781,59,61,50,65,46,55,51,54,67,41,43,31,32,38,37,22,14,10,5,F,2011
E01007904,Sheffield 018B,850,71,70,66,62,69,50,54,55,52,46,28,35,47,33,45,34,17,14,2,F,2011
E01007913,Sheffield 018C,727,97,60,51,51,63,63,82,44,45,32,22,24,28,17,18,15,8,3,4,F,2011
E01007914,Sheffield 018D,774,84,71,68,72,56,76,74,51,58,30,30,21,20,15,13,15,9,3,8,F,2011
E01007870,Sheffield 019A,859,66,53,46,72,57,59,89,52,53,52,40,56,24,28,35,22,26,14,15,F,2011
E01007871,Sheffield 019B,858,64,44,36,65,43,50,59,58,61,61,50,30,39,59,45,42,39,8,5,F,2011
E01007943,Sheffield 019C,918,83,59,53,50,70,70,63,54,61,62,42,32,36,48,39,36,33,19,8,F,2011
E01008094,Sheffield 019D,549,42,31,22,33,43,37,33,30,43,40,34,30,31,23,31,21,17,5,3,F,2011
E01007869,Sheffield 020A,873,86,87,67,59,79,69,65,74,56,49,48,44,19,15,20,14,8,8,6,F,2011
E01007872,Sheffield 020B,881,89,67,51,51,45,69,78,51,66,52,49,41,35,43,25,26,20,11,12,F,2011
E01007873,Sheffield 020C,846,91,67,52,55,81,85,65,48,54,37,31,41,22,27,23,34,17,6,10,F,2011
E01007942,Sheffield 020D,877,83,89,75,64,91,86,78,67,52,38,41,23,22,25,16,16,9,0,2,F,2011
E01007949,Sheffield 020E,801,82,82,63,61,55,71,48,61,55,48,37,29,25,17,20,13,9,12,13,F,2011
E01007990,Sheffield 021A,760,40,26,32,36,41,35,38,46,66,55,55,49,41,51,56,47,26,10,10,F,2011
E01007992,Sheffield 021B,824,53,48,45,44,40,61,79,66,77,68,52,37,32,35,32,25,10,13,7,F,2011
E01007993,Sheffield 021C,853,42,47,65,49,40,40,67,53,66,75,55,37,51,38,35,35,27,17,14,F,2011
E01007994,Sheffield 021D,738,47,44,33,37,30,83,77,61,71,50,46,45,37,30,18,16,4,6,3,F,2011
E01007996,Sheffield 021E,793,44,37,31,38,43,53,58,57,59,59,37,38,48,43,31,35,32,28,22,F,2011
E01007874,Sheffield 022A,976,114,92,68,78,64,86,59,60,49,63,50,42,44,23,24,35,17,2,6,F,2011
E01007875,Sheffield 022B,847,88,75,100,63,59,85,63,60,69,46,32,27,13,15,13,17,15,2,5,F,2011
E01007877,Sheffield 022D,750,95,103,56,37,38,66,62,41,44,27,24,21,22,17,28,21,16,15,17,F,2011
E01007940,Sheffield 022E,865,99,87,74,58,56,69,80,61,61,58,22,33,25,21,22,17,14,6,2,F,2011
E01007944,Sheffield 022F,939,126,100,97,63,70,101,92,77,52,35,30,31,18,17,13,8,5,4,0,F,2011
E01033269,Sheffield 022G,926,106,128,92,58,66,105,68,65,63,46,33,29,16,12,18,8,8,2,3,F,2011
E01033270,Sheffield 022H,621,39,43,19,27,122,148,76,50,23,17,15,8,9,4,5,7,7,2,0,F,2011
E01008129,Sheffield 023A,714,21,40,48,50,28,30,26,43,57,71,56,41,49,49,22,36,17,19,11,F,2011
E01008130,Sheffield 023B,774,26,39,37,38,32,20,28,30,62,71,50,57,62,70,54,53,23,16,6,F,2011
E01008131,Sheffield 023C,820,39,51,42,52,44,27,38,54,57,68,70,56,63,47,28,35,27,14,8,F,2011
E01008132,Sheffield 023D,722,29,38,44,43,37,20,22,45,77,58,82,59,51,30,32,23,16,15,1,F,2011
E01008133,Sheffield 023E,807,26,36,39,38,16,26,23,39,53,52,59,34,63,68,66,62,51,37,19,F,2011
E01008151,Sheffield 024A,718,38,18,31,33,97,96,92,44,47,41,36,47,27,22,16,12,6,10,5,F,2011
E01008153,Sheffield 024B,808,44,29,29,32,52,112,99,69,54,62,44,22,36,32,18,23,19,16,16,F,2011
E01008154,Sheffield 024C,847,40,34,30,28,47,89,96,62,60,47,52,41,58,38,44,32,25,18,6,F,2011
E01008155,Sheffield 024D,747,35,20,31,34,75,112,103,52,48,43,44,34,37,27,19,15,7,7,4,F,2011
E01008156,Sheffield 024E,732,31,21,31,30,37,66,60,47,55,65,60,48,49,49,34,26,14,6,3,F,2011
E01008160,Sheffield 024F,736,38,23,33,29,34,63,85,46,46,55,59,37,41,33,39,33,14,22,6,F,2011
E01007997,Sheffield 025A,762,45,28,41,46,31,28,36,44,70,52,53,39,36,53,66,46,25,12,11,F,2011
E01007998,Sheffield 025B,779,26,24,31,28,33,32,46,43,57,42,35,40,52,76,61,46,46,28,33,F,2011
E01008152,Sheffield 025C,705,37,35,32,32,20,35,49,48,47,65,48,39,37,45,33,47,25,19,12,F,2011
E01008158,Sheffield 025D,802,50,35,40,40,42,46,55,38,53,42,52,41,68,61,61,29,23,10,16,F,2011
E01008065,Sheffield 026A,861,74,51,54,39,77,68,76,58,63,54,38,31,21,34,36,33,26,11,17,F,2011
E01008068,Sheffield 026B,1392,77,51,58,268,428,147,80,54,50,38,31,23,17,17,14,14,9,8,8,F,2011
E01008072,Sheffield 026C,767,46,42,55,40,67,67,55,69,48,46,36,28,37,28,31,29,18,14,11,F,2011
E01008157,Sheffield 026D,811,22,43,31,32,47,59,66,32,58,40,41,67,46,52,55,49,48,10,13,F,2011
E01008161,Sheffield 026E,833,42,39,41,37,63,91,89,64,61,62,45,36,44,35,31,22,15,11,5,F,2011
E01007883,Sheffield 027A,695,71,78,67,64,48,47,61,54,38,26,24,27,16,25,19,13,8,6,3,F,2011
E01007902,Sheffield 027B,821,61,50,53,38,66,52,72,53,37,29,28,53,34,54,49,32,35,12,13,F,2011
E01007905,Sheffield 027C,917,86,114,101,96,73,105,107,49,60,32,21,12,17,16,12,11,2,2,1,F,2011
E01007906,Sheffield 027D,1025,121,99,99,74,68,103,72,78,56,48,40,30,29,33,26,29,11,6,3,F,2011
E01008064,Sheffield 028A,826,21,12,22,70,316,105,61,38,29,28,34,19,19,17,11,10,8,5,1,F,2011
E01008066,Sheffield 028B,784,7,9,8,47,515,48,20,16,14,18,9,11,11,5,11,6,8,11,10,F,2011
E01008069,Sheffield 028C,791,15,16,10,39,406,83,51,21,18,23,16,17,22,11,14,11,9,5,4,F,2011
E01008074,Sheffield 028D,695,30,20,11,21,209,95,57,45,38,27,27,32,29,13,16,9,8,4,4,F,2011
E01007951,Sheffield 029A,810,39,35,28,37,94,73,49,49,57,48,49,41,26,37,34,42,26,28,18,F,2011
E01007960,Sheffield 029B,811,37,33,36,28,162,88,63,49,54,38,35,36,31,40,24,27,12,11,7,F,2011
E01007962,Sheffield 029C,763,29,15,15,15,254,92,67,36,28,22,17,19,21,18,24,24,21,23,23,F,2011
E01008159,Sheffield 029D,785,44,30,23,15,70,119,106,53,56,45,32,28,33,34,37,29,19,8,4,F,2011
E01007866,Sheffield 030A,835,33,37,26,43,362,60,38,36,37,32,29,24,21,19,8,8,7,8,7,F,2011
E01007867,Sheffield 030B,1037,8,13,12,63,706,67,26,18,22,9,10,14,11,12,11,10,4,11,10,F,2011
E01007868,Sheffield 030C,619,24,22,25,20,110,60,37,33,24,31,23,40,30,18,18,24,21,34,25,F,2011
E01008067,Sheffield 030D,782,9,6,7,43,540,44,24,21,7,11,5,13,10,0,2,3,14,7,16,F,2011
E01008073,Sheffield 030E,775,21,18,29,52,220,66,48,38,33,54,42,37,26,26,24,16,13,9,3,F,2011
E01007907,Sheffield 032A,802,73,57,58,59,65,67,45,66,64,45,37,34,39,27,31,14,11,5,5,F,2011
E01007908,Sheffield 032B,746,47,28,36,44,50,63,77,54,50,57,51,30,37,35,39,25,13,6,4,F,2011
E01007909,Sheffield 032C,1032,79,53,57,55,57,97,91,77,95,73,57,39,46,36,35,32,27,20,6,F,2011
E01007911,Sheffield 032D,715,44,32,40,45,22,26,39,43,55,47,54,45,56,55,40,32,19,15,6,F,2011
E01008014,Sheffield 032E,822,52,47,39,45,44,54,49,44,62,38,36,42,51,46,30,52,32,31,28,F,2011
E01008016,Sheffield 032F,728,35,48,47,37,44,44,46,38,56,53,49,43,36,35,34,30,14,25,14,F,2011
E01007952,Sheffield 033A,809,45,37,43,55,30,26,34,44,58,80,61,59,54,53,33,38,31,21,7,F,2011
E01007953,Sheffield 033B,818,15,34,30,27,29,24,25,35,48,52,44,56,74,64,72,54,69,40,26,F,2011
E01007954,Sheffield 033C,851,54,44,67,65,18,23,37,65,70,85,54,59,65,43,30,27,26,13,6,F,2011
E01007961,Sheffield 033D,759,43,52,37,56,24,37,37,56,59,64,65,52,28,40,36,25,29,9,10,F,2011
E01007859,Sheffield 036A,767,15,17,16,243,203,55,35,21,19,20,23,21,19,21,17,11,6,5,0,F,2011
E01007860,Sheffield 036B,763,32,24,18,24,268,60,58,37,31,29,37,27,25,17,8,19,15,15,19,F,2011
E01007863,Sheffield 036C,972,39,35,32,188,234,52,43,39,39,41,45,51,31,30,16,22,17,10,8,F,2011
E01007864,Sheffield 036D,936,6,9,3,49,708,49,14,10,11,12,6,12,11,13,8,7,5,3,0,F,2011
E01008104,Sheffield 036E,752,32,44,30,68,210,49,32,38,41,24,37,19,33,23,20,17,16,10,9,F,2011
E01007910,Sheffield 037A,864,53,38,51,51,56,49,49,52,70,53,53,50,44,38,38,34,34,22,29,F,2011
E01007912,Sheffield 037B,774,22,37,35,39,30,26,33,39,55,68,57,57,66,52,42,50,33,20,13,F,2011
E01007971,Sheffield 037C,746,35,52,58,39,35,36,32,57,61,43,41,46,35,45,39,21,27,27,17,F,2011
E01007973,Sheffield 037D,759,34,37,46,44,30,37,37,52,55,57,55,30,46,58,42,36,31,18,14,F,2011
E01007858,Sheffield 038A,726,38,30,33,28,33,63,49,62,67,49,44,44,43,27,18,25,21,29,23,F,2011
E01007861,Sheffield 038B,787,34,43,45,45,25,30,23,42,72,61,75,65,59,46,35,36,29,11,11,F,2011
E01007862,Sheffield 038C,2193,30,19,33,1239,498,38,37,35,25,32,30,38,33,33,12,18,13,16,14,F,2011
E01007865,Sheffield 038D,849,54,51,63,34,18,49,68,66,67,76,62,51,43,43,27,26,23,15,13,F,2011
E01008011,Sheffield 039A,848,74,65,59,56,86,74,45,53,57,55,51,39,35,24,21,22,21,6,5,F,2011
E01008012,Sheffield 039B,1100,117,76,46,71,109,134,101,84,60,62,53,45,25,37,30,25,10,9,6,F,2011
E01008013,Sheffield 039C,597,40,41,37,35,37,54,64,32,46,39,25,37,32,33,13,9,13,4,6,F,2011
E01008015,Sheffield 039D,768,39,42,47,52,45,49,47,49,78,49,47,39,36,36,30,23,21,24,15,F,2011
E01008017,Sheffield 039E,799,71,46,43,49,45,42,59,39,56,49,44,43,50,49,38,27,22,17,10,F,2011
E01008018,Sheffield 039F,690,40,61,49,47,40,49,47,33,61,43,48,26,38,27,21,18,22,14,6,F,2011
E01008105,Sheffield 040A,1629,42,52,37,422,641,120,61,52,47,36,23,23,20,10,19,14,7,2,1,F,2011
E01008107,Sheffield 040C,716,37,36,43,40,135,83,46,44,58,32,29,36,17,15,15,13,13,12,12,F,2011
E01008111,Sheffield 040D,847,20,16,25,60,395,65,35,33,36,34,21,16,13,23,10,8,11,13,13,F,2011
E01033271,Sheffield 040E,584,62,43,26,25,71,85,73,48,28,25,16,14,14,11,11,11,8,7,6,F,2011
E01033272,Sheffield 040F,518,25,21,18,34,122,91,59,37,22,16,12,8,9,11,8,9,4,6,6,F,2011
E01007955,Sheffield 041A,712,20,54,41,48,19,15,13,35,54,60,60,55,58,54,40,34,27,18,7,F,2011
E01007956,Sheffield 041B,1122,68,61,70,73,40,20,42,66,109,89,88,57,63,63,58,66,45,32,12,F,2011
E01007957,Sheffield 041C,828,64,46,56,40,20,27,45,54,68,66,59,50,75,40,46,27,26,14,5,F,2011
E01007958,Sheffield 041D,773,33,43,50,37,20,26,31,41,42,69,44,47,88,52,36,45,34,19,16,F,2011
E01007959,Sheffield 041E,785,47,51,50,49,15,14,32,37,64,71,60,75,60,44,36,41,19,11,9,F,2011
E01008108,Sheffield 042A,898,49,42,35,113,231,154,64,46,37,31,21,18,12,10,10,13,8,3,1,F,2011
E01008109,Sheffield 042B,966,63,49,38,135,197,93,65,47,41,31,39,32,26,26,32,19,19,8,6,F,2011
E01008112,Sheffield 042D,792,72,71,56,40,98,110,97,55,41,26,27,21,21,14,13,20,8,2,0,F,2011
E01008113,Sheffield 042E,807,61,47,48,58,85,106,82,61,54,40,33,29,28,16,21,20,10,4,4,F,2011
E01033273,Sheffield 042F,1167,28,24,16,364,443,90,36,34,29,18,24,13,11,8,7,6,4,8,4,F,2011
E01033274,Sheffield 042G,1273,11,5,4,716,368,86,43,12,12,4,6,2,1,1,0,0,1,1,0,F,2011
E01008095,Sheffield 043A,727,43,34,20,47,143,115,57,41,36,35,21,21,27,27,16,18,13,5,8,F,2011
E01008096,Sheffield 043B,1147,76,68,61,112,100,117,82,69,89,61,61,43,45,56,26,45,21,11,4,F,2011
E01008097,Sheffield 043C,837,68,44,43,63,77,58,69,53,38,45,49,44,40,49,26,24,20,11,16,F,2011
E01008101,Sheffield 043D,898,68,40,42,49,71,99,75,66,61,52,50,43,36,46,48,26,17,6,3,F,2011
E01007965,Sheffield 044A,1025,64,55,63,58,54,57,46,44,70,79,54,33,46,46,80,86,47,26,17,F,2011
E01007969,Sheffield 044B,769,34,40,34,36,41,39,46,37,42,54,58,43,55,52,45,37,31,21,24,F,2011
E01007972,Sheffield 044C,765,34,47,44,47,31,38,33,45,66,54,61,41,39,62,66,30,18,6,3,F,2011
E01007974,Sheffield 044D,745,34,45,51,59,42,36,38,36,90,86,65,41,36,29,20,20,11,4,2,F,2011
E01007963,Sheffield 045A,731,30,27,46,42,36,32,29,52,75,53,37,53,52,45,40,24,26,15,17,F,2011
E01007967,Sheffield 045B,845,49,38,52,55,49,52,35,66,67,59,39,37,57,42,30,42,33,31,12,F,2011
E01007999,Sheffield 045C,671,22,26,42,35,38,30,24,32,49,65,76,52,65,43,27,16,16,8,5,F,2011
E01008008,Sheffield 045D,891,62,45,58,60,62,57,44,39,65,55,35,45,49,41,52,44,33,26,19,F,2011
E01008009,Sheffield 045E,830,89,63,56,62,76,69,42,67,60,64,35,23,32,22,15,25,17,8,5,F,2011
E01008043,Sheffield 046A,882,49,62,49,40,38,40,55,58,80,76,53,66,57,47,33,31,26,18,4,F,2011
E01008044,Sheffield 046B,847,57,56,49,60,31,27,49,61,63,52,57,42,43,38,42,48,32,29,11,F,2011
E01008047,Sheffield 046C,718,18,18,11,35,258,121,43,32,36,26,37,20,13,19,10,7,7,3,4,F,2011
E01008048,Sheffield 046D,734,22,20,28,35,284,76,25,34,42,26,25,20,24,23,20,14,8,3,5,F,2011
E01008050,Sheffield 046E,676,23,21,28,33,152,124,63,43,38,36,34,23,20,10,10,9,6,2,1,F,2011
E01007931,Sheffield 047A,845,49,41,51,57,21,18,29,44,66,72,71,66,69,56,28,30,39,23,15,F,2011
E01007934,Sheffield 047B,758,47,60,54,33,27,25,44,64,75,64,55,51,47,34,24,17,16,14,7,F,2011
E01007935,Sheffield 047C,734,57,33,31,35,129,82,64,61,48,46,37,30,28,17,12,16,1,5,2,F,2011
E01007936,Sheffield 047D,835,67,45,40,38,97,96,99,70,75,57,48,17,26,22,11,10,7,7,3,F,2011
E01007937,Sheffield 047E,713,55,38,26,56,22,29,41,53,53,65,60,40,43,28,30,29,16,15,14,F,2011
E01007938,Sheffield 047F,799,51,65,55,41,20,20,46,63,74,58,47,60,49,48,42,33,11,8,8,F,2011
E01008098,Sheffield 048A,848,89,59,44,65,60,59,72,59,74,43,49,36,31,31,27,20,13,10,7,F,2011
E01008100,Sheffield 048B,678,54,49,44,48,53,42,44,36,59,53,41,34,30,20,21,23,11,10,6,F,2011
E01008102,Sheffield 048C,597,42,34,31,58,44,43,34,38,29,26,32,28,28,33,19,24,31,13,10,F,2011
E01008103,Sheffield 048D,736,62,50,39,40,71,62,50,45,65,46,47,30,24,39,26,17,15,4,4,F,2011
E01007964,Sheffield 049A,779,37,41,38,38,33,52,67,50,65,50,53,58,44,32,31,36,31,12,11,F,2011
E01007966,Sheffield 049B,791,33,20,53,76,54,43,41,51,82,67,72,53,44,24,28,20,12,14,4,F,2011
E01007968,Sheffield 049C,765,28,53,59,53,29,36,53,36,72,45,50,44,46,33,38,24,33,20,13,F,2011
E01007970,Sheffield 049D,745,31,20,14,27,50,37,32,42,50,40,52,38,39,43,70,60,48,27,25,F,2011
E01008042,Sheffield 050A,780,62,49,51,44,63,94,49,54,40,57,44,44,27,30,21,16,18,9,8,F,2011
E01008045,Sheffield 050B,699,41,45,51,48,44,56,35,59,49,54,43,46,44,29,19,5,13,10,8,F,2011
E01008046,Sheffield 050C,825,77,55,37,38,68,102,109,72,52,51,38,26,28,17,12,12,18,8,5,F,2011
E01008049,Sheffield 050D,801,26,32,28,29,85,58,46,38,55,35,45,45,61,38,34,34,31,44,37,F,2011
E01008051,Sheffield 050E,839,59,45,54,46,61,103,93,59,75,45,43,40,28,21,17,17,12,8,13,F,2011
E01008052,Sheffield 050F,833,48,46,40,26,52,109,83,66,71,58,57,49,45,29,21,12,9,8,4,F,2011
E01007975,Sheffield 051A,803,46,47,39,36,41,68,68,54,75,49,45,39,48,41,39,28,20,17,3,F,2011
E01007976,Sheffield 051B,776,44,29,30,39,47,45,46,47,49,60,50,59,52,50,40,35,23,15,16,F,2011
E01007977,Sheffield 051C,742,44,34,34,43,48,57,37,51,51,43,40,32,47,25,34,48,36,21,17,F,2011
E01007979,Sheffield 051D,913,81,48,61,124,86,75,54,57,63,42,35,28,25,36,21,26,27,16,8,F,2011
E01008099,Sheffield 051E,769,43,46,30,44,61,76,88,53,66,78,30,25,21,21,26,17,16,12,16,F,2011
E01008000,Sheffield 052A,766,41,24,24,45,42,47,37,51,65,46,47,41,50,42,49,34,31,34,16,F,2011
E01008001,Sheffield 052B,795,43,45,47,38,33,35,46,61,73,56,44,40,50,40,32,35,35,30,12,F,2011
E01008004,Sheffield 052C,853,35,39,46,58,38,41,54,57,72,52,48,40,49,41,64,34,33,33,19,F,2011
E01008005,Sheffield 052D,790,33,30,30,54,30,50,34,43,54,56,58,62,51,42,51,34,41,27,10,F,2011
E01008010,Sheffield 052E,764,45,42,58,44,55,52,39,60,65,53,45,36,38,40,31,24,20,13,4,F,2011
E01007978,Sheffield 053A,814,63,37,48,40,57,92,102,65,67,79,43,46,23,17,12,11,8,3,1,F,2011
E01007980,Sheffield 053B,806,80,49,34,38,45,75,89,83,85,46,40,47,26,15,19,19,8,4,4,F,2011
E01007981,Sheffield 053C,704,43,42,36,32,34,62,74,68,56,54,49,38,35,18,21,15,14,3,10,F,2011
E01007983,Sheffield 053D,751,63,28,43,47,45,74,85,77,73,58,49,27,19,20,8,18,8,6,3,F,2011
E01007985,Sheffield 053E,784,53,38,36,44,37,38,61,67,84,53,45,39,37,33,29,33,27,18,12,F,2011
E01007982,Sheffield 054A,897,57,62,49,58,58,68,58,82,71,60,61,38,42,33,42,31,17,8,2,F,2011
E01008002,Sheffield 054B,791,39,33,33,32,30,33,56,43,66,43,65,63,54,49,64,57,13,12,6,F,2011
E01008003,Sheffield 054C,730,29,31,36,33,40,38,40,42,47,56,49,50,55,49,50,39,27,15,4,F,2011
E01008006,Sheffield 054D,703,26,34,30,31,25,28,25,48,49,51,52,41,50,53,53,35,45,19,8,F,2011
E01007927,Sheffield 055A,853,23,48,49,59,15,11,17,32,68,79,58,68,68,59,56,41,52,23,27,F,2011
E01007928,Sheffield 055B,898,29,55,47,58,32,26,21,44,64,70,80,74,92,71,38,37,33,17,10,F,2011
E01007929,Sheffield 055C,811,50,58,58,40,23,29,34,64,77,65,63,65,61,43,33,21,15,7,5,F,2011
E01007930,Sheffield 055D,778,58,54,48,55,31,19,25,44,57,83,46,57,53,28,41,35,22,15,7,F,2011
E01007932,Sheffield 055E,727,31,35,46,50,15,17,26,33,65,68,52,53,51,50,31,33,25,21,25,F,2011
E01007939,Sheffield 055F,798,31,50,52,38,18,25,24,34,55,73,64,68,66,41,39,37,41,25,17,F,2011
E01008028,Sheffield 056A,800,40,52,45,61,49,45,46,51,63,61,62,36,59,41,28,28,13,10,10,F,2011
E01008029,Sheffield 056B,758,53,50,54,53,40,58,55,35,62,49,36,32,52,38,24,21,27,13,6,F,2011
E01008032,Sheffield 056C,736,46,29,37,38,43,47,51,59,47,50,48,29,49,38,30,40,24,25,6,F,2011
E01008034,Sheffield 056D,903,44,56,47,83,46,49,56,45,94,90,77,48,35,35,33,32,14,9,10,F,2011
E01007828,Sheffield 059A,927,49,51,65,54,58,46,70,57,72,84,62,52,42,30,38,41,26,16,14,F,2011
E01007829,Sheffield 059B,780,57,28,34,36,52,76,84,62,59,63,47,40,44,29,27,9,16,9,8,F,2011
E01007831,Sheffield 059C,808,51,40,41,45,39,49,54,62,69,56,58,60,44,40,23,24,24,18,11,F,2011
E01007832,Sheffield 059D,800,36,58,34,36,42,59,62,47,83,64,47,45,50,35,39,23,15,15,10,F,2011
E01007986,Sheffield 059E,686,53,34,21,25,46,98,86,53,53,55,31,24,14,34,27,16,9,4,3,F,2011
E01008007,Sheffield 060A,849,40,37,46,61,55,32,44,37,55,53,49,41,39,60,43,49,55,31,22,F,2011
E01008075,Sheffield 060B,761,71,51,48,70,64,67,59,52,48,41,38,19,23,28,19,21,29,10,3,F,2011
E01008076,Sheffield 060C,704,46,47,41,41,53,50,44,37,43,40,41,35,42,24,27,37,30,16,10,F,2011
E01008077,Sheffield 060D,778,48,34,48,46,37,44,51,61,64,48,53,34,49,39,35,33,33,14,7,F,2011
E01008031,Sheffield 061A,733,40,39,43,36,37,45,37,43,54,66,57,43,47,38,25,29,23,23,8,F,2011
E01008033,Sheffield 061B,659,20,16,25,38,32,20,32,39,44,59,62,58,67,52,35,29,18,9,4,F,2011
E01008038,Sheffield 061C,799,19,20,25,39,27,30,35,43,42,61,58,60,65,88,62,56,43,20,6,F,2011
E01008040,Sheffield 061D,855,46,32,54,55,58,40,47,68,90,86,77,52,50,29,25,17,15,11,3,F,2011
E01007835,Sheffield 062A,750,38,25,40,42,21,40,37,40,55,47,35,53,49,46,43,52,45,20,22,F,2011
E01007836,Sheffield 062B,832,29,40,50,57,35,34,32,52,63,68,47,42,39,51,64,62,43,16,8,F,2011
E01007843,Sheffield 062C,820,49,49,40,44,48,43,44,50,55,48,55,48,44,42,36,32,30,51,12,F,2011
E01007846,Sheffield 062D,779,47,36,31,64,41,40,39,44,60,68,43,41,51,43,41,38,23,22,7,F,2011
E01008030,Sheffield 063A,738,33,52,51,38,31,58,42,52,61,44,51,36,49,34,20,24,23,17,22,F,2011
E01008035,Sheffield 063B,576,24,27,22,44,20,27,30,45,50,59,47,40,41,26,32,17,17,6,2,F,2011
E01008036,Sheffield 063C,704,36,35,43,45,46,46,38,57,68,87,68,44,38,17,16,12,6,1,1,F,2011
E01008041,Sheffield 063D,772,58,55,52,59,46,37,52,54,71,88,65,56,31,17,8,10,7,4,2,F,2011
E01007827,Sheffield 064A,750,49,21,19,32,33,42,46,55,55,63,58,58,54,43,46,25,28,15,8,F,2011
E01007830,Sheffield 064B,805,32,35,27,49,30,26,22,37,70,64,52,45,51,55,42,47,51,40,30,F,2011
E01007833,Sheffield 064C,861,32,29,33,40,21,23,23,48,60,67,62,54,64,75,55,61,54,45,15,F,2011
E01007984,Sheffield 064D,727,37,31,35,46,32,35,43,49,55,85,43,43,40,45,38,31,19,12,8,F,2011
E01008078,Sheffield 064E,686,26,23,21,42,20,18,33,32,41,52,55,58,61,45,50,42,40,16,11,F,2011
E01008079,Sheffield 064F,624,35,32,35,44,27,16,20,48,52,42,54,44,41,37,25,19,22,18,13,F,2011
E01008019,Sheffield 065A,965,49,58,63,66,53,63,67,90,65,80,57,60,69,50,28,13,17,8,9,F,2011
E01008020,Sheffield 065B,706,28,40,34,37,35,56,45,39,44,52,72,59,45,51,22,18,17,10,2,F,2011
E01008022,Sheffield 065C,740,59,41,41,46,67,56,51,50,48,49,40,41,43,34,26,16,20,7,5,F,2011
E01008027,Sheffield 065D,786,49,41,41,37,29,55,52,59,72,49,38,31,54,40,32,34,36,19,18,F,2011
E01008037,Sheffield 065E,760,21,17,30,25,31,37,33,29,48,40,58,58,78,54,65,54,43,23,16,F,2011
E01008039,Sheffield 065F,689,29,28,29,21,38,49,37,37,25,48,59,55,50,56,45,43,24,12,4,F,2011
E01007824,Sheffield 066A,708,36,34,37,43,22,29,37,43,66,60,53,45,57,35,31,31,24,17,8,F,2011
E01007825,Sheffield 066B,771,37,36,43,29,24,26,28,30,70,53,60,64,51,53,49,35,41,22,20,F,2011
E01007826,Sheffield 066C,776,42,42,59,58,20,18,22,54,81,86,60,50,40,46,32,18,29,11,8,F,2011
E01007834,Sheffield 066D,881,41,42,47,36,28,30,46,54,68,74,54,56,58,51,55,59,37,31,14,F,2011
E01007920,Sheffield 068A,851,36,38,45,47,36,22,31,35,58,71,54,52,78,63,49,52,37,26,21,F,2011
E01007921,Sheffield 068B,842,38,27,46,43,26,21,23,36,65,55,58,48,58,75,61,54,49,30,29,F,2011
E01007923,Sheffield 068C,942,45,46,58,32,27,31,46,49,82,70,72,62,62,58,68,50,51,19,14,F,2011
E01007925,Sheffield 068D,842,38,55,47,39,18,34,29,48,72,69,49,62,65,51,47,49,41,22,7,F,2011
E01007926,Sheffield 068E,893,37,37,64,52,22,23,24,40,53,86,66,64,66,66,54,40,45,36,18,F,2011
E01007933,Sheffield 068F,853,37,53,62,68,33,18,20,38,58,88,81,62,66,53,34,39,25,11,7,F,2011
E01007823,Sheffield 069A,868,38,35,33,42,38,28,50,45,71,64,44,50,76,59,52,46,48,31,18,F,2011
E01007916,Sheffield 069B,798,74,53,46,46,53,51,56,54,51,40,43,40,44,31,27,20,35,28,6,F,2011
E01007919,Sheffield 069C,844,74,52,40,56,71,71,59,60,60,49,44,37,33,21,31,20,39,17,10,F,2011
E01008080,Sheffield 069D,748,43,43,38,42,35,38,42,43,62,54,45,53,53,38,38,28,27,14,12,F,2011
E01008081,Sheffield 070A,697,30,30,25,53,37,43,33,40,60,63,51,34,35,47,36,31,27,16,6,F,2011
E01008082,Sheffield 070B,775,47,42,38,34,44,58,51,48,45,46,37,31,55,36,36,48,33,26,20,F,2011
E01008083,Sheffield 070C,812,74,47,44,57,48,48,58,61,63,46,35,31,37,28,24,24,34,30,23,F,2011
E01008084,Sheffield 070D,849,80,51,51,55,81,64,60,57,51,38,50,46,33,43,25,17,26,14,7,F,2011
E01007915,Sheffield 071A,754,51,39,37,28,24,17,34,49,56,52,60,50,51,49,40,53,40,13,11,F,2011
E01007917,Sheffield 071B,761,23,27,40,39,27,27,33,35,52,60,36,48,56,53,54,65,38,32,16,F,2011
E01007918,Sheffield 071C,856,45,46,53,43,37,34,35,56,54,69,62,46,52,68,44,41,37,26,8,F,2011
E01007922,Sheffield 071D,716,38,37,43,38,26,25,30,39,55,75,49,59,62,53,32,27,15,8,5,F,2011
E01007924,Sheffield 071E,777,44,39,43,32,22,34,52,62,68,57,50,43,58,49,33,37,28,20,6,F,2011
E01008021,Sheffield 072A,738,37,47,47,53,30,40,23,37,79,85,67,52,56,29,26,20,6,2,2,F,2011
E01008023,Sheffield 072B,1015,67,49,49,58,46,84,102,95,115,90,69,50,49,41,18,17,8,3,5,F,2011
E01008024,Sheffield 072C,919,55,70,53,49,36,36,75,73,97,55,67,46,36,52,42,33,23,11,10,F,2011
E01008025,Sheffield 072D,1033,68,68,48,55,43,63,62,76,97,84,67,53,56,61,44,39,31,12,6,F,2011
E01032585,Sheffield 072E,718,25,18,27,30,29,30,41,30,44,47,61,48,75,63,62,39,29,15,5,F,2011
E01033261,Sheffield 073A,849,15,4,5,68,517,163,39,15,2,4,1,2,2,5,1,2,2,2,0,F,2011
E01033262,Sheffield 073B,675,9,2,3,94,340,112,54,25,8,7,10,6,3,1,1,0,0,0,0,F,2011
E01033263,Sheffield 073C,631,43,24,10,35,198,154,68,31,18,12,9,13,5,2,2,3,1,2,1,F,2011
E01033264,Sheffield 073D,772,13,4,0,49,414,175,63,20,8,8,7,7,2,1,0,0,0,1,0,F,2011
E01033276,Sheffield 073E,1330,11,7,4,202,821,205,58,13,5,2,1,0,1,0,0,0,0,0,0,F,2011
E01008114,Sheffield 074A,1315,71,58,56,265,459,111,69,51,45,37,24,16,17,8,14,6,6,1,1,F,2011
E01008115,Sheffield 074B,776,20,21,19,46,387,87,31,23,29,15,19,14,15,4,11,7,13,10,5,F,2011
E01033265,Sheffield 074C,542,2,4,3,139,196,105,35,11,16,13,3,5,6,0,1,1,1,1,0,F,2011
E01033266,Sheffield 074D,722,21,14,9,67,391,101,37,36,13,9,10,6,5,2,0,0,0,1,0,F,2011
E01033267,Sheffield 074E,723,7,1,0,191,356,85,34,18,8,7,5,2,1,4,2,2,0,0,0,F,2011
E01007878,Sheffield 075A,695,55,52,47,35,50,59,45,40,43,50,37,33,36,33,28,27,10,9,6,F,2011
E01007879,Sheffield 075B,787,27,41,42,53,102,70,53,44,54,44,36,42,33,22,25,34,34,20,11,F,2011
E01007881,Sheffield 075C,785,64,38,36,52,51,66,65,52,59,48,54,32,36,39,36,22,22,7,6,F,2011
E01007882,Sheffield 075D,700,36,38,36,62,48,58,56,54,50,42,34,37,39,31,36,20,17,5,1,F,2011
E01007885,Sheffield 075E,784,71,54,48,40,53,89,68,58,75,52,37,44,31,18,23,13,8,2,0,F,2011
E01007886,Sheffield 075F,884,84,68,55,59,76,60,77,41,72,61,47,40,44,33,21,22,13,9,2,F,2011
E01033268,Sheffield 075G,1031,161,17,23,109,226,65,44,45,52,48,39,27,32,35,38,28,21,16,5,F,2011
E01007838,Sheffield 076A,774,46,38,31,49,43,54,46,51,58,59,68,40,42,38,47,23,15,20,6,F,2011
E01007839,Sheffield 076B,832,46,56,68,47,27,44,55,75,87,89,58,38,37,34,33,17,11,8,2,F,2011
E01007841,Sheffield 076C,875,43,40,77,51,39,42,53,55,93,69,51,39,47,46,34,27,25,21,23,F,2011
E01007842,Sheffield 076D,832,45,35,68,58,35,34,50,46,67,78,46,46,46,47,40,22,27,27,15,F,2011
E01033278,Sheffield 076E,1275,83,50,81,85,57,76,82,64,102,82,62,68,84,73,67,49,45,44,21,F,2011
E01033279,Sheffield 076F,1189,78,65,75,53,54,69,85,84,83,74,69,66,74,60,45,38,47,51,19,F,2011
E08000032,,265675,20155,18494,17838,17457,18113,19753,18102,17166,18121,17505,16196,13704,13459,9803,9005,7948,6183,4314,2359,F,2011
E01010646,Bradford 001A,679,23,26,30,26,23,21,14,37,53,57,53,47,50,52,49,51,43,16,8,F,2011
E01010647,Bradford 001B,573,26,29,31,29,16,17,19,39,36,55,29,35,49,54,41,24,20,15,9,F,2011
E01010648,Bradford 001C,680,18,28,30,32,18,16,22,41,55,56,51,45,64,61,48,44,35,12,4,F,2011
E01010692,Bradford 001D,945,26,37,54,52,24,26,23,55,75,94,68,65,73,69,47,42,34,49,32,F,2011
E01010691,Bradford 002A,819,33,41,53,59,15,13,17,34,52,73,61,66,60,56,54,41,33,35,23,F,2011
E01010693,Bradford 002B,822,33,43,56,50,17,13,15,26,61,59,64,65,53,60,56,41,38,40,32,F,2011
E01010694,Bradford 002C,832,31,43,47,52,21,19,8,27,58,57,75,61,67,67,60,52,35,26,26,F,2011
E01010695,Bradford 002D,898,53,47,40,35,28,46,60,62,57,65,40,44,31,28,46,52,57,63,44,F,2011
E01010696,Bradford 002E,804,41,59,54,49,21,19,21,60,62,63,54,53,49,48,45,32,34,25,15,F,2011
E01010697,Bradford 002F,809,39,37,43,34,19,17,19,34,58,62,56,58,52,45,48,57,55,41,35,F,2011
E01010698,Bradford 002G,922,59,37,41,51,37,61,73,70,78,84,61,36,49,30,50,34,36,25,10,F,2011
E01010699,Bradford 002H,953,59,58,50,62,38,30,60,65,62,76,61,50,68,38,39,49,52,23,13,F,2011
E01010767,Bradford 003A,762,53,43,42,43,15,20,41,52,51,66,46,37,60,40,35,43,42,28,5,F,2011
E01010768,Bradford 003B,842,45,58,68,58,25,20,34,66,87,100,53,43,56,33,39,29,16,11,1,F,2011
E01010769,Bradford 003C,852,60,34,37,28,29,43,73,70,58,65,57,48,60,39,36,33,30,32,20,F,2011
E01010771,Bradford 003D,619,44,29,35,27,16,15,27,45,47,46,51,59,48,53,28,28,11,10,0,F,2011
E01010638,Bradford 004A,788,27,31,43,38,44,33,38,43,41,56,71,70,71,52,37,31,30,21,11,F,2011
E01010639,Bradford 004B,876,51,38,45,37,39,50,57,61,65,69,51,44,60,57,49,42,30,16,15,F,2011
E01010640,Bradford 004C,882,74,36,46,48,70,72,71,68,51,80,52,39,56,39,24,22,20,11,3,F,2011
E01010641,Bradford 004D,816,29,37,38,41,35,37,38,38,50,53,56,66,74,48,48,33,34,28,33,F,2011
E01010642,Bradford 004E,901,35,29,49,49,37,27,27,39,74,75,85,69,81,59,49,47,38,24,8,F,2011
E01010643,Bradford 004F,736,49,26,32,36,44,58,66,41,48,65,41,39,44,41,27,14,23,19,23,F,2011
E01010644,Bradford 004G,846,48,39,48,49,39,47,72,64,58,56,53,48,52,41,38,26,24,22,22,F,2011
E01010645,Bradford 004H,710,29,35,39,41,23,26,26,50,50,71,59,49,57,47,26,37,32,12,1,F,2011
E01010770,Bradford 005A,814,38,61,52,47,19,20,26,59,71,74,86,67,61,49,31,31,11,10,1,F,2011
E01010772,Bradford 005B,655,33,40,37,34,15,12,14,35,46,52,57,42,50,48,45,35,28,23,9,F,2011
E01010773,Bradford 005C,706,36,31,29,54,22,23,26,50,58,54,58,44,53,33,35,40,25,22,13,F,2011
E01010774,Bradford 005D,855,44,36,34,38,29,47,42,48,59,58,56,68,71,51,44,48,42,26,14,F,2011
E01010706,Bradford 006A,854,57,57,42,42,31,38,43,50,83,68,66,52,57,50,39,23,26,21,9,F,2011
E01010707,Bradford 006B,888,47,33,48,45,37,36,45,51,66,72,62,59,84,46,47,56,22,20,12,F,2011
E01010708,Bradford 006C,848,58,55,60,49,42,60,54,56,52,54,49,43,54,49,37,26,23,17,10,F,2011
E01010709,Bradford 006D,1353,95,86,77,86,45,70,105,117,102,106,81,78,90,53,44,43,44,21,10,F,2011
E01010719,Bradford 007A,863,88,100,73,59,68,73,71,42,54,30,42,34,28,20,27,28,14,10,2,F,2011
E01010727,Bradford 007B,858,37,31,38,45,49,45,39,49,63,57,77,52,79,58,34,44,23,22,16,F,2011
E01010728,Bradford 007C,912,77,91,68,78,77,87,80,71,32,36,43,52,25,14,22,15,33,9,2,F,2011
E01010729,Bradford 007D,821,57,78,54,40,27,26,54,48,44,36,49,48,46,35,38,32,36,44,29,F,2011
E01010700,Bradford 008A,771,93,79,61,75,64,68,69,52,40,29,41,32,13,9,17,13,8,3,5,F,2011
E01010701,Bradford 008B,745,94,89,64,63,78,68,59,54,22,22,25,37,13,14,9,17,6,9,2,F,2011
E01010702,Bradford 008C,1080,103,111,107,106,89,110,87,65,57,34,35,49,34,19,20,18,13,16,7,F,2011
E01010703,Bradford 008D,873,56,56,54,58,66,58,66,59,58,57,42,55,49,31,31,32,17,20,8,F,2011
E01010704,Bradford 008E,703,35,48,44,35,45,52,48,55,43,52,50,52,27,40,23,20,12,11,11,F,2011
E01010705,Bradford 008F,874,40,44,61,65,38,35,35,53,57,77,61,57,68,61,49,34,20,16,3,F,2011
E01010710,Bradford 008G,931,99,64,58,67,105,93,76,51,56,52,49,44,38,17,17,16,11,11,7,F,2011
E01010712,Bradford 009A,891,133,99,66,79,67,101,90,54,43,31,35,22,16,10,16,14,9,3,3,F,2011
E01010720,Bradford 009B,826,68,61,65,47,48,58,60,63,42,52,55,35,37,23,33,34,22,20,3,F,2011
E01010721,Bradford 009C,739,50,40,50,45,51,38,37,43,53,59,58,37,49,34,36,28,21,10,0,F,2011
E01010723,Bradford 009D,786,111,89,74,53,61,95,73,50,48,28,27,32,16,6,8,6,6,3,0,F,2011
E01010724,Bradford 009E,765,58,41,55,54,47,54,67,47,58,49,30,30,35,31,34,27,22,17,9,F,2011
E01010725,Bradford 009F,824,57,49,52,47,57,56,59,46,54,60,47,31,40,32,36,41,27,17,16,F,2011
E01010579,Bradford 010A,822,26,45,46,44,27,24,28,43,50,70,59,58,76,64,38,40,36,25,23,F,2011
E01010580,Bradford 010B,1291,91,89,75,63,42,61,95,108,104,109,77,78,75,49,61,53,33,20,8,F,2011
E01010764,Bradford 010C,815,28,35,42,41,32,22,31,44,63,74,68,71,68,60,47,46,27,11,5,F,2011
E01010765,Bradford 010D,1137,51,37,53,49,73,77,53,60,73,92,92,81,67,71,60,59,42,32,15,F,2011
E01010766,Bradford 010E,663,39,31,30,22,27,27,35,41,43,57,48,71,58,39,30,25,18,21,1,F,2011
E01010711,Bradford 011A,662,49,36,24,24,44,64,22,30,36,33,41,34,37,38,34,42,29,31,14,F,2011
E01010713,Bradford 011B,700,61,34,37,48,45,40,55,45,50,54,51,23,34,39,32,20,16,13,3,F,2011
E01010714,Bradford 011C,729,52,50,42,50,62,48,44,47,63,42,37,35,38,36,23,16,18,13,13,F,2011
E01010716,Bradford 011D,958,80,45,56,58,63,84,69,57,81,72,50,37,60,38,29,27,30,15,7,F,2011
E01010715,Bradford 012A,618,40,41,43,52,32,26,25,40,48,43,43,32,41,32,24,24,21,5,6,F,2011
E01010717,Bradford 012B,862,71,59,55,55,59,66,56,55,60,64,41,46,31,28,32,27,13,25,19,F,2011
E01010718,Bradford 012C,808,52,51,60,59,57,53,50,52,54,77,62,35,46,25,22,20,16,15,2,F,2011
E01010726,Bradford 012D,792,48,29,34,59,37,28,36,56,61,65,60,38,59,47,56,37,21,17,4,F,2011
E01010859,Bradford 012E,842,35,33,44,61,41,33,38,52,70,74,71,51,83,41,40,34,22,13,6,F,2011
E01010573,Bradford 013A,887,40,55,48,42,35,37,42,59,70,91,77,56,84,48,41,32,19,9,2,F,2011
E01010574,Bradford 013B,750,27,30,31,34,35,24,31,46,41,64,58,45,68,54,43,41,30,27,21,F,2011
E01010575,Bradford 013C,808,41,29,37,36,40,27,43,54,45,64,62,59,62,54,47,35,31,29,13,F,2011
E01010577,Bradford 013D,827,40,47,50,44,30,26,38,58,67,71,64,51,68,45,41,37,28,14,8,F,2011
E01010722,Bradford 014A,830,64,59,69,61,51,66,51,56,69,62,50,37,49,25,22,24,4,9,2,F,2011
E01010860,Bradford 014B,786,48,25,43,45,47,37,36,59,67,72,71,56,55,36,27,20,15,21,6,F,2011
E01010862,Bradford 014C,891,43,77,60,55,39,54,51,69,79,66,75,48,50,33,27,25,23,9,8,F,2011
E01010863,Bradford 014D,756,44,33,55,36,31,24,44,51,63,65,68,62,66,43,26,22,10,9,4,F,2011
E01010578,Bradford 015A,752,28,25,41,45,51,59,48,45,58,70,58,56,50,39,22,18,19,13,7,F,2011
E01010581,Bradford 015B,854,66,56,53,32,44,54,63,68,67,59,52,48,56,46,28,32,17,9,4,F,2011
E01010582,Bradford 015C,791,63,34,40,37,37,64,92,68,61,57,52,47,41,31,19,18,16,8,6,F,2011
E01010584,Bradford 015D,846,55,26,33,41,73,96,58,49,53,60,57,37,40,38,37,34,27,22,10,F,2011
E01010585,Bradford 015E,1023,69,45,45,40,56,69,65,68,60,63,55,60,59,48,31,57,44,58,31,F,2011
E01010568,Bradford 016A,888,50,32,45,48,29,42,46,67,58,75,61,64,76,54,52,29,34,20,6,F,2011
E01010569,Bradford 016B,911,59,37,50,41,38,56,50,71,57,69,56,53,68,43,43,46,38,27,9,F,2011
E01010571,Bradford 016C,840,51,54,36,35,54,79,63,63,57,58,55,52,51,35,19,33,20,10,15,F,2011
E01010572,Bradford 016D,779,31,37,40,44,39,37,33,43,56,68,60,40,50,50,38,49,29,23,12,F,2011
E01010576,Bradford 016E,816,46,36,41,47,31,35,36,36,59,66,75,49,58,57,43,32,26,22,21,F,2011
E01010683,Bradford 017A,799,33,38,46,58,35,46,58,68,65,75,59,67,57,37,24,17,8,3,5,F,2011
E01010684,Bradford 017B,821,46,32,46,42,52,50,55,49,67,61,59,47,48,43,36,37,25,19,7,F,2011
E01010685,Bradford 017C,845,43,40,41,53,37,45,51,64,65,73,68,67,60,43,45,16,14,12,8,F,2011
E01010686,Bradford 017D,806,40,36,30,37,38,28,40,62,62,67,56,52,58,59,45,42,23,26,5,F,2011
E01010570,Bradford 018A,712,40,35,29,41,33,17,27,45,32,65,66,51,67,65,26,33,23,13,4,F,2011
E01010583,Bradford 018B,805,60,45,37,44,50,66,54,58,46,61,56,50,45,33,28,32,19,17,4,F,2011
E01010784,Bradford 018C,833,65,44,30,33,46,75,95,59,74,51,60,49,53,28,26,16,12,16,1,F,2011
E01010785,Bradford 018D,825,44,36,32,22,43,77,73,85,65,44,41,40,43,19,28,48,36,28,21,F,2011
E01010786,Bradford 018E,793,42,51,46,43,34,37,37,38,54,64,44,51,66,43,36,25,32,20,30,F,2011
E01010790,Bradford 018F,772,37,46,36,35,29,28,29,37,57,61,58,57,62,53,45,43,31,20,8,F,2011
E01010680,Bradford 019A,898,76,47,43,42,62,73,59,48,54,79,73,39,44,41,32,38,29,12,7,F,2011
E01010681,Bradford 019B,686,26,37,52,40,31,30,29,43,42,82,63,52,53,28,24,31,15,6,2,F,2011
E01010682,Bradford 019C,829,37,43,53,46,45,65,47,48,52,72,42,33,63,30,38,27,38,27,23,F,2011
E01010687,Bradford 019D,940,53,56,47,53,42,61,78,88,85,94,72,59,54,31,21,19,14,9,4,F,2011
E01010688,Bradford 019E,907,59,33,40,38,56,89,90,67,78,63,64,51,40,34,29,20,25,19,12,F,2011
E01010689,Bradford 019F,879,59,50,44,45,43,87,81,65,67,68,64,50,37,38,27,24,17,9,4,F,2011
E01010690,Bradford 019G,977,52,52,61,49,53,51,55,82,76,77,70,55,58,43,43,44,32,20,4,F,2011
E01010782,Bradford 020B,885,45,46,40,50,78,104,66,53,63,52,62,43,43,34,33,25,19,22,7,F,2011
E01010787,Bradford 020C,821,40,34,53,43,19,39,44,53,56,79,61,39,52,33,48,40,42,32,14,F,2011
E01010788,Bradford 020D,744,45,43,44,42,28,44,46,58,62,49,58,47,38,22,22,30,28,16,22,F,2011
E01033689,Bradford 020E,517,47,10,11,15,74,90,71,36,26,26,30,11,14,12,15,11,7,11,0,F,2011
E01033694,Bradford 020F,480,30,17,8,20,29,60,55,40,38,49,26,25,24,19,7,13,10,9,1,F,2011
E01010776,Bradford 021A,848,74,61,60,56,45,43,76,57,71,65,48,52,38,32,20,19,15,14,2,F,2011
E01010777,Bradford 021B,751,68,43,33,51,75,64,33,52,57,39,46,45,42,22,22,18,13,16,12,F,2011
E01010779,Bradford 021C,743,52,43,26,52,46,70,44,45,57,46,40,49,45,36,22,25,26,11,8,F,2011
E01010781,Bradford 021D,761,53,59,57,54,54,67,60,59,57,54,41,36,35,23,19,18,9,5,1,F,2011
E01010783,Bradford 021E,819,50,45,52,37,41,36,66,46,63,60,47,49,69,37,37,36,22,16,10,F,2011
E01010586,Bradford 022A,808,35,27,50,46,36,21,32,45,58,83,67,58,70,52,42,38,33,10,5,F,2011
E01010587,Bradford 022B,963,66,44,50,53,35,53,61,70,73,85,93,53,68,48,43,28,19,18,3,F,2011
E01010588,Bradford 022C,866,51,44,44,45,39,43,62,43,75,60,76,56,71,41,34,37,20,15,10,F,2011
E01010589,Bradford 022D,795,28,38,52,42,24,36,40,49,61,67,64,58,74,52,48,24,22,12,4,F,2011
E01010591,Bradford 022E,796,55,43,42,40,47,57,45,43,45,46,67,51,64,39,28,30,26,22,6,F,2011
E01010593,Bradford 022F,965,57,54,64,52,29,42,51,62,68,75,56,63,57,57,53,33,37,27,28,F,2011
E01010596,Bradford 022G,740,30,37,34,38,15,26,33,44,43,66,56,66,64,46,49,38,25,20,10,F,2011
E01010854,Bradford 023A,885,45,41,44,52,42,61,50,70,86,79,68,57,54,35,35,23,14,19,10,F,2011
E01010855,Bradford 023B,879,38,35,60,49,30,34,56,44,66,82,61,64,70,47,51,41,23,18,10,F,2011
E01010856,Bradford 023C,813,48,52,27,34,42,54,54,64,53,63,74,63,41,34,30,18,25,20,17,F,2011
E01010857,Bradford 023D,791,33,33,29,37,34,29,29,30,68,77,72,72,82,61,40,33,20,10,2,F,2011
E01010858,Bradford 023E,843,42,47,47,46,51,44,54,53,75,75,67,54,66,32,22,20,23,15,10,F,2011
E01010861,Bradford 023F,928,31,73,49,46,42,36,51,74,73,83,71,70,83,54,34,25,20,8,5,F,2011
E01010603,Bradford 024A,827,55,37,47,58,52,53,45,48,62,72,54,52,51,37,37,30,13,20,4,F,2011
E01010604,Bradford 024B,927,38,46,44,62,60,32,37,61,73,73,78,52,54,48,55,52,34,23,5,F,2011
E01010605,Bradford 024C,788,43,46,53,64,45,59,42,48,58,65,54,42,33,27,37,28,26,10,8,F,2011
E01010775,Bradford 024D,922,50,54,54,56,52,54,63,71,73,71,63,47,59,48,37,28,18,21,3,F,2011
E01010778,Bradford 024E,963,97,60,68,64,74,76,57,71,70,73,59,47,42,42,29,17,10,7,0,F,2011
E01010789,Bradford 025A,913,80,77,61,69,54,76,70,73,61,53,34,40,38,21,34,28,26,14,4,F,2011
E01010791,Bradford 025B,897,69,60,78,65,57,56,59,65,63,59,47,42,35,25,21,32,23,24,17,F,2011
E01010792,Bradford 025C,931,72,95,90,65,72,100,84,58,47,48,40,36,35,23,17,21,14,6,8,F,2011
E01010793,Bradford 025D,919,66,60,92,88,67,85,58,88,64,53,57,29,35,18,20,15,12,11,1,F,2011
E01010652,Bradford 026A,825,32,39,34,48,49,51,55,41,34,53,63,53,55,43,47,59,40,21,8,F,2011
E01010653,Bradford 026B,836,54,57,67,46,62,55,55,55,61,56,57,46,45,31,37,19,15,15,3,F,2011
E01010655,Bradford 026C,754,63,65,54,58,45,75,60,52,55,61,38,31,30,18,14,16,11,8,0,F,2011
E01010656,Bradford 026D,768,40,39,36,46,28,45,45,33,51,65,67,41,51,35,47,48,27,17,7,F,2011
E01010657,Bradford 026E,807,67,42,37,37,82,89,66,30,49,49,55,37,43,28,24,32,30,9,1,F,2011
E01010649,Bradford 027A,702,45,41,44,27,41,61,39,42,55,60,52,35,48,35,21,23,15,13,5,F,2011
E01010650,Bradford 027B,888,104,97,68,58,78,83,63,52,61,51,54,34,25,21,15,17,4,2,1,F,2011
E01010654,Bradford 027C,738,55,56,57,29,56,63,48,48,43,47,44,43,37,22,35,17,24,10,4,F,2011
E01010826,Bradford 027D,753,72,71,68,56,57,71,53,54,55,36,43,30,22,17,13,18,8,7,2,F,2011
E01010597,Bradford 028A,762,51,46,54,47,51,45,48,40,58,80,52,48,40,26,20,23,24,6,3,F,2011
E01010598,Bradford 028B,905,43,57,61,75,55,42,46,53,58,71,77,42,53,43,41,37,26,14,11,F,2011
E01010599,Bradford 028C,698,49,46,38,48,55,51,53,40,61,56,48,28,45,14,19,18,12,12,5,F,2011
E01010600,Bradford 028D,751,60,57,56,48,40,67,63,41,48,47,49,49,33,28,18,19,19,4,5,F,2011
E01010602,Bradford 028E,818,53,48,55,45,46,63,63,43,46,60,49,53,35,29,35,32,37,12,14,F,2011
E01010670,Bradford 029A,814,56,72,57,61,50,68,60,49,58,44,52,54,43,28,20,17,8,10,7,F,2011
E01010671,Bradford 029B,851,82,73,65,68,62,76,67,55,59,36,46,22,40,17,19,21,20,14,9,F,2011
E01010673,Bradford 029C,918,111,96,65,73,77,95,74,61,60,38,44,37,16,13,9,19,14,9,7,F,2011
E01010675,Bradford 029D,1039,55,57,71,92,64,66,70,54,52,74,63,47,50,40,46,41,33,31,33,F,2011
E01010669,Bradford 030A,1008,102,97,86,64,59,73,82,73,62,39,48,43,38,37,33,32,19,17,4,F,2011
E01010674,Bradford 030B,833,81,81,94,71,40,61,76,60,65,31,44,19,25,21,18,22,9,10,5,F,2011
E01010677,Bradford 030C,1115,123,146,104,77,59,105,96,82,73,54,41,32,29,18,19,21,16,16,4,F,2011
E01010805,Bradford 030D,802,57,65,65,57,63,51,71,59,63,38,32,50,29,19,35,11,16,13,8,F,2011
E01010590,Bradford 031A,953,40,57,75,71,46,37,55,56,77,97,77,68,59,37,36,28,23,10,4,F,2011
E01010592,Bradford 031B,774,31,34,32,43,28,35,35,42,49,53,55,56,82,62,49,28,26,22,12,F,2011
E01010594,Bradford 031C,866,42,41,62,59,35,39,41,56,77,88,53,68,67,48,33,26,15,10,6,F,2011
E01010595,Bradford 031D,906,60,47,60,47,63,56,63,73,83,70,57,41,40,45,30,28,17,21,5,F,2011
E01010601,Bradford 032A,869,75,57,46,45,58,82,65,51,59,68,60,39,36,26,30,25,17,23,7,F,2011
E01010651,Bradford 032B,771,48,50,36,39,40,34,57,55,53,56,61,49,54,43,33,24,25,12,2,F,2011
E01010825,Bradford 032C,682,54,48,39,34,39,65,53,36,55,46,49,44,43,23,11,15,17,10,1,F,2011
E01010827,Bradford 032D,705,43,55,53,51,51,60,31,58,48,38,46,34,33,23,22,17,18,16,8,F,2011
E01010804,Bradford 033A,1149,93,94,100,116,126,127,70,60,63,59,65,54,33,19,17,24,13,13,3,F,2011
E01010806,Bradford 033B,821,69,76,78,58,57,61,63,70,50,36,33,39,34,23,28,20,10,13,3,F,2011
E01010807,Bradford 033C,1030,84,80,63,89,110,130,92,58,52,39,49,39,28,26,27,29,19,8,8,F,2011
E01010808,Bradford 033D,1125,127,142,111,76,75,125,118,85,62,38,48,33,22,15,16,18,5,6,3,F,2011
E01010809,Bradford 033E,1144,115,85,111,93,118,111,93,74,68,47,62,53,27,27,19,19,11,8,3,F,2011
E01010676,Bradford 034A,1274,136,142,142,102,116,113,110,103,72,43,45,45,26,19,26,15,12,4,3,F,2011
E01010679,Bradford 034B,797,63,68,66,75,84,60,84,52,47,39,32,35,18,13,23,13,11,12,2,F,2011
E01010824,Bradford 034C,745,66,53,41,55,68,103,55,55,49,44,40,35,25,13,15,13,7,5,3,F,2011
E01010840,Bradford 034D,859,87,72,69,69,55,71,67,41,49,37,27,37,30,25,41,33,19,14,16,F,2011
E01010841,Bradford 034E,860,93,82,70,74,79,80,77,61,50,34,30,40,31,16,16,18,5,4,0,F,2011
E01010828,Bradford 035A,842,63,66,44,56,61,68,35,48,43,64,43,42,35,26,37,34,37,28,12,F,2011
E01010829,Bradford 035B,822,74,88,64,64,49,73,56,57,45,45,46,34,25,23,20,18,17,17,7,F,2011
E01010830,Bradford 035C,928,89,100,69,66,81,89,87,65,58,35,49,28,32,23,12,17,18,9,1,F,2011
E01010831,Bradford 035D,976,99,113,108,88,86,94,87,52,56,42,43,33,22,14,19,10,5,3,2,F,2011
E01010832,Bradford 035E,925,105,82,75,83,73,84,72,49,53,36,31,42,22,16,12,25,26,18,21,F,2011
E01010672,Bradford 036A,659,39,41,40,28,46,49,50,42,45,58,47,45,38,22,26,23,15,5,0,F,2011
E01010678,Bradford 036B,676,35,38,38,34,32,42,53,25,52,46,48,52,62,30,25,29,15,10,10,F,2011
E01010799,Bradford 036C,791,50,45,47,37,61,55,65,40,46,50,53,56,63,29,25,30,28,10,1,F,2011
E01010800,Bradford 036D,946,85,84,95,56,54,81,67,65,59,60,46,38,46,24,39,24,11,9,3,F,2011
E01010801,Bradford 036E,938,103,73,72,69,67,73,90,61,65,49,46,26,44,11,30,24,17,13,5,F,2011
E01010802,Bradford 036F,826,67,57,66,51,53,52,65,70,72,57,47,36,43,30,20,19,10,4,7,F,2011
E01010803,Bradford 037A,846,113,66,75,57,63,100,71,59,55,38,40,31,17,12,14,18,11,5,1,F,2011
E01010810,Bradford 037B,1030,111,132,93,71,66,88,92,62,76,36,30,33,29,30,27,19,18,12,5,F,2011
E01010811,Bradford 037C,1134,144,140,107,83,91,111,100,98,64,50,42,22,23,10,20,13,7,6,3,F,2011
E01010813,Bradford 037D,912,117,104,90,74,66,82,84,60,55,26,28,37,19,18,19,11,10,4,8,F,2011
E01010618,Bradford 038A,830,78,73,78,83,60,62,59,69,68,35,25,38,34,13,14,14,15,6,6,F,2011
E01010619,Bradford 038B,1152,102,118,107,94,103,113,102,75,74,55,53,57,25,14,19,14,16,8,3,F,2011
E01010625,Bradford 038C,879,87,85,78,76,46,77,68,62,51,50,31,34,43,22,19,9,15,10,16,F,2011
E01010626,Bradford 038D,1026,106,103,111,91,70,85,83,78,69,50,38,33,22,15,18,19,15,8,12,F,2011
E01010627,Bradford 038E,821,57,74,59,77,72,70,75,65,59,50,47,28,25,12,20,13,8,7,3,F,2011
E01010606,Bradford 039A,948,106,94,81,78,102,87,86,53,58,39,32,32,19,12,17,16,12,15,9,F,2011
E01010607,Bradford 039B,1032,120,104,103,101,96,112,88,67,50,44,34,42,17,15,18,15,1,3,2,F,2011
E01010617,Bradford 039C,711,78,44,48,43,56,57,44,56,28,40,37,33,31,20,28,17,18,19,14,F,2011
E01010842,Bradford 039E,945,109,95,92,97,84,92,73,61,62,35,38,23,24,12,19,16,11,1,1,F,2011
E01033690,Bradford 039G,436,29,14,4,18,108,134,60,32,13,4,14,5,0,0,0,1,0,0,0,F,2011
E01033691,Bradford 039H,681,67,33,59,47,106,80,61,39,33,33,20,19,18,17,24,10,10,2,3,F,2011
E01033692,Bradford 039I,446,34,13,17,21,85,86,51,25,38,21,16,6,10,6,5,2,6,4,0,F,2011
E01033693,Bradford 039J,1167,148,121,110,101,109,120,93,69,72,50,43,38,27,11,23,17,9,3,3,F,2011
E01010628,Bradford 040A,898,63,64,40,48,59,65,54,63,42,61,47,57,57,34,34,38,31,22,19,F,2011
E01010629,Bradford 040B,1009,83,92,94,70,73,84,86,81,66,51,44,24,48,19,30,29,18,15,2,F,2011
E01010630,Bradford 040C,821,69,82,58,43,41,53,63,58,42,49,49,32,32,29,31,34,26,22,8,F,2011
E01010631,Bradford 040D,831,69,85,57,46,43,47,58,67,74,50,52,37,36,25,23,19,8,15,20,F,2011
E01010632,Bradford 040E,686,62,54,63,44,49,62,49,56,60,47,49,30,14,13,18,6,6,4,0,F,2011
E01010658,Bradford 041A,984,95,98,68,71,71,111,87,70,47,55,56,34,42,26,23,10,15,5,0,F,2011
E01010812,Bradford 041B,1007,126,96,90,64,92,119,99,81,48,39,46,35,19,14,11,13,8,5,2,F,2011
E01010833,Bradford 041C,817,78,76,68,68,91,98,56,44,37,40,33,33,19,19,18,17,10,8,4,F,2011
E01010843,Bradford 041D,1026,121,111,112,99,87,97,85,65,48,43,37,35,30,19,13,13,9,1,1,F,2011
E01010620,Bradford 042A,914,103,99,68,68,60,106,88,57,62,37,26,31,14,21,21,12,17,10,14,F,2011
E01010621,Bradford 042B,1180,155,147,107,120,92,117,110,80,72,45,39,29,26,8,11,14,7,0,1,F,2011
E01010622,Bradford 042C,1203,158,147,118,90,119,109,108,78,80,43,35,35,27,14,18,12,5,3,4,F,2011
E01010623,Bradford 042D,805,74,67,65,56,73,85,60,52,67,49,29,33,35,10,22,12,10,4,2,F,2011
E01010624,Bradford 042E,1131,154,115,114,91,93,122,96,73,60,48,40,22,26,22,24,12,10,4,5,F,2011
E01010794,Bradford 043A,948,60,50,37,52,42,72,56,69,68,52,60,58,57,39,59,34,37,29,17,F,2011
E01010795,Bradford 043B,904,59,52,51,51,57,74,63,64,75,76,78,64,46,28,26,18,9,8,5,F,2011
E01010796,Bradford 043C,825,46,48,55,43,46,49,45,51,62,73,53,54,64,40,31,26,12,16,11,F,2011
E01010797,Bradford 043D,707,32,47,42,33,42,27,35,46,69,66,76,60,57,31,19,7,8,5,5,F,2011
E01010798,Bradford 043E,817,55,40,37,54,56,63,58,50,66,52,52,47,52,33,29,21,18,19,15,F,2011
E01010834,Bradford 044A,1639,49,40,30,343,785,140,55,43,34,22,28,21,8,18,5,5,6,3,4,F,2011
E01010835,Bradford 044B,1515,151,152,139,117,168,149,121,96,80,53,64,57,37,30,34,39,21,2,5,F,2011
E01010836,Bradford 044C,1039,78,57,45,132,338,100,57,41,36,30,25,17,16,11,14,22,10,7,3,F,2011
E01010837,Bradford 044D,1073,88,127,88,93,99,104,90,76,66,48,41,41,28,15,26,28,9,5,1,F,2011
E01010838,Bradford 044E,924,113,84,80,83,101,87,75,75,54,34,30,24,18,18,14,18,11,3,2,F,2011
E01010839,Bradford 044F,810,108,79,61,53,88,91,63,64,33,24,33,23,25,17,16,11,10,7,4,F,2011
E01010608,Bradford 045A,949,111,123,105,74,74,104,99,54,51,36,32,22,19,16,15,9,3,2,0,F,2011
E01010613,Bradford 045B,797,71,60,47,36,64,67,51,45,60,52,35,43,32,32,35,26,23,12,6,F,2011
E01010730,Bradford 045C,690,83,54,23,40,61,65,67,24,42,31,45,30,40,30,21,14,13,6,1,F,2011
E01010734,Bradford 045D,781,97,69,60,74,72,78,71,62,53,46,28,19,10,14,12,6,8,2,0,F,2011
E01010609,Bradford 046A,823,63,55,45,46,48,68,50,44,65,49,53,40,50,33,25,29,27,22,11,F,2011
E01010610,Bradford 046B,843,72,80,63,57,79,63,53,43,54,52,61,35,30,20,27,22,26,5,1,F,2011
E01010611,Bradford 046C,1082,113,98,56,63,88,114,90,61,54,71,61,49,44,24,28,24,24,13,7,F,2011
E01010614,Bradford 046D,692,62,50,33,50,55,72,45,37,55,56,47,38,22,20,28,12,6,2,2,F,2011
E01010633,Bradford 047A,824,48,48,48,57,58,53,51,66,48,64,64,60,40,41,27,23,11,12,5,F,2011
E01010634,Bradford 047B,768,31,41,47,43,39,24,37,45,66,66,61,50,53,27,37,35,30,25,11,F,2011
E01010635,Bradford 047C,758,43,45,61,46,45,52,47,41,56,64,37,37,35,33,28,33,23,20,12,F,2011
E01010636,Bradford 047D,944,49,50,57,50,48,66,53,63,65,69,75,61,50,41,44,34,28,25,16,F,2011
E01010637,Bradford 047E,1252,67,48,286,288,91,46,49,37,77,53,47,42,47,29,10,10,20,4,1,F,2011
E01010731,Bradford 048A,741,55,66,44,62,142,77,60,48,26,28,31,25,10,13,13,16,9,11,5,F,2011
E01010732,Bradford 048B,960,140,77,89,67,108,97,81,61,65,44,36,41,18,12,12,4,5,3,0,F,2011
E01010733,Bradford 048C,909,105,67,63,55,92,85,76,56,67,43,40,47,26,22,16,21,18,9,1,F,2011
E01010736,Bradford 048D,1001,135,103,74,59,64,129,96,64,71,53,36,38,20,13,12,12,8,8,6,F,2011
E01010737,Bradford 048E,864,92,79,95,57,81,85,66,47,68,42,34,30,34,21,8,13,5,7,0,F,2011
E01010659,Bradford 049A,987,109,90,80,91,62,99,61,72,55,52,50,37,38,20,19,24,20,6,2,F,2011
E01010662,Bradford 049D,717,58,53,52,49,40,56,39,53,47,45,51,61,42,18,17,16,9,8,3,F,2011
E01010664,Bradford 049E,783,55,46,58,61,46,66,44,50,57,40,51,48,44,29,29,23,23,10,3,F,2011
E01010761,Bradford 049G,863,80,39,52,36,54,52,62,44,63,52,51,49,54,31,36,36,36,24,12,F,2011
E01033695,Bradford 049H,996,114,87,60,54,38,89,97,91,94,71,55,48,29,19,13,10,10,13,4,F,2011
E01033696,Bradford 049I,790,49,51,55,57,46,63,65,49,65,63,50,33,41,31,22,17,20,8,5,F,2011
E01033697,Bradford 049J,1392,144,153,114,91,119,133,145,95,84,48,68,60,45,23,24,19,16,5,6,F,2011
E01010663,Bradford 050A,828,79,59,47,85,69,72,57,52,53,43,48,42,29,14,27,19,19,11,3,F,2011
E01010665,Bradford 050B,863,66,68,77,43,59,79,67,65,44,46,60,45,42,27,28,21,14,11,1,F,2011
E01010666,Bradford 050C,841,81,55,38,44,75,73,54,32,43,41,46,45,32,28,29,30,45,27,23,F,2011
E01010667,Bradford 050D,803,94,75,42,45,58,61,65,62,53,48,47,33,32,19,11,22,16,14,6,F,2011
E01010735,Bradford 051A,899,106,100,102,68,53,103,61,69,56,48,32,28,13,17,17,8,11,3,4,F,2011
E01010738,Bradford 051B,974,127,111,81,72,69,87,104,73,68,43,28,28,21,13,23,9,10,3,4,F,2011
E01010739,Bradford 051C,899,92,106,84,54,67,83,82,57,51,35,41,38,17,20,31,12,19,8,2,F,2011
E01010740,Bradford 051D,904,80,78,88,78,60,91,68,58,46,48,53,33,32,27,19,19,17,4,5,F,2011
E01010744,Bradford 051E,910,117,112,75,72,70,92,70,63,65,43,36,20,23,11,18,9,1,5,8,F,2011
E01010612,Bradford 052A,713,69,64,55,52,53,74,53,53,41,50,52,23,30,11,11,13,4,3,2,F,2011
E01010819,Bradford 052B,856,86,63,54,54,69,63,49,42,55,57,46,44,30,31,27,30,23,19,14,F,2011
E01010820,Bradford 052C,802,93,76,48,40,57,68,40,41,37,53,58,36,34,36,35,25,16,8,1,F,2011
E01010821,Bradford 052D,1049,110,93,81,64,91,136,107,60,52,56,61,43,25,16,20,13,9,9,3,F,2011
E01010822,Bradford 052E,740,66,49,47,40,52,58,44,31,48,45,44,35,36,37,21,29,21,20,17,F,2011
E01010615,Bradford 053A,725,53,47,54,54,39,59,48,58,54,49,45,42,38,19,18,24,13,4,7,F,2011
E01010616,Bradford 053B,972,106,83,66,81,70,86,70,58,67,47,63,42,32,29,28,16,15,10,3,F,2011
E01010742,Bradford 053C,997,126,115,87,79,70,105,86,54,55,40,43,42,20,14,24,19,5,7,6,F,2011
E01010743,Bradford 053D,887,118,87,63,47,74,96,71,51,38,48,56,25,27,18,24,24,14,6,0,F,2011
E01010847,Bradford 054A,812,40,55,51,47,59,57,52,53,62,61,61,54,36,26,25,24,38,7,4,F,2011
E01010848,Bradford 054B,799,38,44,49,51,51,44,34,50,68,60,66,39,45,34,42,30,30,16,8,F,2011
E01010852,Bradford 054C,835,66,68,52,34,58,60,43,57,52,50,36,39,39,27,45,40,41,20,8,F,2011
E01010853,Bradford 054D,678,44,40,50,40,32,47,40,37,44,59,59,39,48,27,18,24,17,8,5,F,2011
E01010668,Bradford 055A,686,26,55,42,36,31,49,36,37,37,70,50,37,41,37,33,30,24,13,2,F,2011
E01010755,Bradford 055B,897,82,85,66,60,84,101,67,65,64,55,50,26,27,13,24,13,8,6,1,F,2011
E01010762,Bradford 055C,832,67,52,68,63,55,61,58,57,63,59,46,37,42,25,25,22,19,8,5,F,2011
E01010763,Bradford 055D,804,39,43,35,39,52,49,42,47,43,64,67,56,41,31,37,33,38,29,19,F,2011
E01010846,Bradford 055E,1116,73,87,78,70,73,81,80,73,95,88,70,52,61,34,33,27,17,17,7,F,2011
E01010745,Bradford 056A,861,93,71,62,62,53,87,58,65,57,56,49,38,24,23,16,21,13,12,1,F,2011
E01010747,Bradford 056B,820,49,56,57,46,37,55,56,57,74,48,44,47,46,33,28,33,35,16,3,F,2011
E01010748,Bradford 056C,814,55,40,59,63,43,53,38,47,72,56,61,35,40,33,27,29,37,18,8,F,2011
E01010749,Bradford 056D,700,43,36,42,35,52,45,48,36,54,57,44,39,33,34,39,32,20,7,4,F,2011
E01010814,Bradford 057A,837,60,36,37,51,59,81,47,47,51,64,71,52,54,27,23,31,22,12,12,F,2011
E01010815,Bradford 057B,1240,107,90,87,71,92,129,121,83,83,77,80,59,49,27,22,17,18,21,7,F,2011
E01010816,Bradford 057C,939,58,51,68,46,44,62,69,65,95,92,57,47,67,40,27,21,17,7,6,F,2011
E01010817,Bradford 057D,1165,100,78,84,66,68,105,105,72,88,70,88,51,46,40,33,26,15,21,9,F,2011
E01010818,Bradford 057E,937,61,65,65,53,49,62,79,75,80,77,79,49,44,29,26,28,4,8,4,F,2011
E01010752,Bradford 058A,877,57,45,33,60,61,72,64,61,74,77,53,49,43,41,31,20,17,13,6,F,2011
E01010753,Bradford 058B,743,27,29,40,43,41,36,31,34,57,57,61,57,64,41,59,31,25,7,3,F,2011
E01010754,Bradford 058C,821,51,47,56,59,57,50,34,72,73,85,64,39,27,26,23,22,16,15,5,F,2011
E01010756,Bradford 058D,767,36,42,56,68,46,47,50,46,49,68,76,43,49,30,14,18,14,8,7,F,2011
E01010758,Bradford 058E,662,31,35,40,69,25,25,28,56,70,70,73,38,42,21,19,13,5,2,0,F,2011
E01010759,Bradford 058F,790,44,44,48,49,48,46,50,47,72,59,50,43,46,43,29,28,24,11,9,F,2011
E01010760,Bradford 058G,806,42,47,57,51,44,47,47,60,57,75,65,56,45,27,23,30,17,9,7,F,2011
E01010741,Bradford 059A,741,37,42,48,37,53,34,57,41,58,60,58,50,41,36,35,32,9,10,3,F,2011
E01010845,Bradford 059B,1096,90,85,70,79,59,94,70,73,64,71,56,55,60,38,46,37,29,17,3,F,2011
E01010849,Bradford 059C,724,43,28,37,38,35,35,35,43,59,46,56,49,50,56,43,31,22,8,10,F,2011
E01010850,Bradford 059D,752,57,65,72,64,55,53,57,63,63,42,42,31,29,15,21,5,14,4,0,F,2011
E01010851,Bradford 059E,814,49,41,41,58,65,70,47,51,45,77,61,51,42,36,31,22,21,3,3,F,2011
E01010864,Bradford 059F,673,44,59,50,43,45,54,66,57,47,44,38,32,23,22,12,22,6,4,5,F,2011
E01010867,Bradford 059G,746,79,56,49,40,59,43,52,53,65,49,53,40,33,19,16,15,14,10,1,F,2011
E01010874,Bradford 059H,676,45,39,39,37,48,54,49,28,42,40,38,37,31,19,21,28,28,23,30,F,2011
E01010746,Bradford 060A,848,39,33,38,49,43,52,42,30,55,61,69,63,73,58,51,33,28,23,8,F,2011
E01010750,Bradford 060B,849,41,36,55,44,54,40,44,59,69,59,64,46,52,50,30,48,28,20,10,F,2011
E01010751,Bradford 060C,774,31,37,32,37,45,60,35,40,56,46,74,41,48,39,56,41,23,22,11,F,2011
E01010865,Bradford 060D,833,63,39,46,30,55,73,56,62,56,46,52,60,66,34,28,26,18,11,12,F,2011
E01010866,Bradford 060E,714,34,41,40,42,35,50,50,44,71,42,45,52,46,26,26,25,19,15,11,F,2011
E01010868,Bradford 061A,805,60,59,41,64,57,65,56,49,62,55,44,49,43,32,24,21,11,8,5,F,2011
E01010869,Bradford 061B,892,51,50,53,47,61,59,60,64,59,69,58,58,62,50,25,26,26,12,2,F,2011
E01010870,Bradford 061C,752,27,30,36,46,26,53,33,44,57,57,55,52,65,58,44,21,22,18,8,F,2011
E01010871,Bradford 061D,863,49,44,55,44,65,73,55,53,60,77,71,53,43,42,24,18,21,13,3,F,2011
E01010872,Bradford 061E,843,57,66,44,54,55,60,50,47,64,48,57,50,48,43,30,26,26,17,1,F,2011
E01010873,Bradford 061F,631,28,24,39,37,49,22,19,34,47,57,44,32,56,35,37,31,23,11,6,F,2011
E08000033,,104396,6416,5984,6132,6283,5754,6122,6251,6786,8034,7992,7163,6171,6766,5110,4063,3429,2903,1871,1166,F,2011
E01010911,Calderdale 001A,878,61,41,48,54,36,40,64,53,61,72,74,52,79,52,49,18,14,7,3,F,2011
E01010912,Calderdale 001B,840,58,54,57,52,26,52,37,63,60,67,39,41,59,55,34,20,28,23,15,F,2011
E01010913,Calderdale 001C,650,13,20,31,45,32,22,25,28,55,55,42,46,61,60,45,30,21,14,5,F,2011
E01010915,Calderdale 001D,725,37,32,42,48,33,29,35,43,62,58,67,56,51,35,22,29,18,17,11,F,2011
E01010914,Calderdale 002A,968,66,60,77,70,49,73,67,69,77,62,62,45,59,47,22,25,21,12,5,F,2011
E01010924,Calderdale 002B,562,38,35,36,38,43,36,20,22,42,43,39,37,42,30,25,18,10,6,2,F,2011
E01010925,Calderdale 002C,734,43,63,50,53,46,47,44,43,57,51,55,33,37,40,27,23,19,3,0,F,2011
E01010926,Calderdale 002D,641,82,48,49,73,49,48,52,47,34,41,25,20,23,19,11,10,6,3,1,F,2011
E01010931,Calderdale 003A,735,32,40,28,58,34,26,31,39,64,66,64,55,38,34,29,33,38,18,8,F,2011
E01010932,Calderdale 003B,785,33,39,31,31,42,34,32,42,60,73,71,65,65,50,49,27,20,13,8,F,2011
E01010933,Calderdale 003C,829,39,39,52,46,41,34,54,46,52,57,63,65,79,50,39,34,22,14,3,F,2011
E01010935,Calderdale 003D,811,25,46,36,31,40,26,24,44,64,69,61,64,68,68,52,31,37,17,8,F,2011
E01010936,Calderdale 003E,1049,70,71,67,55,37,42,60,90,102,92,67,48,46,40,47,39,42,24,10,F,2011
E01010937,Calderdale 003F,785,36,38,43,32,41,37,45,58,63,55,69,45,49,49,41,40,24,7,13,F,2011
E01010881,Calderdale 004A,872,37,49,80,47,32,27,43,48,77,96,97,77,66,32,19,24,11,8,2,F,2011
E01010882,Calderdale 004B,764,44,45,45,45,16,23,20,53,76,63,61,54,64,38,27,28,25,26,11,F,2011
E01010883,Calderdale 004C,770,34,41,38,42,23,20,20,59,70,87,71,60,86,35,28,28,15,9,4,F,2011
E01010887,Calderdale 004D,813,44,44,42,42,21,22,46,41,77,74,88,68,66,55,30,22,19,8,4,F,2011
E01010888,Calderdale 004E,809,42,30,29,42,32,39,49,64,97,79,71,67,64,30,25,16,12,11,10,F,2011
E01010923,Calderdale 004F,829,53,48,38,46,29,36,56,70,86,86,62,66,45,32,23,19,19,10,5,F,2011
E01010916,Calderdale 005A,752,45,54,49,48,59,43,47,48,52,55,43,36,53,34,36,16,19,10,5,F,2011
E01010939,Calderdale 005B,896,43,53,53,67,47,34,47,68,70,86,75,52,65,41,41,27,13,7,7,F,2011
E01010941,Calderdale 005C,718,53,48,56,54,52,44,32,50,54,56,41,43,41,28,27,18,15,4,2,F,2011
E01010942,Calderdale 005D,799,41,53,46,55,62,59,72,43,65,43,48,40,48,42,18,30,17,11,6,F,2011
E01010944,Calderdale 005E,702,61,46,42,48,54,51,40,41,52,46,43,31,31,27,36,20,19,6,8,F,2011
E01010938,Calderdale 006A,758,63,57,56,52,55,52,70,42,36,69,44,44,31,19,34,17,12,2,3,F,2011
E01010940,Calderdale 006B,730,39,40,31,53,42,59,36,57,52,55,47,49,52,30,26,22,22,8,10,F,2011
E01010943,Calderdale 006C,773,61,49,68,54,72,64,52,55,57,52,38,36,49,24,21,15,3,3,0,F,2011
E01010961,Calderdale 006D,581,35,46,32,31,44,62,37,35,43,44,50,23,34,21,17,8,9,4,6,F,2011
E01010917,Calderdale 007A,941,51,47,48,45,39,36,56,59,69,77,65,68,80,58,50,37,33,17,6,F,2011
E01010918,Calderdale 007B,884,39,53,55,54,37,24,29,62,80,85,69,50,69,61,34,42,23,13,5,F,2011
E01010919,Calderdale 007C,842,37,28,56,51,39,28,36,55,76,61,56,51,54,35,30,50,52,32,15,F,2011
E01010920,Calderdale 007D,815,30,45,53,55,39,28,33,49,76,75,85,57,64,53,40,12,9,4,8,F,2011
E01010921,Calderdale 007E,833,49,47,60,52,35,33,39,55,69,79,57,50,71,37,32,21,24,15,8,F,2011
E01010934,Calderdale 008A,1005,53,51,63,50,41,57,54,51,78,84,85,77,68,65,46,34,22,18,8,F,2011
E01010967,Calderdale 008D,735,51,33,45,40,45,63,58,52,45,46,45,32,38,19,30,25,30,20,18,F,2011
E01010994,Calderdale 008E,787,21,30,24,34,84,71,44,45,35,41,40,34,28,38,47,41,52,44,34,F,2011
E01032923,Calderdale 008F,1158,93,52,50,76,85,131,74,74,72,82,81,52,58,44,51,29,28,21,5,F,2011
E01010927,Calderdale 009A,858,37,33,47,51,39,38,38,52,59,63,66,54,67,66,42,41,30,19,16,F,2011
E01010928,Calderdale 009B,770,63,62,50,61,48,49,48,49,58,56,46,38,48,28,24,14,15,12,1,F,2011
E01010997,Calderdale 009C,753,39,28,33,47,30,27,29,32,51,70,49,45,80,50,60,35,22,20,6,F,2011
E01010999,Calderdale 009D,752,42,28,38,34,37,39,42,53,57,72,49,38,50,57,38,34,23,18,3,F,2011
E01010929,Calderdale 010A,1202,147,110,85,50,95,135,134,93,67,68,54,33,28,20,24,21,18,17,3,F,2011
E01010930,Calderdale 010B,849,75,56,53,42,54,87,47,57,48,58,44,41,44,32,22,39,27,13,10,F,2011
E01010998,Calderdale 010C,823,51,51,45,58,59,49,67,55,48,49,48,38,36,38,32,34,31,21,13,F,2011
E01011000,Calderdale 010D,1068,142,95,92,98,80,118,81,75,56,37,41,34,25,24,19,18,17,11,5,F,2011
E01010904,Calderdale 011A,692,30,44,27,38,41,36,32,45,51,67,50,62,53,35,31,19,27,3,1,F,2011
E01010906,Calderdale 011B,702,32,36,40,34,22,18,29,31,55,62,44,64,61,56,33,45,21,14,5,F,2011
E01010907,Calderdale 011C,711,22,35,48,40,36,22,33,30,62,87,58,42,63,42,27,22,25,10,7,F,2011
E01010909,Calderdale 011D,824,41,42,37,39,37,48,40,40,66,65,55,54,57,47,30,38,27,40,21,F,2011
E01010960,Calderdale 012A,848,91,79,59,77,61,92,74,51,47,37,28,23,18,17,23,17,19,20,15,F,2011
E01010964,Calderdale 012B,835,118,67,65,73,60,81,66,49,46,38,37,35,25,17,12,15,14,12,5,F,2011
E01010965,Calderdale 012C,717,57,59,54,49,71,60,61,39,38,28,31,30,31,26,29,25,18,4,7,F,2011
E01010966,Calderdale 012D,854,93,93,82,64,73,71,84,55,45,32,29,32,28,18,18,21,8,2,6,F,2011
E01010995,Calderdale 012E,636,53,62,49,61,50,74,50,45,42,28,33,27,15,14,12,13,6,1,1,F,2011
E01010982,Calderdale 013A,712,32,44,46,42,40,38,32,42,48,65,44,53,57,35,27,24,28,11,4,F,2011
E01010983,Calderdale 013B,818,50,20,37,27,61,66,54,43,57,64,47,59,42,34,30,32,33,34,28,F,2011
E01010985,Calderdale 013C,702,38,42,39,36,40,31,53,42,59,66,55,58,57,38,21,14,10,3,0,F,2011
E01010986,Calderdale 013D,862,51,48,61,54,49,51,60,66,98,69,58,52,49,41,13,12,20,7,3,F,2011
E01010987,Calderdale 013E,961,58,52,56,54,44,45,56,65,78,70,60,49,58,47,37,38,46,34,14,F,2011
E01010988,Calderdale 013F,779,53,39,37,42,53,50,30,46,50,59,56,57,58,50,30,23,19,16,11,F,2011
E01010996,Calderdale 014A,808,77,77,76,68,80,82,71,51,51,34,39,27,17,10,17,10,13,6,2,F,2011
E01011001,Calderdale 014B,835,78,73,77,91,84,78,73,57,44,42,35,33,22,8,7,15,6,8,4,F,2011
E01011002,Calderdale 014C,887,80,79,67,64,74,58,72,73,77,47,40,31,36,29,25,19,10,3,3,F,2011
E01011003,Calderdale 014D,567,60,43,31,23,50,57,55,40,30,25,36,23,22,9,16,14,11,13,9,F,2011
E01010878,Calderdale 015A,858,51,37,53,46,65,66,53,52,67,47,60,52,53,31,31,24,29,23,18,F,2011
E01010879,Calderdale 015B,940,43,40,51,52,34,41,36,61,69,93,66,65,71,74,56,34,24,23,7,F,2011
E01010905,Calderdale 015C,984,71,60,54,57,39,43,67,74,79,82,53,68,57,43,39,22,27,22,27,F,2011
E01010908,Calderdale 015D,1051,67,59,45,50,63,71,70,85,86,88,49,52,75,46,38,48,26,25,8,F,2011
E01010910,Calderdale 015E,660,40,22,51,40,22,33,43,43,40,37,47,45,42,40,26,33,23,15,18,F,2011
E01010969,Calderdale 016A,858,54,44,43,37,43,65,74,70,59,71,59,43,55,29,41,33,24,8,6,F,2011
E01010970,Calderdale 016B,947,49,54,28,57,64,75,52,56,54,69,78,48,43,47,40,46,45,21,21,F,2011
E01010974,Calderdale 016C,783,57,54,57,56,40,51,63,49,44,50,48,45,43,25,23,18,37,13,10,F,2011
E01010977,Calderdale 016D,785,36,39,36,49,39,44,50,52,57,72,46,44,65,56,38,23,22,11,6,F,2011
E01010975,Calderdale 017A,829,25,39,45,42,35,23,21,40,32,73,54,52,67,55,72,46,61,33,14,F,2011
E01010976,Calderdale 017B,890,39,37,37,51,43,46,51,54,83,69,73,64,69,52,36,27,32,21,6,F,2011
E01010978,Calderdale 017C,645,52,34,35,55,44,37,47,50,49,52,46,41,31,26,16,10,14,4,2,F,2011
E01010979,Calderdale 017D,748,36,38,35,53,55,75,47,47,55,51,46,40,55,38,25,20,17,10,5,F,2011
E01010980,Calderdale 017E,761,63,32,45,38,59,75,44,51,64,44,50,36,37,26,27,19,19,18,14,F,2011
E01010981,Calderdale 017F,733,49,32,32,54,68,79,53,37,56,49,52,44,43,29,20,13,12,6,5,F,2011
E01010989,Calderdale 018A,737,32,37,29,38,59,55,36,44,50,49,62,48,45,39,26,30,29,18,11,F,2011
E01010990,Calderdale 018B,836,60,42,31,51,57,44,62,47,74,73,43,44,65,48,29,22,14,22,8,F,2011
E01010991,Calderdale 018C,791,45,31,57,34,44,32,55,43,53,62,66,50,61,50,35,31,26,7,9,F,2011
E01010992,Calderdale 018D,858,52,56,57,36,49,60,68,71,60,58,55,45,47,24,30,29,33,17,11,F,2011
E01010993,Calderdale 018E,877,65,61,53,72,49,62,54,64,72,71,56,40,43,28,37,19,23,5,3,F,2011
E01010875,Calderdale 019A,920,32,40,58,40,30,37,25,50,74,88,59,46,69,66,59,62,44,26,15,F,2011
E01010876,Calderdale 019B,827,38,43,42,45,32,35,39,54,76,69,69,40,72,41,44,36,24,16,12,F,2011
E01010877,Calderdale 019C,762,42,30,39,40,51,50,46,53,41,53,54,27,47,42,34,39,34,20,20,F,2011
E01010880,Calderdale 019D,766,48,45,38,57,46,43,54,45,63,53,44,37,55,41,24,28,23,11,11,F,2011
E01010949,Calderdale 019E,783,55,45,42,44,50,50,54,51,55,54,54,50,45,41,26,23,21,12,11,F,2011
E01010922,Calderdale 020A,995,76,50,62,70,53,38,63,91,80,88,78,71,51,43,25,21,11,14,10,F,2011
E01010956,Calderdale 020B,785,36,27,30,57,39,31,43,47,60,78,82,67,70,47,28,21,16,5,1,F,2011
E01010958,Calderdale 020C,806,52,40,49,52,38,34,35,37,56,52,57,48,55,43,41,43,33,24,17,F,2011
E01010959,Calderdale 020D,900,50,64,52,59,44,47,50,70,72,53,67,63,69,49,32,29,17,9,4,F,2011
E01010968,Calderdale 021A,947,48,35,62,44,27,50,54,53,80,85,65,52,65,50,30,30,41,47,29,F,2011
E01010971,Calderdale 021B,1010,72,63,56,51,32,52,58,64,106,72,59,56,65,47,55,37,34,17,14,F,2011
E01010972,Calderdale 021C,829,51,51,49,52,34,44,35,53,72,43,54,60,52,46,29,42,30,19,13,F,2011
E01010973,Calderdale 021D,869,49,41,32,39,41,29,48,52,64,67,71,56,66,52,49,44,38,23,8,F,2011
E01010884,Calderdale 022A,867,36,35,54,35,35,33,33,47,74,70,58,60,66,52,48,45,34,33,19,F,2011
E01010885,Calderdale 022B,737,37,32,38,33,30,31,39,47,63,62,56,52,65,42,26,26,26,17,15,F,2011
E01010886,Calderdale 022C,564,34,38,24,33,27,20,40,25,42,42,42,33,47,34,17,27,15,15,9,F,2011
E01010984,Calderdale 022D,641,43,39,30,44,49,42,61,38,57,42,42,42,36,23,20,13,14,2,4,F,2011
E01010946,Calderdale 023A,720,22,47,33,35,22,18,23,39,51,41,53,63,63,57,57,42,29,14,11,F,2011
E01010947,Calderdale 023B,749,39,51,33,46,21,19,36,64,61,65,44,62,51,58,38,20,28,7,6,F,2011
E01010950,Calderdale 023C,715,31,48,54,38,36,41,54,66,62,55,41,41,49,39,24,9,17,10,0,F,2011
E01010951,Calderdale 023D,784,47,34,46,34,38,46,46,67,61,47,49,39,53,37,32,30,29,20,29,F,2011
E01010891,Calderdale 024A,891,47,54,56,59,47,55,62,62,70,64,59,44,69,35,33,31,24,15,5,F,2011
E01010892,Calderdale 024B,975,68,68,48,58,58,46,54,88,99,83,76,56,66,37,30,18,11,7,4,F,2011
E01010895,Calderdale 024C,704,27,24,40,55,35,29,25,37,63,61,48,50,70,42,36,24,20,10,8,F,2011
E01010945,Calderdale 024D,822,50,39,45,37,48,43,40,54,58,68,62,60,76,64,31,23,12,10,2,F,2011
E01010948,Calderdale 024E,755,21,28,30,38,30,23,32,32,62,50,59,37,51,69,29,51,34,35,44,F,2011
E01010889,Calderdale 025A,905,56,46,41,59,60,62,67,40,59,48,54,54,59,38,55,28,33,26,20,F,2011
E01010890,Calderdale 025B,913,47,43,56,56,78,82,64,74,77,69,53,45,60,35,22,26,12,6,8,F,2011
E01010893,Calderdale 025C,749,33,35,39,50,41,45,50,47,40,64,49,35,43,34,43,35,24,25,17,F,2011
E01010894,Calderdale 025D,824,68,46,42,34,66,84,52,57,49,63,59,42,40,37,27,20,15,10,13,F,2011
E01010901,Calderdale 025E,876,29,73,44,43,38,53,44,44,64,60,56,55,68,63,38,55,26,15,8,F,2011
E01010903,Calderdale 025F,887,41,51,55,59,34,32,32,46,83,85,61,41,62,53,30,37,37,28,20,F,2011
E01010896,Calderdale 026A,826,48,51,49,39,33,35,36,77,67,73,67,77,63,32,29,26,10,12,2,F,2011
E01010897,Calderdale 026B,841,46,28,49,55,40,40,47,51,78,83,85,58,59,45,33,19,13,8,4,F,2011
E01010898,Calderdale 026C,822,50,47,36,47,50,63,60,57,73,50,57,53,44,33,27,26,23,16,10,F,2011
E01010899,Calderdale 026D,740,45,45,51,50,25,39,47,46,57,65,58,44,36,37,29,26,20,15,5,F,2011
E01010900,Calderdale 026E,809,36,37,50,42,27,32,39,48,63,74,74,57,79,44,33,23,19,20,12,F,2011
E01010902,Calderdale 026F,848,62,54,68,53,30,52,68,67,88,56,42,48,39,38,18,16,23,13,13,F,2011
E01010952,Calderdale 027A,833,38,51,45,39,41,42,34,45,63,82,71,41,64,51,36,24,32,23,11,F,2011
E01010953,Calderdale 027B,745,44,45,65,42,25,32,41,50,69,63,71,48,50,41,25,16,7,8,3,F,2011
E01010954,Calderdale 027C,1231,109,92,95,57,34,52,105,131,137,109,81,67,45,41,22,24,21,9,0,F,2011
E01010955,Calderdale 027D,712,29,32,52,78,25,23,42,42,69,72,57,57,48,27,28,16,6,9,0,F,2011
E01010957,Calderdale 027E,758,36,37,42,31,42,39,37,49,68,71,65,50,69,43,27,21,19,7,5,F,2011
E08000034,,214104,13997,12908,12949,13383,14183,13746,13564,13898,15649,15169,13509,11809,13103,10183,8201,6791,5506,3455,2101,F,2011
E01011051,Kirklees 001A,834,49,41,44,49,48,53,42,56,63,69,63,56,48,44,40,31,25,9,4,F,2011
E01011055,Kirklees 001B,631,31,27,44,30,31,23,39,42,50,55,46,43,41,36,38,25,18,4,8,F,2011
E01011056,Kirklees 001C,876,42,44,61,44,32,37,57,55,64,67,55,46,68,42,36,33,45,28,20,F,2011
E01011057,Kirklees 001D,704,35,42,30,29,37,52,43,50,54,49,51,40,51,32,40,36,15,12,6,F,2011
E01011058,Kirklees 001E,655,32,40,42,32,19,29,40,49,55,59,30,30,51,32,33,36,16,15,15,F,2011
E01011048,Kirklees 002A,859,28,32,34,39,55,59,36,46,56,48,54,59,62,53,48,34,49,37,30,F,2011
E01011049,Kirklees 002B,865,67,50,50,54,64,60,52,46,61,68,66,44,53,42,23,29,18,13,5,F,2011
E01011050,Kirklees 002C,751,34,37,39,41,34,38,40,48,52,63,54,51,74,51,41,27,13,10,4,F,2011
E01011052,Kirklees 002D,847,54,48,45,59,55,60,57,70,78,64,55,41,46,39,31,17,13,7,8,F,2011
E01011053,Kirklees 002E,735,45,34,26,36,36,46,54,37,58,63,48,49,73,46,44,22,12,3,3,F,2011
E01011059,Kirklees 002F,814,97,76,46,55,74,86,64,49,40,48,50,33,36,17,10,19,9,3,2,F,2011
E01011062,Kirklees 003A,848,56,55,54,36,60,55,50,51,77,69,59,51,48,41,28,28,17,6,7,F,2011
E01011064,Kirklees 003B,757,49,39,39,42,58,37,46,45,47,50,39,49,56,35,30,26,29,21,20,F,2011
E01011068,Kirklees 003C,858,33,47,56,49,36,47,50,58,81,70,66,47,55,59,32,34,23,10,5,F,2011
E01011069,Kirklees 003D,668,20,32,33,31,31,27,30,40,61,53,39,49,68,44,41,32,23,13,1,F,2011
E01011241,Kirklees 004A,861,53,45,40,48,35,32,55,59,63,84,63,57,75,35,33,26,13,20,25,F,2011
E01011242,Kirklees 004B,827,42,51,50,49,40,28,54,48,69,74,49,49,53,45,46,29,31,13,7,F,2011
E01011243,Kirklees 004C,848,43,40,41,32,54,41,40,62,69,69,55,70,66,51,42,34,24,10,5,F,2011
E01011244,Kirklees 004D,1017,80,61,62,56,63,76,82,87,92,74,64,54,49,37,36,18,12,9,5,F,2011
E01011060,Kirklees 005A,831,42,33,43,48,36,33,44,64,57,63,48,56,85,56,41,34,26,16,6,F,2011
E01011061,Kirklees 005B,850,58,39,43,45,71,68,48,57,70,62,34,37,39,40,35,34,30,16,24,F,2011
E01011063,Kirklees 005C,1045,65,57,44,41,71,80,101,72,80,68,58,52,50,47,55,39,36,17,12,F,2011
E01011065,Kirklees 005D,846,67,52,56,63,55,53,72,66,70,72,52,39,38,28,18,17,15,9,4,F,2011
E01011066,Kirklees 005E,765,41,27,43,46,46,42,37,37,65,70,46,42,62,40,45,28,30,14,4,F,2011
E01011027,Kirklees 006A,641,37,52,36,37,43,37,40,38,55,58,34,40,44,43,16,20,8,2,1,F,2011
E01011028,Kirklees 006B,741,43,44,39,48,48,60,53,44,62,57,44,36,42,29,28,22,12,17,13,F,2011
E01011030,Kirklees 006C,775,78,59,55,44,59,52,66,64,63,66,36,28,40,22,11,18,8,5,1,F,2011
E01011031,Kirklees 006D,824,51,33,34,46,52,39,43,45,52,56,67,48,67,48,49,38,36,17,3,F,2011
E01011054,Kirklees 006E,692,18,21,33,29,33,31,31,29,47,54,51,40,79,76,24,32,25,21,18,F,2011
E01011013,Kirklees 007A,808,43,37,47,36,32,45,39,37,57,43,42,43,67,54,53,47,37,19,30,F,2011
E01011014,Kirklees 007B,766,71,52,53,52,60,59,67,57,56,52,49,34,30,16,21,15,15,3,4,F,2011
E01011023,Kirklees 007C,820,57,59,55,49,45,57,69,62,50,60,47,33,55,47,22,22,21,7,3,F,2011
E01011024,Kirklees 007D,877,76,82,65,64,55,74,73,48,56,72,46,27,36,29,27,17,19,9,2,F,2011
E01011067,Kirklees 008A,807,37,38,46,55,37,22,40,44,64,68,64,70,72,56,31,26,14,12,11,F,2011
E01011247,Kirklees 008B,810,46,37,44,37,37,53,50,62,75,62,59,55,68,39,23,14,12,24,13,F,2011
E01011249,Kirklees 008C,803,58,47,51,37,33,48,48,55,65,47,61,41,67,53,30,24,22,10,6,F,2011
E01011251,Kirklees 008D,843,63,61,60,54,57,74,61,53,60,45,50,28,55,31,35,21,14,10,11,F,2011
E01011245,Kirklees 009A,786,50,50,56,46,51,38,32,46,66,70,46,48,58,40,35,20,18,10,6,F,2011
E01011246,Kirklees 009B,772,51,60,45,63,61,43,51,52,71,70,35,43,32,31,25,18,10,7,4,F,2011
E01011248,Kirklees 009C,763,30,35,34,43,33,39,46,59,54,46,59,43,43,68,40,37,30,19,5,F,2011
E01011250,Kirklees 009D,819,48,33,31,44,70,90,66,56,52,54,35,36,45,39,35,21,24,22,18,F,2011
E01011015,Kirklees 010A,838,67,66,61,62,66,68,63,42,40,38,33,38,41,28,34,38,22,19,12,F,2011
E01011029,Kirklees 010B,700,59,54,45,29,43,57,50,46,43,39,38,34,34,29,28,27,26,13,6,F,2011
E01011032,Kirklees 010C,823,87,67,59,69,59,80,51,36,60,44,46,32,28,24,21,19,20,15,6,F,2011
E01011034,Kirklees 010D,827,81,63,76,82,67,75,67,50,51,34,31,44,38,22,16,16,8,2,4,F,2011
E01011157,Kirklees 011A,845,72,65,63,62,60,86,70,58,55,49,49,30,34,25,23,26,12,6,0,F,2011
E01011161,Kirklees 011B,682,41,40,48,44,40,50,41,50,48,52,47,35,47,43,19,17,8,9,3,F,2011
E01011163,Kirklees 011C,709,48,50,47,40,32,48,41,36,67,38,46,38,51,27,26,31,26,14,3,F,2011
E01011164,Kirklees 011D,872,58,51,54,54,42,43,52,55,60,59,65,44,57,56,49,29,22,16,6,F,2011
E01011165,Kirklees 011E,914,105,69,53,71,71,96,75,57,65,43,54,36,36,26,17,11,16,13,0,F,2011
E01011166,Kirklees 011F,790,58,64,43,46,49,61,41,58,61,52,56,42,38,31,25,23,27,10,5,F,2011
E01011167,Kirklees 011G,985,87,72,61,68,66,77,60,55,62,54,42,45,38,22,46,47,24,34,25,F,2011
E01011033,Kirklees 012A,834,71,47,34,50,63,81,56,47,54,58,60,49,50,31,31,22,14,9,7,F,2011
E01011035,Kirklees 012B,811,66,83,79,67,60,66,62,64,52,33,40,35,28,21,19,22,5,6,3,F,2011
E01011036,Kirklees 012C,870,86,87,75,71,43,82,68,60,58,46,33,35,35,24,20,20,14,11,2,F,2011
E01011037,Kirklees 012D,1070,106,96,70,69,69,122,103,75,68,48,57,41,37,41,27,20,11,7,3,F,2011
E01011016,Kirklees 013A,773,73,50,58,63,66,74,60,34,42,46,51,42,38,20,25,15,8,3,5,F,2011
E01011017,Kirklees 013B,840,48,75,72,84,81,72,54,58,59,39,48,45,33,18,23,19,4,4,4,F,2011
E01011018,Kirklees 013C,766,67,71,75,68,75,48,62,71,50,28,38,23,35,18,13,7,6,8,3,F,2011
E01011019,Kirklees 013D,853,51,48,69,70,85,55,51,58,58,52,61,47,48,29,31,23,6,6,5,F,2011
E01011020,Kirklees 013E,663,66,59,69,49,50,79,57,43,42,31,25,30,17,9,17,7,10,2,1,F,2011
E01011021,Kirklees 014A,812,51,39,32,43,45,40,52,65,75,66,55,44,49,49,42,24,25,10,6,F,2011
E01011022,Kirklees 014B,737,39,41,46,40,44,40,33,49,50,69,48,49,43,37,28,34,28,15,4,F,2011
E01011126,Kirklees 014C,790,51,32,43,40,50,43,43,42,51,55,49,60,49,49,42,32,32,19,8,F,2011
E01011127,Kirklees 014D,707,40,38,43,42,37,34,37,44,51,68,49,46,45,44,31,23,19,11,5,F,2011
E01011156,Kirklees 015A,790,45,39,47,49,36,29,25,56,58,58,47,57,66,48,45,34,33,13,5,F,2011
E01011158,Kirklees 015B,922,63,48,50,59,68,64,75,64,55,76,52,42,50,43,30,24,21,15,23,F,2011
E01011159,Kirklees 015C,884,45,41,60,52,32,40,48,46,87,71,56,63,64,56,44,35,22,14,8,F,2011
E01011160,Kirklees 015D,705,42,40,43,48,31,30,48,44,70,55,66,50,51,37,24,12,7,4,3,F,2011
E01011162,Kirklees 015E,751,41,31,27,32,21,41,31,52,47,63,56,51,68,52,48,37,27,20,6,F,2011
E01011025,Kirklees 016A,780,72,69,64,58,51,70,58,53,48,46,56,37,35,21,15,6,15,3,3,F,2011
E01011026,Kirklees 016B,765,58,44,59,47,49,79,64,43,49,31,51,29,34,30,29,25,18,15,11,F,2011
E01011136,Kirklees 016C,751,62,68,42,42,60,61,78,45,41,45,33,26,33,32,22,18,22,13,8,F,2011
E01011137,Kirklees 016D,803,75,64,49,50,57,62,61,61,65,63,43,37,40,23,13,19,14,3,4,F,2011
E01011128,Kirklees 017A,973,80,73,74,55,92,126,106,73,51,42,28,38,40,33,23,17,9,8,5,F,2011
E01011130,Kirklees 017B,998,86,39,60,65,73,82,65,59,51,56,59,38,42,37,37,32,44,39,34,F,2011
E01033542,Kirklees 017E,1393,86,115,107,113,105,90,104,90,89,92,73,66,62,41,41,35,29,32,23,F,2011
E01011121,Kirklees 018A,748,66,43,42,57,70,62,49,50,50,58,61,39,37,27,13,10,10,3,1,F,2011
E01011122,Kirklees 018B,745,63,72,68,72,52,57,48,54,47,55,37,43,20,25,15,12,3,1,1,F,2011
E01011123,Kirklees 018C,828,56,48,51,42,59,43,57,44,67,45,41,35,40,40,40,28,37,21,34,F,2011
E01011124,Kirklees 018D,927,65,44,53,50,62,81,67,76,72,70,43,60,47,37,29,22,26,12,11,F,2011
E01011125,Kirklees 018E,791,38,35,47,59,37,48,53,47,70,53,46,41,49,43,36,35,29,19,6,F,2011
E01011129,Kirklees 018F,718,42,47,51,56,51,44,41,49,58,64,47,33,44,24,24,16,13,11,3,F,2011
E01011138,Kirklees 019A,844,114,77,59,73,72,68,51,53,67,48,43,28,29,20,15,12,8,4,3,F,2011
E01011139,Kirklees 019B,726,63,60,66,61,53,51,46,55,45,44,52,26,31,26,18,16,9,4,0,F,2011
E01011140,Kirklees 019C,833,97,87,99,59,63,71,78,63,48,27,34,36,22,15,12,11,7,0,4,F,2011
E01011141,Kirklees 019D,888,93,89,80,69,78,66,73,81,52,46,36,30,13,15,18,17,14,9,9,F,2011
E01011132,Kirklees 020A,753,36,41,60,50,30,16,29,44,60,62,57,47,51,63,47,24,25,9,2,F,2011
E01011142,Kirklees 020B,783,38,25,34,53,47,51,52,31,48,75,45,56,68,38,40,37,19,21,5,F,2011
E01011217,Kirklees 020C,848,29,30,39,36,29,24,32,44,35,58,81,66,88,85,62,42,35,25,8,F,2011
E01011218,Kirklees 020D,848,50,46,49,39,37,47,33,57,75,52,51,52,66,58,44,41,26,16,9,F,2011
E01011216,Kirklees 021A,751,44,30,48,33,33,34,33,50,49,62,48,50,55,47,38,33,24,23,17,F,2011
E01011219,Kirklees 021B,793,34,30,36,45,49,32,38,36,59,69,63,60,75,68,25,33,19,14,8,F,2011
E01011220,Kirklees 021C,931,70,63,65,68,65,67,61,60,77,62,45,52,47,40,30,17,20,16,6,F,2011
E01011221,Kirklees 021D,910,39,60,61,50,48,33,40,64,78,62,54,51,83,58,35,37,28,21,8,F,2011
E01011046,Kirklees 022A,669,27,32,34,40,26,29,20,24,52,51,74,64,48,51,27,22,23,17,8,F,2011
E01011100,Kirklees 022B,786,40,42,37,48,34,44,59,53,48,50,63,41,50,38,40,25,33,33,8,F,2011
E01011102,Kirklees 022C,710,34,60,44,50,38,44,43,33,72,65,66,45,39,24,21,16,11,4,1,F,2011
E01011108,Kirklees 022D,744,36,29,38,37,52,51,52,53,47,67,54,54,45,44,22,29,19,11,4,F,2011
E01011133,Kirklees 023A,729,60,74,99,65,44,56,64,50,47,31,23,27,23,9,14,19,13,5,6,F,2011
E01011134,Kirklees 023B,1010,114,135,98,98,75,107,88,79,60,38,32,24,16,14,9,5,9,7,2,F,2011
E01011143,Kirklees 023C,822,102,87,77,58,56,97,74,52,46,35,34,23,22,13,15,11,11,7,2,F,2011
E01011144,Kirklees 023D,758,87,80,62,59,63,81,57,45,35,32,35,27,19,15,13,20,17,5,6,F,2011
E01011260,Kirklees 023E,667,60,61,51,34,34,63,62,46,45,28,39,25,33,20,22,13,20,6,5,F,2011
E01011257,Kirklees 024A,1103,93,89,89,82,112,110,85,70,58,57,57,65,44,26,30,24,8,2,2,F,2011
E01011258,Kirklees 024B,922,67,58,75,90,97,90,58,42,66,51,62,51,46,23,17,16,6,5,2,F,2011
E01011259,Kirklees 024C,859,60,77,61,67,78,73,63,58,52,51,59,38,25,24,21,25,17,7,3,F,2011
E01011261,Kirklees 024D,715,82,96,81,45,37,61,78,64,43,21,21,19,18,11,8,10,7,11,2,F,2011
E01011262,Kirklees 024E,843,79,88,89,85,50,48,64,74,65,41,27,22,29,30,20,12,9,10,1,F,2011
E01011263,Kirklees 024F,829,66,60,59,42,46,70,61,59,56,55,52,45,38,39,27,15,14,13,12,F,2011
E01011101,Kirklees 025A,913,104,72,70,81,79,85,76,68,56,57,33,34,23,22,23,21,7,1,1,F,2011
E01011103,Kirklees 025B,702,45,38,39,34,55,64,37,41,54,60,36,45,38,33,32,22,20,6,3,F,2011
E01011104,Kirklees 025C,861,54,37,52,66,53,45,56,48,78,56,51,47,55,49,32,33,30,13,6,F,2011
E01011105,Kirklees 025D,1093,122,89,91,68,70,103,120,89,66,77,40,32,31,29,31,14,13,6,2,F,2011
E01011212,Kirklees 026A,874,42,43,35,40,32,39,43,48,68,51,44,56,73,53,58,53,39,39,18,F,2011
E01011213,Kirklees 026B,812,31,46,53,48,24,27,22,38,76,56,47,51,73,69,56,35,40,14,6,F,2011
E01011214,Kirklees 026C,788,39,48,50,44,30,51,45,51,75,67,44,55,59,33,38,26,19,9,5,F,2011
E01011215,Kirklees 026D,1011,42,50,44,51,64,78,53,63,75,69,55,61,63,67,41,48,39,33,15,F,2011
E01011039,Kirklees 027A,920,54,51,63,60,54,59,76,39,57,46,49,49,59,56,50,49,33,11,5,F,2011
E01011042,Kirklees 027B,783,47,52,35,52,36,43,50,78,51,60,65,56,50,24,29,28,15,8,4,F,2011
E01011047,Kirklees 027C,797,33,36,42,41,32,27,32,37,55,58,64,64,68,52,40,48,35,28,5,F,2011
E01011210,Kirklees 027D,968,64,65,51,61,53,57,66,71,77,77,72,68,57,42,26,32,19,7,3,F,2011
E01011252,Kirklees 028A,582,16,17,30,40,29,14,20,22,49,60,56,50,56,41,31,21,18,6,6,F,2011
E01011253,Kirklees 028B,675,41,50,49,47,37,39,32,43,39,48,53,31,44,40,33,17,15,9,8,F,2011
E01011254,Kirklees 028C,764,22,26,36,34,23,33,29,33,52,55,73,56,70,57,60,34,29,24,18,F,2011
E01011255,Kirklees 028D,772,57,35,57,78,70,45,44,40,57,70,46,26,48,23,26,18,22,8,2,F,2011
E01011256,Kirklees 028E,677,44,37,43,36,46,39,36,35,57,62,36,43,40,32,26,29,21,11,4,F,2011
E01011038,Kirklees 029A,920,81,74,68,63,66,72,64,61,56,47,30,35,35,27,31,28,32,25,25,F,2011
E01011041,Kirklees 029B,772,52,46,55,33,53,61,61,55,66,50,52,29,32,22,21,25,28,12,19,F,2011
E01011106,Kirklees 029C,760,69,44,48,59,70,68,57,43,48,68,43,25,29,31,21,13,12,6,6,F,2011
E01011107,Kirklees 029D,756,65,52,41,53,146,74,74,35,43,40,34,18,28,20,14,8,4,4,3,F,2011
E01011201,Kirklees 030A,918,53,39,41,33,47,71,66,66,64,55,55,47,53,40,41,57,51,22,17,F,2011
E01011203,Kirklees 030B,945,58,57,63,60,39,36,53,52,80,91,78,50,47,39,42,45,26,21,8,F,2011
E01011209,Kirklees 030C,806,41,44,45,57,33,34,31,56,61,64,51,55,35,55,52,45,33,10,4,F,2011
E01011211,Kirklees 030D,825,37,46,44,41,32,26,47,65,46,51,56,64,69,62,38,45,32,17,7,F,2011
E01011040,Kirklees 031A,942,97,70,71,57,110,80,86,78,68,43,56,31,24,14,20,13,18,5,1,F,2011
E01011043,Kirklees 031B,1115,93,68,74,82,136,131,89,87,70,49,56,42,35,20,32,22,18,7,4,F,2011
E01011044,Kirklees 031C,771,62,55,51,48,48,78,72,51,44,50,47,35,35,22,29,15,19,8,2,F,2011
E01011045,Kirklees 031D,864,74,68,72,55,74,75,67,65,56,35,30,49,43,25,28,16,20,7,5,F,2011
E01011089,Kirklees 032A,706,33,45,42,39,34,45,38,38,46,51,53,39,45,40,40,31,23,14,10,F,2011
E01011091,Kirklees 032B,747,36,45,54,47,36,40,36,51,68,62,49,53,57,43,27,22,13,5,3,F,2011
E01011092,Kirklees 032C,648,26,25,25,29,25,21,25,31,42,50,64,52,71,48,41,35,21,12,5,F,2011
E01011200,Kirklees 032D,1186,116,71,58,61,59,81,112,107,114,89,75,56,60,32,27,22,16,18,12,F,2011
E01011204,Kirklees 033A,763,44,37,40,46,32,18,32,42,55,52,51,51,60,47,39,40,30,31,16,F,2011
E01011206,Kirklees 033B,873,42,41,53,56,55,61,57,57,74,74,48,47,48,41,27,26,29,25,12,F,2011
E01011208,Kirklees 033C,834,55,42,36,53,60,76,73,66,49,62,50,42,40,34,31,21,27,8,9,F,2011
E01011240,Kirklees 033D,937,65,49,58,48,52,76,64,59,84,68,49,39,46,43,34,38,23,24,18,F,2011
E01011231,Kirklees 034A,796,56,34,36,41,63,69,62,52,46,47,44,37,44,33,41,39,20,23,9,F,2011
E01011236,Kirklees 034B,730,54,31,27,38,195,91,61,33,29,38,29,27,23,14,12,19,5,3,1,F,2011
E01011238,Kirklees 034C,793,30,33,37,43,84,59,52,42,49,52,53,33,37,41,27,28,34,30,29,F,2011
E01011239,Kirklees 034D,823,53,49,40,50,65,57,68,48,56,50,61,51,44,36,20,23,32,11,9,F,2011
E01011093,Kirklees 035A,743,59,58,41,57,64,62,59,42,43,52,52,44,29,18,17,20,18,7,1,F,2011
E01011094,Kirklees 035B,827,47,57,61,80,42,50,38,59,60,56,55,36,29,37,36,29,29,12,14,F,2011
E01011096,Kirklees 035C,830,51,42,50,49,59,62,42,56,53,60,60,43,61,30,34,27,24,16,11,F,2011
E01011098,Kirklees 035D,709,52,34,25,41,115,71,53,41,43,54,38,33,29,17,19,18,17,5,4,F,2011
E01011146,Kirklees 036A,782,32,34,46,46,47,34,44,48,60,84,78,59,51,34,25,23,20,11,6,F,2011
E01011151,Kirklees 036B,818,44,44,49,58,35,23,35,55,75,79,80,67,61,50,23,19,12,6,3,F,2011
E01011202,Kirklees 036C,823,37,36,43,51,36,40,38,33,55,68,72,49,53,55,47,44,37,19,10,F,2011
E01011205,Kirklees 036D,825,27,39,55,54,44,40,47,54,65,70,77,67,56,37,29,27,21,10,6,F,2011
E01011090,Kirklees 037A,788,49,49,28,49,41,55,50,48,62,61,62,44,47,29,34,34,21,18,7,F,2011
E01011095,Kirklees 037B,728,34,33,32,42,28,43,39,46,51,60,45,47,41,57,42,47,25,10,6,F,2011
E01011097,Kirklees 037C,805,33,41,47,62,51,42,44,59,62,68,58,43,49,41,30,27,18,18,12,F,2011
E01011099,Kirklees 037D,745,40,32,41,43,34,44,32,57,63,64,47,38,50,50,45,30,21,9,5,F,2011
E01011150,Kirklees 038A,825,62,44,46,50,53,58,57,65,67,55,51,54,33,37,26,22,25,10,10,F,2011
E01011155,Kirklees 038B,925,75,43,39,31,46,82,79,88,74,58,58,46,70,46,32,25,21,9,3,F,2011
E01011207,Kirklees 038C,775,33,51,50,43,27,30,45,48,61,70,48,38,45,66,41,31,25,16,7,F,2011
E01011234,Kirklees 038D,768,49,36,52,54,56,50,56,53,57,66,44,46,35,38,26,21,12,14,3,F,2011
E01011232,Kirklees 039A,816,55,46,44,57,93,73,46,42,54,35,43,35,45,34,22,29,30,22,11,F,2011
E01011233,Kirklees 039B,855,86,71,44,37,43,57,76,70,69,62,47,29,38,26,27,29,20,14,10,F,2011
E01011235,Kirklees 039C,801,42,34,22,38,174,85,46,44,26,41,27,36,43,38,30,24,26,14,11,F,2011
E01011237,Kirklees 039D,844,94,64,49,55,84,83,55,62,47,55,40,28,25,22,27,21,18,14,1,F,2011
E01011004,Kirklees 040A,725,39,40,34,34,44,37,39,37,44,46,46,30,51,59,36,44,30,25,10,F,2011
E01011006,Kirklees 040B,819,39,35,48,49,60,43,50,57,56,46,49,41,53,48,31,29,36,33,16,F,2011
E01011008,Kirklees 040C,739,48,34,33,38,115,67,60,61,55,55,36,30,33,22,21,8,14,2,7,F,2011
E01011012,Kirklees 040D,864,69,50,49,43,72,83,67,58,60,64,48,33,34,24,46,22,27,11,4,F,2011
E01011145,Kirklees 041A,764,50,31,41,43,38,45,47,44,65,61,50,54,69,37,30,15,26,12,6,F,2011
E01011147,Kirklees 041B,777,51,42,39,44,43,53,52,57,60,67,57,47,51,29,17,20,24,23,1,F,2011
E01011148,Kirklees 041C,866,64,48,49,62,56,57,39,56,57,62,62,34,52,36,43,27,33,19,10,F,2011
E01011152,Kirklees 041D,863,52,45,45,48,56,58,72,70,82,70,55,47,52,33,20,11,22,13,12,F,2011
E01011007,Kirklees 042A,690,35,31,33,30,115,54,48,35,57,47,50,38,28,32,20,15,12,5,5,F,2011
E01011223,Kirklees 042B,1048,92,56,58,91,149,87,84,73,45,56,43,50,40,29,24,22,24,15,10,F,2011
E01011225,Kirklees 042C,900,66,48,42,49,182,80,73,51,56,49,38,42,28,32,20,14,13,8,9,F,2011
E01011229,Kirklees 042D,1308,29,33,27,185,595,106,46,46,39,32,27,27,24,24,16,21,14,12,5,F,2011
E01011080,Kirklees 043A,961,100,78,51,60,90,103,112,63,56,44,40,38,30,26,20,22,19,8,1,F,2011
E01011081,Kirklees 043B,839,67,71,52,56,66,78,71,57,39,58,47,48,27,23,24,20,14,10,11,F,2011
E01011082,Kirklees 043C,864,98,86,69,86,79,92,78,53,54,37,39,27,18,13,13,13,8,1,0,F,2011
E01011230,Kirklees 043D,1008,120,112,87,85,86,90,97,66,60,40,31,30,18,16,30,19,11,8,2,F,2011
E01011005,Kirklees 044A,773,25,29,32,46,36,34,40,34,51,63,44,45,76,58,55,46,32,17,10,F,2011
E01011009,Kirklees 044B,697,26,29,35,48,43,28,26,37,56,52,50,48,50,54,41,26,21,19,8,F,2011
E01011010,Kirklees 044C,836,59,64,69,47,58,50,62,53,67,55,41,40,46,36,20,29,21,13,6,F,2011
E01011011,Kirklees 044D,792,30,26,50,37,23,26,33,49,60,68,65,50,61,60,52,40,36,20,6,F,2011
E01011077,Kirklees 045A,799,54,41,27,52,65,64,67,55,57,63,60,41,43,21,27,19,19,13,11,F,2011
E01011149,Kirklees 045B,938,74,44,43,46,94,118,87,57,70,69,62,37,41,32,20,14,14,12,4,F,2011
E01011153,Kirklees 045C,855,44,43,45,40,76,66,65,57,62,61,45,39,44,43,43,29,27,16,10,F,2011
E01011154,Kirklees 045D,821,51,63,55,48,46,69,67,55,69,63,55,28,58,29,17,19,19,2,8,F,2011
E01011191,Kirklees 046A,802,39,35,35,50,28,36,42,38,79,60,57,56,69,35,44,46,31,14,8,F,2011
E01011192,Kirklees 046B,825,51,47,44,43,38,48,42,47,66,52,56,42,69,53,39,27,29,21,11,F,2011
E01011193,Kirklees 046C,980,71,62,64,40,33,41,75,76,96,76,65,64,64,52,38,25,13,17,8,F,2011
E01011194,Kirklees 046D,710,26,41,30,30,26,12,29,38,50,50,49,39,87,67,53,29,29,17,8,F,2011
E01011079,Kirklees 047A,958,75,65,55,63,75,66,68,63,66,60,66,35,52,44,29,30,32,8,6,F,2011
E01011083,Kirklees 047B,911,59,56,64,47,54,57,41,69,64,70,62,53,51,33,37,47,32,11,4,F,2011
E01011084,Kirklees 047C,976,107,111,85,78,64,100,81,73,55,63,42,27,30,16,15,11,11,5,2,F,2011
E01011085,Kirklees 047D,839,53,37,57,39,32,44,45,52,50,61,56,47,64,53,43,45,36,17,8,F,2011
E01011224,Kirklees 048A,926,61,53,36,52,94,77,60,59,56,57,51,34,56,42,23,38,29,20,28,F,2011
E01011226,Kirklees 048B,791,40,35,36,50,47,37,31,55,57,60,52,46,66,48,44,34,26,18,9,F,2011
E01011227,Kirklees 048C,828,36,36,35,47,48,59,43,47,54,57,49,40,65,56,37,36,37,34,12,F,2011
E01011228,Kirklees 048D,764,24,45,33,38,48,38,33,56,67,51,59,51,75,44,34,24,24,13,7,F,2011
E01011071,Kirklees 049A,817,56,34,46,41,35,46,40,53,61,75,62,54,58,53,34,28,25,10,6,F,2011
E01011072,Kirklees 049B,814,56,40,59,37,41,50,45,74,73,72,58,42,54,33,19,19,26,8,8,F,2011
E01011073,Kirklees 049C,755,50,41,43,44,49,50,52,40,72,57,39,31,44,36,37,23,25,12,10,F,2011
E01011078,Kirklees 049D,900,68,61,47,28,36,44,103,76,62,59,54,50,44,37,36,30,22,21,22,F,2011
E01011086,Kirklees 050A,832,30,38,36,30,24,34,38,46,49,64,54,63,76,62,74,55,34,23,2,F,2011
E01011087,Kirklees 050B,812,46,32,45,35,45,50,50,37,59,52,60,50,44,42,57,41,31,23,13,F,2011
E01011088,Kirklees 050C,743,29,21,43,29,27,23,26,29,51,63,73,61,62,57,47,40,28,28,6,F,2011
E01011222,Kirklees 050D,844,57,33,31,36,72,68,64,60,60,54,60,50,61,41,36,18,28,9,6,F,2011
E01011190,Kirklees 051A,820,37,30,41,44,39,44,36,45,52,69,69,62,82,56,38,36,21,14,5,F,2011
E01011195,Kirklees 051B,1089,23,33,24,350,234,21,23,35,39,41,35,54,56,37,32,25,19,3,5,F,2011
E01011196,Kirklees 051C,929,61,50,55,50,32,35,53,68,73,78,85,69,74,54,34,27,18,8,5,F,2011
E01011197,Kirklees 051D,812,43,33,39,57,33,40,40,54,54,66,57,55,69,46,33,22,31,17,23,F,2011
E01011070,Kirklees 052A,796,42,50,53,45,24,27,35,52,69,75,66,72,55,45,34,21,22,8,1,F,2011
E01011074,Kirklees 052B,996,76,54,50,49,43,62,78,87,60,73,81,53,70,34,47,36,24,13,6,F,2011
E01011075,Kirklees 052C,740,42,35,44,24,35,29,42,39,63,62,56,51,61,47,32,30,21,10,17,F,2011
E01011076,Kirklees 052D,757,51,34,54,41,34,31,46,50,54,55,52,52,75,45,29,18,20,9,7,F,2011
E01011169,Kirklees 053A,721,39,25,49,30,22,24,32,46,46,66,60,69,65,50,37,27,20,9,5,F,2011
E01011170,Kirklees 053B,913,47,51,55,52,25,33,44,74,82,79,57,69,85,56,28,31,26,14,5,F,2011
E01011171,Kirklees 053C,687,43,39,27,43,36,42,44,50,62,47,37,55,48,32,28,21,17,13,3,F,2011
E01011172,Kirklees 053D,558,24,35,25,21,21,37,22,21,32,42,34,17,30,28,41,29,39,39,21,F,2011
E01011173,Kirklees 053E,683,30,64,39,46,15,17,28,52,52,62,39,40,49,54,32,36,20,5,3,F,2011
E01011176,Kirklees 053F,734,43,37,54,45,40,36,32,48,58,65,49,51,47,46,32,19,15,11,6,F,2011
E01011109,Kirklees 054A,889,49,48,58,53,39,46,63,70,69,81,55,62,69,44,33,21,17,6,6,F,2011
E01011113,Kirklees 054B,863,45,37,47,40,48,41,40,55,59,66,56,56,91,60,52,33,21,8,8,F,2011
E01011114,Kirklees 054C,807,36,31,49,41,28,28,50,41,61,54,52,47,66,59,38,37,33,37,19,F,2011
E01011119,Kirklees 054D,762,32,29,50,40,17,19,39,49,78,52,44,50,79,61,33,37,20,25,8,F,2011
E01011168,Kirklees 055A,855,35,49,48,59,29,42,32,59,62,61,60,55,73,45,48,45,28,16,9,F,2011
E01011174,Kirklees 055B,942,33,54,53,48,38,18,35,64,59,89,96,66,84,54,33,36,22,32,28,F,2011
E01011175,Kirklees 055C,731,44,56,48,52,42,51,32,49,65,46,52,45,44,35,20,19,15,13,3,F,2011
E01011177,Kirklees 055D,914,42,51,48,41,42,42,41,58,73,72,75,64,83,59,38,33,25,13,14,F,2011
E01011178,Kirklees 055E,952,61,46,53,56,48,52,38,69,74,78,58,51,59,44,45,29,38,27,26,F,2011
E01011118,Kirklees 056A,801,46,50,51,46,34,33,39,75,75,91,53,43,57,36,22,20,15,9,6,F,2011
E01011120,Kirklees 056B,791,46,57,47,59,36,25,36,72,76,76,55,39,56,41,26,22,13,5,4,F,2011
E01011198,Kirklees 056C,826,52,67,45,39,31,18,46,53,70,58,51,67,77,55,29,32,14,13,9,F,2011
E01011199,Kirklees 056D,777,41,53,48,58,21,24,46,52,63,57,61,48,55,55,28,23,21,14,9,F,2011
E01011110,Kirklees 057A,666,42,33,44,28,33,22,27,37,57,56,51,50,63,44,35,22,14,4,4,F,2011
E01011111,Kirklees 057B,834,42,45,37,50,35,41,36,54,75,80,51,49,52,45,42,20,33,23,24,F,2011
E01011112,Kirklees 057C,840,55,59,52,46,41,33,45,53,64,65,67,56,61,48,30,25,20,13,7,F,2011
E01011115,Kirklees 057D,909,54,56,51,32,39,38,49,58,80,84,62,62,74,66,43,22,22,11,6,F,2011
E01011116,Kirklees 057E,834,34,40,45,42,35,32,43,50,85,59,63,60,83,59,42,25,18,14,5,F,2011
E01011117,Kirklees 057F,902,51,49,48,51,29,35,46,65,92,57,58,59,85,62,39,33,24,14,5,F,2011
E01011180,Kirklees 058A,970,40,66,57,64,46,39,47,48,96,76,80,81,68,55,37,31,18,8,13,F,2011
E01011182,Kirklees 058B,858,47,43,52,45,24,28,45,64,83,76,65,75,68,53,21,23,24,13,9,F,2011
E01011186,Kirklees 058C,806,24,35,38,45,39,25,30,36,57,75,61,62,53,46,49,42,32,34,23,F,2011
E01011188,Kirklees 058D,871,37,53,56,52,24,24,29,58,75,81,74,58,63,57,38,30,25,21,16,F,2011
E01011179,Kirklees 059A,883,39,43,67,52,25,35,37,69,69,81,88,64,69,48,45,19,13,12,8,F,2011
E01011181,Kirklees 059B,888,48,52,44,51,22,44,58,76,87,79,72,62,67,47,24,18,15,12,10,F,2011
E01011183,Kirklees 059C,1005,68,54,68,65,40,27,62,73,104,106,91,74,66,37,28,22,8,9,3,F,2011
E01011184,Kirklees 059D,744,37,41,57,48,27,32,27,53,75,53,62,48,53,43,27,34,14,7,6,F,2011
E01011185,Kirklees 059E,799,52,49,40,40,33,26,40,55,75,62,67,43,60,59,22,27,18,24,7,F,2011
E01011187,Kirklees 059F,906,59,60,62,55,43,27,35,44,89,80,74,75,73,45,37,17,17,10,4,F,2011
E01011189,Kirklees 059G,821,42,43,49,31,24,28,32,51,60,77,62,67,90,59,37,24,22,12,11,F,2011
E08000035,,382663,23618,19936,19595,25644,36567,29982,26705,24646,26139,25344,22453,19352,20535,15907,14046,12499,9818,6188,3689,F,2011
E01011698,Leeds 001A,766,31,42,39,41,33,23,38,48,65,60,56,51,79,54,46,24,18,12,6,F,2011
E01011699,Leeds 001B,692,27,44,29,33,34,23,42,29,45,52,58,52,54,68,41,36,17,7,1,F,2011
E01011701,Leeds 001C,656,31,33,43,46,15,14,25,44,51,69,50,37,56,38,29,27,25,15,8,F,2011
E01011702,Leeds 001D,605,22,27,44,33,18,12,20,31,44,44,49,48,55,49,37,32,21,13,6,F,2011
E01011703,Leeds 001E,673,17,18,42,43,11,18,15,22,40,51,51,53,82,68,49,46,16,19,12,F,2011
E01011697,Leeds 002A,662,29,40,37,22,25,22,27,55,53,56,58,47,53,42,35,22,17,12,10,F,2011
E01011700,Leeds 002B,611,28,25,21,26,30,22,29,28,36,46,50,32,52,43,50,34,24,21,14,F,2011
E01011704,Leeds 002C,930,42,31,24,27,34,56,46,62,48,56,46,47,69,62,64,72,69,44,31,F,2011
E01011705,Leeds 002D,744,33,40,44,45,29,34,48,47,65,42,36,48,34,49,39,50,37,15,9,F,2011
E01011581,Leeds 003A,761,36,29,50,26,29,28,36,37,59,57,49,60,71,57,55,32,24,16,10,F,2011
E01011582,Leeds 003B,869,61,48,48,56,33,50,48,55,55,55,53,59,44,42,44,42,42,22,12,F,2011
E01011583,Leeds 003C,770,28,53,39,50,36,27,39,40,65,79,48,57,66,38,38,23,17,17,10,F,2011
E01011584,Leeds 003D,659,25,50,35,51,13,16,31,24,65,52,44,39,57,41,39,35,24,13,5,F,2011
E01011569,Leeds 004A,825,41,33,36,35,44,42,58,46,63,82,62,63,50,38,47,30,29,15,11,F,2011
E01011571,Leeds 004B,847,42,26,42,45,30,23,50,53,60,70,73,58,67,55,34,36,30,34,19,F,2011
E01011572,Leeds 004C,901,52,39,44,45,32,55,54,74,77,87,67,68,69,44,28,31,18,14,3,F,2011
E01011573,Leeds 004D,688,30,39,35,49,28,29,41,41,69,51,48,51,53,37,25,17,18,18,9,F,2011
E01011574,Leeds 004E,762,54,25,32,24,17,31,40,40,58,48,34,39,59,51,38,46,50,34,42,F,2011
E01011707,Leeds 005A,719,35,43,30,33,21,16,36,45,57,36,43,46,64,64,59,33,27,25,6,F,2011
E01011709,Leeds 005B,838,42,57,41,32,31,22,29,55,64,59,53,36,79,67,57,32,33,26,23,F,2011
E01011710,Leeds 005C,733,52,41,30,31,16,39,47,66,54,50,57,62,47,33,31,41,15,13,8,F,2011
E01011711,Leeds 005D,737,41,43,29,29,20,17,30,50,55,50,46,49,68,61,41,31,40,19,18,F,2011
E01011712,Leeds 005E,714,34,32,32,43,29,36,35,49,58,56,54,60,62,42,32,25,23,8,4,F,2011
E01011561,Leeds 006A,630,21,30,36,43,18,21,27,37,57,59,57,55,51,30,29,22,22,6,9,F,2011
E01011696,Leeds 006B,770,29,34,48,42,26,14,19,38,58,57,46,62,65,56,45,52,43,25,11,F,2011
E01011706,Leeds 006C,769,40,46,52,50,17,26,28,51,57,62,56,51,62,56,35,30,26,15,9,F,2011
E01011708,Leeds 006D,763,23,44,36,52,23,28,25,49,58,78,59,60,76,44,45,24,19,10,10,F,2011
E01011713,Leeds 006E,920,57,79,50,50,26,37,43,63,75,68,72,62,66,61,48,25,15,16,7,F,2011
E01011570,Leeds 007A,1125,74,59,79,52,28,37,63,98,114,96,76,60,82,52,53,48,26,18,10,F,2011
E01011576,Leeds 007C,737,19,22,49,56,19,13,27,39,37,80,69,53,57,44,41,37,31,21,23,F,2011
E01032503,Leeds 007E,732,36,37,56,47,18,16,20,51,64,61,54,54,64,45,34,40,20,10,5,F,2011
E01032504,Leeds 007F,823,44,34,44,49,14,16,26,45,67,69,54,51,64,61,53,52,46,20,14,F,2011
E01011266,Leeds 008A,1006,59,43,49,68,66,84,72,83,76,93,73,49,62,38,32,23,19,13,4,F,2011
E01011270,Leeds 008B,821,37,49,60,52,19,19,20,39,68,62,72,56,78,53,60,47,21,8,1,F,2011
E01011279,Leeds 008C,705,42,40,36,31,19,32,49,51,56,42,51,41,43,42,28,32,29,20,21,F,2011
E01011280,Leeds 008D,898,51,49,56,52,47,50,60,63,76,70,64,56,53,56,31,35,18,10,1,F,2011
E01011265,Leeds 009A,851,42,38,41,37,48,67,56,69,43,58,44,37,45,25,37,48,57,36,23,F,2011
E01011267,Leeds 009B,763,43,51,31,42,25,45,54,66,54,39,36,37,59,38,38,34,38,18,15,F,2011
E01011271,Leeds 009C,1101,84,64,62,51,35,63,69,89,93,89,61,68,78,55,45,37,32,17,9,F,2011
E01011272,Leeds 009D,754,43,48,40,42,33,33,50,56,67,57,58,62,62,42,23,20,7,5,6,F,2011
E01011268,Leeds 010A,697,40,41,42,48,32,53,54,47,61,49,46,39,30,27,32,29,17,7,3,F,2011
E01011273,Leeds 010B,784,42,25,42,38,41,61,63,53,64,55,47,48,42,45,26,28,28,22,14,F,2011
E01011274,Leeds 010C,777,54,35,34,33,45,49,51,66,51,29,45,33,45,40,38,30,35,41,23,F,2011
E01011275,Leeds 010D,705,44,44,33,33,37,39,43,45,44,54,43,56,42,39,33,31,21,12,12,F,2011
E01011264,Leeds 011A,676,25,43,26,34,36,16,24,45,51,58,57,45,57,39,36,36,23,18,7,F,2011
E01011269,Leeds 011B,802,34,29,35,37,45,55,49,55,53,54,45,43,58,60,35,40,37,29,9,F,2011
E01011276,Leeds 011C,683,43,30,30,33,41,45,43,55,60,43,48,46,58,38,20,15,20,10,5,F,2011
E01011578,Leeds 011D,703,29,26,33,37,33,30,49,44,47,50,47,54,62,54,31,28,26,14,9,F,2011
E01011554,Leeds 012A,744,52,37,44,31,35,33,52,40,52,48,52,57,54,30,44,29,23,22,9,F,2011
E01011562,Leeds 012B,813,36,40,45,57,31,35,32,37,46,70,64,59,65,53,47,40,30,19,7,F,2011
E01011563,Leeds 012C,720,33,21,39,35,26,41,43,44,31,50,50,35,45,61,56,38,45,20,7,F,2011
E01011564,Leeds 012D,774,50,46,45,37,30,31,44,54,62,74,45,49,53,39,25,38,24,16,12,F,2011
E01011567,Leeds 012E,734,44,49,45,41,33,37,40,61,46,57,64,53,42,40,23,21,23,13,2,F,2011
E01011376,Leeds 013A,773,38,41,37,42,30,21,26,48,50,68,72,65,63,38,48,46,26,6,8,F,2011
E01011377,Leeds 013B,712,13,29,38,51,24,20,23,25,55,61,55,38,47,45,60,54,45,20,9,F,2011
E01011378,Leeds 013C,723,53,32,44,44,36,48,58,54,54,50,39,48,59,21,32,20,14,11,6,F,2011
E01011382,Leeds 013D,759,49,30,44,26,23,42,46,46,54,43,54,51,51,51,64,36,30,13,6,F,2011
E01011277,Leeds 014A,804,63,55,58,45,44,50,76,62,78,62,55,39,51,28,12,12,5,5,4,F,2011
E01011278,Leeds 014B,857,68,41,36,39,39,44,62,59,66,63,58,55,70,35,44,26,24,17,11,F,2011
E01011579,Leeds 014C,632,58,38,30,36,24,44,47,49,49,53,40,34,45,27,27,10,10,6,5,F,2011
E01011580,Leeds 014D,699,33,26,31,37,19,18,30,55,54,53,58,58,51,41,28,36,33,24,14,F,2011
E01011556,Leeds 015A,842,48,50,43,35,38,95,109,59,48,37,46,36,41,30,24,32,27,26,18,F,2011
E01011557,Leeds 015B,820,30,37,54,52,37,37,40,43,51,74,68,48,62,44,22,44,29,25,23,F,2011
E01011565,Leeds 015C,740,47,33,35,33,23,36,44,52,44,64,45,58,50,49,38,32,28,17,12,F,2011
E01011566,Leeds 015D,693,39,44,42,34,25,36,59,43,44,55,45,47,57,37,25,24,21,9,7,F,2011
E01011568,Leeds 015E,979,39,42,44,60,35,61,66,51,68,75,87,65,65,56,48,47,35,21,14,F,2011
E01011380,Leeds 016A,771,39,38,34,34,22,22,41,45,52,51,73,63,76,54,44,35,20,20,8,F,2011
E01011381,Leeds 016B,691,33,34,45,50,31,29,36,34,46,55,52,48,61,31,36,23,32,13,2,F,2011
E01011385,Leeds 016C,643,23,24,42,31,15,22,27,26,51,51,53,51,63,38,25,39,27,18,17,F,2011
E01011386,Leeds 016D,722,42,39,33,33,38,40,43,54,40,50,54,40,63,34,35,25,32,21,6,F,2011
E01011379,Leeds 017A,784,46,40,45,32,42,50,60,46,47,62,50,48,45,27,39,36,29,21,19,F,2011
E01011384,Leeds 017B,766,47,29,36,50,34,52,47,53,57,57,44,41,62,43,48,25,29,9,3,F,2011
E01032501,Leeds 017E,588,40,25,36,23,19,26,35,44,47,39,45,43,39,47,30,20,14,9,7,F,2011
E01032502,Leeds 017F,963,73,63,64,66,67,79,87,69,69,66,53,50,38,30,19,25,24,15,6,F,2011
E01011555,Leeds 018A,702,31,32,30,42,27,45,41,41,39,43,68,61,61,41,43,30,18,5,4,F,2011
E01011558,Leeds 018B,868,67,58,55,58,52,50,72,73,69,62,45,33,32,29,21,32,26,30,4,F,2011
E01011559,Leeds 018C,682,48,46,47,47,40,39,47,48,53,51,30,35,37,16,16,17,24,27,14,F,2011
E01011560,Leeds 018D,903,63,44,49,74,50,70,60,62,75,66,53,44,43,24,23,21,34,30,18,F,2011
E01011383,Leeds 019A,825,36,31,38,40,39,66,56,39,46,45,48,57,58,42,45,39,33,36,31,F,2011
E01011388,Leeds 019B,751,30,46,37,43,22,30,49,58,47,41,59,55,48,31,37,44,39,26,9,F,2011
E01011684,Leeds 019C,797,39,42,44,50,39,46,43,46,55,66,72,61,56,25,27,42,17,15,12,F,2011
E01011695,Leeds 019D,821,52,51,49,45,55,56,63,62,58,62,46,34,31,29,28,26,33,24,17,F,2011
E01011650,Leeds 020A,769,50,25,47,42,23,56,57,37,49,53,64,60,57,40,30,28,25,18,8,F,2011
E01011651,Leeds 020B,735,53,30,48,34,32,55,77,61,65,44,49,44,47,25,21,24,11,11,4,F,2011
E01011653,Leeds 020C,687,39,28,20,31,55,92,40,58,54,45,40,32,34,20,21,21,23,24,10,F,2011
E01011655,Leeds 020D,725,44,24,33,31,22,42,58,43,38,46,53,40,43,43,33,34,40,37,21,F,2011
E01011455,Leeds 021A,709,35,38,42,108,45,12,26,40,47,39,40,39,55,50,31,30,17,10,5,F,2011
E01011456,Leeds 021B,885,47,43,54,61,62,33,39,47,59,72,41,49,63,55,61,48,31,13,7,F,2011
E01011459,Leeds 021C,791,30,39,43,38,40,60,68,43,52,52,43,46,47,37,41,42,24,31,15,F,2011
E01011461,Leeds 021D,779,36,47,36,59,26,19,27,52,51,84,44,44,62,65,48,39,28,7,5,F,2011
E01011311,Leeds 022A,629,29,39,41,41,22,28,21,27,53,73,49,49,44,40,29,24,13,7,0,F,2011
E01011649,Leeds 022B,747,43,38,25,39,17,29,37,51,55,41,60,58,71,51,46,34,27,18,7,F,2011
E01011715,Leeds 022C,657,18,32,47,34,31,31,27,34,57,41,58,46,65,45,35,23,18,10,5,F,2011
E01011719,Leeds 022D,739,27,34,25,36,26,24,27,36,55,69,48,49,55,51,53,60,34,20,10,F,2011
E01011509,Leeds 023A,715,35,31,36,25,27,30,46,52,52,48,49,47,34,46,52,39,38,19,9,F,2011
E01011511,Leeds 023B,661,40,33,33,42,28,59,39,49,39,50,33,40,30,27,24,33,22,22,18,F,2011
E01011512,Leeds 023C,791,46,38,30,36,44,74,63,56,55,66,54,34,51,23,29,43,22,18,9,F,2011
E01011515,Leeds 023D,719,50,33,25,28,33,77,78,49,47,44,37,43,44,32,28,26,16,13,16,F,2011
E01011516,Leeds 023E,856,55,39,42,59,41,60,68,59,72,72,71,52,35,45,24,15,18,13,16,F,2011
E01011508,Leeds 024A,695,47,48,56,41,35,47,50,60,56,69,52,46,31,14,14,12,10,6,1,F,2011
E01011517,Leeds 024B,847,45,42,51,53,31,63,87,61,75,78,58,40,48,25,28,19,22,16,5,F,2011
E01011652,Leeds 024C,666,44,23,32,36,37,39,47,66,52,59,52,44,43,29,11,20,10,10,12,F,2011
E01011654,Leeds 024D,723,49,50,49,47,24,28,42,58,65,65,51,58,34,33,25,19,14,7,5,F,2011
E01011505,Leeds 025A,841,55,45,42,46,46,50,69,50,66,56,45,59,41,40,39,38,36,13,5,F,2011
E01011506,Leeds 025B,742,48,59,48,42,35,58,63,51,60,40,63,32,39,19,28,28,19,7,3,F,2011
E01011507,Leeds 025C,817,38,40,49,34,34,55,71,58,53,79,67,48,38,39,33,35,25,13,8,F,2011
E01011510,Leeds 025D,803,34,22,29,49,47,34,51,41,57,50,50,38,45,42,35,60,41,40,38,F,2011
E01011514,Leeds 025E,841,58,42,46,42,51,74,55,60,80,45,60,42,52,36,28,28,25,12,5,F,2011
E01011452,Leeds 027A,782,47,50,54,33,25,34,53,57,71,58,50,49,81,39,34,18,20,7,2,F,2011
E01011454,Leeds 027B,773,45,36,35,25,47,80,67,68,56,55,54,37,51,31,29,26,18,9,4,F,2011
E01011457,Leeds 027C,817,44,51,57,72,36,25,41,53,62,66,57,55,46,42,29,30,26,18,7,F,2011
E01011458,Leeds 027D,691,34,41,40,29,25,24,19,47,64,72,41,48,64,43,38,30,18,8,6,F,2011
E01011465,Leeds 027E,845,42,27,24,38,32,87,73,57,48,58,43,43,39,49,28,45,47,46,19,F,2011
E01011453,Leeds 028A,763,46,33,32,31,33,56,56,52,52,58,49,51,58,42,34,42,20,12,6,F,2011
E01011460,Leeds 028B,743,46,33,31,33,41,89,72,47,52,52,39,35,45,23,20,22,17,23,23,F,2011
E01011462,Leeds 028C,817,36,52,38,50,44,69,56,60,66,69,49,36,63,33,20,28,30,16,2,F,2011
E01011463,Leeds 028D,843,43,32,52,43,47,61,60,47,56,76,50,53,54,44,30,39,29,15,12,F,2011
E01011464,Leeds 028E,859,49,19,22,29,76,150,134,51,43,45,43,44,44,32,26,18,20,10,4,F,2011
E01011714,Leeds 029A,757,34,31,37,51,41,47,41,40,58,62,51,59,50,35,41,31,32,11,5,F,2011
E01011716,Leeds 029B,772,38,38,38,46,37,47,44,34,51,50,52,62,53,55,41,31,23,23,9,F,2011
E01011717,Leeds 029C,779,44,36,50,43,35,42,61,40,49,46,63,49,57,42,45,32,22,10,13,F,2011
E01011718,Leeds 029D,739,56,39,33,59,36,64,53,55,46,49,44,46,56,24,31,22,15,9,2,F,2011
E01011720,Leeds 029E,738,40,35,50,41,35,50,45,37,57,49,41,52,43,41,43,29,23,18,9,F,2011
E01011296,Leeds 030A,874,29,47,35,33,20,23,41,47,61,57,71,47,90,75,63,64,34,23,14,F,2011
E01011297,Leeds 030B,802,39,50,65,42,34,31,38,68,73,70,59,56,41,41,38,18,19,9,11,F,2011
E01011309,Leeds 030C,789,47,40,46,34,32,32,33,50,77,59,51,71,43,54,43,28,33,10,6,F,2011
E01011310,Leeds 030D,847,43,53,36,38,30,42,40,51,66,71,55,60,57,65,50,30,36,15,9,F,2011
E01011513,Leeds 031A,1137,81,71,58,62,46,90,114,105,96,89,90,56,47,37,28,28,15,13,11,F,2011
E01011688,Leeds 031B,772,58,41,31,50,42,91,68,61,71,65,50,42,30,19,9,19,18,5,2,F,2011
E01011689,Leeds 031C,822,48,34,34,31,28,63,71,60,51,50,57,56,44,55,39,30,36,21,14,F,2011
E01011691,Leeds 031D,812,57,42,53,54,86,86,62,46,53,54,46,29,31,21,28,21,18,12,13,F,2011
E01011504,Leeds 032A,755,61,28,35,56,39,59,52,49,68,60,36,26,30,25,31,34,29,20,17,F,2011
E01011641,Leeds 032B,782,51,53,53,45,21,36,34,56,68,72,66,63,45,30,30,30,20,6,3,F,2011
E01011642,Leeds 032C,682,47,39,40,44,39,36,44,58,48,53,54,39,31,21,28,13,22,14,12,F,2011
E01011645,Leeds 032D,793,50,55,49,43,55,69,58,66,55,43,46,37,43,21,16,28,22,19,18,F,2011
E01011484,Leeds 033A,798,55,59,49,50,53,60,65,62,68,48,45,32,38,23,25,24,23,15,4,F,2011
E01011485,Leeds 033B,791,47,37,42,64,53,73,69,54,49,46,41,37,44,34,18,29,19,23,12,F,2011
E01011686,Leeds 033E,793,56,28,36,51,45,56,60,37,51,59,38,49,42,28,28,47,44,26,12,F,2011
E01032493,Leeds 033F,692,39,27,25,38,41,77,67,38,50,48,49,43,28,31,29,25,18,16,3,F,2011
E01032494,Leeds 033G,899,53,60,59,76,58,82,77,65,71,59,59,47,28,20,15,29,29,8,4,F,2011
E01011350,Leeds 034A,835,56,35,35,38,28,82,97,68,62,59,64,41,36,40,32,22,23,9,8,F,2011
E01011351,Leeds 034B,883,35,19,22,24,58,135,112,71,63,70,47,45,51,31,23,36,20,12,9,F,2011
E01011352,Leeds 034C,923,43,22,18,14,76,225,131,55,47,39,38,29,30,20,26,29,35,25,21,F,2011
E01011353,Leeds 034D,990,59,37,54,50,48,110,98,79,76,91,65,55,58,23,29,24,25,6,3,F,2011
E01011656,Leeds 035A,771,66,49,62,52,47,75,65,60,60,59,42,31,31,18,16,12,17,7,2,F,2011
E01011657,Leeds 035B,699,53,45,41,47,44,65,49,50,45,50,50,35,41,22,11,17,18,8,8,F,2011
E01011659,Leeds 035C,706,31,37,48,57,46,34,43,45,48,57,57,40,48,23,31,17,28,8,8,F,2011
E01011661,Leeds 035D,857,26,36,47,57,28,44,39,46,48,52,52,51,53,28,55,55,61,46,33,F,2011
E01011643,Leeds 037A,729,34,28,25,31,28,42,48,42,41,40,46,47,61,40,30,36,35,34,41,F,2011
E01011644,Leeds 037B,659,30,28,39,29,33,31,43,38,40,48,41,34,44,32,30,25,43,29,22,F,2011
E01011646,Leeds 037C,850,42,56,73,42,37,55,65,79,73,50,48,43,42,33,36,23,25,16,12,F,2011
E01011647,Leeds 037D,868,87,79,68,56,68,83,68,51,48,49,49,35,32,21,23,24,19,6,2,F,2011
E01011648,Leeds 037E,888,73,59,72,74,43,59,76,60,68,58,58,27,41,30,32,27,16,10,5,F,2011
E01011354,Leeds 038A,732,67,67,35,51,54,73,75,41,58,51,37,32,26,13,22,11,12,3,4,F,2011
E01011355,Leeds 038B,740,52,49,55,46,50,69,61,55,54,51,43,26,42,23,28,16,12,4,4,F,2011
E01011357,Leeds 038C,1025,94,69,75,80,61,96,83,82,80,73,62,30,28,26,28,30,14,8,6,F,2011
E01011450,Leeds 038D,637,53,30,35,34,39,74,49,45,40,42,41,40,32,22,22,21,11,3,4,F,2011
E01011588,Leeds 039A,858,73,51,35,37,41,63,90,63,77,67,47,50,41,29,31,30,14,10,9,F,2011
E01011589,Leeds 039B,791,62,36,31,32,25,71,86,64,74,49,54,30,43,37,25,30,28,8,6,F,2011
E01011590,Leeds 039C,774,50,39,31,35,19,40,47,68,54,62,46,65,65,49,38,27,21,15,3,F,2011
E01011592,Leeds 039D,760,43,22,26,26,38,68,71,49,46,41,39,47,71,53,33,29,24,18,16,F,2011
E01011593,Leeds 039E,898,47,43,34,55,34,71,83,67,66,73,58,58,61,39,43,28,22,15,1,F,2011
E01011421,Leeds 040A,787,52,55,49,53,40,49,50,44,55,64,50,27,43,39,28,29,32,19,9,F,2011
E01011425,Leeds 040B,802,41,49,56,45,40,44,62,48,72,65,63,49,39,38,35,23,16,7,10,F,2011
E01011658,Leeds 040C,730,60,53,47,40,37,53,44,49,36,49,43,30,38,33,32,34,26,18,8,F,2011
E01011660,Leeds 040D,697,38,51,51,45,39,46,40,50,60,43,37,34,39,27,21,21,27,19,9,F,2011
E01011662,Leeds 040E,610,51,58,58,56,38,40,46,53,49,45,29,33,12,12,17,6,4,3,0,F,2011
E01011721,Leeds 041A,831,71,49,65,51,38,68,69,39,65,48,35,46,61,49,32,23,14,2,6,F,2011
E01011722,Leeds 041B,1006,77,61,54,72,75,104,81,61,67,61,60,37,48,27,36,36,20,20,9,F,2011
E01011723,Leeds 041C,748,55,44,51,52,45,51,51,41,63,35,35,34,48,32,32,29,24,17,9,F,2011
E01011724,Leeds 041D,946,87,57,60,58,75,77,61,46,72,65,52,42,50,28,25,36,35,10,10,F,2011
E01011356,Leeds 042A,961,58,38,38,39,61,130,100,67,71,69,63,59,39,25,36,20,26,15,7,F,2011
E01011358,Leeds 042B,755,41,46,49,46,37,51,64,46,54,62,46,39,37,40,40,32,14,9,2,F,2011
E01011359,Leeds 042C,875,41,47,67,58,72,90,73,83,73,67,46,44,37,18,17,21,17,2,2,F,2011
E01011360,Leeds 042D,1074,108,84,86,89,91,76,91,87,79,50,42,43,23,27,38,32,15,10,3,F,2011
E01011361,Leeds 042E,1284,82,90,117,99,130,92,89,93,82,109,75,67,39,29,32,29,17,9,4,F,2011
E01011435,Leeds 044A,885,6,2,7,46,674,55,12,6,6,8,5,6,5,5,6,4,10,10,12,F,2011
E01011440,Leeds 044D,885,8,5,2,39,575,82,39,6,7,5,17,23,16,16,10,11,9,12,3,F,2011
E01011441,Leeds 044E,911,22,13,12,50,559,69,16,25,19,23,14,29,20,8,12,7,7,5,1,F,2011
E01032945,Leeds 044F,1518,11,10,14,79,1137,70,31,24,26,12,18,21,16,8,12,9,11,4,5,F,2011
E01011477,Leeds 045A,955,73,62,41,49,121,132,76,75,54,47,44,45,34,23,26,24,12,11,6,F,2011
E01011480,Leeds 045B,800,37,21,33,50,107,80,48,44,45,36,52,42,60,44,27,31,24,10,9,F,2011
E01011488,Leeds 045C,703,28,24,19,26,106,148,62,40,45,37,35,28,23,27,19,14,13,7,2,F,2011
E01011489,Leeds 045D,850,40,27,25,42,129,135,52,51,47,39,48,36,27,29,29,25,26,29,14,F,2011
E01011324,Leeds 046A,1109,73,62,30,372,229,53,49,47,46,36,35,26,13,11,12,4,8,1,2,F,2011
E01011325,Leeds 046B,752,59,42,41,39,40,85,66,46,60,50,46,47,43,18,22,17,12,14,5,F,2011
E01011326,Leeds 046C,703,60,34,45,39,51,75,55,51,37,51,36,35,38,21,22,24,10,10,9,F,2011
E01011332,Leeds 046D,735,66,47,68,51,48,46,57,52,53,34,44,31,40,29,23,19,11,12,4,F,2011
E01011423,Leeds 047A,864,97,72,63,51,48,76,61,66,62,51,38,35,46,27,27,25,14,3,2,F,2011
E01011424,Leeds 047B,839,86,76,92,58,47,70,75,53,66,68,29,31,18,23,18,13,9,5,2,F,2011
E01011427,Leeds 047C,922,102,95,88,79,71,72,63,80,59,39,51,25,18,22,27,18,7,3,3,F,2011
E01011431,Leeds 047D,939,90,83,69,85,53,60,71,76,71,71,46,31,28,26,20,22,15,15,7,F,2011
E01011422,Leeds 048A,708,59,71,62,71,65,77,71,45,44,40,17,30,18,12,11,5,2,4,4,F,2011
E01011426,Leeds 048B,836,88,85,79,72,67,82,86,59,42,38,26,25,24,11,23,17,8,4,0,F,2011
E01011428,Leeds 048C,904,101,82,65,71,71,98,93,67,63,37,39,30,26,13,23,9,11,5,0,F,2011
E01011429,Leeds 048D,991,81,93,107,82,80,86,78,67,62,61,41,36,28,21,18,26,14,6,4,F,2011
E01011663,Leeds 050A,682,69,67,61,58,70,62,59,45,46,42,35,20,13,10,9,5,4,6,1,F,2011
E01011664,Leeds 050B,603,35,32,30,42,47,41,21,36,42,49,44,28,32,31,27,18,24,20,4,F,2011
E01011665,Leeds 050C,689,45,32,36,57,38,47,33,43,52,60,59,29,52,29,25,25,17,7,3,F,2011
E01011667,Leeds 050D,810,85,92,69,73,75,73,60,47,58,45,41,14,22,9,13,17,7,8,2,F,2011
E01011323,Leeds 051A,672,35,18,34,46,39,45,36,31,45,49,40,40,34,32,42,49,26,20,11,F,2011
E01011329,Leeds 051B,768,34,27,31,46,46,55,55,71,51,56,61,55,48,34,35,31,16,16,0,F,2011
E01011330,Leeds 051C,641,36,32,30,45,35,41,51,34,61,44,36,45,43,25,32,19,16,11,5,F,2011
E01011333,Leeds 051D,621,40,27,29,33,38,47,54,31,42,41,56,35,40,25,23,19,23,12,6,F,2011
E01011327,Leeds 052A,682,40,35,32,40,28,68,70,54,62,37,63,30,38,28,13,25,10,6,3,F,2011
E01011328,Leeds 052B,740,61,37,29,30,35,65,59,61,65,53,41,39,46,24,28,22,27,16,2,F,2011
E01011335,Leeds 052C,878,56,49,51,44,74,88,79,58,75,59,48,50,34,36,23,26,18,8,2,F,2011
E01011591,Leeds 052D,811,44,24,19,22,41,118,111,75,68,45,47,40,49,26,25,29,17,8,3,F,2011
E01011430,Leeds 053A,713,59,77,67,51,72,58,66,60,57,31,24,17,18,21,10,15,5,1,4,F,2011
E01011432,Leeds 053B,787,89,80,68,49,61,81,81,73,50,36,23,27,23,13,9,13,7,4,0,F,2011
E01011433,Leeds 053C,771,102,57,49,48,70,86,78,55,65,37,36,29,16,10,15,8,4,5,1,F,2011
E01011434,Leeds 053D,680,106,54,37,28,70,79,66,77,37,35,23,14,14,8,11,8,8,3,2,F,2011
E01011445,Leeds 054A,920,6,5,5,33,783,30,14,11,7,3,6,6,9,0,0,0,2,0,0,F,2011
E01011446,Leeds 054B,778,14,9,11,27,574,50,16,9,10,8,17,4,9,3,6,3,6,2,0,F,2011
E01011447,Leeds 054C,696,16,11,9,65,453,42,25,9,11,5,10,13,7,4,6,3,3,2,2,F,2011
E01011448,Leeds 054D,791,18,22,21,25,516,46,25,21,16,10,11,12,12,11,6,4,5,3,7,F,2011
E01011449,Leeds 054E,643,34,21,8,30,299,92,39,28,16,11,15,14,12,5,6,7,2,4,0,F,2011
E01011670,Leeds 055A,1324,54,37,49,197,393,137,86,44,50,52,28,33,44,30,40,21,10,11,8,F,2011
E01011671,Leeds 055B,823,65,68,46,71,105,63,65,49,50,70,47,23,20,28,20,15,10,7,1,F,2011
E01033002,Leeds 055F,560,34,20,8,12,115,124,54,26,19,14,17,22,14,17,21,18,17,4,4,F,2011
E01033003,Leeds 055G,715,96,25,16,23,146,159,98,53,30,20,7,8,9,9,6,4,4,1,1,F,2011
E01033005,Leeds 055H,1804,42,47,28,410,774,163,72,45,49,35,26,29,30,16,11,11,9,4,3,F,2011
E01011478,Leeds 056A,785,26,27,19,28,259,131,57,35,29,25,26,19,26,15,22,13,13,12,3,F,2011
E01011479,Leeds 056B,662,10,10,8,34,385,90,35,13,17,9,15,17,3,10,2,0,2,0,2,F,2011
E01011481,Leeds 056C,728,60,30,19,38,263,88,51,32,28,13,24,13,9,9,13,15,8,4,11,F,2011
E01011482,Leeds 056D,794,39,27,25,37,153,161,87,47,43,39,26,20,17,10,22,12,20,6,3,F,2011
E01011483,Leeds 056E,746,38,39,36,44,221,85,46,36,31,31,29,18,21,18,18,12,10,8,5,F,2011
E01011406,Leeds 057A,745,38,30,45,46,39,37,44,40,49,59,54,32,51,58,31,47,26,13,6,F,2011
E01011407,Leeds 057B,760,44,39,31,49,33,41,48,49,47,53,62,44,35,49,35,26,37,23,15,F,2011
E01011408,Leeds 057C,770,22,22,26,28,29,21,29,38,42,36,61,45,69,68,56,65,53,39,21,F,2011
E01011409,Leeds 057D,707,32,27,27,48,35,47,34,43,65,61,50,53,50,30,32,26,23,15,9,F,2011
E01011410,Leeds 057E,656,23,21,35,14,33,28,35,37,29,56,50,71,76,37,42,32,20,11,6,F,2011
E01011412,Leeds 057F,699,34,29,23,32,22,24,23,35,66,51,45,45,41,47,65,53,45,13,6,F,2011
E01011331,Leeds 058A,632,27,32,33,35,38,72,52,43,41,43,36,24,33,23,27,28,22,14,9,F,2011
E01011334,Leeds 058B,656,49,30,29,38,60,85,51,40,38,51,44,35,26,29,22,12,9,5,3,F,2011
E01011336,Leeds 058C,805,42,38,45,39,43,61,57,52,62,46,35,46,46,43,37,37,35,27,14,F,2011
E01011337,Leeds 058D,763,87,74,69,67,53,52,63,54,70,47,39,28,18,10,17,11,2,0,2,F,2011
E01011281,Leeds 059A,959,70,40,60,45,66,121,114,62,56,63,37,43,38,27,33,18,32,21,13,F,2011
E01011282,Leeds 059B,735,47,37,58,53,48,75,55,53,51,54,32,34,40,30,18,26,18,6,0,F,2011
E01011283,Leeds 059C,693,64,57,47,50,49,61,42,49,53,46,37,23,28,17,25,23,13,7,2,F,2011
E01011286,Leeds 059D,631,40,27,24,36,39,64,61,42,46,50,42,30,37,28,19,18,15,12,1,F,2011
E01011295,Leeds 059E,799,74,50,41,59,54,93,77,59,54,46,49,42,28,17,20,20,9,5,2,F,2011
E01011339,Leeds 060A,904,84,58,56,59,52,57,65,72,70,62,42,49,41,36,44,27,18,8,4,F,2011
E01011340,Leeds 060B,869,54,74,59,56,49,65,60,63,62,66,50,42,37,30,33,31,24,9,5,F,2011
E01011342,Leeds 060C,738,85,56,51,45,43,66,56,57,49,59,42,27,28,24,21,13,9,5,2,F,2011
E01011346,Leeds 060D,918,76,66,53,66,52,57,56,70,53,44,40,54,60,43,40,34,37,11,6,F,2011
E01011341,Leeds 061A,808,67,45,49,48,54,54,54,49,63,62,51,37,33,34,35,37,21,11,4,F,2011
E01011343,Leeds 061B,827,51,36,32,40,63,76,55,65,56,77,52,61,41,37,27,32,11,12,3,F,2011
E01011345,Leeds 061C,789,55,55,50,45,53,51,50,59,51,43,53,51,34,38,24,21,31,17,8,F,2011
E01011666,Leeds 061D,765,38,38,49,58,32,34,45,57,67,57,61,55,44,32,25,33,24,11,5,F,2011
E01011585,Leeds 062A,750,43,45,45,32,30,66,59,50,43,54,55,42,44,28,38,25,24,20,7,F,2011
E01011587,Leeds 062B,833,59,37,31,44,50,77,74,78,59,61,55,42,56,32,17,26,19,8,8,F,2011
E01011594,Leeds 062C,770,63,43,38,53,47,47,47,50,67,59,47,48,45,36,34,19,12,10,5,F,2011
E01011596,Leeds 062D,859,52,43,42,42,43,77,71,67,80,62,58,54,53,37,35,14,18,9,2,F,2011
E01011598,Leeds 062E,817,57,32,35,38,43,82,91,66,49,64,47,42,43,23,30,30,22,15,8,F,2011
E01011678,Leeds 063B,2292,23,8,16,934,972,128,63,25,16,15,19,11,6,11,16,13,10,3,3,F,2011
E01011681,Leeds 063D,843,47,38,25,66,305,95,58,39,29,28,38,21,14,14,8,9,3,6,0,F,2011
E01033006,Leeds 063E,1680,40,19,7,435,752,185,88,42,18,20,18,10,19,7,5,4,8,3,0,F,2011
E01011338,Leeds 064A,814,87,60,68,59,57,44,69,58,60,54,40,30,27,11,26,24,17,12,11,F,2011
E01011673,Leeds 064B,816,122,34,46,50,80,111,81,68,46,45,37,23,22,15,14,11,3,5,3,F,2011
E01011677,Leeds 064D,738,84,43,29,37,50,74,54,58,48,66,36,32,24,23,29,20,20,8,3,F,2011
E01033031,Leeds 064E,568,33,15,18,19,111,128,55,34,21,16,14,17,26,13,12,10,13,8,5,F,2011
E01033035,Leeds 064F,583,94,44,32,37,57,80,62,48,47,23,17,13,7,6,4,9,2,0,1,F,2011
E01011344,Leeds 065A,896,92,61,59,45,86,110,79,57,60,65,50,23,31,22,23,14,6,7,6,F,2011
E01011347,Leeds 065B,881,95,79,44,64,67,95,71,74,55,57,41,30,32,20,24,17,7,7,2,F,2011
E01011348,Leeds 065C,807,77,77,51,62,53,73,59,75,63,47,37,29,30,26,14,15,13,3,3,F,2011
E01011349,Leeds 065D,802,63,40,32,30,48,72,59,68,51,59,37,46,41,42,38,26,22,17,11,F,2011
E01011586,Leeds 066A,773,42,49,38,40,46,46,59,49,44,42,53,46,53,34,48,39,26,12,7,F,2011
E01011595,Leeds 066B,931,58,60,60,54,50,64,63,51,55,68,57,65,51,34,36,44,30,21,10,F,2011
E01011597,Leeds 066C,759,55,47,49,49,44,55,53,54,62,54,52,41,34,28,22,22,13,16,9,F,2011
E01011599,Leeds 066D,806,62,41,38,41,42,57,70,57,44,67,45,42,43,37,30,35,30,20,5,F,2011
E01011287,Leeds 067B,686,31,40,32,34,44,46,45,68,41,41,50,42,52,40,31,28,12,6,3,F,2011
E01032499,Leeds 067G,887,32,49,38,55,55,58,60,51,62,90,73,52,42,32,41,35,34,14,14,F,2011
E01032500,Leeds 067H,516,37,23,25,34,53,77,66,36,26,23,25,21,16,14,11,10,13,4,2,F,2011
E01032606,Leeds 067I,980,66,48,48,66,83,87,70,71,71,76,59,37,66,25,32,33,26,11,5,F,2011
E01032607,Leeds 067J,544,36,33,26,13,40,65,50,40,30,36,24,19,19,24,15,21,28,16,9,F,2011
E01032608,Leeds 067K,586,35,34,31,38,45,65,57,46,51,36,30,20,25,17,9,22,10,8,7,F,2011
E01011608,Leeds 068A,711,39,44,36,49,37,63,44,40,44,58,35,41,49,31,37,23,19,15,7,F,2011
E01011609,Leeds 068B,732,39,51,59,37,38,43,37,54,60,50,64,42,48,26,33,16,17,15,3,F,2011
E01011610,Leeds 068C,745,29,29,38,55,38,56,44,54,63,51,57,37,50,31,36,31,26,12,8,F,2011
E01011611,Leeds 068D,721,37,36,47,57,43,40,40,63,58,57,35,43,33,30,24,27,28,19,4,F,2011
E01011614,Leeds 068E,932,57,43,54,44,49,73,77,78,72,59,60,55,58,50,39,34,23,4,3,F,2011
E01011413,Leeds 069A,790,46,42,53,51,40,32,29,45,72,69,78,47,53,38,40,18,17,11,9,F,2011
E01011415,Leeds 069B,804,61,39,33,31,42,57,55,55,67,54,69,36,57,37,38,25,25,17,6,F,2011
E01011416,Leeds 069C,761,46,46,47,51,32,32,39,49,78,58,67,47,37,29,36,28,21,8,10,F,2011
E01011417,Leeds 069D,773,26,38,40,34,29,28,25,45,47,57,42,57,45,59,71,54,35,29,12,F,2011
E01011420,Leeds 069E,666,10,20,28,23,21,19,14,26,41,40,54,45,65,68,68,54,41,20,9,F,2011
E01011615,Leeds 070A,770,57,39,34,47,45,54,62,51,52,59,58,50,40,20,30,27,20,14,11,F,2011
E01011617,Leeds 070B,856,71,79,41,47,64,69,66,63,67,56,43,42,45,26,30,25,16,3,3,F,2011
E01011618,Leeds 070C,836,73,56,43,48,73,81,94,60,50,47,50,33,37,26,16,20,12,7,10,F,2011
E01011621,Leeds 070D,793,76,48,54,57,57,55,58,57,56,55,51,40,37,22,29,14,16,8,3,F,2011
E01011284,Leeds 071A,839,79,41,37,32,119,142,105,38,50,51,42,27,17,21,14,8,9,3,4,F,2011
E01011292,Leeds 071B,808,68,39,32,46,75,79,39,53,59,46,43,42,38,28,34,39,25,14,9,F,2011
E01011293,Leeds 071C,812,77,40,40,55,67,93,67,61,59,41,39,23,39,26,16,32,23,8,6,F,2011
E01011294,Leeds 071D,538,46,40,27,27,31,52,34,33,35,39,38,26,17,15,22,13,19,10,14,F,2011
E01011363,Leeds 071E,804,67,50,57,46,68,78,62,54,48,44,39,27,34,26,24,27,21,12,20,F,2011
E01011616,Leeds 072A,771,57,46,33,62,49,57,44,41,46,53,40,42,45,44,38,28,24,15,7,F,2011
E01011620,Leeds 072B,696,62,54,60,42,56,53,45,50,45,50,40,29,32,22,26,18,6,5,1,F,2011
E01011622,Leeds 072C,850,87,55,62,88,70,62,54,66,65,61,52,34,35,15,19,12,6,6,1,F,2011
E01011624,Leeds 072D,950,104,85,75,71,68,67,83,57,56,61,44,37,29,25,30,32,14,5,7,F,2011
E01011411,Leeds 073A,813,48,36,50,42,41,41,48,56,84,74,71,43,43,33,32,25,26,14,6,F,2011
E01011414,Leeds 073B,749,35,34,48,41,36,33,36,44,72,57,60,41,59,45,41,34,25,5,3,F,2011
E01011418,Leeds 073C,752,44,28,40,52,43,48,39,44,66,84,75,45,43,27,26,21,20,5,2,F,2011
E01011419,Leeds 073D,610,25,23,32,33,34,30,20,21,44,61,70,50,43,30,47,29,12,5,1,F,2011
E01011396,Leeds 074A,923,46,38,39,101,74,81,51,57,76,67,57,28,59,42,33,28,17,16,13,F,2011
E01011399,Leeds 074B,777,43,44,46,53,29,41,32,51,64,55,53,46,47,45,38,22,29,24,15,F,2011
E01011400,Leeds 074C,753,34,47,40,51,38,29,40,57,58,58,46,38,54,52,37,32,19,16,7,F,2011
E01011403,Leeds 074D,747,27,22,38,36,12,24,28,34,51,40,42,34,59,63,60,50,51,41,35,F,2011
E01011623,Leeds 075B,765,96,46,49,51,75,75,60,57,45,44,44,40,22,25,17,7,5,5,2,F,2011
E01011625,Leeds 075C,721,94,37,33,49,60,82,70,37,46,43,43,43,26,13,13,20,6,4,2,F,2011
E01011626,Leeds 075D,826,65,51,24,47,112,121,44,54,52,44,26,38,40,25,14,26,19,17,7,F,2011
E01033021,Leeds 075E,662,41,48,32,50,50,75,39,46,42,33,26,26,36,17,24,30,13,23,11,F,2011
E01033033,Leeds 075F,715,16,3,2,118,206,171,48,20,8,14,13,22,23,13,9,12,5,7,5,F,2011
E01033034,Leeds 075G,427,7,1,0,20,110,156,71,23,8,5,9,9,2,0,0,2,2,0,2,F,2011
E01011602,Leeds 076A,813,39,36,21,35,36,45,65,44,56,48,50,46,43,51,47,45,46,40,20,F,2011
E01011603,Leeds 076B,788,47,23,49,46,43,45,53,46,75,71,51,44,38,50,24,33,26,19,5,F,2011
E01011605,Leeds 076C,744,33,34,33,33,34,38,33,40,43,77,72,50,59,45,37,38,23,18,4,F,2011
E01011606,Leeds 076D,875,56,60,70,60,45,42,50,63,66,58,54,47,41,42,45,31,21,18,6,F,2011
E01011613,Leeds 076E,693,49,37,46,50,41,56,47,60,34,66,38,41,31,26,16,27,16,11,1,F,2011
E01011397,Leeds 077A,788,28,52,48,60,43,40,38,50,75,68,52,51,58,44,30,17,13,16,5,F,2011
E01011398,Leeds 077B,648,31,33,43,52,25,31,33,44,50,70,65,54,35,37,20,9,10,5,1,F,2011
E01011401,Leeds 077C,755,44,41,55,39,23,27,47,64,68,50,55,32,63,59,41,25,12,5,5,F,2011
E01011404,Leeds 077D,669,34,44,42,36,33,20,39,54,59,59,44,35,52,40,31,26,14,6,1,F,2011
E01011405,Leeds 077E,750,26,38,37,29,20,19,15,38,59,45,46,49,74,86,59,55,32,17,6,F,2011
E01011725,Leeds 078A,770,62,55,66,54,50,69,62,57,63,48,44,21,25,21,23,18,21,9,2,F,2011
E01011729,Leeds 078B,832,52,37,43,33,69,94,65,55,46,56,40,28,34,22,23,26,32,39,38,F,2011
E01011730,Leeds 078C,803,88,51,45,51,53,85,78,58,48,58,53,36,24,30,12,10,10,12,1,F,2011
E01011735,Leeds 078D,886,60,55,60,73,47,72,62,59,68,54,48,53,40,39,24,39,20,12,1,F,2011
E01011600,Leeds 079A,790,36,31,36,45,35,51,49,50,64,67,55,51,57,38,32,31,29,17,16,F,2011
E01011601,Leeds 079B,774,59,52,45,51,37,54,72,64,71,53,46,36,34,34,22,16,18,7,3,F,2011
E01011604,Leeds 079C,702,39,45,35,33,25,51,58,61,64,47,40,38,49,30,25,18,19,14,11,F,2011
E01011607,Leeds 079D,837,65,47,49,43,39,63,83,65,64,76,42,52,44,34,32,12,19,6,2,F,2011
E01011612,Leeds 079E,742,39,24,19,20,41,38,52,31,34,37,29,41,44,44,57,45,64,40,43,F,2011
E01011726,Leeds 080A,741,59,47,30,57,38,75,52,58,57,46,51,35,29,30,15,22,15,14,11,F,2011
E01011727,Leeds 080B,783,45,42,36,29,45,64,57,54,67,72,54,40,56,32,26,30,19,9,6,F,2011
E01011728,Leeds 080C,758,42,37,32,53,32,35,29,42,54,48,62,40,61,49,43,42,32,18,7,F,2011
E01011739,Leeds 080D,768,47,44,39,56,59,49,43,46,67,59,58,48,37,29,28,32,16,5,6,F,2011
E01011362,Leeds 081A,853,63,61,29,38,66,141,92,48,52,58,42,46,19,39,19,16,12,10,2,F,2011
E01011731,Leeds 081B,722,34,39,38,35,34,40,38,37,55,76,39,55,60,46,33,30,19,9,5,F,2011
E01011732,Leeds 081C,939,59,39,50,51,47,71,68,68,77,67,53,59,52,32,38,23,40,28,17,F,2011
E01011733,Leeds 081D,772,15,35,34,41,37,39,57,44,68,61,57,47,51,46,32,38,30,24,16,F,2011
E01011366,Leeds 082A,752,75,35,43,47,71,91,64,57,46,44,41,25,30,17,28,15,15,4,4,F,2011
E01011368,Leeds 082C,593,58,45,36,42,50,83,41,43,38,46,27,22,25,11,12,7,6,0,1,F,2011
E01011370,Leeds 082D,759,63,50,48,41,71,75,70,43,45,40,49,27,22,20,24,25,18,8,20,F,2011
E01033013,Leeds 082E,518,32,21,11,30,86,90,52,27,22,25,14,17,18,21,20,14,9,7,2,F,2011
E01033032,Leeds 082F,548,30,10,6,11,110,172,75,30,17,19,8,15,15,9,8,4,5,2,2,F,2011
E01011734,Leeds 083A,1148,79,68,49,52,73,137,127,98,76,86,64,46,38,42,36,35,26,7,9,F,2011
E01011736,Leeds 083B,765,36,38,49,44,39,56,42,56,63,60,56,29,55,41,41,30,17,10,3,F,2011
E01011737,Leeds 083C,813,65,57,34,43,67,86,71,53,53,40,44,37,45,36,22,20,21,13,6,F,2011
E01011738,Leeds 083D,734,31,33,46,37,33,38,40,48,65,65,67,62,54,35,24,29,13,9,5,F,2011
E01011364,Leeds 085A,771,68,47,48,51,83,81,54,56,43,48,28,33,45,20,28,15,8,9,6,F,2011
E01011371,Leeds 085B,725,46,31,37,50,44,41,40,40,38,35,50,27,44,39,39,48,40,20,16,F,2011
E01011373,Leeds 085C,694,67,65,51,51,45,76,59,64,29,48,22,23,25,23,17,10,11,4,4,F,2011
E01011374,Leeds 085D,598,49,24,31,20,60,79,60,46,47,36,41,30,21,12,13,11,8,8,2,F,2011
E01011312,Leeds 086A,785,116,57,62,50,80,93,69,51,42,35,39,30,15,12,9,11,7,5,2,F,2011
E01011316,Leeds 086B,766,82,60,53,47,62,91,73,65,54,34,47,34,10,9,18,15,6,2,4,F,2011
E01011372,Leeds 086C,626,87,62,55,52,52,62,51,55,26,25,22,23,14,14,6,12,3,5,0,F,2011
E01011375,Leeds 086D,836,107,85,67,70,80,100,74,53,56,35,26,24,22,8,9,11,7,1,1,F,2011
E01011390,Leeds 087A,754,40,49,43,57,35,37,44,42,66,48,44,41,54,49,30,35,21,11,8,F,2011
E01011391,Leeds 087B,833,51,35,37,54,21,19,37,43,62,57,55,51,59,85,65,46,27,18,11,F,2011
E01011392,Leeds 087C,763,32,33,36,45,30,26,35,42,61,44,54,57,84,60,51,29,25,10,9,F,2011
E01011402,Leeds 087D,921,37,27,42,44,35,41,33,37,67,58,63,65,77,73,70,60,54,27,11,F,2011
E01011298,Leeds 088A,761,48,46,29,31,57,52,71,47,65,53,44,44,40,35,29,33,19,12,6,F,2011
E01011299,Leeds 088B,1115,72,69,44,65,73,90,93,88,88,68,74,61,62,60,40,38,18,9,3,F,2011
E01011302,Leeds 088C,714,12,22,31,26,38,18,36,17,43,54,66,54,85,73,36,36,34,14,19,F,2011
E01011303,Leeds 088D,599,40,24,35,29,34,32,38,40,42,34,47,33,40,37,39,21,17,13,4,F,2011
E01011300,Leeds 089A,752,44,46,50,50,27,39,63,75,57,58,36,39,39,41,28,24,13,19,4,F,2011
E01011301,Leeds 089B,665,25,33,39,29,39,28,46,41,49,58,56,53,50,49,31,19,14,3,3,F,2011
E01011304,Leeds 089C,826,55,43,42,54,52,43,61,68,60,50,57,43,47,36,24,29,30,17,15,F,2011
E01011305,Leeds 089D,764,54,41,35,50,32,56,63,62,53,61,60,50,49,21,23,22,20,11,1,F,2011
E01011306,Leeds 089E,685,30,35,51,43,25,32,33,54,64,57,50,37,67,41,26,15,12,11,2,F,2011
E01011315,Leeds 090A,759,47,39,32,49,46,76,65,48,54,52,46,21,46,34,23,33,24,15,9,F,2011
E01011317,Leeds 090B,881,70,46,59,53,55,77,74,64,49,66,44,45,45,27,27,22,28,16,14,F,2011
E01011318,Leeds 090C,772,74,65,51,55,63,75,55,59,47,56,31,37,45,21,14,11,10,2,1,F,2011
E01011321,Leeds 090D,789,60,51,62,68,68,46,49,63,55,67,46,37,34,18,20,17,16,8,4,F,2011
E01011369,Leeds 090E,838,61,44,34,40,58,72,54,53,47,47,51,42,43,45,43,42,29,23,10,F,2011
E01011313,Leeds 091A,809,69,59,53,60,57,91,82,55,45,53,39,30,31,13,23,19,12,11,7,F,2011
E01011314,Leeds 091B,747,71,39,39,40,58,86,70,68,42,50,33,22,25,31,20,18,21,8,6,F,2011
E01011319,Leeds 091C,801,61,48,51,54,54,64,60,62,33,59,49,33,42,31,19,33,17,20,11,F,2011
E01011320,Leeds 091D,867,54,51,64,45,64,55,62,51,62,60,52,51,43,37,42,33,24,11,6,F,2011
E01011322,Leeds 091E,791,54,34,34,50,52,62,55,50,44,56,59,40,41,45,40,27,27,16,5,F,2011
E01011471,Leeds 092A,748,51,45,45,40,59,64,62,46,54,49,45,31,52,25,21,30,19,5,5,F,2011
E01011472,Leeds 092B,859,43,69,53,72,53,51,58,47,70,49,50,39,34,25,33,35,35,25,18,F,2011
E01011473,Leeds 092C,784,87,77,69,54,60,90,59,46,59,40,36,35,22,10,22,5,7,4,2,F,2011
E01011474,Leeds 092D,745,57,57,60,64,58,45,52,64,50,45,45,34,29,27,25,18,7,6,2,F,2011
E01011518,Leeds 093A,1115,85,66,63,66,56,117,125,89,83,67,67,52,55,39,26,26,19,10,4,F,2011
E01011524,Leeds 093B,628,27,30,35,33,34,43,39,31,57,51,51,40,54,36,30,22,6,3,6,F,2011
E01011526,Leeds 093C,647,48,33,35,44,26,38,50,52,61,70,49,53,34,20,15,11,7,1,0,F,2011
E01011531,Leeds 093D,774,26,19,30,29,25,32,32,39,45,36,62,47,76,67,67,56,40,26,20,F,2011
E01011466,Leeds 094A,754,46,30,52,39,56,40,31,38,70,55,48,42,36,48,34,28,29,20,12,F,2011
E01011469,Leeds 094B,716,52,35,29,31,43,50,38,40,71,63,55,51,46,35,27,29,14,6,1,F,2011
E01011475,Leeds 094C,766,59,63,40,54,55,68,64,43,65,48,57,47,30,23,14,12,16,4,4,F,2011
E01011476,Leeds 094D,649,56,45,56,37,45,62,41,36,39,39,43,29,26,22,21,18,20,8,6,F,2011
E01011519,Leeds 095A,761,51,46,45,41,40,47,43,52,54,61,49,39,61,35,22,32,30,9,4,F,2011
E01011522,Leeds 095B,705,31,41,33,39,23,35,49,48,56,44,67,39,58,57,26,30,16,10,3,F,2011
E01011525,Leeds 095C,796,51,37,31,23,40,92,81,61,46,56,51,39,42,34,36,23,22,17,14,F,2011
E01011528,Leeds 095D,799,55,54,47,49,31,51,54,70,84,83,54,49,38,28,18,16,6,6,6,F,2011
E01011532,Leeds 095E,826,44,52,55,49,38,53,67,45,68,59,46,47,52,35,42,32,25,9,8,F,2011
E01011520,Leeds 096A,749,38,25,39,37,25,24,55,58,61,50,53,40,69,50,46,39,21,12,7,F,2011
E01011521,Leeds 096B,992,54,54,47,39,31,59,65,74,82,71,85,76,71,51,52,40,20,14,7,F,2011
E01011523,Leeds 096C,951,75,44,36,40,52,49,71,80,62,50,67,47,52,36,44,38,47,34,27,F,2011
E01011527,Leeds 096D,872,37,42,40,34,32,43,40,65,53,76,67,61,96,67,51,42,15,7,4,F,2011
E01011529,Leeds 096E,743,57,46,42,45,49,44,41,57,49,72,41,41,54,35,26,16,13,9,6,F,2011
E01011635,Leeds 097B,803,42,42,33,47,36,53,48,56,59,70,50,44,52,53,39,34,25,12,8,F,2011
E01011637,Leeds 097C,890,76,67,32,60,35,65,74,76,73,66,65,45,51,39,27,20,6,11,2,F,2011
E01011638,Leeds 097D,733,38,50,37,33,26,31,36,52,70,62,47,47,41,48,37,36,22,14,6,F,2011
E01032487,Leeds 097F,525,35,25,34,33,14,27,29,27,38,36,31,28,38,31,32,29,14,13,11,F,2011
E01032488,Leeds 097G,954,65,66,50,49,31,25,48,74,103,77,51,59,63,63,51,30,32,14,3,F,2011
E01011627,Leeds 098A,744,41,33,52,49,35,49,36,53,42,65,43,53,52,40,38,29,18,8,8,F,2011
E01011628,Leeds 098B,695,30,31,32,43,20,28,33,35,52,51,57,35,52,51,55,38,31,16,5,F,2011
E01011629,Leeds 098C,684,34,28,38,33,35,37,50,48,43,56,58,41,48,38,28,24,20,17,8,F,2011
E01011632,Leeds 098D,728,59,45,43,41,40,59,45,49,57,49,28,35,37,24,24,42,29,15,7,F,2011
E01011633,Leeds 098E,756,29,36,38,39,29,30,40,51,66,55,64,44,67,53,26,29,22,20,18,F,2011
E01011490,Leeds 099A,1298,127,65,48,58,111,192,137,80,106,82,66,59,53,31,31,24,13,11,4,F,2011
E01011502,Leeds 099C,726,54,42,32,45,41,46,39,39,67,50,47,39,41,27,27,43,23,19,5,F,2011
E01032497,Leeds 099E,764,69,64,52,44,60,74,74,54,53,42,34,29,38,26,21,13,8,2,7,F,2011
E01032498,Leeds 099F,775,35,27,29,49,43,34,22,49,54,56,64,34,53,49,59,61,38,15,4,F,2011
E01011496,Leeds 100A,752,58,63,42,20,38,61,71,81,82,69,46,44,25,19,15,8,5,2,3,F,2011
E01011630,Leeds 100B,1085,89,63,61,45,56,93,122,96,63,83,66,59,45,52,33,25,15,9,10,F,2011
E01011634,Leeds 100C,764,36,43,37,55,34,41,54,51,64,55,34,36,55,57,36,28,29,14,5,F,2011
E01011636,Leeds 100D,858,28,44,35,51,24,41,30,42,70,76,48,58,66,57,53,51,38,28,18,F,2011
E01011639,Leeds 100E,821,39,61,52,56,33,51,71,69,52,44,43,44,52,40,29,31,23,21,10,F,2011
E01011491,Leeds 101A,734,65,53,50,54,48,55,52,41,53,46,47,42,39,28,19,22,11,6,3,F,2011
E01011492,Leeds 101B,752,53,57,60,65,52,39,42,44,64,60,40,20,34,26,33,30,14,8,11,F,2011
E01011493,Leeds 101C,800,67,53,44,67,51,59,68,50,57,67,44,30,32,24,27,23,15,14,8,F,2011
E01011494,Leeds 101D,669,48,46,46,44,44,55,63,40,68,41,38,24,30,33,19,13,11,3,3,F,2011
E01011497,Leeds 101E,840,81,50,52,59,76,69,62,47,47,64,51,35,34,30,35,16,17,9,6,F,2011
E01011540,Leeds 102B,743,49,54,51,40,37,72,45,46,53,41,45,44,49,29,25,27,14,18,4,F,2011
E01032489,Leeds 102F,961,59,44,39,56,74,122,106,79,68,57,65,35,45,41,15,26,18,9,3,F,2011
E01032490,Leeds 102G,715,52,49,46,38,26,63,75,73,71,58,44,29,37,23,18,5,5,3,0,F,2011
E01032491,Leeds 102H,630,37,40,53,27,33,36,47,55,63,69,47,39,36,20,13,10,4,0,1,F,2011
E01032492,Leeds 102I,1036,80,54,47,60,79,107,97,70,70,82,58,43,44,44,24,29,14,19,15,F,2011
E01011307,Leeds 103A,791,56,43,38,49,44,38,61,45,57,66,46,36,58,37,31,23,25,26,12,F,2011
E01011308,Leeds 103B,790,47,43,40,41,36,37,43,46,63,64,44,38,50,67,39,35,18,22,17,F,2011
E01011393,Leeds 103C,901,58,61,66,49,31,43,51,70,78,73,52,44,47,48,35,35,27,20,13,F,2011
E01011394,Leeds 103D,625,36,26,35,33,25,15,30,51,45,55,48,41,37,37,31,26,20,19,15,F,2011
E01011395,Leeds 103E,597,43,49,37,32,27,36,47,74,80,45,31,26,31,13,9,9,4,2,2,F,2011
E01011533,Leeds 104A,651,40,19,26,26,45,60,71,40,49,39,41,34,36,24,35,28,15,12,11,F,2011
E01011541,Leeds 104B,883,29,23,24,33,45,81,67,52,52,63,48,40,52,40,43,45,63,53,30,F,2011
E01011545,Leeds 104C,705,48,35,29,31,47,66,70,61,56,46,48,28,40,33,24,13,15,8,7,F,2011
E01011547,Leeds 104D,940,61,57,46,46,47,68,82,75,69,67,57,60,53,35,33,35,20,18,11,F,2011
E01011499,Leeds 105C,1287,127,95,72,61,90,152,139,142,90,80,61,45,48,34,19,15,8,6,3,F,2011
E01011500,Leeds 105D,842,41,37,54,48,35,44,44,52,71,81,42,45,60,47,37,46,29,14,15,F,2011
E01032495,Leeds 105E,1204,127,91,76,65,89,159,126,105,97,63,61,49,34,17,20,14,6,3,2,F,2011
E01032496,Leeds 105F,1034,66,68,59,57,52,82,85,100,106,87,60,52,47,38,29,22,15,3,6,F,2011
E01011530,Leeds 106A,729,49,25,37,35,33,61,48,50,55,59,42,42,47,43,35,29,20,14,5,F,2011
E01011534,Leeds 106B,716,41,32,34,26,49,57,57,60,46,52,49,37,39,30,37,35,21,10,4,F,2011
E01011546,Leeds 106C,879,66,54,35,56,42,70,75,62,78,50,58,41,54,40,34,23,17,12,12,F,2011
E01011548,Leeds 106D,738,33,33,40,49,33,28,31,49,64,63,46,36,51,46,40,45,28,14,9,F,2011
E01011550,Leeds 106E,702,37,43,47,58,37,42,45,56,54,69,40,41,40,31,20,19,12,9,2,F,2011
E01011537,Leeds 107A,1036,49,42,42,48,50,54,51,41,82,90,76,72,80,80,59,55,38,20,7,F,2011
E01011538,Leeds 107B,771,52,35,48,54,40,40,47,38,64,63,52,35,42,50,39,32,25,11,4,F,2011
E01011551,Leeds 107C,781,43,63,41,46,40,62,71,79,70,82,57,40,41,18,16,9,2,1,0,F,2011
E01011552,Leeds 107D,767,51,53,52,55,32,48,57,59,65,56,37,36,35,39,24,26,20,14,8,F,2011
E01011535,Leeds 108A,841,43,44,59,39,37,25,39,50,80,91,67,51,72,50,27,20,28,14,5,F,2011
E01011536,Leeds 108B,837,47,52,40,54,37,45,37,56,80,73,50,50,58,43,50,27,23,13,2,F,2011
E01011549,Leeds 108C,749,40,42,54,73,50,20,25,59,79,107,94,58,21,12,4,7,2,0,2,F,2011
E01011553,Leeds 108D,733,43,37,28,52,32,41,52,40,69,60,71,45,57,37,30,18,9,11,1,F,2011
E01011685,Leeds 109A,1031,34,35,31,174,185,108,72,45,30,53,56,49,43,30,20,34,18,10,4,F,2011
E01011687,Leeds 109B,741,38,37,38,37,40,45,45,48,50,55,58,52,58,21,36,26,26,18,13,F,2011
E01011690,Leeds 109C,680,19,18,26,23,102,62,45,31,38,41,27,38,50,31,21,26,39,29,14,F,2011
E01011692,Leeds 109D,674,34,24,18,39,66,86,56,42,43,44,41,48,39,22,14,19,21,12,6,F,2011
E01011693,Leeds 109E,733,27,10,14,20,191,129,83,51,35,29,30,30,23,10,16,14,11,6,4,F,2011
E01011694,Leeds 109F,903,52,30,21,45,314,91,54,45,29,31,34,34,28,21,13,19,21,13,8,F,2011
E01032876,Leeds 109G,1485,37,30,28,678,274,48,34,27,45,37,51,37,48,27,28,22,23,8,3,F,2011
E01011442,Leeds 110A,759,6,7,6,27,503,92,30,15,10,11,8,12,10,7,4,3,4,4,0,F,2011
E01011443,Leeds 110B,712,13,11,10,29,471,66,36,13,7,11,11,7,6,6,8,3,3,1,0,F,2011
E01011444,Leeds 110C,936,10,4,9,36,739,48,23,11,15,6,10,8,4,5,3,3,1,1,0,F,2011
E01011451,Leeds 110D,1166,16,7,5,486,359,60,45,33,25,10,21,16,16,13,10,12,10,10,12,F,2011
E01011668,Leeds 110E,780,21,13,10,39,492,74,34,18,25,8,16,5,12,3,4,2,2,0,2,F,2011
E01011669,Leeds 110F,690,32,18,15,109,274,90,41,19,34,18,7,9,8,3,6,0,5,2,0,F,2011
E01032946,Leeds 110G,1288,21,15,10,239,566,105,56,25,19,25,13,19,19,20,23,36,41,19,17,F,2011
E01033008,Leeds 111A,479,14,3,1,17,145,163,70,29,10,9,5,6,3,0,2,1,0,1,0,F,2011
E01033010,Leeds 111B,1421,10,3,0,312,777,205,53,24,17,7,6,2,5,0,0,0,0,0,0,F,2011
E01033011,Leeds 111C,517,6,1,1,22,158,187,77,23,9,12,11,7,2,0,1,0,0,0,0,F,2011
E01033015,Leeds 111D,475,11,1,0,7,155,169,87,17,8,7,5,4,1,1,2,0,0,0,0,F,2011
E01033016,Leeds 111E,423,15,0,0,4,90,146,79,35,12,10,14,6,6,3,1,1,1,0,0,F,2011
E01011467,Leeds 112A,806,73,59,37,34,48,83,97,48,44,50,27,28,32,24,19,30,25,22,26,F,2011
E01011468,Leeds 112B,761,63,43,37,44,49,45,58,43,49,55,52,46,50,39,24,28,22,11,3,F,2011
E01011470,Leeds 112C,628,34,34,22,34,47,52,42,36,41,40,59,38,44,29,27,22,10,8,9,F,2011
E01033018,Leeds 112D,463,14,2,0,3,132,198,70,25,9,6,3,0,1,0,0,0,0,0,0,F,2011
E01033019,Leeds 112E,810,11,5,0,246,186,208,91,36,13,3,8,1,0,1,1,0,0,0,0,F,2011
E08000036,,166263,9564,8701,9231,9847,9994,10709,9629,10576,12734,12341,11372,9992,10595,8804,7036,5909,4606,2953,1670,F,2011
E01011740,Wakefield 001A,789,73,47,32,48,70,76,47,34,56,50,54,37,34,30,34,25,22,11,9,F,2011
E01011741,Wakefield 001B,751,27,33,36,54,30,29,36,39,54,74,49,61,53,56,40,39,29,8,4,F,2011
E01011742,Wakefield 001C,819,43,42,55,54,47,56,51,48,53,59,50,46,48,33,28,30,38,29,9,F,2011
E01011745,Wakefield 001D,926,89,92,41,54,104,95,51,48,54,49,57,42,39,33,29,18,18,7,6,F,2011
E01011746,Wakefield 001E,768,61,52,41,52,50,55,44,39,64,54,49,46,62,26,26,15,16,9,7,F,2011
E01011752,Wakefield 002A,787,53,44,37,37,66,61,56,54,55,66,55,38,39,37,34,24,14,13,4,F,2011
E01011753,Wakefield 002B,711,36,22,35,44,45,44,49,32,50,53,54,40,57,37,32,31,20,13,17,F,2011
E01011756,Wakefield 002C,765,35,30,29,39,41,33,26,37,53,52,51,43,65,58,59,43,30,23,18,F,2011
E01011760,Wakefield 002D,832,55,31,39,50,80,74,57,59,66,60,62,38,43,32,25,25,18,12,6,F,2011
E01011762,Wakefield 002E,806,49,33,30,47,79,74,50,41,68,53,58,50,41,43,33,22,19,11,5,F,2011
E01011743,Wakefield 003A,722,20,35,35,44,33,22,26,36,70,53,65,55,71,57,34,36,16,12,2,F,2011
E01011744,Wakefield 003B,824,52,28,44,50,37,38,44,60,77,73,66,44,35,53,43,32,28,15,5,F,2011
E01011747,Wakefield 003C,889,77,45,54,64,75,57,62,57,71,64,41,39,52,38,25,18,25,15,10,F,2011
E01011750,Wakefield 003D,806,54,70,77,56,46,51,52,51,56,53,44,56,39,20,23,26,14,11,7,F,2011
E01011754,Wakefield 003E,753,45,37,33,33,47,39,28,52,52,64,48,43,59,44,36,31,26,16,20,F,2011
E01011757,Wakefield 004A,950,74,62,63,53,51,72,59,86,88,67,55,44,59,40,28,19,15,11,4,F,2011
E01011759,Wakefield 004B,953,51,52,48,66,76,62,58,70,75,80,69,45,52,50,32,37,19,7,4,F,2011
E01011761,Wakefield 004C,961,59,37,45,59,83,72,53,60,58,63,49,48,55,59,45,41,26,31,18,F,2011
E01011763,Wakefield 004D,741,40,29,23,27,41,45,46,57,53,40,55,40,41,40,41,49,42,26,6,F,2011
E01011764,Wakefield 004E,784,51,40,36,34,58,64,50,51,51,48,45,30,33,39,37,28,46,25,18,F,2011
E01011748,Wakefield 005A,832,37,50,49,54,48,48,50,47,57,72,64,57,55,55,39,17,14,10,9,F,2011
E01011749,Wakefield 005B,1073,78,56,45,67,98,128,70,77,108,72,66,52,38,54,21,19,10,11,3,F,2011
E01011751,Wakefield 005C,652,26,34,35,54,38,22,29,50,66,59,66,51,44,24,17,8,15,13,1,F,2011
E01011755,Wakefield 005D,836,50,26,36,59,50,61,36,44,75,90,73,52,48,45,29,23,24,13,2,F,2011
E01011873,Wakefield 006A,803,58,39,40,35,62,80,62,60,67,54,70,49,34,32,20,22,8,9,2,F,2011
E01011877,Wakefield 006B,710,41,31,51,37,38,42,40,51,64,51,62,48,59,35,33,18,4,3,2,F,2011
E01011894,Wakefield 006C,731,30,41,51,63,32,29,31,54,74,59,77,45,44,43,21,15,13,7,2,F,2011
E01011895,Wakefield 006D,750,38,33,44,53,44,37,35,56,64,75,65,64,44,38,18,22,9,6,5,F,2011
E01011875,Wakefield 007A,758,47,39,50,36,40,53,52,49,50,54,47,46,40,36,33,30,28,18,10,F,2011
E01011876,Wakefield 007B,713,30,37,44,41,41,47,46,31,57,54,54,55,37,34,26,25,25,16,13,F,2011
E01011878,Wakefield 007C,801,32,39,39,59,41,49,44,60,61,73,65,62,65,38,22,18,23,8,3,F,2011
E01011880,Wakefield 007D,759,59,29,42,28,48,70,44,50,52,64,64,46,47,52,22,21,12,8,1,F,2011
E01011881,Wakefield 008A,724,40,35,29,35,31,49,44,57,49,54,50,34,68,54,38,22,20,10,5,F,2011
E01011887,Wakefield 008B,625,20,36,36,47,38,27,31,27,71,62,38,30,42,40,26,23,16,8,7,F,2011
E01011893,Wakefield 008C,781,28,31,55,42,25,36,29,44,70,77,57,41,47,31,35,27,33,40,33,F,2011
E01011896,Wakefield 008D,720,41,26,29,35,43,40,35,40,52,56,39,39,62,44,32,38,36,19,14,F,2011
E01011897,Wakefield 008E,743,43,21,41,48,33,42,36,46,54,38,45,45,53,42,41,39,39,31,6,F,2011
E01011874,Wakefield 009A,844,39,35,42,50,36,28,54,45,57,87,53,66,57,55,44,28,21,27,20,F,2011
E01011879,Wakefield 009B,728,47,39,31,33,47,49,45,48,68,64,50,40,48,36,32,12,17,14,8,F,2011
E01011882,Wakefield 009C,788,31,34,39,51,30,37,34,42,41,64,65,46,65,63,40,43,36,23,4,F,2011
E01011883,Wakefield 009D,717,28,35,36,45,34,26,19,53,62,69,67,41,42,48,29,33,22,15,13,F,2011
E01011805,Wakefield 010A,730,24,29,37,38,53,38,30,30,52,61,69,39,37,30,45,41,43,24,10,F,2011
E01011807,Wakefield 010B,720,43,33,36,38,57,65,47,35,60,57,47,36,47,31,28,20,11,19,10,F,2011
E01011808,Wakefield 010C,866,49,39,39,47,70,68,45,43,55,52,45,48,62,42,48,35,38,26,15,F,2011
E01011810,Wakefield 010D,771,39,36,56,53,48,44,47,40,80,60,61,59,54,29,14,23,16,9,3,F,2011
E01011803,Wakefield 011A,719,63,37,35,57,55,65,37,27,48,63,40,50,39,32,25,26,13,5,2,F,2011
E01011804,Wakefield 011B,867,59,49,41,46,74,69,56,44,50,70,40,54,56,49,37,30,28,8,7,F,2011
E01011806,Wakefield 011C,752,38,40,36,46,45,51,36,47,50,67,62,46,53,37,43,26,19,7,3,F,2011
E01011809,Wakefield 011D,750,23,27,28,57,22,42,33,34,53,69,53,54,60,42,41,45,33,24,10,F,2011
E01011811,Wakefield 011E,826,67,45,45,71,98,68,42,41,66,52,45,38,29,34,29,28,12,8,8,F,2011
E01011835,Wakefield 012A,750,23,37,28,35,40,30,38,40,58,62,58,55,68,51,45,29,24,13,16,F,2011
E01011836,Wakefield 012B,732,28,51,38,49,46,55,49,68,57,70,50,33,45,24,16,14,10,13,16,F,2011
E01011839,Wakefield 012C,836,61,44,48,45,66,45,44,49,67,56,49,44,66,65,39,23,17,3,5,F,2011
E01011843,Wakefield 012D,863,68,66,55,56,41,56,56,65,79,69,48,51,33,26,32,28,21,8,5,F,2011
E01011844,Wakefield 012E,980,79,71,68,51,42,74,79,117,103,81,49,55,38,20,22,10,12,9,0,F,2011
E01011758,Wakefield 013A,671,40,29,38,40,40,55,35,44,60,56,46,40,41,31,27,21,17,5,6,F,2011
E01011812,Wakefield 013B,1310,82,84,98,78,66,69,84,129,152,111,81,81,84,49,27,20,7,5,3,F,2011
E01011820,Wakefield 013C,763,46,38,43,46,55,60,47,58,64,59,55,39,36,27,28,28,18,10,6,F,2011
E01011821,Wakefield 013D,685,32,21,39,41,34,38,28,50,42,43,57,46,62,30,33,36,25,13,15,F,2011
E01011885,Wakefield 014A,777,22,22,43,37,31,25,28,36,68,64,70,53,67,53,44,38,32,27,17,F,2011
E01011886,Wakefield 014B,760,32,40,43,51,27,39,30,39,60,67,49,64,72,46,23,38,21,15,4,F,2011
E01011888,Wakefield 014C,712,24,28,37,32,28,28,28,40,52,52,61,59,75,59,41,31,17,13,7,F,2011
E01011890,Wakefield 014D,628,19,27,48,47,32,13,26,46,59,58,65,53,36,43,22,15,8,8,3,F,2011
E01011891,Wakefield 014E,828,30,36,49,32,47,49,41,35,48,70,58,43,70,51,44,40,33,32,20,F,2011
E01011834,Wakefield 015A,824,62,60,52,44,55,62,68,49,78,59,47,31,38,31,20,18,12,13,25,F,2011
E01011837,Wakefield 015B,751,38,47,37,46,40,49,37,46,63,51,67,62,44,36,39,19,17,9,4,F,2011
E01011838,Wakefield 015C,962,62,29,31,51,93,109,46,73,57,63,48,49,61,39,39,29,37,27,19,F,2011
E01011841,Wakefield 015D,753,31,28,38,38,45,39,40,41,54,59,46,51,65,47,51,44,23,7,6,F,2011
E01011842,Wakefield 015E,735,68,45,26,36,55,55,37,40,46,50,53,43,35,34,33,43,19,11,6,F,2011
E01011813,Wakefield 016A,859,59,45,50,56,50,76,55,44,70,40,56,31,46,40,27,30,31,31,22,F,2011
E01011814,Wakefield 016B,826,61,44,48,59,63,77,59,73,75,54,42,38,46,25,19,15,15,9,4,F,2011
E01011815,Wakefield 016C,768,38,37,31,39,40,53,44,44,53,54,71,52,55,39,44,29,24,14,7,F,2011
E01011816,Wakefield 016D,752,43,33,50,45,38,43,42,37,50,57,42,32,47,47,43,29,26,30,18,F,2011
E01011819,Wakefield 016E,799,39,35,44,44,69,77,46,49,62,49,67,57,45,31,33,18,18,10,6,F,2011
E01011822,Wakefield 016F,747,51,35,46,51,45,58,54,39,58,54,51,38,49,38,28,24,13,10,5,F,2011
E01011884,Wakefield 017A,1185,80,65,70,52,74,120,110,93,88,92,66,49,50,43,32,26,25,26,24,F,2011
E01011912,Wakefield 017B,726,52,43,39,51,74,81,63,36,35,36,46,22,33,24,19,21,25,15,11,F,2011
E01011913,Wakefield 017C,820,70,58,58,64,86,92,56,43,52,33,50,35,29,22,21,15,15,11,10,F,2011
E01011916,Wakefield 017D,869,31,19,18,32,111,120,58,52,49,48,43,46,41,29,49,48,42,22,11,F,2011
E01011840,Wakefield 018A,807,43,45,51,45,47,59,46,53,61,63,56,43,44,36,34,23,30,18,10,F,2011
E01011850,Wakefield 018B,803,53,47,53,63,53,55,36,49,56,55,52,51,45,39,33,27,16,12,8,F,2011
E01011852,Wakefield 018C,862,74,71,54,41,77,63,61,58,66,38,47,34,50,33,27,24,22,16,6,F,2011
E01011853,Wakefield 018D,767,48,42,43,59,40,49,38,37,57,64,63,40,29,32,37,34,27,17,11,F,2011
E01011920,Wakefield 019A,771,57,33,43,39,72,97,74,64,49,45,46,36,32,24,22,15,8,10,5,F,2011
E01011923,Wakefield 019B,786,39,42,44,49,47,50,43,54,74,56,52,49,58,49,29,18,19,7,7,F,2011
E01011924,Wakefield 019C,771,43,39,47,40,52,57,55,51,56,55,53,48,57,36,26,20,28,7,1,F,2011
E01011925,Wakefield 019D,904,95,74,74,50,59,81,70,60,50,54,56,45,34,37,25,18,14,7,1,F,2011
E01011909,Wakefield 020A,714,32,35,41,43,44,40,43,34,49,48,51,56,66,39,35,22,23,10,3,F,2011
E01011910,Wakefield 020B,770,42,45,46,40,33,42,46,30,43,53,43,46,59,37,37,50,35,30,13,F,2011
E01011911,Wakefield 020C,794,75,58,64,47,60,50,54,66,52,63,41,41,35,22,11,19,24,10,2,F,2011
E01011914,Wakefield 020D,800,72,58,50,55,50,52,60,56,61,63,49,37,48,24,22,16,18,8,1,F,2011
E01011915,Wakefield 020E,848,75,65,53,63,55,94,67,80,68,50,51,35,26,20,18,13,9,3,3,F,2011
E01011823,Wakefield 021A,735,36,29,30,26,27,40,36,52,50,55,60,43,69,40,34,29,28,25,26,F,2011
E01011824,Wakefield 021B,806,68,60,59,49,44,57,68,59,59,50,51,34,39,30,16,16,27,17,3,F,2011
E01011825,Wakefield 021C,936,69,66,62,51,44,56,85,90,93,73,40,36,51,33,38,15,14,16,4,F,2011
E01011826,Wakefield 021D,748,37,46,41,57,25,28,38,51,64,55,35,54,54,41,39,30,26,19,8,F,2011
E01011827,Wakefield 021E,595,31,18,22,35,16,24,19,30,42,49,37,44,60,57,41,32,18,14,6,F,2011
E01011828,Wakefield 021F,727,50,37,34,31,53,47,52,46,62,46,55,35,61,41,28,21,17,9,2,F,2011
E01011889,Wakefield 022A,650,41,41,56,33,29,27,32,56,76,72,40,30,36,30,24,16,9,0,2,F,2011
E01011892,Wakefield 022B,925,45,67,46,63,47,42,55,67,102,82,58,37,42,46,39,27,23,24,13,F,2011
E01011919,Wakefield 022C,926,56,62,54,67,69,85,87,69,58,69,51,39,55,24,27,30,10,10,4,F,2011
E01011921,Wakefield 022D,751,36,39,41,43,46,36,53,47,60,59,54,40,44,45,40,32,23,8,5,F,2011
E01011926,Wakefield 022E,803,76,63,52,59,53,69,72,60,45,50,51,43,27,29,19,15,10,9,1,F,2011
E01011927,Wakefield 022F,716,47,36,35,51,50,44,34,37,58,47,47,41,39,31,23,23,28,30,15,F,2011
E01011845,Wakefield 023A,703,11,23,23,31,20,15,19,25,44,44,73,62,88,63,52,38,47,21,4,F,2011
E01011846,Wakefield 023B,700,27,26,44,44,28,36,38,40,55,59,58,42,43,40,42,35,32,7,4,F,2011
E01011847,Wakefield 023C,731,19,30,44,41,25,29,31,47,60,60,60,56,60,47,42,36,20,18,6,F,2011
E01011848,Wakefield 023D,774,23,40,45,37,31,19,28,39,47,70,50,53,57,54,56,47,36,30,12,F,2011
E01011851,Wakefield 023E,716,29,30,35,44,48,32,30,46,56,58,50,44,46,34,34,31,32,23,14,F,2011
E01011775,Wakefield 024A,1468,94,102,106,82,92,115,136,136,147,117,79,64,59,55,36,21,18,5,4,F,2011
E01011776,Wakefield 024B,834,51,54,59,61,45,57,53,52,67,45,44,42,42,55,32,26,20,12,17,F,2011
E01011777,Wakefield 024C,686,22,27,39,31,29,42,35,32,52,49,45,40,56,41,41,27,37,28,13,F,2011
E01011778,Wakefield 024D,843,56,48,54,50,60,74,58,44,60,44,63,48,55,50,28,22,14,10,5,F,2011
E01011817,Wakefield 024E,687,31,51,45,55,41,41,45,58,52,59,41,30,30,33,17,31,9,13,5,F,2011
E01011818,Wakefield 024F,684,34,31,34,32,35,41,40,43,53,49,48,63,52,41,29,35,14,7,3,F,2011
E01011829,Wakefield 025A,741,46,46,40,39,25,50,44,46,60,57,52,70,58,43,10,19,19,10,7,F,2011
E01011830,Wakefield 025B,651,16,21,23,25,21,30,30,44,36,52,27,27,56,65,38,53,34,31,22,F,2011
E01011831,Wakefield 025C,859,47,46,43,50,61,50,64,49,62,76,74,47,53,44,37,25,17,11,3,F,2011
E01011832,Wakefield 025D,710,32,37,31,43,32,33,40,43,64,52,48,44,52,42,34,43,18,14,8,F,2011
E01011833,Wakefield 025E,779,28,47,48,43,40,32,52,49,71,53,61,60,61,43,41,21,18,8,3,F,2011
E01011899,Wakefield 026A,797,65,59,65,70,51,49,52,48,70,51,51,39,34,32,23,15,11,10,2,F,2011
E01011900,Wakefield 026B,800,49,41,42,45,44,60,47,39,63,54,55,35,44,32,37,51,33,20,9,F,2011
E01011901,Wakefield 026C,916,97,95,78,81,65,77,51,61,71,52,30,31,35,32,25,20,9,4,2,F,2011
E01011904,Wakefield 026D,739,67,59,69,61,44,46,61,59,50,47,44,31,30,25,18,18,2,6,2,F,2011
E01011918,Wakefield 026E,817,49,63,57,66,48,55,56,54,65,58,40,40,45,30,28,30,18,7,8,F,2011
E01011922,Wakefield 026F,754,50,37,39,60,44,64,48,41,58,68,49,29,32,25,36,22,18,18,16,F,2011
E01011779,Wakefield 027A,769,50,49,46,61,50,39,42,44,59,59,50,37,39,48,37,23,20,7,9,F,2011
E01011780,Wakefield 027B,961,52,52,68,69,51,53,50,49,69,68,38,44,68,61,54,52,36,21,6,F,2011
E01011781,Wakefield 027C,898,71,46,53,52,80,55,59,64,60,61,48,45,56,39,39,30,22,12,6,F,2011
E01011782,Wakefield 027D,773,34,35,48,43,49,41,26,46,65,65,55,56,51,44,38,32,25,12,8,F,2011
E01011783,Wakefield 027E,658,35,29,34,44,48,46,34,45,58,35,59,41,39,38,31,19,17,4,2,F,2011
E01011902,Wakefield 028A,712,32,27,28,30,42,34,30,47,38,56,50,50,65,53,39,36,30,20,5,F,2011
E01011903,Wakefield 028B,607,19,19,33,33,30,18,27,25,32,46,51,56,47,46,30,44,27,14,10,F,2011
E01011905,Wakefield 028C,832,29,39,54,59,35,31,35,43,75,78,46,50,52,52,49,47,22,22,14,F,2011
E01011907,Wakefield 028D,873,45,34,25,37,64,89,58,70,53,59,57,53,49,39,33,43,39,19,7,F,2011
E01011793,Wakefield 029A,824,38,23,38,40,36,38,39,48,45,69,58,62,75,63,56,40,26,22,8,F,2011
E01011794,Wakefield 029B,711,33,32,38,46,37,42,36,54,61,49,54,53,45,43,32,19,20,8,9,F,2011
E01011795,Wakefield 029C,662,36,37,27,29,29,35,35,49,43,49,40,46,61,48,32,25,24,13,4,F,2011
E01011796,Wakefield 029D,723,37,36,50,35,24,36,55,46,63,58,55,51,58,42,34,17,14,7,5,F,2011
E01011799,Wakefield 029E,861,40,39,32,37,39,54,58,46,50,49,46,51,48,59,53,50,48,38,24,F,2011
E01011800,Wakefield 029F,846,44,53,61,37,41,41,68,60,69,62,41,47,66,48,30,31,24,14,9,F,2011
E01011898,Wakefield 030A,720,46,44,28,37,91,105,53,53,53,46,50,24,26,23,18,8,5,6,4,F,2011
E01011906,Wakefield 030B,815,92,57,56,66,54,71,45,56,48,54,46,36,29,35,24,13,17,8,8,F,2011
E01011908,Wakefield 030C,1092,74,73,57,62,84,124,71,79,66,75,61,56,54,26,32,29,28,27,14,F,2011
E01011917,Wakefield 030D,763,64,54,48,38,70,85,67,59,55,38,39,33,34,23,18,14,10,8,6,F,2011
E01011944,Wakefield 030E,689,72,44,37,30,54,70,72,47,50,45,29,40,32,23,21,12,5,5,1,F,2011
E01011797,Wakefield 031A,871,48,45,57,47,21,35,46,68,100,66,60,42,66,44,46,37,24,12,7,F,2011
E01011798,Wakefield 031B,691,28,26,22,36,52,63,34,45,33,59,56,43,52,38,31,30,16,17,10,F,2011
E01011801,Wakefield 031C,789,49,57,43,46,47,51,52,72,56,63,57,57,58,30,24,12,11,2,2,F,2011
E01011802,Wakefield 031D,792,41,28,42,34,38,45,37,43,48,68,47,67,58,42,36,31,32,30,25,F,2011
E01011765,Wakefield 032A,782,49,32,47,53,37,52,33,53,59,64,50,54,61,44,32,25,22,11,4,F,2011
E01011766,Wakefield 032B,775,45,45,53,66,36,29,38,66,66,74,59,36,59,35,22,21,17,8,0,F,2011
E01011773,Wakefield 032C,749,22,22,34,50,36,19,25,37,69,74,46,58,73,67,51,41,12,4,9,F,2011
E01011774,Wakefield 032D,710,32,35,42,45,31,32,36,45,47,62,47,52,61,46,44,16,20,11,6,F,2011
E01011939,Wakefield 033A,766,40,34,33,24,23,30,22,46,62,56,54,74,55,58,53,39,31,20,12,F,2011
E01011945,Wakefield 033B,765,31,19,37,44,38,30,24,29,53,55,74,61,55,48,33,37,41,37,19,F,2011
E01011947,Wakefield 033C,805,27,27,38,41,30,20,26,36,37,61,58,57,97,82,67,49,30,14,8,F,2011
E01011948,Wakefield 033D,819,28,40,43,37,32,29,29,37,65,63,61,60,84,71,43,32,33,21,11,F,2011
E01011767,Wakefield 034A,902,28,47,66,51,25,23,21,58,69,69,79,89,56,56,63,46,24,20,12,F,2011
E01011768,Wakefield 034B,715,24,29,41,43,39,29,40,35,54,68,52,53,61,55,37,30,10,12,3,F,2011
E01011769,Wakefield 034C,1052,74,43,46,53,56,105,106,87,83,67,80,59,60,53,31,18,14,6,11,F,2011
E01011770,Wakefield 034D,1007,54,49,61,84,50,53,49,58,84,73,70,74,53,53,42,45,30,12,13,F,2011
E01011849,Wakefield 034E,800,32,32,41,33,23,20,21,37,39,56,71,69,81,76,53,57,31,19,9,F,2011
E01011857,Wakefield 034F,818,31,33,36,43,24,25,23,47,67,56,74,73,74,80,49,32,27,13,11,F,2011
E01011928,Wakefield 035A,694,32,32,28,35,37,28,26,39,60,41,54,46,64,60,47,31,17,11,6,F,2011
E01011931,Wakefield 035B,767,45,40,36,37,33,24,36,71,57,41,71,55,62,56,31,30,24,13,5,F,2011
E01011932,Wakefield 035C,721,35,34,32,45,49,33,35,54,54,56,54,47,60,48,34,30,13,8,0,F,2011
E01011938,Wakefield 035D,1018,28,40,42,61,99,93,91,82,110,67,82,59,50,30,26,20,24,10,4,F,2011
E01011929,Wakefield 036A,814,27,22,35,32,29,34,38,43,55,70,71,71,67,62,72,44,22,16,4,F,2011
E01011930,Wakefield 036B,889,62,52,50,49,37,62,50,65,73,64,71,71,55,53,20,22,23,9,1,F,2011
E01011933,Wakefield 036C,820,63,43,49,41,51,47,44,65,67,48,57,57,64,38,30,22,15,12,7,F,2011
E01011937,Wakefield 036D,727,31,27,28,48,51,35,25,42,59,60,65,60,51,46,29,36,20,10,4,F,2011
E01011934,Wakefield 037A,706,25,24,27,39,38,22,32,40,64,73,53,62,64,48,32,24,16,12,11,F,2011
E01011936,Wakefield 037B,788,40,56,43,41,36,49,43,55,59,55,47,43,61,41,28,36,32,20,3,F,2011
E01011940,Wakefield 037C,709,34,30,32,60,45,42,38,42,51,67,61,41,55,31,25,14,28,11,2,F,2011
E01011943,Wakefield 037D,918,52,57,59,42,57,74,63,49,72,55,54,43,43,44,24,51,39,20,20,F,2011
E01011935,Wakefield 038A,918,71,57,54,37,31,68,90,76,87,70,45,56,47,48,28,26,10,15,2,F,2011
E01011941,Wakefield 038B,775,29,30,37,50,25,34,31,38,58,49,56,53,56,58,49,52,42,17,11,F,2011
E01011942,Wakefield 038C,625,27,27,30,20,21,22,24,32,48,40,55,46,66,56,41,32,22,6,10,F,2011
E01011946,Wakefield 038D,758,28,28,31,47,33,21,31,41,43,64,66,68,69,51,44,27,28,17,21,F,2011
E01011785,Wakefield 039A,804,54,57,55,62,46,58,46,52,79,49,50,52,39,35,26,23,15,6,0,F,2011
E01011789,Wakefield 039B,663,41,23,44,47,43,39,24,36,43,48,47,40,35,42,25,29,27,21,9,F,2011
E01011791,Wakefield 039C,749,34,53,45,43,43,46,41,50,50,55,52,45,33,49,33,29,21,12,15,F,2011
E01011792,Wakefield 039D,767,55,53,42,56,63,47,38,43,69,51,44,28,47,48,35,17,13,13,5,F,2011
E01011771,Wakefield 040A,693,29,29,29,50,24,31,48,34,47,31,36,49,40,44,44,50,39,28,11,F,2011
E01011772,Wakefield 040B,787,51,35,32,36,61,63,48,54,59,66,58,50,42,39,27,19,20,17,10,F,2011
E01011784,Wakefield 040C,930,59,51,55,61,44,41,54,75,53,68,66,70,68,58,41,27,19,15,5,F,2011
E01011786,Wakefield 040D,825,57,47,56,61,71,65,51,63,64,61,65,48,34,25,19,19,14,1,4,F,2011
E01011854,Wakefield 041A,612,38,33,44,34,44,50,45,48,50,48,42,26,28,27,20,15,13,6,1,F,2011
E01011855,Wakefield 041B,809,42,52,52,45,37,52,45,45,67,66,63,46,47,43,33,31,26,12,5,F,2011
E01011856,Wakefield 041C,716,53,31,49,38,52,31,50,35,46,60,52,48,48,38,38,16,19,7,5,F,2011
E01011858,Wakefield 041D,810,47,54,51,55,31,41,37,60,86,65,67,42,36,43,37,29,15,13,1,F,2011
E01011787,Wakefield 042A,860,39,36,41,37,60,56,44,55,53,75,67,53,59,50,41,39,32,18,5,F,2011
E01011788,Wakefield 042B,840,26,36,41,56,49,50,37,38,55,72,58,67,75,54,49,35,25,10,7,F,2011
E01011790,Wakefield 042C,817,50,44,38,42,60,74,45,34,53,59,65,41,64,46,37,23,26,13,3,F,2011
E01011865,Wakefield 042D,863,54,35,50,53,40,53,53,47,60,64,53,42,44,62,43,43,34,27,6,F,2011
E01011867,Wakefield 042E,878,59,50,54,63,68,54,58,43,70,64,56,55,53,41,32,35,10,11,2,F,2011
E01011859,Wakefield 043A,772,41,31,45,49,36,52,39,38,49,42,35,42,37,68,46,54,41,17,10,F,2011
E01011869,Wakefield 043B,717,43,38,43,33,70,76,48,47,46,48,38,44,31,29,28,23,13,13,6,F,2011
E01011870,Wakefield 043C,697,29,20,36,30,39,26,28,37,45,47,56,61,58,66,61,30,16,10,2,F,2011
E01011871,Wakefield 043D,782,63,55,34,38,61,67,52,34,39,59,67,69,39,28,21,18,24,12,2,F,2011
E01011860,Wakefield 044A,765,31,31,56,44,38,29,39,39,73,64,61,52,54,46,33,40,15,13,7,F,2011
E01011861,Wakefield 044B,1025,65,59,67,57,65,69,76,76,86,69,66,64,48,48,37,37,19,9,8,F,2011
E01011862,Wakefield 044C,726,43,44,45,49,37,37,54,52,72,57,42,29,44,28,30,16,27,9,11,F,2011
E01011863,Wakefield 044D,683,35,36,37,40,41,47,32,33,59,39,57,44,34,30,27,34,32,15,11,F,2011
E01011864,Wakefield 045A,845,47,50,53,70,79,59,36,45,61,65,50,47,45,31,44,22,18,15,8,F,2011
E01011866,Wakefield 045B,817,53,39,47,60,45,44,42,43,70,49,59,51,49,44,40,31,31,15,5,F,2011
E01011868,Wakefield 045C,991,78,72,66,55,46,56,55,89,67,71,64,55,59,45,23,31,28,10,21,F,2011
E01011872,Wakefield 045D,775,47,53,47,56,51,44,51,59,53,55,59,41,35,45,37,19,10,10,3,F,2011
E06000015,,125813,8681,7246,7204,7943,9913,9214,8447,8173,8946,8886,7244,6270,6380,5363,4561,4225,3519,2345,1253,F,2011
E01013461,Derby 001A,829,30,58,37,38,40,21,31,44,59,66,63,62,67,64,51,32,31,24,11,F,2011
E01013462,Derby 001B,807,61,42,50,42,31,31,55,51,64,64,47,44,31,46,34,37,39,29,9,F,2011
E01013463,Derby 001C,773,38,40,43,53,31,17,30,52,55,78,53,66,64,50,32,31,28,7,5,F,2011
E01013464,Derby 001D,756,33,30,42,50,26,21,24,48,46,57,42,39,58,59,52,40,52,25,12,F,2011
E01013465,Derby 002A,833,42,41,33,56,34,24,36,48,67,64,45,38,58,56,56,54,44,31,6,F,2011
E01013466,Derby 002B,803,26,47,52,42,21,22,35,44,64,64,63,55,55,46,62,45,32,20,8,F,2011
E01013467,Derby 002C,721,32,30,45,41,17,25,26,43,58,53,42,35,49,61,57,55,32,16,4,F,2011
E01013468,Derby 002D,836,33,36,48,39,37,14,28,40,55,63,62,52,50,49,61,69,54,34,12,F,2011
E01013469,Derby 002E,668,11,18,11,15,35,23,18,29,31,34,23,40,47,52,62,74,64,46,35,F,2011
E01013574,Derby 003A,682,26,41,33,38,37,17,28,46,61,78,75,56,53,32,20,19,13,5,4,F,2011
E01013575,Derby 003B,713,43,40,35,30,39,56,45,50,61,62,61,61,36,21,19,27,19,5,3,F,2011
E01013576,Derby 003C,749,40,34,37,67,42,40,57,41,70,74,68,49,47,31,17,16,13,4,2,F,2011
E01013577,Derby 003D,793,52,43,70,51,50,44,36,72,71,96,74,34,30,25,18,14,9,4,0,F,2011
E01013578,Derby 003E,710,56,39,50,48,45,54,44,55,79,71,50,43,32,12,11,13,4,4,0,F,2011
E01013579,Derby 003F,723,37,53,35,31,42,65,61,40,51,70,52,41,33,28,34,26,16,7,1,F,2011
E01013580,Derby 003G,786,63,22,37,38,54,66,69,63,69,63,40,42,39,32,31,15,20,10,13,F,2011
E01013530,Derby 004A,777,70,42,46,36,48,69,76,56,56,59,45,36,37,29,13,31,14,9,5,F,2011
E01013531,Derby 004B,722,47,49,39,31,36,53,48,44,57,46,43,44,25,34,26,64,29,6,1,F,2011
E01013532,Derby 004C,774,55,51,40,47,49,57,51,45,45,65,36,35,42,41,26,28,34,21,6,F,2011
E01013581,Derby 004D,830,78,59,60,50,56,70,60,68,56,54,47,33,34,20,33,25,12,12,3,F,2011
E01013526,Derby 005A,808,42,37,46,45,25,30,45,55,62,73,57,46,66,49,37,39,34,17,3,F,2011
E01013527,Derby 005B,763,38,52,48,37,29,27,39,41,60,66,43,56,61,37,30,33,31,11,24,F,2011
E01013528,Derby 005C,866,54,52,30,33,89,41,55,57,46,69,49,52,46,43,25,26,44,31,24,F,2011
E01013529,Derby 005D,1210,77,58,46,43,146,106,99,87,83,72,42,52,40,34,26,39,52,68,40,F,2011
E01013505,Derby 006A,769,48,47,52,51,39,43,57,56,69,61,62,37,34,32,20,23,18,14,6,F,2011
E01013506,Derby 006B,810,31,32,38,45,42,36,34,40,55,56,42,43,67,65,64,46,37,30,7,F,2011
E01013513,Derby 006C,672,30,38,50,68,36,38,33,37,62,52,36,29,42,40,22,26,15,11,7,F,2011
E01013534,Derby 006D,846,59,50,66,52,52,54,54,61,54,73,51,36,48,33,32,23,27,12,9,F,2011
E01013582,Derby 006E,826,55,40,39,40,45,75,60,44,60,62,46,37,33,32,73,42,17,18,8,F,2011
E01013533,Derby 007A,874,92,69,50,52,87,83,46,47,64,61,52,35,27,36,22,16,18,11,6,F,2011
E01013535,Derby 007B,855,91,77,79,72,81,77,66,64,70,52,37,19,19,19,9,12,9,1,1,F,2011
E01013536,Derby 007C,822,72,62,50,53,90,67,58,58,49,54,65,30,36,32,16,16,6,6,2,F,2011
E01013537,Derby 007D,825,72,31,43,35,55,63,55,47,57,68,43,34,46,51,40,37,24,21,3,F,2011
E01013538,Derby 007E,765,54,33,39,42,60,49,54,45,67,75,51,41,40,34,30,18,18,4,11,F,2011
E01013522,Derby 008A,804,42,25,27,29,159,85,67,52,40,51,31,36,47,28,25,24,21,11,4,F,2011
E01013523,Derby 008B,676,19,23,32,44,93,85,50,46,40,40,32,29,39,25,22,15,26,13,3,F,2011
E01013524,Derby 008C,1154,16,6,13,335,433,86,71,19,27,25,20,35,16,18,14,8,5,4,3,F,2011
E01013525,Derby 008D,960,81,41,19,23,78,147,114,74,68,54,70,39,44,34,25,19,15,11,4,F,2011
E01013548,Derby 009A,784,54,32,38,62,44,33,44,37,54,55,61,39,39,37,24,34,47,33,17,F,2011
E01013549,Derby 009B,752,49,53,37,37,44,54,50,28,67,43,55,33,33,33,28,27,50,21,10,F,2011
E01013552,Derby 009C,908,68,49,47,61,43,63,45,60,52,65,42,36,63,29,34,39,67,38,7,F,2011
E01013553,Derby 009D,786,51,38,44,53,43,47,42,47,55,70,40,36,45,32,26,29,58,24,6,F,2011
E01013555,Derby 009E,779,41,46,55,62,44,48,49,60,58,61,58,34,34,21,24,22,39,15,8,F,2011
E01013592,Derby 010A,703,34,32,33,30,36,40,44,44,60,45,54,41,73,46,30,29,20,8,4,F,2011
E01013594,Derby 010B,680,27,24,27,34,17,25,19,38,38,41,50,47,67,68,52,60,26,15,5,F,2011
E01013596,Derby 010C,828,27,38,38,43,33,34,37,46,55,55,55,65,58,61,53,50,31,31,18,F,2011
E01013599,Derby 010D,680,25,28,31,30,29,21,22,48,42,53,58,40,72,57,58,31,19,10,6,F,2011
E01013547,Derby 011A,782,46,24,18,23,213,100,64,53,29,33,42,30,21,23,26,15,12,6,4,F,2011
E01013550,Derby 011B,654,41,43,43,48,52,42,55,43,52,44,40,25,35,28,15,22,9,16,1,F,2011
E01013551,Derby 011C,862,54,22,17,94,327,89,63,29,27,31,27,18,21,9,12,8,5,6,3,F,2011
E01013554,Derby 011D,752,44,25,12,39,181,119,64,44,41,33,34,16,23,18,15,14,9,17,4,F,2011
E01013507,Derby 012A,770,47,30,40,40,45,32,29,59,59,62,62,57,57,37,29,35,26,15,9,F,2011
E01013508,Derby 012B,652,50,45,47,49,40,41,43,43,55,47,35,28,21,24,30,13,19,21,1,F,2011
E01013509,Derby 012C,855,58,39,54,51,40,52,56,54,60,72,61,48,69,44,35,28,20,9,5,F,2011
E01013510,Derby 012D,799,64,52,55,46,41,60,44,49,62,54,48,40,44,22,32,31,25,24,6,F,2011
E01013511,Derby 012E,768,35,33,41,47,32,33,33,41,64,67,40,47,62,69,47,31,20,14,12,F,2011
E01013512,Derby 012F,757,49,50,47,59,44,47,48,46,66,49,37,31,53,44,24,19,11,18,15,F,2011
E01013453,Derby 013A,1133,67,32,32,63,306,165,96,64,55,62,40,31,13,32,18,17,19,12,9,F,2011
E01013454,Derby 013B,753,54,38,27,91,155,86,49,36,39,32,37,21,24,12,11,13,11,12,5,F,2011
E01013456,Derby 013C,933,86,33,26,49,157,138,82,60,45,57,32,27,29,22,23,25,20,14,8,F,2011
E01013457,Derby 013D,950,83,40,34,45,140,136,87,50,49,68,52,39,39,18,27,19,9,8,7,F,2011
E01013460,Derby 013E,968,54,40,15,78,318,151,84,53,35,29,21,25,12,15,11,8,8,6,5,F,2011
E01013479,Derby 013F,839,45,22,17,33,226,128,69,59,52,47,32,27,24,9,21,12,8,7,1,F,2011
E01013593,Derby 014A,700,32,32,35,41,25,25,29,42,60,54,51,46,54,66,41,33,21,10,3,F,2011
E01013595,Derby 014B,1195,109,71,77,49,75,92,100,101,75,72,64,58,48,46,29,31,36,34,28,F,2011
E01013597,Derby 014C,752,33,27,32,44,59,33,34,36,61,64,50,42,45,44,51,41,27,22,7,F,2011
E01013598,Derby 014D,776,43,29,51,59,41,45,48,41,74,65,45,37,54,38,29,28,30,13,6,F,2011
E01013556,Derby 015A,754,48,36,49,45,25,34,39,40,45,62,60,64,79,41,25,34,17,9,2,F,2011
E01013557,Derby 015B,713,19,26,33,29,16,18,21,28,54,47,55,44,69,60,52,54,53,24,11,F,2011
E01013558,Derby 015C,1060,59,72,70,51,66,76,89,63,68,71,65,41,51,50,54,52,27,25,10,F,2011
E01013559,Derby 015D,705,39,34,38,26,33,40,46,50,39,54,46,59,51,44,37,31,27,8,3,F,2011
E01013564,Derby 015E,1022,49,55,50,50,49,54,60,73,73,87,70,74,69,64,42,31,34,23,15,F,2011
E01013480,Derby 016A,901,60,24,34,46,127,94,70,68,51,52,48,45,27,27,30,24,34,24,16,F,2011
E01013483,Derby 016B,1012,101,75,76,63,98,89,97,65,74,52,47,35,35,22,33,25,14,7,4,F,2011
E01013485,Derby 016C,1029,115,112,67,77,100,99,82,83,70,49,51,36,24,16,19,15,8,5,1,F,2011
E01013565,Derby 016D,850,104,89,71,64,65,77,67,65,63,36,31,30,25,12,20,14,10,7,0,F,2011
E01013566,Derby 016E,946,121,90,76,64,68,98,88,65,45,49,44,25,19,16,23,20,17,12,6,F,2011
E01013455,Derby 017A,966,60,39,50,54,60,73,55,74,77,82,58,52,46,45,43,23,38,17,20,F,2011
E01013458,Derby 017B,823,37,30,33,52,51,55,41,47,56,60,57,42,35,54,28,38,39,43,25,F,2011
E01013542,Derby 017C,889,57,46,61,48,56,52,47,59,75,68,47,38,56,36,32,33,36,25,17,F,2011
E01013546,Derby 017D,855,54,60,55,61,26,32,45,58,72,52,58,57,57,40,36,33,29,16,14,F,2011
E01013481,Derby 018A,933,101,68,65,70,94,81,90,66,63,62,33,32,27,12,27,22,13,5,2,F,2011
E01013484,Derby 018C,936,105,77,82,51,89,109,69,62,61,38,43,27,27,21,21,26,15,9,4,F,2011
E01013486,Derby 018D,986,118,90,79,74,87,108,71,67,71,46,34,23,14,26,14,26,15,13,10,F,2011
E01013487,Derby 018E,1125,151,101,78,84,122,139,85,76,55,59,41,36,29,19,16,14,13,3,4,F,2011
E01033166,Derby 018F,455,33,14,13,28,52,67,35,24,28,24,20,24,16,16,21,16,9,7,8,F,2011
E01033167,Derby 018G,522,38,20,24,30,71,53,43,28,32,34,26,23,21,19,19,17,17,4,3,F,2011
E01013540,Derby 019A,803,27,41,59,46,24,41,33,50,69,60,69,70,60,48,28,38,21,15,4,F,2011
E01013560,Derby 019B,760,35,40,44,53,30,28,32,36,63,73,66,71,66,36,28,26,15,12,6,F,2011
E01013561,Derby 019C,787,38,36,29,28,31,30,31,56,54,52,60,57,50,64,40,45,42,35,9,F,2011
E01013562,Derby 019D,812,20,19,32,43,22,38,33,26,48,51,43,40,50,45,55,64,78,68,37,F,2011
E01013563,Derby 019E,686,24,20,30,36,36,43,43,35,44,65,52,72,58,35,27,33,14,14,5,F,2011
E01013459,Derby 020A,1018,78,76,85,88,57,68,72,89,78,70,46,46,43,31,34,23,17,11,6,F,2011
E01013567,Derby 020B,989,119,89,61,68,99,114,89,65,78,43,34,28,26,15,27,14,14,5,1,F,2011
E01013568,Derby 020C,1020,94,73,88,75,88,89,86,70,70,55,45,44,33,20,24,27,28,6,5,F,2011
E01013569,Derby 020D,779,75,62,60,38,57,75,78,59,46,43,30,21,30,26,26,20,23,7,3,F,2011
E01013539,Derby 021A,1241,93,114,117,103,47,71,67,112,148,118,85,64,42,19,21,10,6,1,3,F,2011
E01013541,Derby 021B,866,69,61,75,55,48,70,90,99,76,64,44,33,20,21,19,10,7,2,3,F,2011
E01013543,Derby 021C,923,57,63,71,78,38,24,51,71,77,86,60,56,57,37,28,18,21,20,10,F,2011
E01013544,Derby 021D,922,44,52,66,63,36,46,41,59,88,75,80,67,70,47,36,28,16,5,3,F,2011
E01013545,Derby 021E,841,46,51,56,53,47,41,37,52,67,55,52,64,61,41,33,31,28,13,13,F,2011
E01013488,Derby 022A,791,42,46,34,56,37,38,45,51,57,57,46,57,48,49,36,40,29,19,4,F,2011
E01013489,Derby 022B,812,29,45,36,51,30,35,48,45,49,51,48,70,52,60,43,54,34,24,8,F,2011
E01013490,Derby 022C,826,32,44,52,70,51,29,44,43,58,80,48,42,58,41,44,40,20,26,4,F,2011
E01013491,Derby 022D,863,49,59,58,56,34,48,52,58,61,57,52,49,45,41,30,44,33,25,12,F,2011
E01013570,Derby 023A,1004,109,77,74,81,87,77,87,67,77,74,46,24,30,21,26,19,15,7,6,F,2011
E01013571,Derby 023B,986,107,64,55,72,74,79,59,58,73,60,44,36,29,39,21,33,23,31,29,F,2011
E01013572,Derby 023C,907,65,40,39,40,48,64,66,66,47,60,41,39,46,37,51,42,35,38,43,F,2011
E01013573,Derby 023D,1051,105,79,75,71,83,104,101,68,88,75,57,37,33,26,19,7,11,8,4,F,2011
E01013470,Derby 024A,742,41,34,36,37,40,48,41,39,53,59,42,45,42,36,35,36,33,30,15,F,2011
E01013474,Derby 024B,769,43,34,35,40,37,55,35,47,45,55,64,44,45,37,44,31,32,33,13,F,2011
E01013476,Derby 024C,731,45,31,21,36,51,71,59,37,48,58,61,52,44,38,31,18,19,6,5,F,2011
E01033171,Derby 024E,700,54,20,27,31,72,116,63,45,35,52,31,20,28,38,18,16,15,13,6,F,2011
E01033172,Derby 024F,729,64,32,31,51,104,94,93,49,46,33,36,25,14,16,14,8,10,8,1,F,2011
E01013471,Derby 025A,965,116,61,50,43,98,110,79,63,59,74,52,32,45,22,25,16,9,8,3,F,2011
E01013473,Derby 025B,787,47,45,50,56,60,74,54,56,60,45,34,34,38,35,25,21,23,20,10,F,2011
E01013475,Derby 025C,813,81,65,49,67,61,71,60,71,70,68,42,30,27,18,10,8,10,5,0,F,2011
E01013477,Derby 025D,872,56,42,50,45,70,74,62,67,58,66,53,48,38,44,24,28,23,16,8,F,2011
E01013502,Derby 025E,723,34,40,45,54,27,38,46,53,56,63,39,33,48,37,37,22,23,17,11,F,2011
E01013503,Derby 025F,745,40,39,42,51,46,50,52,44,57,65,53,39,43,35,29,22,21,11,6,F,2011
E01013472,Derby 026A,1089,98,74,54,69,97,116,83,56,78,61,51,47,38,31,26,39,40,25,6,F,2011
E01013497,Derby 026B,813,67,68,60,60,44,72,65,56,59,56,53,38,28,28,10,18,12,14,5,F,2011
E01013504,Derby 026C,973,89,90,67,77,63,76,86,74,69,72,42,36,34,33,22,14,16,7,6,F,2011
E01013583,Derby 026D,863,91,53,60,68,65,56,77,56,56,66,43,27,32,21,29,19,22,13,9,F,2011
E01013590,Derby 026E,931,85,93,78,81,71,79,65,59,72,64,51,35,23,25,18,17,8,5,2,F,2011
E01013591,Derby 026F,1041,111,89,72,70,89,116,94,73,68,68,47,36,30,24,18,17,11,5,3,F,2011
E01013492,Derby 027A,833,42,51,52,56,41,42,43,49,57,50,57,47,51,52,34,40,33,26,10,F,2011
E01013493,Derby 027B,802,57,20,50,43,44,50,56,51,46,54,49,47,51,31,48,36,30,23,16,F,2011
E01013494,Derby 027C,990,75,59,68,56,52,66,66,76,93,59,49,35,52,33,59,52,25,11,4,F,2011
E01013495,Derby 027D,914,68,48,66,50,47,69,59,63,69,78,58,55,42,35,39,34,21,11,2,F,2011
E01013496,Derby 028A,837,77,73,55,60,67,56,54,48,61,64,44,36,40,37,20,24,12,4,5,F,2011
E01013498,Derby 028B,735,36,38,43,52,33,37,40,50,61,57,45,35,45,64,42,31,15,8,3,F,2011
E01013499,Derby 028C,714,34,28,33,31,35,41,39,43,42,60,39,47,45,42,52,41,37,20,5,F,2011
E01013500,Derby 028D,879,49,37,41,53,53,39,44,51,54,52,62,49,61,77,51,46,31,17,12,F,2011
E01013501,Derby 028E,725,22,27,30,34,35,33,23,40,45,80,43,37,61,65,33,34,28,31,24,F,2011
E01013584,Derby 029A,941,81,85,86,79,65,92,67,74,75,63,42,35,32,16,17,20,7,3,2,F,2011
E01013585,Derby 029B,920,82,75,75,67,67,71,90,55,62,69,55,41,29,31,12,12,10,4,13,F,2011
E01013586,Derby 029C,837,79,70,67,55,61,74,59,80,57,59,38,32,28,22,12,12,7,8,17,F,2011
E01013587,Derby 029D,765,54,51,42,52,52,41,73,47,46,57,36,55,57,44,19,21,10,5,3,F,2011
E01013588,Derby 029E,800,64,50,49,43,42,53,61,46,50,48,48,54,60,40,31,21,9,19,12,F,2011
E01013589,Derby 029F,703,27,38,29,36,51,44,47,54,40,48,60,67,56,29,29,27,11,8,2,F,2011
E01013517,Derby 030B,750,31,29,37,34,31,29,40,36,39,26,46,55,67,61,43,52,42,30,22,F,2011
E01013518,Derby 030C,724,24,32,30,44,26,37,43,26,56,57,47,42,55,50,41,47,24,22,21,F,2011
E01013521,Derby 030D,678,45,32,29,36,29,31,39,32,47,51,40,43,49,36,40,31,40,13,15,F,2011
E01033168,Derby 030E,681,67,55,31,37,33,41,60,60,51,46,38,37,33,26,13,14,19,15,5,F,2011
E01033169,Derby 030F,897,105,93,89,42,33,57,103,113,103,65,29,27,18,5,7,5,2,1,0,F,2011
E01033170,Derby 030G,636,61,41,34,19,26,54,74,43,50,34,30,37,21,40,23,20,20,7,2,F,2011
E01013514,Derby 031A,851,36,41,61,50,49,43,41,60,65,77,67,48,44,35,42,42,29,13,8,F,2011
E01013515,Derby 031B,960,54,56,76,74,47,43,47,67,101,81,62,45,55,35,22,23,27,28,17,F,2011
E01013519,Derby 031C,869,78,90,78,66,52,51,62,96,90,77,37,37,25,16,5,4,3,2,0,F,2011
E01013520,Derby 031D,777,29,53,46,45,29,44,34,52,60,66,64,57,52,50,22,31,27,10,6,F,2011
E06000016,,166577,12013,10199,9674,11741,18600,14829,12203,10770,10629,10034,9626,8156,7031,5170,4833,4114,3375,2316,1264,F,2011
E01013615,Leicester 001A,766,43,58,55,48,44,53,67,67,72,67,70,49,31,22,10,7,1,1,1,F,2011
E01013616,Leicester 001B,844,57,48,46,56,54,100,72,69,78,55,55,50,33,22,10,10,12,6,11,F,2011
E01013618,Leicester 001C,782,52,51,40,41,54,80,61,45,53,58,59,45,40,31,24,17,17,11,3,F,2011
E01013619,Leicester 001D,863,76,77,70,78,72,74,55,63,57,52,56,33,39,26,9,15,8,2,1,F,2011
E01013733,Leicester 002A,805,78,59,53,45,38,74,100,77,63,51,37,35,33,20,18,13,9,2,0,F,2011
E01013734,Leicester 002B,741,33,36,38,37,40,52,44,46,42,58,66,57,54,40,33,32,16,10,7,F,2011
E01013735,Leicester 002C,677,24,15,40,36,46,40,31,29,39,56,54,78,52,49,39,32,8,6,3,F,2011
E01013736,Leicester 002D,889,60,50,46,45,51,64,65,65,58,62,58,53,42,45,23,45,37,16,4,F,2011
E01013737,Leicester 002E,730,41,41,38,48,42,71,43,56,48,39,67,72,36,30,26,14,10,6,2,F,2011
E01013600,Leicester 003A,1023,101,87,60,74,68,99,58,58,65,56,71,52,37,21,27,37,28,14,10,F,2011
E01013601,Leicester 003B,862,62,59,68,68,50,43,67,55,61,47,57,45,42,25,27,25,31,25,5,F,2011
E01013602,Leicester 003C,918,93,45,54,59,66,105,61,66,65,38,60,46,40,26,20,26,24,12,12,F,2011
E01013603,Leicester 003D,906,82,51,58,54,75,86,65,65,65,53,52,36,51,21,21,30,16,20,5,F,2011
E01013604,Leicester 003E,869,83,41,77,67,63,63,48,67,69,45,48,28,32,25,30,25,26,20,12,F,2011
E01013605,Leicester 003F,902,64,61,65,61,79,84,65,58,64,58,54,44,40,27,24,21,15,11,7,F,2011
E01013617,Leicester 004A,1250,107,79,69,77,103,130,131,109,96,77,88,63,63,23,24,4,7,0,0,F,2011
E01013620,Leicester 004B,956,116,88,65,83,80,94,75,75,51,57,44,36,40,16,15,11,5,5,0,F,2011
E01013621,Leicester 004C,933,100,79,68,82,63,108,76,75,54,51,43,39,37,17,14,12,9,5,1,F,2011
E01013622,Leicester 004D,777,79,50,49,58,63,73,61,65,60,33,38,34,41,36,13,14,5,1,4,F,2011
E01013623,Leicester 004E,1073,84,81,53,57,62,77,91,84,91,67,83,84,60,29,29,16,12,6,7,F,2011
E01013732,Leicester 005A,1072,82,77,75,55,78,85,90,79,82,66,73,53,49,29,37,26,19,10,7,F,2011
E01013739,Leicester 005B,798,34,26,42,58,45,48,29,49,53,53,60,55,56,32,49,29,22,28,30,F,2011
E01013740,Leicester 005C,758,35,31,39,46,48,50,50,39,55,56,66,62,44,37,39,31,16,9,5,F,2011
E01013741,Leicester 005D,839,56,50,49,64,58,70,73,47,71,63,56,50,33,25,24,19,13,7,11,F,2011
E01013625,Leicester 006A,897,56,60,41,40,76,87,60,65,57,58,68,61,37,23,36,25,22,15,10,F,2011
E01013628,Leicester 006B,838,46,46,46,43,78,54,55,48,57,58,68,53,49,30,20,32,24,19,12,F,2011
E01013715,Leicester 006C,683,26,33,25,41,62,49,46,44,49,45,54,47,54,28,42,21,9,4,4,F,2011
E01013716,Leicester 006D,925,49,61,46,60,70,91,67,53,60,51,85,61,53,30,31,32,15,7,3,F,2011
E01013738,Leicester 006E,800,41,49,35,42,50,74,57,35,47,50,71,56,45,45,35,29,23,14,2,F,2011
E01013624,Leicester 007A,744,35,57,44,55,53,63,61,43,51,37,60,31,47,26,33,23,14,5,6,F,2011
E01013626,Leicester 007B,918,54,60,65,66,66,87,65,66,70,63,53,64,45,23,31,23,7,8,2,F,2011
E01013627,Leicester 007C,650,18,18,46,43,53,53,40,39,37,53,62,54,29,29,34,21,11,4,6,F,2011
E01013629,Leicester 007D,877,61,53,77,67,61,72,54,49,72,55,87,60,38,26,17,8,10,10,0,F,2011
E01013630,Leicester 007E,944,66,66,64,79,66,79,81,61,67,61,69,55,37,26,25,15,16,7,4,F,2011
E01013606,Leicester 008A,870,47,43,46,46,40,57,60,57,45,70,57,56,50,40,42,36,43,29,6,F,2011
E01013607,Leicester 008B,1216,78,37,56,61,146,158,126,74,65,70,78,59,63,42,32,29,17,17,8,F,2011
E01013680,Leicester 008C,1039,73,66,55,61,75,108,96,73,77,83,54,52,37,41,28,24,12,16,8,F,2011
E01013685,Leicester 008D,758,45,39,44,31,45,42,49,49,61,56,63,36,62,35,37,23,23,14,4,F,2011
E01013686,Leicester 008E,936,41,50,47,63,54,78,66,64,74,60,45,51,63,47,44,39,28,14,8,F,2011
E01013696,Leicester 009A,1243,110,88,101,88,67,120,117,108,87,74,65,59,49,38,29,24,9,7,3,F,2011
E01013697,Leicester 009B,1293,84,89,90,81,74,137,107,95,84,69,83,66,57,41,37,33,25,20,21,F,2011
E01013699,Leicester 009C,877,48,50,36,53,55,60,62,49,53,61,75,63,42,47,35,39,26,20,3,F,2011
E01032862,Leicester 009E,1026,133,82,76,57,86,149,157,77,57,50,34,25,18,10,8,3,2,1,1,F,2011
E01032863,Leicester 009F,848,87,62,49,46,76,120,125,75,45,48,31,36,19,12,9,4,3,1,0,F,2011
E01032865,Leicester 009G,1074,105,91,75,60,68,102,121,97,86,88,57,41,36,22,9,12,1,1,2,F,2011
E01013713,Leicester 010A,753,35,29,41,56,65,55,54,35,49,62,73,56,36,36,27,28,10,5,1,F,2011
E01013714,Leicester 010B,886,54,43,48,56,57,87,59,61,56,52,68,59,51,32,34,36,15,12,6,F,2011
E01013717,Leicester 010C,795,55,53,54,59,55,85,57,53,64,58,51,52,41,18,16,10,9,3,2,F,2011
E01013718,Leicester 010D,844,44,43,53,39,71,78,60,50,60,55,67,59,39,29,33,26,24,8,6,F,2011
E01013719,Leicester 010E,772,38,33,38,50,60,73,51,39,66,64,64,56,46,33,24,25,6,5,1,F,2011
E01013720,Leicester 010F,759,31,32,32,32,44,32,37,42,47,41,40,44,69,60,52,57,28,23,16,F,2011
E01013651,Leicester 011A,850,93,68,47,47,59,87,70,52,60,53,53,38,35,31,27,14,12,3,1,F,2011
E01013652,Leicester 011B,919,84,89,101,81,54,65,61,79,78,60,60,23,21,14,25,12,7,4,1,F,2011
E01013653,Leicester 011C,982,78,74,57,80,86,78,52,77,69,69,65,49,34,33,33,18,14,8,8,F,2011
E01013655,Leicester 011D,960,91,78,54,62,85,111,81,66,66,66,54,39,35,13,18,20,11,6,4,F,2011
E01013721,Leicester 012A,849,50,52,39,48,44,52,46,63,46,50,57,47,59,49,40,28,31,30,18,F,2011
E01013723,Leicester 012B,732,62,58,67,55,55,52,52,38,54,51,31,25,29,26,27,20,19,9,2,F,2011
E01013725,Leicester 012C,737,73,80,60,64,43,61,42,50,51,46,35,24,20,20,30,20,5,7,6,F,2011
E01013726,Leicester 012D,925,91,60,37,51,86,76,49,41,56,40,52,24,51,43,33,39,38,39,19,F,2011
E01013728,Leicester 012E,853,82,77,67,62,71,61,56,49,75,60,45,33,26,23,19,17,13,13,4,F,2011
E01013694,Leicester 013A,874,74,73,56,42,60,80,74,61,59,54,46,39,28,35,18,23,32,16,4,F,2011
E01013700,Leicester 013B,788,49,42,52,46,40,40,43,52,56,55,62,58,38,35,27,27,30,24,12,F,2011
E01013770,Leicester 013C,719,49,35,44,40,47,28,44,45,50,45,39,41,43,45,41,39,25,12,7,F,2011
E01013771,Leicester 013D,832,50,52,61,51,40,61,55,61,62,60,55,57,43,32,25,27,22,14,4,F,2011
E01013773,Leicester 013E,741,46,63,41,44,41,41,43,42,52,46,51,49,40,33,28,28,24,23,6,F,2011
E01013681,Leicester 016A,905,88,49,41,45,113,129,94,82,61,57,45,24,27,12,11,10,8,6,3,F,2011
E01013682,Leicester 016B,899,89,54,50,40,111,123,92,61,50,76,45,27,23,19,10,11,12,2,4,F,2011
E01013683,Leicester 016C,992,84,46,23,46,164,170,108,86,47,41,39,34,27,24,14,10,12,11,6,F,2011
E01013684,Leicester 016D,938,89,44,38,36,160,138,110,53,56,39,48,36,25,11,15,12,17,8,3,F,2011
E01013654,Leicester 017A,1131,125,95,80,64,73,98,99,78,64,52,49,57,51,43,31,20,19,21,12,F,2011
E01013656,Leicester 017B,912,97,70,61,65,84,78,80,49,60,62,71,47,25,13,30,8,9,2,1,F,2011
E01013657,Leicester 017C,922,87,80,81,76,71,83,51,66,61,57,45,52,35,28,24,10,9,4,2,F,2011
E01013658,Leicester 017D,878,84,59,58,60,70,93,81,81,43,65,52,45,22,23,16,8,12,4,2,F,2011
E01013659,Leicester 017E,987,111,93,87,70,80,89,69,60,70,46,54,54,30,21,19,12,10,11,1,F,2011
E01013743,Leicester 017F,820,67,49,53,78,78,66,47,47,56,57,67,42,38,22,31,10,3,8,1,F,2011
E01013745,Leicester 017G,829,74,74,67,68,73,69,49,55,55,54,44,39,23,24,25,22,4,6,4,F,2011
E01013742,Leicester 018A,917,67,66,81,91,85,67,67,64,63,53,67,43,23,23,31,10,8,5,3,F,2011
E01013744,Leicester 018B,967,65,69,80,84,88,69,80,73,60,68,53,49,38,32,23,19,13,3,1,F,2011
E01013746,Leicester 018C,867,86,65,50,45,78,80,68,58,42,50,43,48,46,25,32,24,13,12,2,F,2011
E01013748,Leicester 018D,989,85,77,68,82,93,85,78,57,61,49,39,59,37,30,40,20,13,10,6,F,2011
E01013754,Leicester 018E,1032,150,123,86,54,51,93,102,75,69,34,33,34,34,21,21,20,16,6,10,F,2011
E01013755,Leicester 018F,1148,170,164,101,63,62,104,100,87,68,47,39,30,25,26,26,11,15,6,4,F,2011
E01013660,Leicester 019A,887,85,64,50,55,66,68,79,61,60,65,66,42,40,14,18,19,16,12,7,F,2011
E01013661,Leicester 019B,895,86,67,58,48,68,79,55,77,52,50,53,40,39,11,27,29,24,20,12,F,2011
E01013664,Leicester 019C,941,70,66,64,48,62,81,75,67,66,77,57,66,40,35,25,7,15,11,9,F,2011
E01013665,Leicester 019D,873,54,54,61,51,75,80,58,68,43,62,70,51,39,36,28,18,15,9,1,F,2011
E01013667,Leicester 019E,814,47,42,55,63,46,48,42,64,57,64,54,45,32,29,23,27,28,34,14,F,2011
E01013668,Leicester 019F,831,66,48,67,46,43,71,59,66,62,43,49,39,35,30,24,25,24,20,14,F,2011
E01013729,Leicester 020A,649,48,34,30,40,43,38,42,37,55,35,36,46,46,44,16,30,13,13,3,F,2011
E01013780,Leicester 020B,761,42,50,41,37,23,40,55,51,61,61,66,52,50,31,32,26,20,13,10,F,2011
E01013783,Leicester 020C,804,56,42,38,42,40,48,53,59,73,61,69,41,48,34,23,26,23,20,8,F,2011
E01013785,Leicester 020D,775,41,42,49,51,31,27,29,49,55,80,50,58,42,36,31,17,43,23,21,F,2011
E01013786,Leicester 020E,764,49,35,28,29,69,81,58,48,56,62,56,30,47,26,30,23,25,8,4,F,2011
E01013662,Leicester 021A,859,72,66,56,56,79,75,64,61,62,43,57,45,46,27,19,9,10,8,4,F,2011
E01013663,Leicester 021B,910,60,69,65,88,61,83,54,56,66,46,59,50,36,34,34,15,19,7,8,F,2011
E01013747,Leicester 021C,928,75,62,80,74,70,87,76,54,66,64,56,41,29,25,20,28,11,7,3,F,2011
E01013749,Leicester 021D,807,52,66,74,87,50,56,47,57,63,45,58,37,20,22,18,22,17,8,8,F,2011
E01013750,Leicester 021E,730,63,51,69,44,54,62,48,61,34,52,46,46,16,22,22,17,16,4,3,F,2011
E01013758,Leicester 021F,814,58,64,72,63,79,53,60,61,57,32,40,48,33,26,29,16,11,9,3,F,2011
E01013751,Leicester 022A,954,94,83,75,67,76,78,61,69,63,61,48,54,45,25,25,11,14,5,0,F,2011
E01013752,Leicester 022B,761,51,55,64,69,60,64,46,40,61,33,52,34,42,23,24,21,10,7,5,F,2011
E01013753,Leicester 022C,837,80,77,66,63,87,73,66,58,53,42,45,44,24,19,16,14,7,2,1,F,2011
E01013760,Leicester 022D,846,51,54,45,53,247,79,74,50,41,25,34,22,18,19,11,10,9,3,1,F,2011
E01013761,Leicester 022E,1026,115,123,82,61,107,97,88,92,55,48,41,23,25,22,16,14,12,0,5,F,2011
E01013762,Leicester 022F,919,74,58,72,75,126,68,68,63,49,43,40,40,49,25,22,16,23,6,2,F,2011
E01013774,Leicester 023A,838,63,21,18,47,275,124,58,44,35,29,23,25,13,19,19,14,6,2,3,F,2011
E01013776,Leicester 023B,736,39,19,14,28,282,99,64,33,22,27,21,22,12,11,13,10,10,6,4,F,2011
E01013778,Leicester 023C,1296,68,39,39,248,370,154,73,59,59,39,32,25,20,13,17,7,13,19,2,F,2011
E01013779,Leicester 023D,961,75,22,21,53,325,158,74,51,36,35,25,27,14,10,13,7,8,6,1,F,2011
E01013781,Leicester 023E,774,36,19,15,44,207,100,72,53,44,34,41,19,14,11,14,17,8,14,12,F,2011
E01013782,Leicester 023F,803,50,39,29,30,87,102,73,54,47,39,29,34,22,20,26,40,32,22,28,F,2011
E01013784,Leicester 023G,637,33,13,17,32,119,83,68,36,33,26,32,32,21,23,12,15,16,19,7,F,2011
E01013666,Leicester 025A,823,26,31,31,56,39,49,35,44,52,51,61,65,55,56,31,54,50,28,9,F,2011
E01013669,Leicester 025B,733,23,39,53,37,50,51,35,36,56,45,51,53,40,38,30,40,32,18,6,F,2011
E01013670,Leicester 025C,928,44,33,45,47,52,64,50,43,52,65,75,57,57,56,42,39,45,35,27,F,2011
E01013671,Leicester 025D,935,69,59,66,64,61,63,54,53,62,63,50,71,43,33,30,27,23,26,18,F,2011
E01013672,Leicester 025E,693,32,29,37,39,32,30,36,35,42,41,46,54,48,40,34,45,43,22,8,F,2011
E01013631,Leicester 026A,798,69,63,61,54,54,55,72,66,62,49,54,26,39,20,22,10,8,10,4,F,2011
E01013632,Leicester 026B,957,78,87,80,83,75,68,49,51,78,60,58,38,44,28,29,28,14,7,2,F,2011
E01013638,Leicester 026C,927,84,82,78,83,57,72,53,73,56,59,49,34,30,32,37,20,12,8,8,F,2011
E01013640,Leicester 026D,1012,123,118,95,80,64,108,82,74,69,63,34,28,28,11,13,11,7,3,1,F,2011
E01013756,Leicester 027A,957,81,70,55,61,116,82,76,55,57,51,45,64,41,31,22,20,16,6,8,F,2011
E01013757,Leicester 027B,846,51,66,67,63,51,84,49,47,56,49,43,42,46,39,33,22,16,17,5,F,2011
E01013759,Leicester 027C,1005,79,79,77,75,67,77,67,55,80,65,61,57,46,34,26,21,19,13,7,F,2011
E01013763,Leicester 027D,956,74,54,44,47,270,108,89,42,44,39,35,32,31,12,14,14,5,2,0,F,2011
E01013764,Leicester 027E,837,53,51,52,68,73,67,65,34,62,53,59,58,43,30,26,22,15,4,2,F,2011
E01013765,Leicester 027F,768,49,46,49,59,172,66,53,48,38,51,28,35,15,19,18,9,6,5,2,F,2011
E01013766,Leicester 027G,927,60,74,80,75,74,53,63,58,67,55,52,62,43,33,26,16,18,13,5,F,2011
E01013633,Leicester 028A,866,69,76,51,78,50,53,65,69,56,65,42,45,29,29,34,17,18,11,9,F,2011
E01013634,Leicester 028B,814,42,45,61,60,51,44,53,42,74,63,40,39,28,34,54,35,27,15,7,F,2011
E01013637,Leicester 028C,1010,81,67,64,69,57,58,65,62,61,73,55,46,44,29,41,32,46,37,23,F,2011
E01013639,Leicester 028D,793,78,57,73,64,44,71,85,70,63,45,46,21,27,16,10,14,6,2,1,F,2011
E01013641,Leicester 028E,794,69,42,29,45,122,96,83,49,45,38,41,33,34,21,8,16,16,5,2,F,2011
E01013635,Leicester 029A,756,43,36,26,40,67,64,47,58,49,51,69,47,41,29,34,15,17,15,8,F,2011
E01013636,Leicester 029B,692,29,28,33,41,48,47,38,34,57,57,54,47,57,38,29,16,19,16,4,F,2011
E01013775,Leicester 029C,1026,81,38,21,42,267,202,117,52,36,33,37,28,28,14,9,7,7,3,4,F,2011
E01013777,Leicester 029D,716,44,27,24,33,98,112,90,57,43,46,38,25,23,13,16,8,10,6,3,F,2011
E01013642,Leicester 030A,939,48,34,23,48,220,120,84,55,41,53,35,40,26,18,17,24,19,16,18,F,2011
E01013643,Leicester 030B,933,50,23,23,27,314,107,72,55,40,45,30,33,27,21,15,24,14,10,3,F,2011
E01013649,Leicester 030C,756,17,20,13,41,221,108,63,33,35,33,34,27,26,18,20,16,20,11,0,F,2011
E01013650,Leicester 030D,918,28,16,17,37,368,124,79,45,34,41,25,22,29,17,10,8,11,5,2,F,2011
E01013702,Leicester 030E,782,37,45,37,42,110,53,46,42,56,52,58,48,28,32,30,28,22,9,7,F,2011
E01013710,Leicester 030F,682,45,37,26,23,45,77,62,60,33,46,40,27,36,19,26,18,30,25,7,F,2011
E01013711,Leicester 030G,825,45,23,32,31,62,72,47,41,48,45,46,47,43,54,35,47,35,42,30,F,2011
E01013613,Leicester 031A,835,79,40,33,33,77,114,79,79,52,63,47,31,30,25,20,9,10,9,5,F,2011
E01013614,Leicester 031B,806,66,37,38,34,72,59,88,61,55,50,40,45,40,27,32,25,21,9,7,F,2011
E01013687,Leicester 031C,767,65,26,26,54,109,89,90,73,60,38,37,27,19,18,14,9,6,6,1,F,2011
E01013688,Leicester 031D,733,55,36,31,31,99,112,78,43,46,35,37,31,24,12,14,16,13,11,9,F,2011
E01013703,Leicester 032A,658,39,38,28,35,32,26,31,50,59,63,42,49,37,33,30,23,21,14,8,F,2011
E01013704,Leicester 032B,768,45,30,33,34,44,47,49,58,65,55,59,52,40,35,32,16,30,21,23,F,2011
E01013706,Leicester 032C,842,34,52,64,63,37,37,40,50,70,88,64,55,51,31,29,35,14,20,8,F,2011
E01013707,Leicester 032D,836,68,63,58,39,30,37,44,75,85,75,43,44,48,28,36,19,18,17,9,F,2011
E01013712,Leicester 032E,784,22,30,36,120,52,39,26,41,49,46,49,32,43,32,26,42,38,37,24,F,2011
E01013608,Leicester 034A,760,53,45,35,35,40,48,67,60,56,52,57,41,40,34,42,18,18,14,5,F,2011
E01013609,Leicester 034B,801,29,45,20,38,34,33,50,47,52,65,68,49,61,46,38,37,26,30,33,F,2011
E01013610,Leicester 034C,868,62,49,50,53,65,71,51,56,58,47,47,44,54,29,33,30,35,24,10,F,2011
E01013611,Leicester 034D,792,42,39,53,36,40,47,56,56,37,63,59,46,55,27,21,36,35,23,21,F,2011
E01013612,Leicester 034E,786,45,43,38,48,38,55,46,63,46,69,52,31,38,38,30,38,25,27,16,F,2011
E01013678,Leicester 035A,844,51,52,59,55,36,73,55,72,53,51,51,39,51,29,38,30,31,14,4,F,2011
E01013679,Leicester 035B,804,63,63,85,70,54,53,73,63,55,63,42,22,30,17,25,10,7,5,4,F,2011
E01013691,Leicester 035C,907,64,88,97,81,65,61,53,61,42,84,60,43,28,22,16,15,12,10,5,F,2011
E01013692,Leicester 035D,767,78,84,71,69,46,52,56,37,59,51,38,32,23,15,18,22,11,5,0,F,2011
E01013693,Leicester 035E,790,64,68,69,77,51,54,41,42,59,60,50,46,19,29,18,19,10,12,2,F,2011
E01013673,Leicester 036A,808,66,41,53,62,34,60,49,42,63,47,39,43,46,28,25,27,30,31,22,F,2011
E01013674,Leicester 036B,886,66,42,44,63,60,59,30,47,51,51,44,46,54,44,47,42,56,28,12,F,2011
E01013675,Leicester 036C,859,64,51,44,66,48,71,62,46,62,72,48,44,35,26,37,32,25,23,3,F,2011
E01013676,Leicester 036D,1058,110,78,68,68,81,99,91,70,62,78,58,42,44,24,28,25,23,8,1,F,2011
E01013677,Leicester 036E,789,65,36,35,56,60,69,56,60,48,46,51,33,43,31,33,25,23,12,7,F,2011
E01013695,Leicester 037A,830,73,55,48,58,50,67,48,54,55,51,38,35,45,26,35,28,45,14,5,F,2011
E01013698,Leicester 037B,789,48,51,48,63,40,43,39,62,55,53,58,48,33,24,21,40,41,15,7,F,2011
E01013767,Leicester 037C,801,44,57,37,51,59,60,38,44,50,45,71,50,47,22,29,38,32,19,8,F,2011
E01013768,Leicester 037D,788,49,31,23,29,35,44,48,33,33,48,55,57,51,33,63,55,39,39,23,F,2011
E01013772,Leicester 037E,814,65,52,50,57,52,60,62,45,61,62,43,34,38,29,21,36,32,12,3,F,2011
E01032597,Leicester 037F,762,64,45,53,48,49,49,40,49,56,57,37,39,33,22,29,47,26,14,5,F,2011
E01013689,Leicester 038A,963,18,21,17,114,446,96,41,35,34,26,23,29,16,13,13,9,4,3,5,F,2011
E01013690,Leicester 038B,769,47,35,35,42,92,84,54,58,49,64,60,38,20,20,33,16,10,11,1,F,2011
E01013705,Leicester 038C,815,51,43,44,46,44,64,55,49,55,63,70,44,44,40,29,23,28,15,8,F,2011
E01013709,Leicester 038D,801,64,46,42,27,49,62,57,56,56,50,58,45,33,42,31,36,29,12,6,F,2011
E01032599,Leicester 038E,806,36,50,58,44,34,43,65,55,67,53,49,57,40,41,34,27,31,14,8,F,2011
E01013722,Leicester 039A,920,95,84,74,57,55,56,53,53,66,60,44,46,42,26,37,24,27,14,7,F,2011
E01013727,Leicester 039B,771,59,50,45,43,56,66,70,35,42,45,48,47,51,26,26,22,15,19,6,F,2011
E01013730,Leicester 039C,805,80,63,63,40,75,70,84,42,45,48,49,25,29,31,11,18,13,12,7,F,2011
E01013731,Leicester 039D,860,84,66,55,46,54,95,76,77,69,54,44,46,31,22,16,8,9,4,4,F,2011
E01032602,Leicester 039E,857,72,71,76,71,54,67,58,53,62,62,46,30,32,18,22,15,15,24,9,F,2011
E01013646,Leicester 040A,1301,41,15,14,101,608,183,78,55,34,31,30,23,20,12,21,13,11,9,2,F,2011
E01013647,Leicester 040B,1285,21,16,18,312,539,88,49,45,33,26,22,28,12,19,15,8,7,14,13,F,2011
E01013648,Leicester 040C,1401,52,48,19,324,620,101,60,32,26,23,23,20,18,7,11,11,4,1,1,F,2011
E01032875,Leicester 040D,1060,13,5,3,275,632,58,14,16,10,9,10,2,3,2,3,3,0,2,0,F,2011
E01032867,Leicester 041A,807,33,11,6,92,361,120,55,36,26,17,9,12,19,1,4,3,1,1,0,F,2011
E01032868,Leicester 041B,938,20,12,1,218,513,101,29,23,6,6,3,2,3,1,0,0,0,0,0,F,2011
E01032872,Leicester 041C,519,23,4,2,18,203,148,56,27,13,11,5,6,2,1,0,0,0,0,0,F,2011
E01032873,Leicester 041D,541,20,2,3,29,238,78,39,30,17,18,18,20,16,4,4,4,0,1,0,F,2011
E06000018,,150711,9725,7916,7750,12526,21404,12327,10335,9328,9639,9132,7836,6700,5943,4809,4399,4025,3417,2308,1192,F,2011
E01013887,Nottingham 001A,768,21,33,44,39,27,34,36,44,52,58,57,64,77,68,50,39,21,2,2,F,2011
E01013892,Nottingham 001B,726,19,27,35,43,34,34,20,48,35,58,50,44,72,69,43,47,26,14,8,F,2011
E01013893,Nottingham 001C,723,80,61,38,44,64,81,62,39,65,38,40,23,43,18,12,10,5,0,0,F,2011
E01013894,Nottingham 001D,765,33,39,27,51,41,44,38,40,50,47,55,64,60,67,47,28,15,13,6,F,2011
E01013879,Nottingham 002A,703,70,51,38,44,61,70,54,34,47,40,39,35,26,22,22,22,16,6,6,F,2011
E01013880,Nottingham 002B,829,59,44,50,47,54,60,52,49,52,52,35,50,60,32,24,32,34,14,29,F,2011
E01013881,Nottingham 002C,808,74,61,46,47,50,65,46,53,57,66,45,35,23,23,38,26,19,21,13,F,2011
E01013882,Nottingham 002D,762,45,34,38,59,44,40,54,45,52,47,42,47,52,29,31,36,22,23,22,F,2011
E01013885,Nottingham 002E,853,79,55,66,55,68,52,71,57,58,63,53,37,28,32,15,19,17,21,7,F,2011
E01013886,Nottingham 004A,729,53,25,31,42,54,46,46,41,70,63,50,53,40,35,29,17,12,12,10,F,2011
E01013888,Nottingham 004B,757,41,41,37,43,38,38,46,59,62,49,52,49,37,37,33,40,24,24,7,F,2011
E01013889,Nottingham 004C,848,41,45,41,46,37,52,60,47,61,61,51,62,62,47,46,31,28,20,10,F,2011
E01013890,Nottingham 004D,791,50,48,50,48,50,61,39,74,69,68,48,37,42,42,34,14,11,4,2,F,2011
E01013891,Nottingham 004E,858,59,48,49,56,55,56,70,52,67,80,61,50,44,31,24,18,12,19,7,F,2011
E01013875,Nottingham 005A,661,33,46,46,35,35,34,41,40,60,62,41,50,69,29,20,8,6,4,2,F,2011
E01013876,Nottingham 005B,924,69,45,44,76,73,76,64,55,77,76,55,35,30,42,30,25,16,15,21,F,2011
E01013877,Nottingham 005C,765,84,50,57,58,56,59,49,51,54,52,37,36,34,35,22,11,5,10,5,F,2011
E01013878,Nottingham 005D,661,54,57,47,39,72,48,46,35,58,53,28,28,29,23,18,13,7,6,0,F,2011
E01013883,Nottingham 005E,812,54,47,49,60,70,59,50,47,65,53,53,52,49,35,30,16,12,10,1,F,2011
E01013884,Nottingham 005F,681,51,33,47,51,60,49,43,43,50,50,51,35,38,31,13,12,17,4,3,F,2011
E01013853,Nottingham 006A,742,41,40,27,42,61,28,37,49,51,59,49,30,33,33,61,59,20,12,10,F,2011
E01013854,Nottingham 006B,752,57,46,49,51,55,47,52,52,61,50,55,51,26,11,31,41,14,2,1,F,2011
E01013855,Nottingham 006C,845,96,74,76,60,72,83,68,64,49,39,46,30,30,19,17,10,5,3,4,F,2011
E01013856,Nottingham 006D,865,86,44,56,64,66,67,67,57,67,55,46,45,41,22,26,15,23,12,6,F,2011
E01033397,Nottingham 006F,895,108,66,47,54,78,115,95,75,53,56,38,34,23,13,17,13,6,4,0,F,2011
E01033398,Nottingham 006G,530,58,19,16,22,78,96,62,42,26,21,26,17,11,13,10,6,6,0,1,F,2011
E01013963,Nottingham 007A,830,59,52,50,46,49,62,53,59,58,65,60,44,35,23,19,26,36,25,9,F,2011
E01013964,Nottingham 007B,859,68,49,45,51,46,49,62,64,61,75,63,53,49,38,30,21,20,12,3,F,2011
E01013965,Nottingham 007C,811,44,44,71,63,50,43,52,54,75,59,59,42,24,32,22,30,22,12,13,F,2011
E01013966,Nottingham 007D,777,45,47,62,70,38,56,53,65,72,62,58,34,31,20,19,13,17,12,3,F,2011
E01013967,Nottingham 007E,657,50,27,23,37,39,55,45,46,50,41,42,41,41,24,25,23,19,13,16,F,2011
E01013827,Nottingham 008A,771,65,64,52,56,50,72,52,58,48,58,56,38,22,27,16,13,15,6,3,F,2011
E01013828,Nottingham 008B,826,60,48,24,43,53,86,78,63,72,63,45,37,26,31,32,28,20,10,7,F,2011
E01013834,Nottingham 008C,871,71,63,65,64,62,68,59,68,68,70,29,41,33,23,21,22,19,13,12,F,2011
E01013835,Nottingham 008D,843,50,43,46,62,58,58,61,61,79,58,56,39,33,30,25,21,37,18,8,F,2011
E01013836,Nottingham 008E,953,92,65,50,46,78,106,85,92,65,63,36,31,41,28,34,11,16,11,3,F,2011
E01013829,Nottingham 009A,832,52,47,37,40,58,74,76,64,78,58,46,46,38,39,30,22,13,11,3,F,2011
E01013830,Nottingham 009B,848,32,43,60,59,47,57,36,53,70,74,60,50,52,43,43,29,23,13,4,F,2011
E01013831,Nottingham 009C,799,47,39,40,46,39,45,69,54,68,65,49,46,45,45,40,28,12,19,3,F,2011
E01013832,Nottingham 009D,885,43,42,37,141,92,58,64,65,48,52,47,44,33,31,26,26,17,10,9,F,2011
E01013833,Nottingham 009E,680,45,48,51,49,43,47,43,51,67,74,44,26,30,25,18,6,6,6,1,F,2011
E01013935,Nottingham 010A,757,33,31,24,23,41,45,49,42,64,67,52,49,48,51,43,42,25,13,15,F,2011
E01013968,Nottingham 010B,684,12,25,20,19,23,24,30,36,41,37,51,54,60,38,37,34,49,45,49,F,2011
E01013969,Nottingham 010C,782,43,19,28,37,68,91,103,76,57,52,50,36,32,34,17,18,10,9,2,F,2011
E01013970,Nottingham 010D,788,68,33,46,37,49,80,87,70,83,65,44,43,19,8,18,15,12,10,1,F,2011
E01013971,Nottingham 010E,698,42,25,21,24,41,78,82,65,60,50,44,38,33,18,22,30,13,9,3,F,2011
E01013817,Nottingham 011A,881,113,111,51,51,76,92,64,77,56,45,23,26,18,21,23,17,5,6,6,F,2011
E01013818,Nottingham 011B,963,117,88,85,106,77,75,60,75,58,63,47,30,25,18,13,14,10,1,1,F,2011
E01013822,Nottingham 011C,918,124,71,79,62,77,81,72,68,57,60,46,31,28,21,16,6,7,7,5,F,2011
E01013825,Nottingham 011D,958,83,80,73,72,67,76,75,79,79,67,62,29,36,18,24,15,12,11,0,F,2011
E01013826,Nottingham 011E,1060,140,115,98,87,91,86,87,84,66,66,51,26,15,14,17,5,4,5,3,F,2011
E01013837,Nottingham 012A,879,56,40,51,52,57,83,81,74,55,81,66,42,27,35,15,20,21,17,6,F,2011
E01013838,Nottingham 012B,906,53,63,43,107,69,61,62,59,70,68,42,39,46,35,37,16,18,15,3,F,2011
E01013839,Nottingham 012C,909,90,68,44,45,86,91,111,65,56,62,51,39,28,11,24,13,11,9,5,F,2011
E01013840,Nottingham 012D,1064,88,57,50,48,82,142,127,99,78,64,63,42,37,28,18,21,13,2,5,F,2011
E01013841,Nottingham 012E,772,63,59,48,42,74,89,84,61,75,46,43,29,23,12,9,5,4,5,1,F,2011
E01013819,Nottingham 013A,906,76,78,65,81,61,75,64,60,54,59,49,31,42,22,28,21,10,16,14,F,2011
E01013820,Nottingham 013B,927,102,86,82,60,64,69,83,71,76,76,46,21,21,22,17,12,5,10,4,F,2011
E01013821,Nottingham 013C,890,83,72,76,82,80,76,66,75,52,63,42,35,32,16,10,17,6,4,3,F,2011
E01013823,Nottingham 013D,937,76,74,86,79,58,70,69,81,73,77,53,27,36,25,17,13,13,7,3,F,2011
E01013824,Nottingham 013E,834,80,74,76,55,59,77,80,53,60,53,45,37,16,20,18,12,11,4,4,F,2011
E01013864,Nottingham 014A,810,88,64,40,48,88,95,82,51,56,47,40,35,31,19,8,6,1,8,3,F,2011
E01013865,Nottingham 014B,814,55,42,45,57,46,57,46,42,63,44,50,25,35,35,39,45,33,41,14,F,2011
E01013866,Nottingham 014C,774,42,49,61,56,34,42,40,50,56,67,46,40,37,34,22,19,31,29,19,F,2011
E01013867,Nottingham 014D,844,74,72,58,76,53,77,69,56,82,48,55,33,18,19,18,19,11,5,1,F,2011
E01013937,Nottingham 015A,840,56,35,39,43,54,79,66,47,66,71,51,58,42,21,26,31,21,23,11,F,2011
E01013938,Nottingham 015B,755,43,49,36,37,51,57,60,45,62,71,44,35,41,28,18,22,27,18,11,F,2011
E01013941,Nottingham 015C,808,26,15,91,87,70,93,49,64,52,44,35,30,31,29,23,14,20,22,13,F,2011
E01013943,Nottingham 015D,816,34,18,21,102,154,104,76,42,27,40,43,41,18,15,8,13,21,23,16,F,2011
E01013972,Nottingham 015E,724,29,44,29,36,64,76,65,65,62,48,36,51,34,21,17,16,11,12,8,F,2011
E01013936,Nottingham 016A,1089,74,39,45,65,93,128,106,87,83,65,75,65,57,32,28,18,18,7,4,F,2011
E01013939,Nottingham 016B,749,41,20,26,40,47,74,58,47,60,69,51,46,46,36,24,28,21,12,3,F,2011
E01013940,Nottingham 016C,851,64,49,55,67,55,76,80,88,80,59,52,29,22,16,14,18,8,15,4,F,2011
E01013942,Nottingham 016D,1051,82,62,75,86,76,77,79,96,74,78,54,48,46,40,21,22,22,8,5,F,2011
E01013843,Nottingham 017A,725,35,28,26,34,89,85,63,46,33,39,37,17,18,22,29,25,37,41,21,F,2011
E01013844,Nottingham 017B,643,62,34,41,28,85,85,62,52,44,38,25,31,14,8,12,5,8,8,1,F,2011
E01013845,Nottingham 017C,801,89,77,53,38,58,82,96,79,60,34,37,20,15,15,15,15,8,5,5,F,2011
E01013847,Nottingham 017D,632,37,37,45,54,95,64,40,51,37,42,29,19,27,13,15,11,9,5,2,F,2011
E01013810,Nottingham 018A,818,86,77,59,47,71,79,77,67,55,42,51,28,20,19,13,8,13,5,1,F,2011
E01013811,Nottingham 018B,621,54,53,32,44,122,64,42,50,47,28,19,19,12,11,7,8,8,0,1,F,2011
E01013812,Nottingham 018C,769,76,57,56,47,124,72,73,63,43,31,40,27,14,8,14,8,12,4,0,F,2011
E01013842,Nottingham 018D,788,77,77,38,62,104,82,68,77,48,41,29,25,18,16,11,7,3,4,1,F,2011
E01013846,Nottingham 018E,845,64,58,60,63,184,79,60,57,52,35,31,21,19,14,16,16,10,2,4,F,2011
E01013930,Nottingham 019A,948,102,78,62,58,54,88,99,70,62,59,51,40,20,36,30,22,9,5,3,F,2011
E01013931,Nottingham 019B,884,47,44,69,56,37,57,32,47,57,50,40,56,56,51,44,52,46,23,20,F,2011
E01013932,Nottingham 019C,870,43,70,56,49,40,50,50,51,58,56,55,47,62,43,39,42,25,24,10,F,2011
E01013933,Nottingham 019D,898,89,64,62,62,81,76,79,62,60,67,41,33,24,29,16,12,20,14,7,F,2011
E01013934,Nottingham 019E,760,32,45,43,49,45,48,46,44,64,52,52,42,38,40,26,27,33,25,9,F,2011
E01013859,Nottingham 020A,757,43,25,30,33,27,48,34,37,45,52,48,53,57,66,46,35,32,29,17,F,2011
E01013861,Nottingham 020B,804,46,41,40,47,32,39,26,40,66,48,46,50,50,48,57,37,26,37,28,F,2011
E01013868,Nottingham 020C,829,43,63,63,72,33,39,35,37,68,58,39,32,50,41,29,30,37,33,27,F,2011
E01013929,Nottingham 020D,990,49,42,67,62,63,61,64,58,70,81,47,53,54,43,34,46,48,31,17,F,2011
E01013954,Nottingham 021A,679,47,38,46,61,55,44,64,51,41,48,44,42,22,20,21,15,11,8,1,F,2011
E01013959,Nottingham 021B,903,94,52,50,56,67,80,72,59,60,66,48,46,37,30,36,26,16,8,0,F,2011
E01013960,Nottingham 021C,790,79,59,57,49,54,61,68,59,46,60,58,42,23,23,20,16,6,8,2,F,2011
E01013962,Nottingham 021D,921,67,51,51,53,83,85,79,70,82,49,45,42,45,27,23,31,20,12,6,F,2011
E01013813,Nottingham 022A,1022,23,10,24,167,460,49,46,33,43,40,29,27,20,10,13,10,9,8,1,F,2011
E01013814,Nottingham 022B,877,18,14,17,87,478,76,41,35,36,21,20,16,9,2,3,1,1,2,0,F,2011
E01013815,Nottingham 022C,880,13,12,14,57,556,52,22,26,24,22,18,24,8,6,9,10,5,1,1,F,2011
E01013816,Nottingham 022D,1209,24,26,26,200,583,82,50,28,43,21,27,27,21,15,15,6,7,4,4,F,2011
E01013958,Nottingham 023C,915,77,67,51,59,92,92,81,46,49,69,49,27,30,30,38,22,22,7,7,F,2011
E01013961,Nottingham 023D,1144,34,48,61,81,504,76,68,38,43,48,32,28,18,20,19,12,8,3,3,F,2011
E01033399,Nottingham 023E,1015,20,22,19,233,488,65,25,25,22,21,13,15,13,10,8,7,3,6,0,F,2011
E01033401,Nottingham 023F,434,21,5,4,26,161,86,25,12,17,15,12,8,10,4,2,5,3,6,12,F,2011
E01033405,Nottingham 023G,524,9,3,4,65,244,81,23,18,13,16,7,7,16,7,3,3,4,0,1,F,2011
E01033409,Nottingham 023H,692,6,3,2,147,311,52,14,16,24,24,28,30,14,11,7,3,0,0,0,F,2011
E01033411,Nottingham 023I,490,40,32,26,17,49,49,29,33,31,16,29,32,28,16,25,16,7,7,8,F,2011
E01013913,Nottingham 024A,856,51,47,42,46,58,60,50,43,67,65,63,63,47,45,40,22,28,12,7,F,2011
E01013914,Nottingham 024B,884,67,59,55,53,54,50,49,44,55,62,61,55,66,35,35,34,29,14,7,F,2011
E01013915,Nottingham 024C,816,50,49,46,53,59,44,42,52,48,49,53,41,34,49,47,43,30,21,6,F,2011
E01013916,Nottingham 024D,771,56,61,65,44,47,68,68,55,64,56,36,35,29,21,26,19,11,6,4,F,2011
E01013917,Nottingham 024E,873,67,48,51,61,55,91,82,74,77,75,50,31,28,34,18,15,11,4,1,F,2011
E01013858,Nottingham 025A,766,50,44,53,68,38,52,50,45,51,58,47,46,32,28,31,32,18,14,9,F,2011
E01013860,Nottingham 025B,818,41,46,51,56,30,26,39,52,62,53,49,48,49,41,47,34,33,38,23,F,2011
E01013862,Nottingham 025C,830,59,64,70,73,46,44,51,28,82,66,51,36,34,29,22,19,21,25,10,F,2011
E01013863,Nottingham 025D,751,44,35,52,52,33,47,46,60,57,53,42,38,49,36,25,19,27,28,8,F,2011
E01013944,Nottingham 026A,829,71,70,52,45,68,76,68,73,47,44,43,37,30,30,19,18,26,10,2,F,2011
E01013945,Nottingham 026B,852,58,48,47,221,129,68,50,59,44,32,36,21,7,11,3,13,1,0,4,F,2011
E01013947,Nottingham 026D,881,69,47,39,114,150,97,54,55,48,53,47,21,24,15,7,16,8,8,9,F,2011
E01013948,Nottingham 026E,503,50,24,24,31,73,63,38,28,47,26,30,23,19,10,4,7,4,1,1,F,2011
E01013953,Nottingham 026F,1615,15,10,9,333,1017,100,34,18,15,13,8,11,5,4,6,7,3,4,3,F,2011
E01033395,Nottingham 026G,1060,6,5,8,312,565,59,25,24,20,10,12,4,3,2,1,2,0,2,0,F,2011
E01033396,Nottingham 026H,481,36,20,18,21,118,57,34,32,22,28,21,25,18,10,4,11,2,2,2,F,2011
E01013977,Nottingham 027A,929,68,54,46,45,39,46,66,66,67,68,61,62,55,33,41,34,31,22,25,F,2011
E01013978,Nottingham 027B,839,54,58,49,49,55,49,65,73,62,55,44,51,30,28,28,27,27,25,10,F,2011
E01013979,Nottingham 027C,782,59,48,44,45,44,39,51,60,72,69,45,45,35,28,31,15,27,18,7,F,2011
E01013981,Nottingham 027D,864,47,50,52,66,42,36,50,48,68,67,71,61,59,43,27,33,30,8,6,F,2011
E01032520,Nottingham 028E,921,29,14,13,31,251,142,86,50,46,42,35,37,43,34,24,13,16,11,4,F,2011
E01032522,Nottingham 028F,847,27,17,26,34,188,150,91,47,40,44,29,31,37,36,18,8,12,7,5,F,2011
E01033404,Nottingham 028G,1721,23,19,17,130,1182,89,43,36,27,25,32,29,13,12,6,14,11,8,5,F,2011
E01013918,Nottingham 029A,903,100,59,54,59,78,110,90,84,69,45,40,30,21,18,18,10,11,7,0,F,2011
E01013919,Nottingham 029B,923,95,66,47,53,105,129,91,69,61,48,47,28,20,17,19,12,10,4,2,F,2011
E01013920,Nottingham 029C,964,70,43,42,50,95,125,114,53,49,65,49,47,35,35,36,26,17,6,7,F,2011
E01013921,Nottingham 029D,1013,104,89,61,63,93,144,98,76,60,50,46,30,17,24,15,14,12,9,8,F,2011
E01013957,Nottingham 029E,803,72,49,46,44,66,97,78,57,53,56,32,30,24,19,15,23,10,19,13,F,2011
E01013980,Nottingham 030A,832,50,47,52,42,26,29,49,63,63,68,56,49,55,38,34,34,30,38,9,F,2011
E01013982,Nottingham 030B,814,42,42,59,54,31,26,25,44,68,67,56,43,64,47,42,35,34,24,11,F,2011
E01013983,Nottingham 030C,702,35,37,39,34,45,43,55,46,47,50,46,36,32,31,26,24,36,32,8,F,2011
E01013984,Nottingham 030D,770,30,29,40,29,27,19,18,33,55,51,38,41,63,57,61,55,63,45,16,F,2011
E01013985,Nottingham 030E,912,48,57,38,44,35,43,54,60,42,59,64,58,59,63,58,66,37,19,8,F,2011
E01013924,Nottingham 031C,642,10,4,1,23,422,36,22,17,17,11,18,16,10,6,7,11,6,3,2,F,2011
E01013926,Nottingham 031E,727,24,22,12,35,320,71,37,34,30,30,28,24,15,12,8,16,3,3,3,F,2011
E01013928,Nottingham 031G,686,27,20,15,24,337,75,68,21,18,14,16,16,9,8,5,3,6,3,1,F,2011
E01033408,Nottingham 031H,1549,34,24,18,167,887,82,49,36,39,35,30,36,28,10,21,18,18,13,4,F,2011
E01033410,Nottingham 031I,1184,28,17,14,50,743,75,34,30,33,9,22,25,19,19,25,18,14,5,4,F,2011
E01013973,Nottingham 032A,1981,38,13,16,954,592,111,60,37,25,28,24,18,14,8,11,9,14,8,1,F,2011
E01013974,Nottingham 032B,967,20,21,21,167,224,55,33,37,36,39,32,37,50,39,42,39,36,29,10,F,2011
E01013975,Nottingham 032C,1171,22,32,27,452,259,25,31,35,44,26,27,30,36,36,24,21,30,10,4,F,2011
E01013976,Nottingham 032D,795,68,49,36,47,109,93,78,75,56,41,45,31,21,15,11,8,6,2,4,F,2011
E01013895,Nottingham 034A,778,30,26,39,43,32,34,33,38,43,67,62,59,39,38,50,66,51,27,1,F,2011
E01013896,Nottingham 034B,650,36,37,46,43,47,40,42,41,45,41,39,38,19,15,26,21,33,24,17,F,2011
E01013901,Nottingham 034C,705,35,40,38,43,29,46,63,49,55,57,49,46,47,26,20,29,12,14,7,F,2011
E01013902,Nottingham 034D,754,36,30,23,34,35,65,56,47,50,46,53,49,41,44,41,33,42,20,9,F,2011
E01013897,Nottingham 035A,795,42,31,45,63,64,40,26,46,56,45,54,40,28,23,29,63,57,30,13,F,2011
E01013898,Nottingham 035B,815,26,21,28,253,145,33,22,26,33,36,47,27,22,12,15,19,30,16,4,F,2011
E01013899,Nottingham 035C,679,37,42,56,56,43,36,44,46,55,53,48,34,32,18,14,10,37,13,5,F,2011
E01013900,Nottingham 035D,759,68,26,41,49,51,62,40,41,47,54,56,43,42,22,23,23,30,34,7,F,2011
E01013903,Nottingham 035E,617,29,25,29,51,46,31,27,27,44,53,42,54,39,28,19,31,27,13,2,F,2011
E01013907,Nottingham 035F,739,41,32,38,41,33,43,35,40,46,55,45,46,34,17,33,55,68,23,14,F,2011
E01013905,Nottingham 036A,778,56,49,43,60,55,74,51,53,42,38,52,53,35,18,17,28,39,13,2,F,2011
E01013908,Nottingham 036B,910,57,48,45,45,51,65,43,44,46,44,53,46,37,41,59,83,62,33,8,F,2011
E01013909,Nottingham 036C,797,60,35,31,40,75,70,47,39,53,48,60,48,44,29,30,36,32,16,4,F,2011
E01013912,Nottingham 036D,779,40,38,30,42,48,56,41,37,38,64,85,65,42,35,29,38,35,14,2,F,2011
E01013904,Nottingham 037A,795,56,44,49,51,53,48,57,53,56,49,49,39,28,31,24,43,49,14,2,F,2011
E01013906,Nottingham 037B,844,70,51,35,63,56,62,46,48,63,54,54,51,35,29,29,18,52,24,4,F,2011
E01013910,Nottingham 037C,736,51,47,39,46,57,46,56,37,45,44,45,43,40,20,15,46,45,12,2,F,2011
E01013911,Nottingham 037D,758,49,34,42,42,38,50,48,43,58,50,41,49,35,35,29,58,43,10,4,F,2011
E01013849,Nottingham 038A,835,59,53,50,47,70,63,54,55,52,60,45,46,61,23,35,30,17,10,5,F,2011
E01013850,Nottingham 038B,744,43,28,43,64,49,40,33,44,47,67,43,38,31,33,51,50,26,11,3,F,2011
E01013851,Nottingham 038C,849,69,42,51,55,80,62,44,49,70,64,47,47,44,30,28,32,12,14,9,F,2011
E01013852,Nottingham 038D,775,49,39,29,53,47,45,45,41,58,63,51,32,35,38,59,41,25,16,9,F,2011
E01032621,Nottingham 038E,825,48,30,47,50,51,47,43,52,53,67,52,42,33,47,74,31,26,16,16,F,2011
E01013874,Nottingham 039A,700,44,23,32,40,81,114,69,51,57,49,26,36,22,18,19,8,7,4,0,F,2011
E01033400,Nottingham 039B,621,40,29,43,47,130,76,50,38,33,32,32,13,14,18,11,7,3,4,1,F,2011
E01033402,Nottingham 039C,411,9,1,0,18,156,132,48,15,10,9,2,7,3,0,1,0,0,0,0,F,2011
E01033403,Nottingham 039D,424,22,11,10,22,147,76,37,33,11,14,11,11,5,6,2,2,2,2,0,F,2011
E01033406,Nottingham 039E,403,7,3,2,21,202,89,36,8,11,7,8,2,6,0,1,0,0,0,0,F,2011
E01033407,Nottingham 039F,417,12,3,2,17,175,93,38,20,7,8,7,9,6,3,5,6,3,3,0,F,2011
E01013870,Nottingham 040A,948,68,50,52,51,121,137,79,57,54,44,52,37,39,28,20,23,13,16,7,F,2011
E01013871,Nottingham 040B,818,61,48,40,37,45,66,71,51,64,43,41,35,42,45,44,35,25,14,11,F,2011
E01013872,Nottingham 040C,830,72,49,49,51,62,91,93,64,54,52,46,34,28,24,21,18,11,9,2,F,2011
E01013873,Nottingham 040D,986,55,55,51,133,226,100,81,70,47,36,26,34,23,16,11,12,3,3,4,F,2011
E06000017,,18477,917,897,1070,1384,731,822,866,1026,1312,1329,1278,1193,1323,1253,974,724,647,435,296,F,2011
E01013788,Rutland 001A,1306,107,82,70,46,60,94,100,93,106,78,64,72,85,80,63,43,35,21,7,F,2011
E01013789,Rutland 001B,700,27,33,32,48,18,29,30,27,48,53,64,58,81,57,33,25,15,13,9,F,2011
E01013790,Rutland 001C,619,28,20,41,42,22,23,35,30,39,46,55,60,59,34,23,21,21,10,10,F,2011
E01013796,Rutland 001D,759,49,41,48,45,44,68,58,54,39,52,41,42,36,47,38,17,18,13,9,F,2011
E01013793,Rutland 002A,710,35,41,51,28,21,15,32,45,43,50,47,51,46,65,51,45,21,14,9,F,2011
E01013800,Rutland 002B,786,35,42,47,44,28,34,35,46,56,70,45,56,56,61,48,43,20,12,8,F,2011
E01013801,Rutland 002C,876,43,47,54,45,60,53,58,69,52,55,66,44,47,39,36,26,23,29,30,F,2011
E01013809,Rutland 002D,639,30,27,33,37,25,19,24,28,46,48,44,63,65,58,31,19,17,18,7,F,2011
E01013798,Rutland 003A,734,39,43,39,47,42,18,31,56,68,61,67,56,46,40,39,15,18,8,1,F,2011
E01013799,Rutland 003B,890,47,35,67,174,53,48,44,54,40,44,40,34,43,34,27,25,34,26,21,F,2011
E01013802,Rutland 003C,1342,63,58,64,59,47,63,66,56,89,79,85,64,102,103,110,86,68,50,30,F,2011
E01013803,Rutland 003D,1159,57,46,66,68,46,52,55,62,83,77,73,95,74,90,68,46,50,30,21,F,2011
E01013791,Rutland 004A,570,23,30,28,25,9,16,14,35,47,42,38,31,45,48,44,19,27,28,21,F,2011
E01013792,Rutland 004B,865,30,51,50,40,16,20,25,56,67,77,59,58,73,68,44,37,38,27,29,F,2011
E01013797,Rutland 004C,848,55,49,39,38,34,44,42,51,70,64,62,61,73,53,48,26,22,12,5,F,2011
E01013804,Rutland 004D,793,37,30,43,61,34,37,31,42,68,55,72,49,70,40,44,29,30,10,11,F,2011
E01013805,Rutland 004E,643,27,32,38,38,29,26,37,38,50,54,44,42,47,42,32,19,34,10,4,F,2011
E01013787,Rutland 005A,655,29,43,40,42,14,20,20,36,55,56,50,54,36,44,37,34,19,15,11,F,2011
E01013794,Rutland 005B,650,25,28,39,35,15,19,17,32,55,58,62,48,57,70,33,22,20,11,4,F,2011
E01013795,Rutland 005C,576,14,17,24,32,19,17,15,21,37,50,59,41,50,50,35,35,30,15,15,F,2011
E01013806,Rutland 005D,951,24,25,91,325,27,32,35,32,55,45,38,43,38,33,24,24,28,17,15,F,2011
E01013807,Rutland 005E,715,44,44,40,37,32,33,21,31,57,62,55,30,54,50,36,30,31,21,7,F,2011
E01013808,Rutland 005F,691,49,33,26,28,36,42,41,32,42,53,48,41,40,47,30,38,28,25,12,F,2011
E07000032,,62253,3226,3036,3560,3639,3038,3318,3395,3987,4847,4838,4241,4010,4552,3700,2675,2256,1810,1295,830,F,2011
E01019400,Amber Valley 001A,786,43,40,51,56,55,79,52,45,41,64,50,45,47,41,31,19,10,10,7,F,2011
E01019401,Amber Valley 001B,856,37,38,42,60,54,41,54,42,50,60,55,51,56,39,38,36,51,32,20,F,2011
E01019402,Amber Valley 001C,789,50,45,44,39,39,61,42,60,65,66,58,52,55,28,33,25,15,10,2,F,2011
E01019404,Amber Valley 001D,824,38,28,55,43,35,48,44,50,51,65,52,56,62,60,35,40,21,23,18,F,2011
E01019406,Amber Valley 002A,541,16,26,26,30,9,6,18,30,38,49,49,44,46,52,29,33,16,13,11,F,2011
E01019423,Amber Valley 002B,615,29,24,28,25,7,25,18,30,63,38,50,57,70,53,35,21,29,10,3,F,2011
E01019424,Amber Valley 002C,590,28,34,32,40,14,16,24,32,51,43,56,38,59,46,20,22,20,13,2,F,2011
E01019477,Amber Valley 002D,1125,46,47,45,48,30,50,33,61,100,79,74,83,109,98,71,60,38,39,14,F,2011
E01019403,Amber Valley 003A,810,53,40,53,50,36,59,33,48,52,47,42,44,39,43,37,49,37,32,16,F,2011
E01019444,Amber Valley 003B,699,57,43,58,34,41,51,35,38,49,53,47,37,49,37,20,22,13,10,5,F,2011
E01019468,Amber Valley 003C,771,41,39,56,54,54,44,56,42,64,49,52,53,51,35,25,21,17,15,3,F,2011
E01019469,Amber Valley 003D,854,89,58,58,55,59,82,74,58,53,48,45,43,33,25,25,15,14,12,8,F,2011
E01019471,Amber Valley 003E,750,52,63,56,36,43,67,51,53,54,38,43,40,37,35,21,22,18,12,9,F,2011
E01019443,Amber Valley 004A,796,32,36,25,43,31,50,43,39,52,45,54,44,71,78,45,41,43,18,6,F,2011
E01019470,Amber Valley 004B,809,41,42,46,48,62,69,52,60,67,56,49,50,56,35,23,22,17,7,7,F,2011
E01019473,Amber Valley 004C,655,24,22,33,53,28,21,25,52,56,74,62,58,55,27,18,21,15,7,4,F,2011
E01019474,Amber Valley 004D,618,30,22,33,32,35,24,32,38,52,51,62,52,47,31,22,16,16,13,10,F,2011
E01019475,Amber Valley 004E,605,26,16,33,37,30,32,25,34,60,31,61,43,47,37,33,21,21,10,8,F,2011
E01019476,Amber Valley 004F,687,25,18,29,30,17,14,22,26,49,53,48,57,84,58,43,38,44,24,8,F,2011
E01019420,Amber Valley 005A,713,41,26,31,34,33,43,37,46,50,48,47,44,53,41,32,23,29,28,27,F,2011
E01019442,Amber Valley 005B,756,34,26,41,50,37,29,38,55,62,74,59,61,68,54,27,20,10,5,6,F,2011
E01019445,Amber Valley 005C,684,38,32,34,36,43,58,50,51,42,63,45,55,41,29,22,22,10,11,2,F,2011
E01019455,Amber Valley 005D,688,43,31,32,40,36,59,35,36,47,52,53,56,49,36,19,17,15,16,16,F,2011
E01019456,Amber Valley 005E,950,67,50,53,56,66,62,77,66,86,66,62,44,41,42,23,31,21,22,15,F,2011
E01019457,Amber Valley 005F,655,25,24,54,52,29,27,25,44,54,60,43,44,44,34,31,28,25,7,5,F,2011
E01019429,Amber Valley 006A,782,26,36,35,34,37,34,42,43,71,61,61,68,58,52,41,34,23,20,6,F,2011
E01019454,Amber Valley 006B,748,31,34,36,36,27,30,22,38,53,46,60,48,98,66,40,30,28,17,8,F,2011
E01019460,Amber Valley 006C,834,48,57,41,67,31,46,54,72,76,60,67,48,55,47,21,16,17,6,5,F,2011
E01019461,Amber Valley 006D,755,29,24,43,38,41,27,44,36,56,53,42,58,54,52,43,29,32,32,22,F,2011
E01019462,Amber Valley 006E,633,25,24,24,26,28,32,26,36,34,42,30,51,66,67,32,39,24,17,10,F,2011
E01019405,Amber Valley 007A,707,18,31,41,36,17,17,20,21,54,63,55,64,76,65,52,29,27,17,4,F,2011
E01019414,Amber Valley 007B,811,27,31,31,40,24,24,27,48,55,60,66,73,81,81,40,42,30,21,10,F,2011
E01019428,Amber Valley 007C,769,24,34,50,50,24,41,25,58,56,54,62,55,55,52,44,35,24,15,11,F,2011
E01019430,Amber Valley 007D,935,44,54,45,52,32,34,53,59,78,92,74,69,66,63,43,35,26,12,4,F,2011
E01019421,Amber Valley 008A,958,39,45,42,57,56,52,50,62,60,82,81,59,89,60,38,39,16,22,9,F,2011
E01019422,Amber Valley 008B,771,32,37,47,34,29,32,42,42,60,57,48,49,76,63,51,30,22,15,5,F,2011
E01019432,Amber Valley 008C,1011,40,51,45,62,47,44,66,51,73,73,70,66,75,74,50,47,40,20,17,F,2011
E01019458,Amber Valley 008D,758,39,33,36,59,75,67,43,59,58,57,44,34,40,39,32,13,11,13,6,F,2011
E01019459,Amber Valley 008E,734,31,40,46,53,33,38,33,51,55,74,41,44,48,38,37,31,16,11,14,F,2011
E01019463,Amber Valley 008F,796,56,43,57,63,40,43,45,59,62,54,46,37,50,26,32,25,23,30,5,F,2011
E01019408,Amber Valley 009A,747,50,33,42,37,37,41,34,56,60,65,45,52,70,31,29,24,21,10,10,F,2011
E01019409,Amber Valley 009B,878,37,48,48,48,34,25,33,63,62,62,59,57,88,62,58,48,30,10,6,F,2011
E01019412,Amber Valley 009C,805,46,49,71,78,28,37,33,52,117,91,66,38,27,26,22,9,8,3,4,F,2011
E01019413,Amber Valley 009D,727,57,48,59,55,34,50,54,74,96,55,35,30,21,21,22,8,6,2,0,F,2011
E01019416,Amber Valley 009E,717,26,22,43,30,30,17,25,45,62,60,46,60,61,60,49,22,31,17,11,F,2011
E01019407,Amber Valley 010A,1100,54,44,55,54,60,82,96,71,70,72,67,60,70,46,39,44,44,38,34,F,2011
E01019415,Amber Valley 010B,940,51,50,49,39,35,35,54,77,84,74,50,53,62,74,25,29,36,31,32,F,2011
E01019417,Amber Valley 010C,1040,75,46,51,58,40,77,63,76,77,68,61,53,63,54,36,48,39,30,25,F,2011
E01019419,Amber Valley 010D,988,52,38,40,41,39,51,64,72,75,86,70,77,74,57,45,30,24,32,21,F,2011
E01019410,Amber Valley 011A,734,36,40,37,49,38,46,45,68,56,81,50,43,45,31,15,17,25,7,5,F,2011
E01019411,Amber Valley 011B,763,39,43,52,48,30,34,39,60,65,70,53,39,53,46,23,26,18,17,8,F,2011
E01019418,Amber Valley 011C,899,60,53,65,59,48,41,59,75,90,75,53,49,44,47,27,24,19,8,3,F,2011
E01019447,Amber Valley 011D,805,34,34,46,25,33,36,29,45,48,59,56,54,69,50,43,37,42,36,29,F,2011
E01019449,Amber Valley 011E,883,44,47,40,53,41,34,72,71,87,83,59,59,51,41,41,24,17,14,5,F,2011
E01019431,Amber Valley 012A,760,43,45,52,45,46,46,56,56,54,50,58,47,51,37,30,23,10,7,4,F,2011
E01019433,Amber Valley 012B,946,60,47,59,57,60,66,69,70,56,76,59,46,53,44,53,26,25,15,5,F,2011
E01019438,Amber Valley 012C,854,66,51,46,63,66,57,67,52,61,73,48,50,45,35,26,17,15,11,5,F,2011
E01019451,Amber Valley 012D,991,71,43,48,68,64,68,74,65,81,73,68,64,73,55,23,21,18,6,8,F,2011
E01019464,Amber Valley 012E,1038,67,52,67,46,41,39,70,82,74,78,77,60,77,67,37,29,34,26,15,F,2011
E01019434,Amber Valley 013A,604,37,31,21,30,37,46,51,36,38,46,30,33,54,43,24,22,10,7,8,F,2011
E01019435,Amber Valley 013B,826,54,48,46,58,57,64,80,76,80,52,46,45,37,44,17,11,6,3,2,F,2011
E01019436,Amber Valley 013C,656,25,32,47,31,28,55,29,60,56,52,44,50,36,33,29,18,11,12,8,F,2011
E01019439,Amber Valley 013D,686,31,42,34,39,34,44,29,49,57,57,62,37,43,30,20,23,15,19,21,F,2011
E01019440,Amber Valley 013E,766,37,39,39,36,45,36,49,43,63,52,47,55,59,53,30,23,27,22,11,F,2011
E01019446,Amber Valley 015A,643,28,24,38,45,43,32,29,33,57,49,56,60,60,35,15,17,11,8,3,F,2011
E01019448,Amber Valley 015B,859,42,48,59,46,42,35,41,74,60,75,57,68,53,44,42,24,28,12,9,F,2011
E01019450,Amber Valley 015C,774,50,35,42,39,53,53,54,40,52,49,48,45,53,41,26,26,20,24,24,F,2011
E01019465,Amber Valley 015D,586,23,26,36,27,25,22,28,15,48,45,31,42,56,44,39,32,24,16,7,F,2011
E01019467,Amber Valley 015E,745,33,30,36,27,22,29,42,31,56,71,54,59,64,54,43,40,29,13,12,F,2011
E01019425,Amber Valley 016A,848,34,38,87,60,19,16,19,45,64,63,65,53,55,49,43,64,36,28,10,F,2011
E01019426,Amber Valley 016B,835,34,39,58,53,20,23,26,42,50,72,44,42,48,42,57,49,52,38,46,F,2011
E01019427,Amber Valley 016C,929,50,69,80,63,29,25,32,54,87,97,66,37,73,60,32,33,24,12,6,F,2011
E01019472,Amber Valley 016D,1315,42,61,65,73,36,32,46,62,95,127,113,98,143,98,85,60,34,29,16,F,2011
E01019437,Amber Valley 017A,766,31,42,57,71,45,22,27,40,67,64,54,40,54,41,32,29,20,17,13,F,2011
E01019441,Amber Valley 017B,773,47,40,48,51,60,59,45,49,56,50,38,43,53,44,27,28,17,10,8,F,2011
E01019452,Amber Valley 017C,851,49,41,40,56,52,52,46,49,47,57,56,58,56,48,42,49,27,15,11,F,2011
E01019453,Amber Valley 017D,947,79,50,64,61,92,88,71,58,83,60,51,33,36,30,41,19,15,10,6,F,2011
E01032613,Amber Valley 017E,601,18,24,26,32,31,25,28,30,47,49,34,47,66,44,34,24,18,13,11,F,2011
E07000033,,38564,2085,1998,2187,2300,2117,2357,2095,2460,3083,2937,2530,2285,2468,2264,1605,1443,1130,762,458,F,2011
E01019478,Bolsover 001A,780,52,46,50,32,24,24,47,61,83,63,71,47,49,43,30,26,16,12,4,F,2011
E01019479,Bolsover 001B,868,42,66,53,58,32,34,35,53,92,78,53,50,70,44,35,28,30,9,6,F,2011
E01019491,Bolsover 001C,1112,67,49,70,61,66,75,75,73,107,110,55,73,64,56,29,38,19,15,10,F,2011
E01019493,Bolsover 001D,792,36,34,43,58,33,39,36,46,67,75,66,61,70,51,29,23,17,6,2,F,2011
E01019494,Bolsover 001E,1020,32,43,38,53,50,43,53,59,62,77,69,62,85,69,72,44,55,29,25,F,2011
E01019492,Bolsover 002A,932,60,37,58,61,54,61,46,60,59,62,57,44,70,55,37,45,30,21,15,F,2011
E01019495,Bolsover 002B,818,36,46,39,54,34,41,39,46,54,62,60,57,63,67,42,32,29,13,4,F,2011
E01019524,Bolsover 002C,687,26,25,43,37,39,30,24,34,58,53,59,49,63,44,40,29,18,8,8,F,2011
E01019525,Bolsover 002D,748,39,34,41,44,34,44,35,48,62,65,48,51,54,45,33,27,21,18,5,F,2011
E01019496,Bolsover 003A,693,55,33,28,34,34,67,48,44,49,40,41,41,52,45,26,20,12,11,13,F,2011
E01019497,Bolsover 003B,725,30,25,30,54,30,38,41,40,45,39,38,41,49,59,50,35,29,35,17,F,2011
E01019498,Bolsover 003C,942,77,75,63,68,82,104,73,79,60,68,41,33,37,32,15,17,6,11,1,F,2011
E01019523,Bolsover 003D,542,27,25,25,25,36,46,38,32,33,27,46,41,25,38,21,22,11,12,12,F,2011
E01019483,Bolsover 004A,1069,78,82,59,82,68,87,92,76,81,91,62,53,54,30,36,20,11,4,3,F,2011
E01019484,Bolsover 004B,985,51,39,57,66,31,52,49,49,88,72,62,85,82,60,53,42,29,17,1,F,2011
E01019485,Bolsover 004C,631,24,22,23,35,30,26,21,36,50,43,29,34,54,45,40,48,31,24,16,F,2011
E01019488,Bolsover 004D,709,54,48,36,58,44,66,46,58,51,48,39,39,44,27,18,13,6,6,8,F,2011
E01019486,Bolsover 005A,588,24,40,24,37,30,29,27,28,51,54,51,39,30,32,27,15,16,14,20,F,2011
E01019487,Bolsover 005B,818,37,41,49,45,30,44,37,49,66,62,43,46,50,36,37,43,50,34,19,F,2011
E01019489,Bolsover 005C,635,18,20,40,28,33,15,20,39,39,40,57,52,53,65,40,30,26,13,7,F,2011
E01019490,Bolsover 005D,566,32,22,28,39,25,30,26,36,44,52,44,50,42,27,22,14,14,12,7,F,2011
E01019502,Bolsover 005E,774,33,32,44,30,31,31,32,38,67,63,47,50,66,65,46,34,30,24,11,F,2011
E01019504,Bolsover 005F,651,31,17,18,31,33,40,28,50,45,53,40,49,47,48,25,32,31,18,15,F,2011
E01019508,Bolsover 006A,993,38,53,72,68,59,53,32,54,80,73,73,45,49,71,59,63,31,16,4,F,2011
E01019509,Bolsover 006B,639,48,36,48,39,53,39,36,36,52,40,33,23,23,40,21,22,20,16,14,F,2011
E01019510,Bolsover 006C,678,22,38,42,39,38,27,22,34,51,40,46,32,34,36,46,47,29,32,23,F,2011
E01019512,Bolsover 006D,1331,61,82,71,95,84,102,77,94,115,92,98,61,73,61,42,42,51,25,5,F,2011
E01019503,Bolsover 007A,1177,62,61,60,43,62,62,67,89,97,73,72,71,97,96,53,53,33,16,10,F,2011
E01019505,Bolsover 007B,761,63,39,42,52,62,56,58,47,46,63,43,32,36,47,21,13,19,16,6,F,2011
E01019506,Bolsover 007C,681,35,32,41,37,36,30,36,45,54,58,43,52,40,44,41,22,18,11,6,F,2011
E01019507,Bolsover 007D,876,43,41,55,64,57,64,41,51,66,60,57,47,55,44,40,28,33,19,11,F,2011
E01019511,Bolsover 007E,1104,75,67,61,72,102,80,63,66,85,85,84,43,53,47,28,35,26,23,9,F,2011
E01019480,Bolsover 008A,772,25,27,46,42,34,29,41,49,63,55,56,40,56,57,37,42,30,24,19,F,2011
E01019482,Bolsover 008B,758,34,30,31,40,30,42,24,39,56,71,53,64,57,57,38,33,24,22,13,F,2011
E01019520,Bolsover 008C,890,45,44,69,68,43,50,53,51,77,70,71,52,48,45,30,34,24,9,7,F,2011
E01019521,Bolsover 008D,779,37,48,44,44,40,42,33,49,61,84,48,52,46,45,28,30,29,15,4,F,2011
E01019522,Bolsover 008E,800,52,49,52,42,57,56,41,52,67,62,55,44,35,35,23,23,22,18,15,F,2011
E01019481,Bolsover 009A,695,40,59,50,40,21,44,44,46,55,41,45,40,39,28,30,24,27,16,6,F,2011
E01019514,Bolsover 009B,776,52,52,55,53,40,52,55,56,69,52,57,43,40,37,20,17,13,9,4,F,2011
E01019515,Bolsover 009C,808,53,40,62,47,54,68,51,47,70,56,43,34,36,41,27,30,29,12,8,F,2011
E01019516,Bolsover 009D,741,39,34,30,35,54,73,32,43,50,51,56,41,38,51,29,49,15,15,6,F,2011
E01019519,Bolsover 009E,950,69,69,55,56,56,72,55,73,72,61,57,52,51,58,27,23,23,14,7,F,2011
E01019499,Bolsover 010A,644,29,29,38,34,46,54,34,42,44,56,35,25,46,41,33,24,15,14,5,F,2011
E01019500,Bolsover 010B,711,42,31,38,46,51,39,38,43,79,60,44,36,26,45,34,22,14,14,9,F,2011
E01019501,Bolsover 010C,733,40,26,33,34,33,39,36,44,49,63,51,61,49,57,30,34,28,15,11,F,2011
E01019513,Bolsover 010D,652,31,25,51,39,32,29,41,49,55,46,38,35,53,40,21,25,14,13,15,F,2011
E01019517,Bolsover 010E,768,45,45,41,38,42,38,54,63,79,57,44,63,57,29,24,20,15,5,9,F,2011
E01019518,Bolsover 010F,762,44,40,41,43,28,51,63,64,78,71,50,50,58,29,20,11,11,7,3,F,2011
E07000034,,52901,2868,2498,2889,3184,2969,2940,3024,3379,3986,4068,3580,3162,3555,2920,2355,1963,1673,1230,658,F,2011
E01019526,Chesterfield 001A,703,34,27,47,33,53,56,52,49,57,43,47,38,44,32,29,23,26,11,2,F,2011
E01019528,Chesterfield 001B,808,38,31,32,47,32,32,38,47,60,75,57,55,74,61,41,35,29,19,5,F,2011
E01019572,Chesterfield 001C,669,34,32,38,47,48,46,44,32,54,39,40,27,31,29,27,30,30,30,11,F,2011
E01019573,Chesterfield 001D,767,35,26,33,36,43,57,47,57,57,60,58,51,59,42,20,32,22,21,11,F,2011
E01019574,Chesterfield 001E,684,35,25,39,38,29,38,38,41,46,40,43,44,44,51,48,36,23,18,8,F,2011
E01019563,Chesterfield 002A,875,61,55,76,75,58,57,56,73,72,64,43,23,33,31,22,25,32,11,8,F,2011
E01019564,Chesterfield 002B,767,37,35,37,46,27,29,32,44,54,54,54,57,65,59,39,30,34,24,10,F,2011
E01019565,Chesterfield 002C,729,40,35,50,52,47,37,43,35,46,63,54,50,42,39,32,14,23,23,4,F,2011
E01019566,Chesterfield 002D,830,73,47,52,64,70,37,43,57,68,61,48,48,51,30,28,18,25,9,1,F,2011
E01019568,Chesterfield 002E,763,58,51,65,60,44,47,50,60,64,59,46,29,35,25,23,21,13,11,2,F,2011
E01019527,Chesterfield 003A,759,46,50,70,47,56,50,52,53,56,49,38,39,41,38,20,28,11,11,4,F,2011
E01019529,Chesterfield 003B,724,51,36,38,34,37,46,50,51,61,57,51,50,38,37,31,16,26,9,5,F,2011
E01019530,Chesterfield 003C,719,55,33,35,44,57,73,65,49,57,49,43,40,49,19,18,15,11,2,5,F,2011
E01019531,Chesterfield 003D,771,53,52,49,46,43,71,40,73,67,52,62,47,37,34,13,15,10,4,3,F,2011
E01019553,Chesterfield 003E,899,82,66,56,56,37,80,82,71,73,65,47,41,45,31,24,11,14,9,9,F,2011
E01019541,Chesterfield 004A,805,54,36,48,51,38,48,53,31,64,59,47,52,48,44,29,27,29,28,19,F,2011
E01019542,Chesterfield 004B,833,60,40,44,46,76,64,55,55,62,69,50,37,50,41,32,21,9,16,6,F,2011
E01019543,Chesterfield 004C,775,52,33,44,38,56,46,45,62,56,50,50,39,44,39,37,33,25,16,10,F,2011
E01019544,Chesterfield 004D,824,40,38,35,47,34,36,40,36,51,65,53,49,57,80,43,38,38,36,8,F,2011
E01019571,Chesterfield 004E,817,59,43,54,68,38,36,44,52,62,52,49,37,39,40,35,26,36,30,17,F,2011
E01019532,Chesterfield 005A,634,36,27,31,42,38,28,35,40,61,57,54,29,42,35,23,25,12,13,6,F,2011
E01019533,Chesterfield 005B,709,25,29,31,32,21,35,38,53,76,72,50,57,52,38,36,24,28,9,3,F,2011
E01019534,Chesterfield 005C,746,18,21,28,31,30,29,21,28,44,60,51,47,52,53,51,56,52,42,32,F,2011
E01019535,Chesterfield 005D,734,25,26,40,43,29,26,22,46,52,60,71,48,53,67,41,40,30,12,3,F,2011
E01019536,Chesterfield 005E,937,66,51,69,39,55,49,66,55,75,55,59,42,58,48,38,28,29,35,20,F,2011
E01019549,Chesterfield 006A,707,46,52,52,46,45,29,40,52,47,34,53,39,53,34,30,22,11,13,9,F,2011
E01019550,Chesterfield 006B,840,42,41,67,49,32,42,51,66,56,51,46,43,54,43,56,47,27,22,5,F,2011
E01019551,Chesterfield 006C,797,24,25,24,44,24,35,31,54,44,60,57,68,107,72,57,40,19,11,1,F,2011
E01019552,Chesterfield 006D,668,39,33,32,54,40,36,38,39,67,58,48,39,37,33,17,15,14,16,13,F,2011
E01019567,Chesterfield 006E,904,65,46,47,71,49,51,53,62,74,51,45,40,56,51,51,31,31,22,8,F,2011
E01019537,Chesterfield 007A,772,40,42,47,46,30,21,23,39,43,67,68,56,50,58,40,37,38,13,14,F,2011
E01019569,Chesterfield 007B,721,31,26,30,36,58,51,48,45,63,66,58,39,45,33,39,26,16,10,1,F,2011
E01019570,Chesterfield 007C,656,16,21,27,39,26,21,24,28,37,51,44,44,46,53,49,47,24,38,21,F,2011
E01019580,Chesterfield 007D,731,52,35,39,42,50,44,40,54,62,52,39,29,58,37,42,31,15,7,3,F,2011
E01019581,Chesterfield 007E,693,34,44,37,45,34,39,49,60,49,37,36,35,40,50,26,23,22,16,17,F,2011
E01019557,Chesterfield 008A,751,40,35,52,64,42,20,26,51,67,74,69,61,35,24,27,22,19,19,4,F,2011
E01019558,Chesterfield 008B,733,33,29,38,54,32,35,29,46,48,74,72,62,75,32,31,22,11,8,2,F,2011
E01019559,Chesterfield 008C,593,24,19,35,45,19,26,21,37,43,55,63,49,47,37,26,22,14,6,5,F,2011
E01019560,Chesterfield 008D,694,28,34,41,36,32,21,28,51,53,46,58,37,73,50,36,20,23,16,11,F,2011
E01019561,Chesterfield 008E,681,38,26,32,36,69,39,43,35,31,39,36,47,46,28,29,28,29,33,17,F,2011
E01019562,Chesterfield 008F,622,28,25,18,36,31,29,42,25,40,49,44,41,37,42,32,35,32,24,12,F,2011
E01019539,Chesterfield 009A,842,45,38,42,39,30,33,51,51,59,61,66,41,59,56,52,42,38,22,17,F,2011
E01019540,Chesterfield 009B,722,41,24,36,42,26,38,30,48,60,60,55,58,54,36,40,41,21,11,1,F,2011
E01019555,Chesterfield 009C,813,38,36,45,46,41,31,49,55,73,55,33,44,53,49,39,38,34,30,24,F,2011
E01019590,Chesterfield 009D,930,34,27,41,48,24,29,35,46,64,79,53,77,85,82,67,49,54,16,20,F,2011
E01019591,Chesterfield 009E,814,39,50,65,54,35,22,39,54,58,75,64,47,45,37,30,31,21,26,22,F,2011
E01019538,Chesterfield 010A,803,34,24,30,41,70,73,58,64,58,57,55,48,42,31,29,37,29,14,9,F,2011
E01019554,Chesterfield 010B,676,46,32,25,33,45,74,63,53,61,51,47,31,36,23,22,12,10,9,3,F,2011
E01019556,Chesterfield 010C,729,33,42,46,50,74,46,46,49,62,55,41,28,37,33,31,25,11,12,8,F,2011
E01019579,Chesterfield 010D,834,57,41,45,63,64,68,59,67,61,56,54,35,43,21,21,25,25,19,10,F,2011
E01033387,Chesterfield 010F,558,49,20,19,20,69,96,69,45,31,34,19,14,25,7,11,8,4,13,5,F,2011
E01033388,Chesterfield 010G,702,40,38,42,36,55,64,65,34,52,61,41,48,35,25,23,15,15,11,2,F,2011
E01019586,Chesterfield 011A,664,25,25,23,36,33,21,38,44,41,53,55,54,54,52,33,29,22,21,5,F,2011
E01019587,Chesterfield 011B,764,28,43,43,49,30,25,29,47,66,92,58,60,69,47,22,26,16,10,4,F,2011
E01019588,Chesterfield 011C,713,19,15,33,41,19,17,17,18,48,65,66,65,77,47,55,35,47,13,16,F,2011
E01019589,Chesterfield 011D,755,36,26,33,40,13,29,36,44,59,52,49,51,72,61,40,43,36,23,12,F,2011
E01019592,Chesterfield 011E,905,34,37,46,69,32,12,24,35,68,75,66,66,68,62,50,47,40,38,36,F,2011
E01019593,Chesterfield 011F,551,16,28,29,25,13,8,17,28,36,49,44,42,52,39,36,37,29,17,6,F,2011
E01019545,Chesterfield 012A,708,25,27,44,39,27,36,30,36,57,63,35,40,58,58,54,27,22,23,7,F,2011
E01019546,Chesterfield 012B,763,34,34,30,54,34,27,48,45,56,74,54,49,64,36,31,26,25,29,13,F,2011
E01019547,Chesterfield 012C,767,53,42,50,44,48,62,53,62,70,53,41,37,31,26,24,15,25,17,14,F,2011
E01019548,Chesterfield 012D,1201,74,74,53,68,60,62,91,82,107,91,80,58,89,56,44,35,34,27,16,F,2011
E01019582,Chesterfield 012E,725,36,34,36,37,41,44,41,54,58,51,51,51,55,40,30,34,14,13,5,F,2011
E01019583,Chesterfield 012F,748,39,38,55,35,42,40,33,56,55,74,58,60,53,36,29,16,18,11,0,F,2011
E01019585,Chesterfield 012G,1084,48,51,39,63,93,96,86,75,77,99,68,55,51,47,40,44,29,13,10,F,2011
E01019575,Chesterfield 013A,903,92,72,46,71,75,78,60,51,63,59,49,42,24,37,35,18,21,8,2,F,2011
E01019576,Chesterfield 013B,795,31,34,49,43,47,40,28,54,64,58,56,50,68,60,36,25,24,14,14,F,2011
E01019577,Chesterfield 013C,778,28,28,39,37,40,27,43,43,56,67,62,61,66,64,36,30,19,25,7,F,2011
E01019578,Chesterfield 013D,810,47,40,46,56,80,50,49,45,47,56,59,45,48,32,27,18,28,22,15,F,2011
E07000035,,36047,1498,1772,2015,1996,1381,1293,1369,1980,2645,2965,2692,2620,3076,2474,1897,1599,1297,915,563,F,2011
E01019602,Derbyshire Dales 001A,927,31,45,46,57,30,20,32,50,82,85,77,62,79,76,67,41,28,14,5,F,2011
E01019614,Derbyshire Dales 001B,822,19,44,46,40,15,21,25,43,71,92,60,74,83,55,40,35,32,22,5,F,2011
E01019615,Derbyshire Dales 001C,1188,55,72,61,61,39,31,49,67,81,78,81,82,102,78,73,49,54,37,38,F,2011
E01019631,Derbyshire Dales 001D,922,45,40,58,49,33,44,42,61,73,82,64,71,61,54,51,38,24,22,10,F,2011
E01019600,Derbyshire Dales 002A,864,23,33,59,45,43,26,22,49,48,57,80,61,79,60,45,52,35,29,18,F,2011
E01019604,Derbyshire Dales 002B,940,30,36,43,40,48,30,27,30,64,72,83,79,83,73,66,48,50,27,11,F,2011
E01019606,Derbyshire Dales 002C,874,41,47,35,35,22,23,24,49,55,69,58,49,74,92,65,48,38,34,16,F,2011
E01019618,Derbyshire Dales 002D,812,28,24,45,52,18,21,21,47,49,76,58,80,79,63,56,41,33,18,3,F,2011
E01019599,Derbyshire Dales 003A,782,23,45,30,36,23,17,29,36,44,58,56,64,60,78,59,34,33,36,21,F,2011
E01019601,Derbyshire Dales 003B,916,23,35,51,38,26,27,23,37,42,51,53,55,74,69,52,67,70,59,64,F,2011
E01019613,Derbyshire Dales 003C,852,35,33,51,51,41,27,27,42,65,96,67,72,76,46,52,26,25,14,6,F,2011
E01019617,Derbyshire Dales 003D,823,27,34,38,42,33,31,33,27,63,53,64,71,95,54,42,38,34,26,18,F,2011
E01019608,Derbyshire Dales 004A,884,56,36,46,40,45,35,50,43,51,53,60,44,81,55,42,48,42,36,21,F,2011
E01019610,Derbyshire Dales 004B,802,33,36,42,49,25,27,26,42,47,83,60,70,63,64,48,36,25,20,6,F,2011
E01019630,Derbyshire Dales 004C,969,35,55,74,59,41,19,38,53,85,72,94,69,79,52,43,44,38,12,7,F,2011
E01019609,Derbyshire Dales 005A,1116,40,54,51,50,32,49,54,66,81,76,80,82,106,81,54,56,36,35,33,F,2011
E01019621,Derbyshire Dales 005B,639,32,30,33,44,17,30,23,29,62,56,63,60,55,34,35,19,8,7,2,F,2011
E01019622,Derbyshire Dales 005C,764,46,32,35,36,34,23,35,64,60,58,56,67,58,51,38,29,23,10,9,F,2011
E01019624,Derbyshire Dales 005D,608,21,39,21,24,23,27,26,37,35,60,40,58,73,41,26,28,19,6,4,F,2011
E01019627,Derbyshire Dales 005E,578,15,24,20,35,23,19,18,22,49,40,51,47,61,52,25,26,16,17,18,F,2011
E01019628,Derbyshire Dales 005F,605,27,26,24,23,23,19,17,32,41,39,42,46,55,54,32,34,31,26,14,F,2011
E01019619,Derbyshire Dales 006A,716,22,21,34,39,25,26,19,39,53,44,71,68,61,62,48,36,29,9,10,F,2011
E01019620,Derbyshire Dales 006B,775,25,35,37,49,32,34,24,56,61,74,52,70,70,56,30,30,23,9,8,F,2011
E01019623,Derbyshire Dales 006C,663,33,28,25,29,34,44,42,51,41,50,41,43,55,31,21,28,28,21,18,F,2011
E01019625,Derbyshire Dales 006D,828,54,49,60,48,56,43,34,54,62,55,42,39,44,36,35,38,40,27,12,F,2011
E01019626,Derbyshire Dales 006E,751,27,23,45,54,32,29,23,43,51,60,61,46,78,57,47,32,19,16,8,F,2011
E01019632,Derbyshire Dales 006F,870,23,42,40,46,37,22,25,33,49,75,76,93,84,66,50,40,34,17,18,F,2011
E01019633,Derbyshire Dales 007A,757,41,40,37,66,26,25,31,49,69,61,48,44,60,46,48,32,15,13,6,F,2011
E01019634,Derbyshire Dales 007B,751,30,33,53,30,27,19,27,43,66,63,64,56,87,54,38,24,17,9,11,F,2011
E01019635,Derbyshire Dales 007C,612,26,30,22,33,16,13,22,36,53,43,39,48,66,49,43,41,16,11,5,F,2011
E01019636,Derbyshire Dales 007D,779,50,42,38,49,34,34,35,54,42,50,57,63,51,41,30,34,34,30,11,F,2011
E01019595,Derbyshire Dales 008A,1044,30,53,70,66,56,42,42,43,88,92,75,69,79,55,42,52,41,31,18,F,2011
E01019605,Derbyshire Dales 008B,920,39,56,53,44,42,30,28,53,79,100,77,60,75,73,44,34,16,10,7,F,2011
E01019611,Derbyshire Dales 008C,861,29,37,52,44,41,35,34,38,65,89,84,52,81,70,37,34,19,15,5,F,2011
E01019616,Derbyshire Dales 008D,913,45,53,46,50,20,26,24,48,67,85,57,76,104,65,44,39,31,28,5,F,2011
E01019594,Derbyshire Dales 009A,926,53,45,60,62,39,45,49,57,71,66,38,56,64,63,44,45,37,19,13,F,2011
E01019596,Derbyshire Dales 009B,832,34,49,53,46,23,28,38,40,64,74,53,38,49,54,46,40,47,36,20,F,2011
E01019597,Derbyshire Dales 009C,751,35,51,38,56,36,49,44,45,56,70,57,39,57,30,29,19,21,14,5,F,2011
E01019598,Derbyshire Dales 009D,882,70,62,54,52,58,68,54,75,64,58,56,47,51,31,26,15,24,8,9,F,2011
E01019603,Derbyshire Dales 010A,879,34,53,67,44,24,23,32,46,74,72,66,70,68,63,48,31,30,24,10,F,2011
E01019607,Derbyshire Dales 010B,937,38,50,60,53,27,18,31,51,73,85,88,57,101,57,54,42,28,14,10,F,2011
E01019612,Derbyshire Dales 010C,1048,44,51,97,72,40,36,50,45,86,98,69,63,68,63,48,44,31,29,14,F,2011
E01019629,Derbyshire Dales 010D,865,31,49,65,58,22,38,20,55,63,95,74,60,47,70,34,32,23,18,11,F,2011
E07000036,,57321,3159,2904,3014,3496,3386,3402,3365,3684,4516,4554,3689,3325,3677,3069,2446,2181,1637,1143,674,F,2011
E01019644,Erewash 001A,755,56,31,32,38,47,63,37,53,43,45,55,45,60,49,31,21,24,15,10,F,2011
E01019646,Erewash 001B,799,67,45,52,60,73,62,50,53,58,67,54,44,37,25,25,14,6,4,3,F,2011
E01019663,Erewash 001C,796,66,48,57,49,48,49,46,52,41,46,47,25,63,30,25,30,23,28,23,F,2011
E01019664,Erewash 001D,663,46,67,47,33,55,44,38,40,58,32,33,31,41,32,24,18,9,9,6,F,2011
E01019665,Erewash 001E,710,41,30,37,43,48,36,30,37,40,55,38,41,67,47,50,33,13,17,7,F,2011
E01019657,Erewash 003A,916,56,51,49,54,64,55,66,52,80,61,59,59,48,40,34,31,23,19,15,F,2011
E01019660,Erewash 003B,954,58,48,39,50,85,68,61,53,69,65,59,49,63,46,57,28,33,12,11,F,2011
E01019661,Erewash 003C,649,46,26,21,45,71,53,31,37,51,51,46,32,37,32,25,22,10,11,2,F,2011
E01019662,Erewash 003D,728,59,23,36,41,93,66,48,36,62,48,40,38,26,32,30,25,10,10,5,F,2011
E01019672,Erewash 003E,877,39,28,42,64,65,48,41,64,61,57,49,55,37,38,39,33,47,43,27,F,2011
E01019690,Erewash 003F,594,46,36,23,27,50,57,53,43,43,52,31,27,18,29,19,22,11,2,5,F,2011
E01019670,Erewash 004A,928,41,53,64,57,38,21,42,56,79,90,66,68,82,57,41,31,18,19,5,F,2011
E01019671,Erewash 004B,934,38,44,39,52,27,27,34,56,78,67,53,78,81,75,47,60,35,28,15,F,2011
E01019701,Erewash 004C,1071,52,45,49,68,53,44,43,63,75,92,79,82,71,67,57,49,49,25,8,F,2011
E01019673,Erewash 005A,667,25,25,39,33,25,23,22,28,45,58,52,55,37,45,40,26,26,34,29,F,2011
E01019702,Erewash 005B,991,42,42,47,59,36,41,37,56,69,77,86,77,78,58,37,45,34,43,27,F,2011
E01019703,Erewash 005C,817,28,39,51,47,44,47,35,37,78,88,45,52,62,59,31,32,17,13,12,F,2011
E01019704,Erewash 005D,761,31,31,42,42,31,27,22,35,53,75,50,63,71,63,43,28,24,18,12,F,2011
E01019658,Erewash 006A,921,72,37,62,49,77,83,80,82,73,78,44,41,50,28,20,26,6,5,8,F,2011
E01019659,Erewash 006B,893,34,44,67,60,57,50,55,76,91,83,44,41,49,45,37,27,17,10,6,F,2011
E01019674,Erewash 006C,588,31,24,22,41,35,34,27,30,49,37,40,35,53,44,23,23,21,15,4,F,2011
E01019688,Erewash 006D,748,43,48,39,50,58,65,56,47,47,56,50,43,29,32,30,17,26,7,5,F,2011
E01019689,Erewash 006E,772,32,57,38,52,32,44,62,56,52,46,52,52,52,56,31,21,17,13,7,F,2011
E01019666,Erewash 007A,790,53,42,52,70,55,51,41,49,60,47,49,32,30,32,24,37,32,30,4,F,2011
E01019667,Erewash 007B,852,64,46,48,46,61,67,52,47,51,60,65,34,49,36,26,44,46,8,2,F,2011
E01019668,Erewash 007C,812,46,43,40,44,30,38,35,41,39,51,46,38,52,40,32,60,57,46,34,F,2011
E01019669,Erewash 007D,786,26,26,35,52,47,41,29,43,42,66,53,52,62,73,42,31,35,23,8,F,2011
E01019656,Erewash 008A,641,22,23,26,36,24,23,24,30,41,52,54,41,32,41,39,39,38,21,35,F,2011
E01019691,Erewash 008B,833,47,58,45,55,36,36,45,60,75,73,57,45,50,46,33,31,24,12,5,F,2011
E01019692,Erewash 008C,804,46,47,61,58,42,57,57,44,58,60,44,35,42,34,33,29,28,19,10,F,2011
E01019693,Erewash 008D,951,67,60,50,59,74,77,67,83,77,67,50,29,38,28,35,40,23,17,10,F,2011
E01019694,Erewash 008E,590,25,24,19,27,25,28,27,25,43,64,45,63,51,38,35,28,12,8,3,F,2011
E01019696,Erewash 008F,687,27,24,24,46,22,23,39,30,49,44,49,47,70,55,45,37,22,12,22,F,2011
E01019683,Erewash 009A,655,23,29,31,42,29,27,33,44,51,54,48,50,49,44,31,41,13,13,3,F,2011
E01019684,Erewash 009B,867,49,49,38,51,45,55,62,50,70,77,56,56,43,38,28,38,24,21,17,F,2011
E01019685,Erewash 009C,771,45,31,29,40,40,29,46,48,40,64,60,49,52,71,42,26,33,18,8,F,2011
E01019686,Erewash 009D,742,22,27,37,82,23,17,24,38,53,70,58,42,66,50,35,41,32,23,2,F,2011
E01019687,Erewash 009E,787,36,42,45,41,33,42,45,43,54,57,46,39,34,45,54,65,38,18,10,F,2011
E01019648,Erewash 010A,777,41,37,43,45,33,54,66,55,68,55,40,42,57,33,40,22,22,21,3,F,2011
E01019649,Erewash 010B,902,83,53,45,41,78,86,66,85,80,69,45,28,51,19,23,25,17,5,3,F,2011
E01019650,Erewash 010C,859,53,44,49,62,40,51,50,47,65,72,46,32,48,34,47,50,35,25,9,F,2011
E01019651,Erewash 010D,743,40,34,44,49,19,40,50,50,55,65,50,53,38,35,32,33,34,15,7,F,2011
E01019695,Erewash 010E,742,40,30,35,47,43,48,46,51,63,68,39,53,46,36,21,25,24,13,14,F,2011
E01019641,Erewash 011A,726,32,30,27,40,32,14,34,34,48,53,53,60,77,65,49,31,26,13,8,F,2011
E01019652,Erewash 011B,851,36,46,48,110,43,35,51,50,82,76,56,41,43,29,40,22,21,14,8,F,2011
E01019653,Erewash 011C,728,33,25,33,31,50,29,25,31,29,71,61,62,69,40,34,30,31,29,15,F,2011
E01019707,Erewash 011D,741,39,49,41,50,41,50,57,57,59,89,52,42,33,33,21,15,9,2,2,F,2011
E01019708,Erewash 011E,824,41,37,59,52,36,32,37,51,89,87,71,49,51,43,31,20,22,12,4,F,2011
E01019647,Erewash 012A,982,66,49,51,64,98,111,67,73,76,81,46,37,42,27,23,37,19,5,10,F,2011
E01019675,Erewash 012B,778,52,40,36,37,67,73,62,58,46,59,47,49,43,34,25,18,15,15,2,F,2011
E01019679,Erewash 012C,845,61,47,39,48,59,90,76,65,73,68,48,37,41,30,28,20,6,6,3,F,2011
E01019682,Erewash 012D,759,45,35,30,29,72,71,50,52,59,59,47,33,37,25,28,31,25,17,14,F,2011
E01019642,Erewash 013A,760,30,22,28,42,38,20,27,44,64,53,54,44,58,48,61,43,34,35,15,F,2011
E01019643,Erewash 013B,809,35,25,45,37,31,25,29,42,69,58,68,58,67,59,49,50,34,14,14,F,2011
E01019654,Erewash 013C,776,38,40,25,49,38,28,62,42,66,64,56,49,64,53,39,23,16,19,5,F,2011
E01019655,Erewash 013D,785,42,39,45,51,63,72,58,51,68,64,57,35,47,28,18,24,16,5,2,F,2011
E01019676,Erewash 014A,750,49,38,37,51,38,54,44,62,67,55,42,45,50,23,30,27,14,12,12,F,2011
E01019677,Erewash 014B,729,42,22,33,47,43,37,38,34,58,55,48,48,51,53,51,36,11,15,7,F,2011
E01019678,Erewash 014C,784,38,67,37,34,42,65,63,62,86,81,59,37,38,35,14,14,7,3,2,F,2011
E01019680,Erewash 014D,787,52,45,43,42,39,35,54,66,73,66,41,42,46,30,30,28,20,15,20,F,2011
E01019681,Erewash 014E,745,22,34,32,30,31,33,25,40,70,62,45,68,74,56,49,40,25,5,4,F,2011
E01019698,Erewash 014F,689,30,36,41,35,31,43,49,51,71,53,41,39,60,45,25,17,14,6,2,F,2011
E01019697,Erewash 015A,759,46,47,45,32,42,30,53,59,69,50,49,39,59,55,41,19,14,8,2,F,2011
E01019699,Erewash 015B,804,42,52,48,37,51,47,47,50,49,46,39,32,33,61,54,52,35,15,14,F,2011
E01019700,Erewash 015C,1163,49,72,60,68,49,54,60,85,98,83,66,76,85,79,55,46,34,35,9,F,2011
E01019705,Erewash 015D,908,66,42,52,45,70,92,68,72,80,54,53,42,43,37,33,21,17,14,7,F,2011
E01019706,Erewash 015E,629,37,26,37,45,33,20,39,40,44,54,49,28,53,54,30,19,12,8,1,F,2011
E01019709,Erewash 015F,631,42,31,46,46,55,43,42,50,57,48,48,26,27,19,9,15,11,12,4,F,2011
E01019638,Erewash 016A,696,25,35,46,45,24,23,39,46,64,59,47,55,44,49,22,18,24,15,16,F,2011
E01019639,Erewash 016B,557,32,38,45,38,32,27,36,39,52,51,32,29,38,26,9,17,11,3,2,F,2011
E01019640,Erewash 016C,745,48,57,36,54,44,63,63,76,76,67,49,39,38,14,7,5,7,1,1,F,2011
E01019645,Erewash 016D,794,51,36,33,49,56,52,47,39,61,57,46,47,67,47,32,34,17,15,8,F,2011
E01032614,Erewash 016E,664,34,51,46,51,27,37,43,58,84,70,47,44,27,15,16,5,2,7,0,F,2011
E07000037,,46202,2426,2397,2729,2845,2379,2317,2414,2824,3648,3877,3451,2897,3209,2571,1943,1622,1285,822,546,F,2011
E01019733,High Peak 001A,779,33,37,41,48,45,40,47,44,55,59,71,33,50,50,32,28,33,19,14,F,2011
E01019752,High Peak 001B,678,47,38,52,42,46,48,60,62,68,60,46,31,28,11,16,11,10,2,0,F,2011
E01019753,High Peak 001C,755,44,40,51,51,29,51,43,46,71,84,59,45,47,41,13,22,9,7,2,F,2011
E01019763,High Peak 001D,1072,56,60,71,63,52,69,53,70,97,94,89,62,78,42,40,32,16,19,9,F,2011
E01019728,High Peak 002A,666,49,49,63,43,39,38,53,46,50,45,28,24,31,28,20,27,15,12,6,F,2011
E01019729,High Peak 002B,684,67,43,36,66,57,55,42,39,48,53,35,22,30,35,24,21,8,2,1,F,2011
E01019730,High Peak 002C,1053,78,61,65,58,70,63,56,67,71,95,67,48,60,36,46,32,43,23,14,F,2011
E01019731,High Peak 002D,659,39,33,37,52,34,42,35,28,58,66,51,47,51,25,25,22,9,5,0,F,2011
E01019732,High Peak 002E,751,36,41,33,44,40,47,42,42,50,73,60,46,59,51,29,24,25,6,3,F,2011
E01019738,High Peak 003A,709,39,39,52,48,42,58,55,36,59,59,62,40,40,21,21,16,11,6,5,F,2011
E01019739,High Peak 003B,834,46,37,33,31,69,92,61,52,53,51,59,46,36,50,29,29,20,28,12,F,2011
E01019740,High Peak 003C,569,39,26,30,26,27,32,40,55,47,64,39,25,36,24,20,17,12,5,5,F,2011
E01019750,High Peak 003D,677,33,34,30,44,33,31,27,40,52,60,57,52,43,31,27,34,22,8,19,F,2011
E01019751,High Peak 003E,1112,74,74,79,74,33,38,79,105,113,105,78,60,62,48,30,18,24,9,9,F,2011
E01019768,High Peak 003F,1117,64,55,50,65,69,85,74,55,83,80,92,55,75,56,43,34,39,27,16,F,2011
E01019727,High Peak 004A,884,20,31,49,45,23,13,21,32,60,81,65,74,79,74,76,47,44,35,15,F,2011
E01019749,High Peak 004B,633,25,32,37,46,27,20,27,36,40,65,70,63,46,43,16,21,11,4,4,F,2011
E01019754,High Peak 004C,914,34,36,51,49,42,38,32,38,68,99,82,76,81,69,42,31,23,14,9,F,2011
E01019756,High Peak 004D,907,58,58,69,69,24,23,57,83,86,101,76,74,46,41,26,8,5,1,2,F,2011
E01019757,High Peak 004E,707,30,57,44,33,34,31,36,52,51,53,60,46,64,51,32,15,10,5,3,F,2011
E01019758,High Peak 004F,774,27,44,47,40,28,23,44,56,76,69,55,63,56,48,34,21,15,10,18,F,2011
E01019746,High Peak 005A,779,47,39,49,59,34,36,43,50,65,72,63,40,70,48,32,14,14,2,2,F,2011
E01019747,High Peak 005B,607,26,30,28,50,23,18,26,33,40,52,44,43,69,47,28,22,18,9,1,F,2011
E01019748,High Peak 005C,716,50,28,32,45,45,45,70,61,57,60,49,44,41,24,25,22,10,6,2,F,2011
E01019755,High Peak 005D,1002,39,50,48,53,38,29,48,54,100,96,94,77,91,79,42,20,14,17,13,F,2011
E01019766,High Peak 005E,726,37,39,36,44,32,29,31,48,56,61,58,61,64,40,32,28,16,8,6,F,2011
E01019711,High Peak 006A,655,45,27,23,33,37,28,45,50,52,42,50,43,65,39,27,17,16,12,4,F,2011
E01019734,High Peak 006B,1037,44,43,65,43,38,46,26,61,92,98,91,77,92,65,46,58,25,17,10,F,2011
E01019743,High Peak 006C,723,37,46,55,52,38,42,43,45,45,64,43,40,38,36,26,22,26,19,6,F,2011
E01019744,High Peak 006D,768,34,40,33,52,39,53,38,54,53,58,45,49,62,50,37,25,28,12,6,F,2011
E01019745,High Peak 006E,554,33,28,20,33,33,34,46,36,32,46,32,27,42,26,13,19,26,17,11,F,2011
E01019712,High Peak 008A,737,34,38,42,43,27,32,33,35,66,68,65,51,53,50,32,31,21,13,3,F,2011
E01019713,High Peak 008B,593,17,28,38,33,16,17,14,24,45,33,39,53,49,48,37,30,20,25,27,F,2011
E01019764,High Peak 008C,808,44,57,36,57,28,19,29,60,73,63,62,49,46,65,38,31,26,17,8,F,2011
E01019765,High Peak 008D,900,48,37,49,52,56,44,54,62,74,81,79,56,64,48,29,23,23,7,14,F,2011
E01019767,High Peak 008E,815,35,45,59,49,34,27,24,46,76,77,63,58,60,60,34,27,25,9,7,F,2011
E01019710,High Peak 010A,982,62,50,45,57,84,55,52,65,64,70,71,61,46,53,57,29,27,23,11,F,2011
E01019715,High Peak 010B,786,47,31,49,43,88,54,57,50,60,50,44,36,36,29,21,30,14,23,24,F,2011
E01019717,High Peak 010C,683,20,14,21,106,96,27,26,27,35,35,30,37,40,28,32,31,29,31,18,F,2011
E01019722,High Peak 010D,945,57,62,69,54,70,43,48,54,74,100,70,60,54,37,38,25,20,9,1,F,2011
E01019723,High Peak 010E,970,27,24,32,38,51,38,20,34,53,43,64,60,84,64,68,80,71,58,61,F,2011
E01019716,High Peak 011A,635,37,29,45,40,26,31,23,32,55,55,55,50,39,35,26,26,20,8,3,F,2011
E01019724,High Peak 011B,611,38,35,44,41,31,39,33,37,64,44,45,30,30,28,19,21,16,11,5,F,2011
E01019759,High Peak 011C,775,60,42,41,53,39,62,33,41,62,56,50,35,38,47,33,43,30,9,1,F,2011
E01019760,High Peak 011D,741,32,40,47,48,44,37,44,40,59,64,55,34,46,41,37,33,15,16,9,F,2011
E01019761,High Peak 011E,836,77,65,85,56,60,65,60,62,51,66,44,36,27,22,18,13,12,13,4,F,2011
E01019714,High Peak 012A,1289,86,75,105,69,46,61,87,95,107,106,88,83,82,70,36,37,21,17,18,F,2011
E01019725,High Peak 012B,709,28,38,54,41,31,27,35,47,71,54,69,42,54,28,42,23,14,6,5,F,2011
E01019726,High Peak 012C,661,45,36,52,40,35,40,46,54,50,62,47,32,36,27,21,18,15,4,1,F,2011
E01019762,High Peak 012D,925,25,44,54,61,36,25,24,39,68,79,65,66,83,73,60,54,36,22,11,F,2011
E01019735,High Peak 013A,779,30,38,49,46,21,30,27,44,65,57,63,60,56,69,37,32,23,18,14,F,2011
E01019736,High Peak 013B,597,23,32,39,27,12,22,26,26,61,46,56,55,52,34,31,23,16,11,5,F,2011
E01019737,High Peak 013C,608,17,29,29,27,22,19,23,26,42,43,40,39,54,46,38,37,42,17,18,F,2011
E01019742,High Peak 013D,531,28,34,24,35,28,29,20,41,44,37,42,36,37,32,25,16,10,6,7,F,2011
E01019718,High Peak 013E,1153,67,62,69,60,55,62,76,55,82,97,97,69,93,62,43,30,40,25,9,F,2011
E01019719,High Peak 013F,800,47,40,42,56,49,42,32,55,55,59,50,46,61,38,45,31,25,15,12,F,2011
E01019720,High Peak 013G,730,25,20,37,35,31,31,27,38,50,49,55,61,62,44,37,42,41,30,15,F,2011
E01019721,High Peak 013H,575,18,26,39,43,15,16,17,30,48,62,44,42,57,34,33,20,20,8,3,F,2011
E01019741,High Peak 013I,527,22,31,25,34,28,26,24,29,46,56,29,27,38,30,27,29,16,5,5,F,2011
E07000038,,50533,2343,2499,2605,2868,2391,2402,2439,2962,3828,3841,3574,3404,3871,3437,2644,2102,1681,1010,632,F,2011
E01019801,North East Derbyshire 001A,539,24,29,24,29,39,28,33,34,37,44,62,37,48,23,18,14,10,6,0,F,2011
E01019802,North East Derbyshire 001B,697,29,27,28,40,34,39,36,32,44,66,62,46,49,35,30,24,23,26,27,F,2011
E01019803,North East Derbyshire 001C,666,54,38,47,34,42,30,36,49,52,39,45,41,44,49,20,17,12,12,5,F,2011
E01019804,North East Derbyshire 001D,661,32,25,41,48,43,39,31,38,57,67,66,59,54,19,19,9,7,4,3,F,2011
E01019805,North East Derbyshire 001E,706,31,35,65,51,38,45,34,46,64,63,58,44,47,31,19,12,9,7,7,F,2011
E01019806,North East Derbyshire 001F,777,29,28,40,61,36,37,44,48,73,67,71,62,50,40,31,26,13,17,4,F,2011
E01019807,North East Derbyshire 001G,757,53,35,43,51,52,68,37,30,56,65,58,45,39,21,33,29,22,13,7,F,2011
E01019778,North East Derbyshire 002A,859,20,40,44,32,21,25,33,44,70,43,41,58,79,101,84,68,36,10,10,F,2011
E01019779,North East Derbyshire 002B,818,22,32,28,28,19,20,24,30,51,53,52,52,90,81,90,71,40,23,12,F,2011
E01019790,North East Derbyshire 002C,975,38,36,54,55,61,62,53,58,77,91,74,83,87,52,35,25,17,14,3,F,2011
E01019816,North East Derbyshire 002D,897,36,39,49,54,35,25,35,48,71,63,77,65,88,65,58,37,23,19,10,F,2011
E01019780,North East Derbyshire 004A,759,55,59,42,46,32,36,47,46,69,57,48,32,49,38,37,24,24,11,7,F,2011
E01019781,North East Derbyshire 004B,753,23,31,40,40,28,26,36,35,59,54,63,41,53,67,30,37,34,28,28,F,2011
E01019782,North East Derbyshire 004C,664,29,35,27,41,33,33,33,37,52,54,46,29,33,38,40,34,24,27,19,F,2011
E01019786,North East Derbyshire 004D,784,33,39,43,39,42,43,44,39,65,60,44,51,38,56,50,36,24,18,20,F,2011
E01019827,North East Derbyshire 004E,930,41,43,50,56,40,30,42,51,71,82,66,62,74,65,52,45,30,17,13,F,2011
E01019770,North East Derbyshire 005A,963,44,42,43,55,27,35,24,54,89,71,71,59,100,74,60,38,42,23,12,F,2011
E01019787,North East Derbyshire 005B,916,43,45,57,48,28,39,40,56,70,60,64,56,71,55,64,52,34,24,10,F,2011
E01019788,North East Derbyshire 005C,848,28,40,39,44,37,14,20,40,61,65,54,74,90,75,49,50,28,25,15,F,2011
E01019794,North East Derbyshire 005D,717,25,34,35,30,16,18,20,32,31,49,49,64,93,90,56,41,22,8,4,F,2011
E01019783,North East Derbyshire 006A,638,36,35,34,28,22,13,31,36,62,48,42,53,45,60,48,22,12,7,4,F,2011
E01019784,North East Derbyshire 006B,645,35,40,41,37,24,22,38,58,48,46,45,47,43,46,34,24,7,7,3,F,2011
E01019785,North East Derbyshire 006C,631,11,41,38,32,19,15,15,32,58,55,54,50,62,71,29,25,17,5,2,F,2011
E01019793,North East Derbyshire 006D,754,27,25,31,47,31,22,27,38,48,47,60,77,77,71,40,38,28,13,7,F,2011
E01019795,North East Derbyshire 006E,1145,55,56,50,69,53,59,79,83,90,67,85,70,79,68,50,43,56,19,14,F,2011
E01019798,North East Derbyshire 007A,716,36,32,22,42,39,32,31,47,52,54,55,51,70,43,36,35,22,10,7,F,2011
E01019821,North East Derbyshire 007B,721,34,20,30,48,28,20,25,32,58,51,67,43,62,46,56,46,31,15,9,F,2011
E01019822,North East Derbyshire 007C,807,40,38,44,43,49,41,41,51,58,64,54,48,68,58,46,28,18,12,6,F,2011
E01019823,North East Derbyshire 007D,574,31,29,31,28,30,35,22,42,42,36,38,25,36,45,40,27,18,13,6,F,2011
E01019771,North East Derbyshire 008A,1103,41,57,44,60,26,22,33,54,79,92,91,74,101,78,74,66,59,32,20,F,2011
E01019772,North East Derbyshire 008B,756,31,41,37,41,24,14,31,46,54,71,58,61,77,65,29,32,21,19,4,F,2011
E01019828,North East Derbyshire 008C,733,9,21,20,26,13,15,16,26,38,54,49,52,85,87,74,53,54,30,11,F,2011
E01019829,North East Derbyshire 008D,732,31,33,40,38,24,35,26,40,58,55,50,55,67,61,48,27,24,11,9,F,2011
E01019796,North East Derbyshire 009A,577,34,33,29,43,39,25,36,37,44,44,25,38,32,34,20,24,16,10,14,F,2011
E01019797,North East Derbyshire 009B,675,27,44,31,46,39,51,45,35,45,51,59,54,43,33,23,16,20,11,2,F,2011
E01019799,North East Derbyshire 009C,988,67,54,47,63,76,72,51,56,76,58,73,56,57,51,39,36,33,19,4,F,2011
E01019800,North East Derbyshire 009D,874,36,43,54,65,52,55,35,57,77,79,46,41,56,55,36,27,29,10,21,F,2011
E01019808,North East Derbyshire 009E,838,52,51,42,54,51,81,41,44,53,48,61,55,45,46,31,33,27,14,9,F,2011
E01019826,North East Derbyshire 009F,701,26,39,37,57,45,31,40,35,54,52,46,34,53,25,34,37,33,14,9,F,2011
E01019769,North East Derbyshire 010A,973,30,53,41,50,36,25,33,60,64,76,78,76,93,82,52,48,40,22,14,F,2011
E01019774,North East Derbyshire 010B,806,15,21,21,33,27,14,24,22,45,51,57,72,82,101,59,54,60,34,14,F,2011
E01019824,North East Derbyshire 010C,591,11,21,39,43,26,16,23,35,47,42,49,37,43,64,47,13,21,7,7,F,2011
E01019830,North East Derbyshire 010D,643,19,29,43,38,14,19,16,36,42,62,43,61,74,46,34,32,20,6,9,F,2011
E01019831,North East Derbyshire 010E,714,46,31,47,30,31,40,28,59,66,54,49,60,48,36,39,21,16,10,3,F,2011
E01019809,North East Derbyshire 011A,572,7,16,22,38,31,19,25,40,47,39,39,36,50,50,34,33,25,13,8,F,2011
E01019810,North East Derbyshire 011B,719,41,41,24,27,55,44,63,49,48,49,61,56,48,35,17,22,18,10,11,F,2011
E01019811,North East Derbyshire 011C,794,30,45,50,39,39,39,48,45,65,59,56,63,57,49,45,33,12,11,9,F,2011
E01019812,North East Derbyshire 011D,900,49,53,43,48,42,50,66,56,69,70,81,59,55,55,41,27,18,12,6,F,2011
E01019813,North East Derbyshire 011E,868,55,54,60,48,35,64,51,55,68,61,66,50,48,42,32,25,27,22,5,F,2011
E01019825,North East Derbyshire 011F,716,40,42,36,40,38,31,36,52,66,65,47,44,40,36,33,29,19,12,10,F,2011
E01019773,North East Derbyshire 012A,1203,69,69,57,73,54,77,86,88,89,97,80,68,77,53,47,32,43,33,11,F,2011
E01019775,North East Derbyshire 012B,904,44,54,60,61,57,61,53,50,67,69,42,63,55,42,34,25,28,23,16,F,2011
E01019776,North East Derbyshire 012C,686,23,34,20,38,35,39,29,34,44,62,39,55,60,56,39,23,15,19,22,F,2011
E01019777,North East Derbyshire 012D,1227,82,64,76,67,88,90,59,95,79,87,68,58,81,64,55,47,40,20,7,F,2011
E01019814,North East Derbyshire 013A,891,30,42,37,52,28,41,46,42,51,74,68,68,70,73,41,55,39,19,15,F,2011
E01019817,North East Derbyshire 013B,635,42,40,39,39,28,36,39,45,42,48,33,33,31,39,34,22,23,13,9,F,2011
E01019818,North East Derbyshire 013C,808,59,53,51,56,48,39,41,54,68,69,42,51,39,44,33,25,16,11,9,F,2011
E01019819,North East Derbyshire 013D,697,35,21,33,36,35,31,34,31,62,58,50,59,68,58,29,24,14,9,10,F,2011
E01019820,North East Derbyshire 013E,721,35,33,31,25,32,30,39,43,50,42,56,55,79,60,44,26,24,8,9,F,2011
E01019791,North East Derbyshire 014A,932,48,46,43,59,59,50,50,47,62,70,60,54,51,56,57,29,37,29,25,F,2011
E01019792,North East Derbyshire 014B,1050,45,52,61,60,51,52,46,66,88,79,61,65,54,67,51,44,62,34,12,F,2011
E01019815,North East Derbyshire 014C,1343,98,76,84,79,82,98,111,104,123,119,77,61,56,50,44,37,31,8,5,F,2011
E01032586,North East Derbyshire 014D,846,42,45,46,40,33,45,28,58,63,54,43,56,78,61,41,48,34,22,9,F,2011
E07000039,,47794,2772,2691,2888,2823,2407,2755,3132,3298,3951,3851,3142,2980,3111,2419,1745,1478,1195,732,424,F,2011
E01019839,South Derbyshire 001A,916,45,57,57,51,47,38,49,67,86,106,74,50,42,45,23,24,21,17,17,F,2011
E01019845,South Derbyshire 001B,677,48,34,44,35,48,41,43,52,57,58,42,34,44,36,17,22,16,5,1,F,2011
E01019846,South Derbyshire 001C,628,26,28,31,40,40,45,36,45,47,52,42,33,34,31,26,35,13,18,6,F,2011
E01019866,South Derbyshire 001D,1276,47,64,58,56,68,65,78,84,118,119,105,110,90,75,48,52,21,18,0,F,2011
E01019840,South Derbyshire 002A,824,37,51,39,58,33,29,39,42,61,69,57,42,54,64,55,29,33,22,10,F,2011
E01019841,South Derbyshire 002B,765,26,45,37,37,28,23,18,51,58,57,61,52,64,60,43,47,36,20,2,F,2011
E01019847,South Derbyshire 002C,693,30,43,43,34,22,29,25,47,65,46,46,38,47,52,47,36,26,8,9,F,2011
E01019848,South Derbyshire 002D,1070,72,83,91,78,80,88,103,92,120,104,54,37,27,18,13,7,2,1,0,F,2011
E01033532,South Derbyshire 002F,739,72,45,57,41,32,56,85,95,62,64,43,26,18,18,11,6,4,4,0,F,2011
E01033533,South Derbyshire 002G,857,86,71,63,56,34,56,97,109,87,60,38,28,33,15,12,6,4,1,1,F,2011
E01033534,South Derbyshire 002H,523,62,33,21,14,39,109,87,59,34,21,17,11,10,2,1,1,2,0,0,F,2011
E01019873,South Derbyshire 003A,724,55,38,50,37,48,72,73,56,56,56,52,52,27,21,8,7,9,2,5,F,2011
E01019874,South Derbyshire 003B,724,39,29,34,23,43,45,61,49,46,59,48,73,71,42,18,22,15,7,0,F,2011
E01019875,South Derbyshire 003C,705,33,49,42,54,49,47,62,52,64,62,59,44,35,16,18,11,6,2,0,F,2011
E01019881,South Derbyshire 003D,705,21,28,41,40,24,19,33,28,65,60,48,57,64,53,40,41,23,7,13,F,2011
E01019882,South Derbyshire 003E,796,46,32,46,42,36,44,40,34,64,60,61,57,68,50,34,29,34,15,4,F,2011
E01019832,South Derbyshire 004A,859,31,31,40,29,32,33,43,57,67,93,64,63,76,66,39,29,27,21,18,F,2011
E01019833,South Derbyshire 004B,933,50,57,66,44,34,20,32,67,94,77,51,67,74,59,43,34,42,14,8,F,2011
E01019834,South Derbyshire 004C,758,35,55,38,47,21,18,30,42,63,84,55,50,58,54,37,33,15,17,6,F,2011
E01019835,South Derbyshire 004D,807,48,55,60,51,40,37,65,58,88,88,59,52,53,22,15,7,4,3,2,F,2011
E01019867,South Derbyshire 005A,797,29,37,30,41,25,19,27,30,60,56,59,67,82,54,42,39,46,27,27,F,2011
E01019868,South Derbyshire 005B,890,47,59,75,43,37,28,38,63,68,70,74,60,56,49,36,33,25,19,10,F,2011
E01019869,South Derbyshire 005C,790,25,27,69,181,28,26,33,29,51,58,44,55,48,38,23,16,19,16,4,F,2011
E01019880,South Derbyshire 005D,782,42,41,60,35,25,37,38,58,69,62,59,56,74,43,29,21,16,12,5,F,2011
E01019843,South Derbyshire 006A,801,29,34,37,47,14,27,24,39,52,87,75,72,52,41,53,43,26,31,18,F,2011
E01019853,South Derbyshire 006B,750,34,42,45,44,25,33,37,46,69,68,65,52,51,36,31,27,23,15,7,F,2011
E01019854,South Derbyshire 006C,912,45,49,52,36,36,56,55,65,59,81,47,58,45,51,49,48,45,22,13,F,2011
E01019855,South Derbyshire 006D,792,37,34,57,47,23,32,39,43,66,77,67,51,64,40,29,37,29,11,9,F,2011
E01019844,South Derbyshire 007A,805,52,36,42,38,44,36,41,39,49,66,44,42,58,53,61,39,43,19,3,F,2011
E01019856,South Derbyshire 007B,763,35,39,51,68,47,35,42,47,53,46,53,44,56,32,32,37,22,19,5,F,2011
E01019857,South Derbyshire 007C,637,42,44,44,40,42,45,40,55,66,58,46,29,25,23,12,12,9,5,0,F,2011
E01019858,South Derbyshire 007D,841,56,55,72,44,54,48,45,70,61,49,48,42,62,42,33,16,21,14,9,F,2011
E01019859,South Derbyshire 007E,852,37,44,47,38,40,33,39,52,65,76,53,64,70,61,55,37,24,9,8,F,2011
E01019860,South Derbyshire 008A,662,32,40,49,51,29,23,41,39,62,58,38,45,47,36,29,24,9,7,3,F,2011
E01019861,South Derbyshire 008B,878,47,46,55,55,42,54,49,64,71,69,50,49,72,50,30,32,15,21,7,F,2011
E01019862,South Derbyshire 008C,771,38,38,36,45,45,40,41,44,43,56,47,54,70,57,43,23,22,23,6,F,2011
E01019863,South Derbyshire 008D,824,49,45,61,55,51,50,66,58,52,58,50,52,43,36,22,29,28,15,4,F,2011
E01019864,South Derbyshire 008E,736,48,34,46,60,52,52,61,40,66,62,51,44,34,33,21,14,12,3,3,F,2011
E01019865,South Derbyshire 008F,677,53,39,38,47,33,52,49,49,41,50,61,44,51,31,18,12,7,1,1,F,2011
E01019876,South Derbyshire 009A,958,56,50,53,57,49,47,59,58,76,75,55,55,78,53,50,31,28,19,9,F,2011
E01019877,South Derbyshire 009B,763,36,42,37,52,41,51,56,44,52,52,49,47,36,45,29,29,30,20,15,F,2011
E01019878,South Derbyshire 009C,777,37,40,42,36,40,45,51,44,55,67,54,72,63,34,21,29,30,14,3,F,2011
E01019879,South Derbyshire 009D,904,34,43,37,71,41,49,53,48,77,83,85,77,64,55,27,23,18,13,6,F,2011
E01019850,South Derbyshire 011A,768,29,30,29,44,27,20,27,42,71,65,61,61,81,59,39,40,23,12,8,F,2011
E01019851,South Derbyshire 011B,842,45,48,35,58,61,41,56,50,77,61,42,54,61,48,28,25,21,15,16,F,2011
E01019852,South Derbyshire 011C,901,50,48,53,53,51,58,52,57,88,72,66,40,70,51,31,24,17,10,10,F,2011
E01019870,South Derbyshire 011D,826,31,30,41,42,33,34,28,40,73,66,44,55,73,67,38,33,41,24,33,F,2011
E01019871,South Derbyshire 011E,911,41,58,62,40,25,38,41,54,82,66,58,66,80,66,49,38,28,12,7,F,2011
E01019872,South Derbyshire 011F,969,50,49,43,41,38,50,67,65,73,79,67,74,72,56,47,29,33,21,15,F,2011
E01019837,South Derbyshire 012A,1011,90,70,69,53,54,81,86,77,79,68,62,66,44,29,29,14,17,10,13,F,2011
E01019838,South Derbyshire 012B,834,55,45,52,53,56,58,51,55,61,54,47,45,50,40,24,27,24,20,17,F,2011
E01033531,South Derbyshire 012C,777,74,49,44,33,64,96,115,75,65,49,35,34,17,13,5,3,4,2,0,F,2011
E01033536,South Derbyshire 012D,819,70,57,42,43,63,67,79,84,79,54,34,35,47,26,9,12,11,5,2,F,2011
E01033537,South Derbyshire 012E,864,62,47,63,46,46,68,59,57,68,64,44,45,52,42,30,27,19,14,11,F,2011
E01019842,South Derbyshire 013A,859,62,54,70,70,45,54,51,41,70,63,54,56,39,46,32,23,13,12,4,F,2011
E01019883,South Derbyshire 013B,1462,148,118,89,58,105,140,161,134,114,91,73,51,55,38,26,27,17,10,7,F,2011
E01019885,South Derbyshire 013C,853,61,47,34,36,45,78,73,76,77,56,61,57,57,30,22,19,17,5,2,F,2011
E01033535,South Derbyshire 013D,757,55,55,69,55,33,40,63,81,89,64,44,34,23,16,13,8,10,3,2,F,2011
E07000129,,47817,2712,2595,2732,2774,2342,2632,2690,3207,3774,3754,3204,2850,3227,2621,2173,1753,1375,919,483,F,2011
E01025631,Blaby 002A,620,38,41,31,38,32,42,56,45,51,37,31,32,31,28,25,29,16,11,6,F,2011
E01025632,Blaby 002B,738,48,64,60,52,30,35,39,69,92,94,47,38,17,23,16,7,4,2,1,F,2011
E01025633,Blaby 002C,899,53,52,47,43,54,79,70,54,60,56,53,46,55,36,50,42,30,14,5,F,2011
E01025635,Blaby 002D,645,20,27,33,43,26,22,33,34,46,51,48,39,52,32,33,26,20,29,31,F,2011
E01025634,Blaby 003A,769,42,46,42,47,32,30,42,48,66,59,52,51,34,46,28,28,28,18,30,F,2011
E01025638,Blaby 003B,746,31,30,41,40,23,18,17,29,40,58,51,45,69,58,78,46,37,28,7,F,2011
E01025639,Blaby 003C,657,27,38,36,35,19,25,25,31,61,43,44,38,41,56,35,40,32,16,15,F,2011
E01025640,Blaby 003D,834,47,41,50,61,34,32,36,71,59,61,60,46,56,42,38,37,29,20,14,F,2011
E01025645,Blaby 003E,580,29,34,36,38,35,20,20,31,60,59,50,34,41,28,31,13,9,9,3,F,2011
E01025666,Blaby 004A,764,49,32,43,51,45,41,56,50,48,49,49,45,53,39,35,23,28,17,11,F,2011
E01025667,Blaby 004B,616,39,32,38,40,32,33,35,36,42,48,48,34,27,35,34,27,20,13,3,F,2011
E01025668,Blaby 004C,1166,129,61,47,44,98,154,145,127,96,57,54,44,34,31,22,16,3,4,0,F,2011
E01025669,Blaby 004D,1050,125,78,56,53,63,144,139,109,82,68,47,35,26,15,5,3,2,0,0,F,2011
E01025636,Blaby 005A,684,31,30,35,35,38,35,29,48,36,47,42,27,45,35,41,66,22,29,13,F,2011
E01025637,Blaby 005B,659,36,30,37,33,39,52,41,41,52,42,45,44,36,32,32,31,20,11,5,F,2011
E01025652,Blaby 005C,695,40,30,42,44,46,41,44,58,52,47,50,51,36,37,28,26,17,4,2,F,2011
E01025653,Blaby 005D,784,43,43,42,49,65,55,53,47,56,66,56,31,40,35,27,27,24,18,7,F,2011
E01025654,Blaby 005E,649,38,27,30,45,36,38,41,42,43,35,43,32,36,27,35,55,27,13,6,F,2011
E01025655,Blaby 005F,795,48,41,45,48,56,65,47,62,59,41,49,44,52,40,32,35,11,12,8,F,2011
E01025656,Blaby 005G,675,48,39,42,35,40,40,36,47,48,53,52,41,43,34,20,27,14,12,4,F,2011
E01025625,Blaby 006A,658,39,41,26,37,43,52,35,50,47,41,42,22,37,38,29,26,26,17,10,F,2011
E01025626,Blaby 006B,641,46,23,31,34,40,54,52,52,44,53,33,37,48,23,26,17,20,4,4,F,2011
E01025627,Blaby 006C,1156,75,59,76,63,54,94,91,76,83,79,68,58,64,52,43,32,39,32,18,F,2011
E01025651,Blaby 006D,792,34,45,53,51,33,32,36,43,88,77,63,54,54,40,33,23,14,10,9,F,2011
E01025657,Blaby 006E,956,48,42,45,69,41,64,38,62,75,80,72,71,61,43,28,21,35,36,25,F,2011
E01025660,Blaby 006F,851,41,53,51,59,37,24,34,43,65,80,56,62,65,43,38,43,28,21,8,F,2011
E01025641,Blaby 007A,891,55,45,43,49,43,55,61,58,69,71,54,56,66,64,39,20,30,8,5,F,2011
E01025642,Blaby 007B,1003,62,59,79,51,37,53,70,69,108,76,60,48,54,50,36,31,32,19,9,F,2011
E01025643,Blaby 007C,799,41,61,38,55,44,51,44,63,69,74,53,49,43,37,31,17,18,8,3,F,2011
E01025649,Blaby 007D,792,33,39,34,36,44,39,39,52,50,68,60,64,67,54,36,32,30,13,2,F,2011
E01025650,Blaby 007E,798,42,55,62,68,31,41,50,44,86,99,73,43,46,23,16,9,5,5,0,F,2011
E01025610,Blaby 008A,811,42,35,59,50,49,52,47,46,53,54,50,44,57,36,45,34,26,23,9,F,2011
E01025611,Blaby 008B,791,39,45,52,49,38,29,30,59,52,59,56,46,66,66,24,29,31,15,6,F,2011
E01025612,Blaby 008C,820,36,48,32,38,36,28,26,54,57,62,67,48,73,66,62,38,24,21,4,F,2011
E01025658,Blaby 008D,931,47,56,75,54,64,57,53,63,83,78,64,62,55,41,38,19,6,13,3,F,2011
E01025659,Blaby 008E,941,44,38,32,50,49,40,57,39,71,69,62,54,68,65,70,41,39,33,20,F,2011
E01025615,Blaby 009A,813,44,59,90,62,27,33,45,61,87,95,62,40,43,29,17,8,6,5,0,F,2011
E01025646,Blaby 009B,897,63,59,42,44,36,68,53,84,68,50,47,50,45,28,48,33,28,24,27,F,2011
E01025647,Blaby 009C,831,52,46,36,50,40,68,53,44,69,71,30,42,70,43,33,31,35,14,4,F,2011
E01025648,Blaby 009D,1061,77,90,94,74,48,55,45,93,135,105,71,45,30,37,22,16,10,9,5,F,2011
E01025613,Blaby 010A,740,24,23,40,63,31,30,30,38,44,67,58,46,48,60,40,34,38,16,10,F,2011
E01025614,Blaby 010B,911,71,63,48,50,39,39,57,79,78,69,66,60,62,46,43,15,11,13,2,F,2011
E01025620,Blaby 010C,579,43,30,40,34,22,25,30,26,51,42,35,39,37,35,24,29,20,10,7,F,2011
E01025621,Blaby 010D,513,31,15,20,18,33,14,23,30,33,40,36,41,53,47,30,23,13,10,3,F,2011
E01025644,Blaby 010E,736,45,42,39,50,49,26,27,52,54,55,58,55,50,44,28,15,20,13,14,F,2011
E01025616,Blaby 011A,821,37,44,60,57,39,27,32,52,69,75,67,51,62,49,40,25,23,11,1,F,2011
E01025617,Blaby 011B,869,37,43,52,47,24,35,35,49,66,74,58,58,103,65,48,28,23,19,5,F,2011
E01025618,Blaby 011C,872,44,46,45,53,29,40,41,48,79,64,65,58,63,45,46,40,36,15,15,F,2011
E01025619,Blaby 011D,848,39,30,35,53,29,35,36,54,56,67,58,58,90,71,45,30,31,21,10,F,2011
E01025661,Blaby 012A,913,70,68,65,54,31,56,69,94,86,70,45,53,59,37,27,14,10,5,0,F,2011
E01025662,Blaby 012B,775,44,39,38,38,33,39,37,51,57,51,47,51,62,51,37,27,26,34,13,F,2011
E01025663,Blaby 012C,731,44,41,45,32,30,26,29,49,64,51,58,63,67,51,28,26,17,7,3,F,2011
E01025664,Blaby 012D,614,23,25,28,23,26,24,25,32,41,42,47,55,44,55,48,32,24,19,1,F,2011
E01025665,Blaby 012E,758,26,32,42,33,31,29,35,34,55,66,46,46,84,62,49,37,25,17,9,F,2011
E01025622,Blaby 013A,838,41,43,36,53,40,33,49,59,50,71,50,56,54,53,50,47,33,12,8,F,2011
E01025623,Blaby 013B,759,33,34,37,33,40,35,41,39,53,68,57,48,65,40,38,30,34,15,19,F,2011
E01025624,Blaby 013C,915,46,44,60,67,48,44,44,55,84,94,78,67,72,40,27,23,12,7,3,F,2011
E01025629,Blaby 013D,778,40,40,40,34,38,35,33,35,46,58,57,39,73,60,49,41,29,22,9,F,2011
E01025630,Blaby 013E,853,37,46,48,34,30,24,34,61,61,74,50,63,68,50,59,55,36,21,2,F,2011
E01032603,Blaby 013F,736,16,33,31,31,23,26,20,36,39,44,54,51,75,73,58,58,39,22,7,F,2011
E07000130,,83090,4493,4001,4253,5730,7283,5121,4635,5066,6004,5966,5304,4853,5136,4214,3248,2871,2412,1532,968,F,2011
E01025692,Charnwood 001B,1017,81,49,52,57,68,112,78,73,66,64,80,58,54,47,23,15,17,15,8,F,2011
E01025693,Charnwood 001C,952,39,32,58,50,32,50,58,65,73,69,66,77,85,59,46,32,26,19,16,F,2011
E01033386,Charnwood 001E,1091,58,46,59,57,47,81,77,66,83,72,100,111,81,55,31,30,24,8,5,F,2011
E01025699,Charnwood 002A,657,31,33,32,36,69,61,49,35,40,38,37,43,28,21,29,25,18,26,6,F,2011
E01025700,Charnwood 002B,855,75,67,52,55,124,109,74,65,54,45,26,33,21,14,18,12,8,3,0,F,2011
E01025701,Charnwood 002C,757,63,42,40,40,60,88,69,52,51,43,38,31,40,29,24,15,17,8,7,F,2011
E01025703,Charnwood 002D,935,79,35,36,64,100,128,89,68,51,45,35,43,38,23,19,23,30,16,13,F,2011
E01025704,Charnwood 002E,698,47,25,34,35,132,59,54,40,47,38,35,47,31,27,9,18,12,6,2,F,2011
E01025705,Charnwood 002F,686,66,54,33,25,74,111,65,51,27,38,30,25,12,11,13,15,9,9,18,F,2011
E01025706,Charnwood 002G,834,72,55,41,38,54,96,63,55,64,38,52,45,38,38,27,19,23,7,9,F,2011
E01025720,Charnwood 003A,882,24,22,19,53,405,71,36,39,29,27,16,27,15,22,21,17,15,9,15,F,2011
E01025721,Charnwood 003B,844,14,13,21,32,414,26,27,14,18,24,24,38,31,18,28,21,42,23,16,F,2011
E01025722,Charnwood 003C,528,29,19,24,29,53,28,27,25,41,36,36,37,39,26,27,18,11,17,6,F,2011
E01025723,Charnwood 003D,941,38,36,18,108,397,75,39,24,41,27,26,25,19,19,14,13,15,5,2,F,2011
E01025724,Charnwood 003E,713,23,16,13,28,377,67,27,26,15,27,16,19,11,7,7,7,6,13,8,F,2011
E01025725,Charnwood 003F,674,43,34,34,43,61,48,41,31,45,35,46,38,41,30,30,21,26,17,10,F,2011
E01025695,Charnwood 004A,707,27,21,30,34,55,50,33,41,44,55,51,56,70,54,29,29,18,5,5,F,2011
E01025696,Charnwood 004B,696,38,37,44,40,30,29,46,46,60,66,53,61,59,34,23,18,7,4,1,F,2011
E01025697,Charnwood 004C,700,19,15,22,33,48,44,25,34,33,36,33,42,48,43,51,38,55,47,34,F,2011
E01025698,Charnwood 004D,778,34,23,39,70,41,52,46,43,51,81,46,54,69,44,26,16,18,19,6,F,2011
E01025744,Charnwood 005A,937,42,51,55,46,37,45,58,54,74,82,77,79,98,43,34,30,19,9,4,F,2011
E01025745,Charnwood 005B,741,36,44,29,35,40,32,43,41,53,48,58,58,46,59,41,35,22,13,8,F,2011
E01025746,Charnwood 005C,940,50,38,41,57,55,66,59,69,57,63,65,48,46,51,51,27,34,38,25,F,2011
E01025747,Charnwood 005D,948,74,56,49,40,47,82,69,74,60,59,60,54,46,52,38,36,30,13,9,F,2011
E01025740,Charnwood 006A,738,43,35,28,39,51,46,52,39,41,76,50,44,56,42,33,16,24,13,10,F,2011
E01025741,Charnwood 006B,777,36,27,33,54,40,49,33,45,62,69,63,63,67,52,24,26,21,7,6,F,2011
E01025742,Charnwood 006C,834,48,41,53,54,44,53,42,50,63,59,61,44,45,52,37,33,26,17,12,F,2011
E01025743,Charnwood 006D,954,62,49,54,40,42,79,74,60,69,68,59,66,68,37,37,29,26,15,20,F,2011
E01025689,Charnwood 007A,1162,39,48,32,154,313,74,44,55,53,61,50,37,49,42,34,22,36,10,9,F,2011
E01025690,Charnwood 007B,1644,51,49,47,472,587,77,45,50,37,41,41,26,34,22,26,21,11,6,1,F,2011
E01025707,Charnwood 007C,776,39,27,32,98,96,38,43,35,38,38,38,43,60,58,26,33,14,14,6,F,2011
E01025709,Charnwood 007D,1015,20,24,48,220,296,25,31,27,41,47,52,30,32,28,20,38,12,16,8,F,2011
E01025760,Charnwood 008A,684,33,48,34,35,21,15,22,44,73,53,60,51,64,46,30,24,20,7,4,F,2011
E01025761,Charnwood 008B,926,49,62,69,44,31,37,47,66,80,94,64,69,52,50,32,25,22,24,9,F,2011
E01025768,Charnwood 008C,741,28,42,44,55,20,24,22,35,56,69,55,59,51,57,40,33,20,17,14,F,2011
E01025769,Charnwood 008D,778,32,29,52,65,26,33,22,43,67,59,67,68,62,40,31,28,23,15,16,F,2011
E01025702,Charnwood 009A,628,29,24,28,30,41,49,40,46,41,38,61,37,47,42,21,25,21,6,2,F,2011
E01025715,Charnwood 009B,783,60,41,56,61,63,65,44,57,75,56,31,31,35,23,33,25,13,11,3,F,2011
E01025716,Charnwood 009C,803,60,49,49,56,52,55,54,49,54,59,49,33,47,28,24,25,31,20,9,F,2011
E01025717,Charnwood 009D,1126,104,75,81,82,68,110,105,85,88,82,70,40,43,38,23,12,9,8,3,F,2011
E01025718,Charnwood 009E,684,31,21,25,37,161,61,32,34,29,40,27,30,33,25,19,23,25,19,12,F,2011
E01025719,Charnwood 009F,774,48,30,34,45,118,42,43,39,48,48,42,33,52,45,27,23,24,16,17,F,2011
E01025708,Charnwood 010A,612,22,26,30,26,25,17,24,23,46,49,47,37,58,69,46,33,22,8,4,F,2011
E01025710,Charnwood 010B,628,26,32,25,34,22,24,18,26,56,51,49,40,38,43,33,38,27,30,16,F,2011
E01025711,Charnwood 010C,809,36,41,41,54,25,27,27,42,46,54,60,60,44,50,55,64,49,21,13,F,2011
E01025712,Charnwood 010D,712,24,21,40,34,22,16,24,32,39,47,57,53,45,62,57,61,43,22,13,F,2011
E01025713,Charnwood 010E,749,29,42,33,101,93,20,39,30,51,51,35,47,42,32,29,24,14,19,18,F,2011
E01025714,Charnwood 010F,1083,77,76,87,62,54,69,74,116,119,90,93,58,39,20,14,17,14,1,3,F,2011
E01025674,Charnwood 011A,806,37,36,37,52,40,52,43,57,63,58,51,48,65,39,37,21,30,15,25,F,2011
E01025675,Charnwood 011B,753,41,29,37,40,28,39,53,48,68,48,46,49,65,47,37,36,21,15,6,F,2011
E01025676,Charnwood 011C,1115,85,86,61,70,43,66,85,99,81,73,71,61,77,60,32,21,25,13,6,F,2011
E01025677,Charnwood 011D,723,43,48,35,39,25,34,32,45,56,53,55,38,53,47,32,28,27,21,12,F,2011
E01025732,Charnwood 012A,820,58,48,37,49,35,39,39,68,70,65,77,47,60,29,28,25,18,12,16,F,2011
E01025733,Charnwood 012B,772,35,31,32,50,29,27,47,48,53,61,60,49,63,60,35,28,29,24,11,F,2011
E01025734,Charnwood 012C,802,33,43,57,45,20,18,19,35,67,74,72,44,67,48,36,36,40,27,21,F,2011
E01025735,Charnwood 012D,938,57,38,26,46,39,63,60,56,84,62,67,57,65,65,32,38,33,26,24,F,2011
E01025748,Charnwood 013A,1086,70,64,57,69,70,80,88,83,108,83,68,56,62,37,28,30,14,11,8,F,2011
E01025749,Charnwood 013B,824,56,46,58,53,62,42,44,54,69,69,50,36,34,43,35,25,26,17,5,F,2011
E01025750,Charnwood 013C,708,32,37,36,29,30,50,39,39,48,69,55,58,68,41,21,21,18,9,8,F,2011
E01025751,Charnwood 013D,1053,70,63,39,62,62,97,100,73,97,78,54,60,62,40,26,34,18,10,8,F,2011
E01025726,Charnwood 014A,968,61,63,58,55,50,72,84,77,90,101,75,51,37,30,27,10,10,8,9,F,2011
E01025727,Charnwood 014B,816,64,45,36,61,62,65,55,57,56,78,34,40,33,41,23,28,22,8,8,F,2011
E01025728,Charnwood 014C,929,39,52,59,69,45,51,43,55,84,79,63,51,47,56,49,45,29,12,1,F,2011
E01025729,Charnwood 014D,802,38,48,46,45,39,36,47,74,77,77,61,54,49,34,27,25,15,8,2,F,2011
E01025737,Charnwood 014E,954,74,69,51,56,49,40,53,81,102,85,52,39,51,49,29,24,31,11,8,F,2011
E01025739,Charnwood 014F,729,33,31,30,34,32,23,21,42,50,55,55,62,48,48,53,45,37,22,8,F,2011
E01025685,Charnwood 015A,732,43,37,46,36,36,31,35,40,53,54,42,49,57,49,31,25,23,23,22,F,2011
E01025686,Charnwood 015B,750,38,55,41,61,37,36,28,62,63,68,58,49,65,41,18,12,13,4,1,F,2011
E01025730,Charnwood 015C,774,32,31,36,36,33,27,35,42,47,68,64,60,68,61,41,33,28,19,13,F,2011
E01025731,Charnwood 015D,788,24,35,42,51,37,24,20,42,69,50,57,43,61,63,47,40,51,16,16,F,2011
E01025687,Charnwood 016A,818,23,40,42,49,26,18,25,47,56,64,56,80,74,75,40,33,35,27,8,F,2011
E01025688,Charnwood 016B,882,41,45,37,142,37,32,46,55,61,65,62,51,46,38,43,32,24,14,11,F,2011
E01025736,Charnwood 016C,745,23,32,47,41,18,13,27,36,53,77,60,53,70,49,41,43,30,25,7,F,2011
E01025738,Charnwood 016D,735,24,31,37,55,27,22,13,28,64,70,60,48,66,56,34,33,29,18,20,F,2011
E01025756,Charnwood 017A,960,63,34,42,57,65,82,64,93,79,82,53,63,49,40,32,17,25,9,11,F,2011
E01025757,Charnwood 017B,751,47,34,57,46,52,66,60,64,60,66,52,54,30,27,16,10,4,3,3,F,2011
E01025758,Charnwood 017C,948,65,49,60,62,57,61,53,55,80,79,72,45,58,30,38,34,19,18,13,F,2011
E01025759,Charnwood 017D,718,28,16,40,38,27,30,29,44,45,46,38,41,51,61,40,51,39,33,21,F,2011
E01025752,Charnwood 018A,967,49,43,50,65,59,72,65,57,75,93,66,46,77,50,30,25,32,10,3,F,2011
E01025753,Charnwood 018B,825,50,42,49,48,39,41,51,52,67,48,53,45,47,31,47,38,32,33,12,F,2011
E01025754,Charnwood 018C,639,27,30,28,36,35,32,36,42,45,51,48,55,64,42,23,20,16,4,5,F,2011
E01025755,Charnwood 018D,747,24,32,35,61,31,48,44,50,59,65,46,51,45,36,37,43,21,14,5,F,2011
E01025679,Charnwood 019A,1324,101,79,80,66,84,99,87,83,96,92,64,62,76,53,55,56,44,38,9,F,2011
E01025680,Charnwood 019B,844,34,53,55,45,30,44,41,52,65,59,57,53,55,46,49,56,30,16,4,F,2011
E01025681,Charnwood 019C,819,40,32,38,37,23,44,38,40,54,69,60,57,76,49,51,46,33,16,16,F,2011
E01025682,Charnwood 019D,763,21,25,32,52,39,30,30,31,55,55,39,48,66,59,67,58,31,14,11,F,2011
E01025678,Charnwood 020A,897,41,47,69,63,36,34,45,65,71,72,73,66,57,39,35,27,31,16,10,F,2011
E01025683,Charnwood 020B,879,54,58,58,68,53,41,41,59,90,67,48,53,33,48,34,44,16,8,6,F,2011
E01025684,Charnwood 020C,960,61,47,61,71,53,44,51,69,82,87,63,49,46,45,47,26,24,22,12,F,2011
E01025762,Charnwood 021A,744,56,29,27,37,43,56,41,47,51,40,61,51,54,50,32,25,29,10,5,F,2011
E01025763,Charnwood 021B,852,38,31,43,42,32,61,57,41,58,50,64,50,56,49,37,46,46,32,19,F,2011
E01025764,Charnwood 021C,693,32,32,41,44,42,48,29,42,48,66,64,32,31,43,34,31,20,11,3,F,2011
E01025765,Charnwood 021D,831,50,27,37,41,50,58,49,43,44,66,55,68,63,50,33,50,28,14,5,F,2011
E01025766,Charnwood 021E,1058,75,66,72,64,76,92,81,69,80,78,54,60,47,43,24,26,26,15,10,F,2011
E01025767,Charnwood 021F,719,27,31,42,46,44,36,29,42,56,74,47,56,53,35,25,37,24,12,3,F,2011
E01025670,Charnwood 022A,675,37,36,35,41,30,28,33,50,60,52,35,32,57,43,39,20,21,22,4,F,2011
E01025671,Charnwood 022B,948,79,38,57,56,54,59,55,58,92,61,58,39,67,59,47,27,27,10,5,F,2011
E01025672,Charnwood 022C,932,50,44,52,47,44,50,40,62,93,66,80,57,63,60,43,21,28,22,10,F,2011
E01025673,Charnwood 022D,844,42,41,43,45,43,53,52,54,61,43,42,39,73,51,41,38,41,24,18,F,2011
E07000131,,43200,2278,2419,2620,2528,1815,1828,2120,2819,3618,3737,3048,2796,3031,2461,1893,1551,1246,876,516,F,2011
E01025770,Harborough 002A,959,45,52,64,50,33,26,44,55,90,86,66,62,86,56,39,53,27,16,9,F,2011
E01025809,Harborough 002B,1190,76,73,74,63,26,29,42,86,86,122,98,82,92,69,54,52,30,27,9,F,2011
E01025815,Harborough 002C,1014,48,51,68,68,26,23,48,49,88,114,73,78,92,69,54,25,21,11,8,F,2011
E01025781,Harborough 003A,819,61,54,54,45,28,48,57,52,65,67,60,48,52,47,27,29,12,12,1,F,2011
E01025782,Harborough 003B,706,33,25,28,42,25,23,26,36,42,64,44,49,49,54,36,49,47,22,12,F,2011
E01025783,Harborough 003C,758,26,41,46,44,24,15,26,35,58,68,67,51,66,60,55,32,26,14,4,F,2011
E01025785,Harborough 003D,1132,74,68,74,63,48,64,59,83,88,95,73,63,64,58,49,25,29,32,23,F,2011
E01025786,Harborough 003E,850,38,40,59,60,30,33,33,62,57,74,52,55,57,47,42,28,44,26,13,F,2011
E01025787,Harborough 003F,868,29,38,51,43,26,28,24,40,47,84,64,78,85,67,47,38,31,22,26,F,2011
E01025772,Harborough 004A,1191,85,90,97,84,46,99,89,92,133,119,64,53,52,35,23,18,4,8,0,F,2011
E01025773,Harborough 004B,761,50,57,60,72,31,18,54,69,83,70,50,51,43,25,13,6,5,2,2,F,2011
E01025774,Harborough 004C,649,25,46,45,45,42,27,33,51,73,55,56,54,37,20,11,11,12,6,0,F,2011
E01025775,Harborough 004D,891,36,49,47,38,39,43,36,52,65,67,93,64,73,46,35,36,31,21,20,F,2011
E01025776,Harborough 004E,1003,47,65,55,66,40,49,63,71,80,82,82,74,73,42,30,27,26,21,10,F,2011
E01025771,Harborough 005A,1317,78,90,80,50,55,56,65,108,112,95,88,93,97,80,59,49,17,19,26,F,2011
E01025778,Harborough 005B,997,55,65,63,58,48,40,68,92,109,94,65,55,48,49,27,23,17,15,6,F,2011
E01025779,Harborough 005C,805,33,53,60,75,33,30,32,64,80,74,70,53,50,29,29,19,8,7,6,F,2011
E01025780,Harborough 005D,664,32,33,40,48,20,16,30,44,59,71,51,37,71,35,34,18,15,7,3,F,2011
E01025784,Harborough 005E,706,29,39,55,51,30,13,26,38,65,72,62,54,52,42,31,20,12,9,6,F,2011
E01025788,Harborough 005F,618,23,33,32,35,18,28,16,37,54,72,41,47,53,38,26,16,20,22,7,F,2011
E01025777,Harborough 006A,1090,43,60,68,53,45,24,35,59,96,114,100,84,90,73,50,32,34,18,12,F,2011
E01025808,Harborough 006B,1266,73,76,78,67,47,30,49,74,125,136,109,84,104,78,48,26,29,22,11,F,2011
E01025810,Harborough 006C,1189,55,61,62,78,61,34,40,60,104,114,104,93,104,64,47,43,33,16,16,F,2011
E01025816,Harborough 006D,1142,66,76,75,61,44,32,38,74,118,112,81,66,85,79,59,30,18,19,9,F,2011
E01025789,Harborough 007A,554,21,24,32,32,25,26,30,28,51,52,49,39,45,32,16,25,15,9,3,F,2011
E01025794,Harborough 007B,959,63,60,67,50,28,40,57,96,75,81,64,55,66,56,34,26,24,11,6,F,2011
E01025797,Harborough 007C,899,40,57,51,50,24,27,46,52,62,78,58,64,78,66,56,41,24,10,15,F,2011
E01025802,Harborough 007D,686,34,21,34,24,30,23,27,37,48,52,35,43,64,52,47,45,38,22,10,F,2011
E01025803,Harborough 007E,780,40,65,33,53,25,15,38,55,79,83,51,66,47,49,34,18,18,8,3,F,2011
E01025805,Harborough 007F,772,31,40,36,38,30,34,27,49,48,48,51,67,74,64,55,40,22,12,6,F,2011
E01025795,Harborough 008A,878,36,34,33,52,48,49,37,54,59,62,50,55,56,58,53,46,42,36,18,F,2011
E01025796,Harborough 008B,1023,69,47,49,65,62,59,58,79,86,76,71,72,44,29,49,30,35,30,13,F,2011
E01025801,Harborough 008C,657,38,19,25,47,36,64,32,36,45,45,24,32,34,38,32,31,31,26,22,F,2011
E01025806,Harborough 008D,806,50,52,44,63,45,50,43,51,58,55,39,34,41,38,29,35,37,30,12,F,2011
E01025798,Harborough 009A,909,55,31,33,40,38,53,65,53,60,68,57,40,72,54,43,60,44,26,17,F,2011
E01025799,Harborough 009B,1070,102,97,105,69,26,42,85,110,159,104,53,29,31,26,15,11,2,3,1,F,2011
E01025800,Harborough 009C,603,35,31,32,30,30,44,35,41,54,53,47,36,39,34,21,17,11,10,3,F,2011
E01025804,Harborough 009D,997,66,42,55,40,43,55,62,60,60,66,49,41,70,71,57,58,57,29,16,F,2011
E01025807,Harborough 009E,740,58,37,34,46,48,83,74,50,72,59,41,30,30,20,20,17,10,8,3,F,2011
E01025790,Harborough 010A,1164,53,72,78,67,48,26,57,93,102,99,87,83,71,69,50,42,26,23,18,F,2011
E01025791,Harborough 010B,1126,43,55,73,62,37,48,61,75,87,62,63,70,86,83,70,58,36,33,24,F,2011
E01025792,Harborough 010C,1188,50,59,61,60,82,58,55,64,64,101,70,73,102,73,51,36,61,44,24,F,2011
E01025793,Harborough 010D,1252,70,84,87,92,79,64,65,83,120,100,88,79,74,65,42,25,13,15,7,F,2011
E01025812,Harborough 011A,921,43,43,53,36,47,34,43,35,70,56,71,68,59,54,52,53,44,36,24,F,2011
E01025813,Harborough 011B,811,36,40,62,49,31,27,26,40,61,59,80,57,45,55,44,35,38,14,12,F,2011
E01025814,Harborough 011C,763,39,31,43,44,19,20,30,31,52,67,56,55,69,61,47,43,27,22,7,F,2011
E01032598,Harborough 011D,1057,46,43,65,60,69,59,34,64,69,90,81,80,59,52,51,54,43,25,13,F,2011
E07000132,,53496,2789,2694,2927,2972,2700,2950,3010,3396,4093,4142,3727,3482,4003,3117,2303,1883,1615,1093,600,F,2011
E01025868,Hinckley and Bosworth 001A,747,34,27,37,49,27,35,32,50,47,53,51,41,74,59,37,31,31,21,11,F,2011
E01025869,Hinckley and Bosworth 001B,771,25,31,26,36,34,37,57,26,43,63,42,51,68,59,53,33,47,22,18,F,2011
E01025870,Hinckley and Bosworth 001C,796,25,45,61,55,26,13,22,40,70,65,54,45,60,38,42,39,40,39,17,F,2011
E01025871,Hinckley and Bosworth 001D,596,22,26,33,34,26,21,29,42,59,45,44,47,45,41,28,27,11,9,7,F,2011
E01025878,Hinckley and Bosworth 001E,1324,103,99,78,58,54,63,96,110,112,104,102,84,88,58,34,41,23,15,2,F,2011
E01025846,Hinckley and Bosworth 002A,1039,67,50,56,65,43,48,69,61,89,85,68,78,66,50,51,45,22,18,8,F,2011
E01025847,Hinckley and Bosworth 002B,856,43,54,48,61,46,66,59,69,65,86,66,67,46,29,21,12,12,6,0,F,2011
E01025848,Hinckley and Bosworth 002C,776,26,32,39,34,29,52,32,44,45,58,38,58,75,64,55,42,30,12,11,F,2011
E01025845,Hinckley and Bosworth 003A,806,34,30,38,56,37,24,29,35,51,77,63,53,80,61,47,39,29,13,10,F,2011
E01025877,Hinckley and Bosworth 003B,835,49,48,45,45,47,48,57,62,74,62,44,41,66,53,31,28,17,9,9,F,2011
E01025879,Hinckley and Bosworth 003C,657,38,31,46,41,34,32,41,46,44,48,38,40,48,36,31,19,23,10,11,F,2011
E01025880,Hinckley and Bosworth 003D,833,54,50,56,49,49,42,41,63,54,76,64,47,61,33,28,29,22,10,5,F,2011
E01025819,Hinckley and Bosworth 004A,846,33,39,53,44,45,36,36,56,69,81,54,50,66,59,54,28,22,12,9,F,2011
E01025820,Hinckley and Bosworth 004B,791,36,26,51,50,38,48,43,60,69,60,57,72,56,51,33,20,11,8,2,F,2011
E01025837,Hinckley and Bosworth 004C,1005,43,60,73,40,40,34,41,57,99,78,87,84,91,62,46,29,19,14,8,F,2011
E01025838,Hinckley and Bosworth 004D,767,23,23,24,39,18,20,33,24,40,42,54,77,75,65,33,54,55,43,25,F,2011
E01025882,Hinckley and Bosworth 004E,844,34,45,59,40,37,25,28,46,74,83,68,59,83,47,36,32,22,13,13,F,2011
E01025872,Hinckley and Bosworth 005A,747,30,23,28,38,24,40,16,30,54,48,57,74,80,94,42,33,17,9,10,F,2011
E01025873,Hinckley and Bosworth 005B,793,29,36,49,36,39,21,28,42,64,81,69,74,70,53,33,30,22,12,5,F,2011
E01025874,Hinckley and Bosworth 005C,789,38,46,37,48,29,34,33,41,49,60,61,57,70,56,36,36,30,16,12,F,2011
E01025875,Hinckley and Bosworth 005D,789,57,43,33,46,40,52,45,46,48,56,60,31,51,34,38,30,38,28,13,F,2011
E01025876,Hinckley and Bosworth 005E,965,50,51,47,47,32,40,50,75,72,71,72,70,81,64,54,32,25,20,12,F,2011
E01025839,Hinckley and Bosworth 006A,823,40,37,40,49,55,53,55,52,67,63,66,58,54,35,28,22,18,10,21,F,2011
E01025840,Hinckley and Bosworth 006B,772,46,30,39,49,32,54,42,43,48,64,58,56,52,40,40,27,23,23,6,F,2011
E01025841,Hinckley and Bosworth 006C,861,39,27,46,39,38,44,29,45,53,57,63,65,76,74,46,44,44,29,3,F,2011
E01025842,Hinckley and Bosworth 006D,959,90,68,69,35,75,92,49,78,67,53,52,45,54,44,16,23,21,17,11,F,2011
E01025843,Hinckley and Bosworth 006E,828,40,38,47,43,61,54,62,48,50,51,48,53,61,37,33,28,30,26,18,F,2011
E01025844,Hinckley and Bosworth 006F,877,68,56,69,52,65,69,60,61,65,53,36,47,53,41,22,20,19,14,7,F,2011
E01025821,Hinckley and Bosworth 007A,870,79,43,29,32,67,87,88,61,64,61,47,43,54,29,17,22,14,19,14,F,2011
E01025822,Hinckley and Bosworth 007B,744,46,37,37,46,39,48,35,47,42,40,46,55,65,32,32,28,28,27,14,F,2011
E01025823,Hinckley and Bosworth 007C,772,55,59,39,40,50,51,63,44,67,65,51,40,42,36,27,22,13,7,1,F,2011
E01025824,Hinckley and Bosworth 007D,771,45,32,33,54,49,42,45,54,57,46,51,38,52,47,32,32,28,20,14,F,2011
E01025825,Hinckley and Bosworth 007E,735,25,27,41,55,33,45,33,47,60,53,57,56,75,46,23,21,16,15,7,F,2011
E01025826,Hinckley and Bosworth 007F,708,36,28,48,61,49,31,39,39,71,71,56,47,36,31,23,14,13,12,3,F,2011
E01025817,Hinckley and Bosworth 008A,987,35,49,56,56,31,28,25,46,97,106,78,70,90,83,45,32,28,23,9,F,2011
E01025818,Hinckley and Bosworth 008B,728,38,37,36,47,26,32,24,37,66,61,67,59,51,43,36,21,18,12,17,F,2011
E01025864,Hinckley and Bosworth 008C,780,43,61,58,43,31,51,52,78,80,69,45,29,46,37,26,14,8,8,1,F,2011
E01025881,Hinckley and Bosworth 008D,686,30,26,27,25,23,9,18,38,52,52,61,52,72,53,57,45,25,17,4,F,2011
E01025859,Hinckley and Bosworth 009A,712,18,34,51,49,30,23,16,36,66,77,63,53,49,44,35,21,29,11,7,F,2011
E01025860,Hinckley and Bosworth 009B,714,29,38,44,45,39,26,31,52,61,74,78,40,66,38,16,19,8,8,2,F,2011
E01025861,Hinckley and Bosworth 009C,847,39,47,42,49,42,62,57,56,58,54,50,62,78,40,29,24,30,19,9,F,2011
E01025862,Hinckley and Bosworth 009D,748,22,20,35,31,22,25,22,38,39,54,44,71,82,65,56,46,45,23,8,F,2011
E01025850,Hinckley and Bosworth 010A,719,30,28,37,47,39,38,54,49,46,68,40,28,52,36,21,29,26,29,22,F,2011
E01025852,Hinckley and Bosworth 010B,786,58,47,28,52,76,86,71,50,48,49,47,35,31,34,20,19,16,13,6,F,2011
E01025858,Hinckley and Bosworth 010C,909,54,34,31,51,96,85,85,69,60,65,46,31,39,43,31,31,22,24,12,F,2011
E01025863,Hinckley and Bosworth 010D,865,47,40,47,55,45,45,51,51,63,51,72,42,64,44,42,35,28,30,13,F,2011
E01025865,Hinckley and Bosworth 010E,889,63,51,48,49,52,65,74,65,72,66,50,54,34,30,41,32,26,10,7,F,2011
E01025853,Hinckley and Bosworth 011A,1440,120,91,81,66,105,137,132,124,132,88,95,82,69,52,30,14,16,3,3,F,2011
E01025854,Hinckley and Bosworth 011B,862,52,55,45,47,47,58,75,76,74,75,69,51,45,38,18,13,17,2,5,F,2011
E01025855,Hinckley and Bosworth 011C,719,38,37,44,34,46,59,56,45,46,71,66,32,46,36,22,17,12,9,3,F,2011
E01025866,Hinckley and Bosworth 011D,823,48,47,43,43,50,64,46,54,51,62,52,53,63,42,47,24,23,9,2,F,2011
E01025867,Hinckley and Bosworth 011E,777,49,25,39,47,49,54,49,50,54,55,58,58,75,50,22,20,12,8,3,F,2011
E01025849,Hinckley and Bosworth 012A,819,41,25,40,46,64,84,63,38,55,65,55,39,52,41,35,23,26,22,5,F,2011
E01025851,Hinckley and Bosworth 012B,648,35,24,44,35,30,33,30,46,51,48,43,36,51,57,32,23,15,8,7,F,2011
E01025856,Hinckley and Bosworth 012C,687,36,38,40,31,38,49,48,38,44,40,28,46,42,33,31,33,36,26,10,F,2011
E01025857,Hinckley and Bosworth 012D,730,44,56,32,41,31,68,51,51,68,54,69,30,49,21,29,14,13,5,4,F,2011
E01025827,Hinckley and Bosworth 013A,747,22,31,29,37,21,20,31,29,46,45,44,47,60,57,48,61,50,47,22,F,2011
E01025828,Hinckley and Bosworth 013B,726,25,29,44,48,26,22,29,34,56,50,50,54,62,64,52,35,25,13,8,F,2011
E01025829,Hinckley and Bosworth 013C,752,45,46,44,46,32,32,38,62,52,56,46,39,48,42,34,24,36,22,8,F,2011
E01025830,Hinckley and Bosworth 013D,739,38,37,34,31,24,38,40,58,59,48,33,49,47,42,34,38,46,22,21,F,2011
E01025831,Hinckley and Bosworth 014A,656,23,33,28,42,28,20,50,38,53,59,34,36,61,49,33,20,22,16,11,F,2011
E01025832,Hinckley and Bosworth 014B,779,39,43,50,53,33,23,37,67,86,64,74,62,48,36,25,16,15,5,3,F,2011
E01025833,Hinckley and Bosworth 014C,843,48,66,55,47,44,31,41,48,79,73,54,48,50,40,39,26,26,20,8,F,2011
E01025834,Hinckley and Bosworth 014D,770,38,41,53,39,25,25,42,58,70,77,65,57,60,39,36,17,15,7,6,F,2011
E01025835,Hinckley and Bosworth 014E,837,20,31,44,34,19,27,34,39,54,61,46,81,79,70,57,57,46,26,12,F,2011
E01025836,Hinckley and Bosworth 014F,680,20,30,44,40,29,30,21,32,53,46,61,53,68,60,22,28,20,18,5,F,2011
E07000133,,25720,1395,1369,1472,1490,1228,1299,1320,1511,2043,2134,1876,1625,1863,1445,1065,972,753,559,301,F,2011
E01025885,Melton 001A,941,47,44,54,55,27,24,30,59,79,84,82,71,79,60,43,47,27,18,11,F,2011
E01025886,Melton 001B,916,55,41,52,44,22,39,38,54,67,61,63,61,60,52,47,56,48,37,19,F,2011
E01025887,Melton 001C,920,26,49,66,46,24,28,30,47,91,117,74,63,75,62,39,29,19,21,14,F,2011
E01025890,Melton 001D,619,28,39,41,37,24,19,27,38,58,59,58,30,37,38,29,27,15,12,3,F,2011
E01025891,Melton 001E,672,37,41,44,41,18,25,35,36,57,62,42,55,52,35,24,25,20,19,4,F,2011
E01025892,Melton 001F,852,56,47,76,57,20,28,30,58,92,83,61,56,63,47,25,19,16,12,6,F,2011
E01025901,Melton 002A,892,20,24,38,57,41,37,26,29,63,58,50,57,88,64,76,52,51,41,20,F,2011
E01025902,Melton 002B,835,39,44,40,52,38,39,35,41,51,62,49,67,66,67,43,46,27,17,12,F,2011
E01025903,Melton 002C,879,66,41,35,58,89,94,80,61,67,56,44,41,46,29,16,19,18,11,8,F,2011
E01025904,Melton 002D,1044,65,60,72,53,41,50,58,77,92,58,59,61,75,53,54,65,35,9,7,F,2011
E01025906,Melton 002E,920,57,65,78,67,38,37,47,65,92,102,79,41,42,41,17,22,14,10,6,F,2011
E01025883,Melton 003A,810,42,27,28,41,39,40,49,44,58,70,77,66,79,66,31,20,22,6,5,F,2011
E01025884,Melton 003B,889,55,61,47,50,39,63,65,64,89,55,48,43,45,28,34,37,31,25,10,F,2011
E01025888,Melton 003C,907,31,44,62,69,43,22,24,45,77,93,73,70,71,67,34,35,24,19,4,F,2011
E01025909,Melton 003D,1018,49,49,58,45,48,35,45,63,80,94,87,68,80,56,50,43,28,24,16,F,2011
E01025896,Melton 004A,817,44,48,50,36,33,31,45,48,54,73,64,53,79,50,37,24,27,12,9,F,2011
E01025897,Melton 004B,1069,84,57,45,58,94,106,104,62,53,64,71,46,62,39,18,29,18,33,26,F,2011
E01025898,Melton 004C,696,62,45,40,33,51,65,48,44,36,49,43,32,39,28,31,24,17,7,2,F,2011
E01025899,Melton 004D,563,28,23,39,40,48,41,38,34,47,41,44,31,34,14,10,8,9,19,15,F,2011
E01025900,Melton 004E,791,71,52,47,37,52,65,64,54,42,60,41,45,35,34,27,24,16,18,7,F,2011
E01025905,Melton 004F,895,68,66,56,48,80,66,44,54,59,42,50,41,68,51,32,24,21,21,4,F,2011
E01025893,Melton 005A,1042,43,37,62,70,47,73,52,52,73,96,95,70,71,71,56,35,19,12,8,F,2011
E01025894,Melton 005B,753,26,33,29,35,40,43,44,36,58,63,37,40,32,54,41,47,49,33,13,F,2011
E01025895,Melton 005C,866,54,58,49,66,44,53,52,59,72,72,70,57,55,35,25,21,16,5,3,F,2011
E01025907,Melton 005D,900,53,70,58,64,42,43,44,58,75,66,65,55,61,38,30,30,38,10,0,F,2011
E01025908,Melton 005E,922,39,35,47,53,39,38,44,54,61,71,68,72,76,43,44,44,38,29,27,F,2011
E01025889,Melton 006A,876,32,49,50,57,27,18,29,50,64,89,73,58,83,67,47,41,20,18,4,F,2011
E01025910,Melton 006B,853,29,49,41,48,23,25,29,47,89,85,76,62,74,55,39,36,27,12,7,F,2011
E01025911,Melton 006C,830,46,40,36,46,35,21,29,37,73,73,72,50,71,47,36,25,28,38,27,F,2011
E01025912,Melton 006D,733,43,31,32,27,22,31,35,41,74,76,61,63,65,54,30,18,15,11,4,F,2011
E07000134,,47243,2683,2649,2709,2582,2415,2528,2643,3199,3810,3735,3217,2903,3242,2732,1883,1579,1281,933,520,F,2011
E01025924,North West Leicestershire 001A,520,29,35,23,19,16,17,33,33,42,64,41,45,35,22,28,8,10,17,3,F,2011
E01025925,North West Leicestershire 001B,1236,67,38,52,47,57,80,98,95,113,106,92,72,84,81,43,39,34,23,15,F,2011
E01025926,North West Leicestershire 001C,782,36,45,54,43,26,29,36,56,60,66,68,58,64,55,37,20,13,10,6,F,2011
E01025927,North West Leicestershire 001D,801,35,46,58,42,22,24,48,65,72,61,50,41,51,67,43,33,24,11,8,F,2011
E01025928,North West Leicestershire 001E,756,27,54,41,31,32,44,38,57,61,65,58,64,58,51,33,19,10,9,4,F,2011
E01025923,North West Leicestershire 002A,695,39,26,42,25,33,18,25,44,50,63,63,56,57,64,30,24,20,9,7,F,2011
E01025944,North West Leicestershire 002B,759,38,39,56,44,29,25,33,54,60,72,55,51,49,47,49,21,18,14,5,F,2011
E01025945,North West Leicestershire 002C,790,36,37,26,32,90,48,53,44,50,54,46,44,75,42,21,35,30,17,10,F,2011
E01025946,North West Leicestershire 002D,872,42,40,43,28,156,52,52,49,53,45,57,52,39,49,35,23,18,23,16,F,2011
E01025915,North West Leicestershire 003A,638,26,28,46,27,33,24,25,35,57,49,41,39,49,37,23,29,34,29,7,F,2011
E01025916,North West Leicestershire 003B,732,36,41,28,53,37,46,38,46,62,65,53,46,55,41,27,24,20,10,4,F,2011
E01025917,North West Leicestershire 003C,1022,81,72,44,44,53,91,68,99,77,73,67,56,72,50,30,16,19,5,5,F,2011
E01025918,North West Leicestershire 003D,824,68,50,45,53,50,50,54,61,43,61,54,45,63,31,17,25,25,21,8,F,2011
E01025960,North West Leicestershire 004A,729,34,30,25,27,37,41,36,40,50,53,57,66,79,58,29,30,14,17,6,F,2011
E01025961,North West Leicestershire 004B,746,41,42,25,25,33,34,37,43,61,50,52,53,72,54,40,43,22,13,6,F,2011
E01025962,North West Leicestershire 004C,736,50,33,48,51,33,34,37,37,46,52,45,59,48,46,30,29,22,16,20,F,2011
E01025965,North West Leicestershire 004D,610,20,26,24,32,29,23,22,38,65,59,53,34,60,45,24,23,16,13,4,F,2011
E01025955,North West Leicestershire 005A,694,24,27,47,42,18,16,27,39,50,63,62,50,50,47,48,35,33,12,4,F,2011
E01025956,North West Leicestershire 005B,606,32,25,35,23,25,31,30,37,38,46,44,45,51,40,23,23,19,28,11,F,2011
E01025963,North West Leicestershire 005C,769,43,52,43,50,20,31,41,55,67,69,67,54,49,48,27,27,12,10,4,F,2011
E01025964,North West Leicestershire 005D,844,41,46,56,58,25,20,25,43,78,80,84,60,58,65,39,23,23,12,8,F,2011
E01025914,North West Leicestershire 006A,693,34,38,56,42,20,19,24,48,56,77,49,45,53,44,29,29,13,12,5,F,2011
E01025919,North West Leicestershire 006B,784,52,45,35,47,28,30,38,51,59,57,52,47,56,45,33,25,43,26,15,F,2011
E01025920,North West Leicestershire 006C,849,48,66,63,42,27,32,25,70,71,52,52,44,58,49,34,36,30,32,18,F,2011
E01025921,North West Leicestershire 006D,859,28,39,46,42,23,49,38,38,56,77,44,61,77,52,50,45,39,38,17,F,2011
E01025966,North West Leicestershire 007A,779,51,46,40,50,36,48,42,42,57,71,52,37,57,50,28,28,20,16,8,F,2011
E01025967,North West Leicestershire 007B,862,29,39,32,49,33,28,24,43,58,60,57,40,58,93,81,67,44,13,14,F,2011
E01025968,North West Leicestershire 007C,924,58,39,57,47,36,70,61,51,58,84,64,69,74,53,37,28,21,15,2,F,2011
E01025969,North West Leicestershire 007D,940,64,51,47,50,46,68,68,80,80,70,50,59,57,42,21,26,25,19,17,F,2011
E01025950,North West Leicestershire 008A,850,59,57,58,51,44,49,55,44,79,67,63,38,43,32,30,29,29,19,4,F,2011
E01025951,North West Leicestershire 008B,916,43,63,64,59,42,31,30,50,111,89,61,60,58,45,32,34,18,11,15,F,2011
E01025952,North West Leicestershire 008C,751,29,24,28,45,24,29,24,36,50,57,56,52,73,68,55,46,19,26,10,F,2011
E01025953,North West Leicestershire 008D,572,38,36,33,30,37,22,31,41,47,42,49,31,37,24,20,24,12,11,7,F,2011
E01025954,North West Leicestershire 008E,756,42,60,57,40,28,27,49,59,82,69,50,45,53,26,21,19,10,12,7,F,2011
E01025932,North West Leicestershire 009A,764,48,49,54,63,43,67,40,52,55,54,50,38,26,26,23,14,19,26,17,F,2011
E01025933,North West Leicestershire 009B,665,25,40,37,42,33,37,38,45,48,60,52,55,58,38,18,15,11,8,5,F,2011
E01025934,North West Leicestershire 009C,839,68,71,71,60,55,63,45,42,64,54,47,54,42,29,24,17,12,10,11,F,2011
E01025935,North West Leicestershire 009D,619,15,23,19,29,19,15,17,23,35,33,42,42,77,50,48,53,45,21,13,F,2011
E01025936,North West Leicestershire 009E,663,18,32,42,36,30,29,17,35,39,51,37,46,47,42,40,45,37,22,18,F,2011
E01025929,North West Leicestershire 010A,1076,68,66,60,76,87,70,63,104,95,82,74,55,42,32,28,15,30,21,8,F,2011
E01025930,North West Leicestershire 010B,822,55,38,44,43,69,64,81,45,64,61,51,41,31,26,19,15,27,26,22,F,2011
E01025931,North West Leicestershire 010C,883,64,35,42,57,71,84,53,57,64,69,45,49,51,32,34,25,30,12,9,F,2011
E01025957,North West Leicestershire 010D,969,87,66,56,51,89,80,80,72,79,55,51,40,45,37,20,17,25,13,6,F,2011
E01025937,North West Leicestershire 011B,811,51,43,49,46,41,32,55,58,70,60,60,58,54,42,27,31,16,12,6,F,2011
E01025958,North West Leicestershire 011C,825,62,42,55,61,47,45,64,60,73,67,48,43,45,41,28,16,18,9,1,F,2011
E01025959,North West Leicestershire 011D,1064,64,69,54,60,49,63,58,67,87,91,70,47,73,55,58,34,36,22,7,F,2011
E01033102,North West Leicestershire 011E,804,85,54,36,29,46,94,90,93,68,33,38,36,28,28,18,11,7,8,2,F,2011
E01033103,North West Leicestershire 011F,883,47,63,77,67,37,37,47,86,100,85,60,41,51,38,15,16,4,4,8,F,2011
E01025913,North West Leicestershire 012A,1069,33,75,60,51,37,30,38,64,88,115,92,83,85,71,50,37,34,17,9,F,2011
E01025947,North West Leicestershire 012B,892,48,35,40,50,32,48,49,49,55,47,67,86,104,74,41,27,17,13,10,F,2011
E01025948,North West Leicestershire 012C,850,75,56,55,53,49,46,73,75,83,79,54,37,29,31,20,13,9,12,1,F,2011
E01025949,North West Leicestershire 012D,840,64,46,61,52,42,55,58,64,58,56,46,41,41,55,26,32,20,16,7,F,2011
E01025938,North West Leicestershire 013A,627,35,39,26,22,37,44,33,49,52,53,38,44,48,34,19,22,17,6,9,F,2011
E01025939,North West Leicestershire 013B,1017,81,67,80,54,67,63,72,85,91,71,61,51,49,53,21,16,17,10,8,F,2011
E01025940,North West Leicestershire 013C,976,59,54,53,44,56,68,56,81,90,65,61,47,61,62,34,33,23,23,6,F,2011
E01025941,North West Leicestershire 013D,750,30,42,37,39,27,28,55,47,53,70,48,54,58,61,42,26,17,12,4,F,2011
E01025942,North West Leicestershire 013E,891,41,53,63,59,30,37,47,53,94,85,61,56,64,49,40,30,16,7,6,F,2011
E01025943,North West Leicestershire 013F,948,40,56,61,48,44,49,49,70,86,51,56,41,61,63,43,34,35,34,27,F,2011
E07000135,,28938,1408,1396,1601,2402,1695,1523,1563,1617,2029,2231,1890,1634,1773,1497,1345,1285,1008,655,386,F,2011
E01025970,Oadby and Wigston 003A,738,30,38,43,58,45,29,27,41,47,61,61,45,49,41,49,37,23,10,4,F,2011
E01025971,Oadby and Wigston 003B,661,22,22,42,45,33,29,34,25,45,44,48,42,43,41,39,36,34,22,15,F,2011
E01025972,Oadby and Wigston 003C,679,31,25,38,49,39,25,36,22,55,49,44,37,35,36,27,39,41,31,20,F,2011
E01025976,Oadby and Wigston 003D,709,38,38,35,32,34,35,46,32,50,56,43,35,48,41,32,34,37,20,23,F,2011
E01025977,Oadby and Wigston 003E,713,29,25,27,28,37,34,43,36,34,54,43,40,42,41,44,65,44,33,14,F,2011
E01025978,Oadby and Wigston 003F,796,40,27,26,51,43,56,43,45,53,58,49,48,38,48,40,45,49,28,9,F,2011
E01025992,Oadby and Wigston 005A,875,46,36,25,38,52,43,54,50,45,56,38,43,63,53,36,59,57,49,32,F,2011
E01025994,Oadby and Wigston 005B,766,45,43,63,68,48,33,45,56,59,62,41,36,42,17,30,24,26,18,10,F,2011
E01025997,Oadby and Wigston 005C,791,46,37,41,67,45,60,41,42,61,70,32,46,36,23,33,28,41,23,19,F,2011
E01025999,Oadby and Wigston 005D,721,54,45,35,34,47,40,51,46,58,58,38,47,44,32,29,35,18,6,4,F,2011
E01026005,Oadby and Wigston 005E,936,44,26,37,44,39,54,48,52,47,69,65,68,54,37,38,55,50,61,48,F,2011
E01025985,Oadby and Wigston 006A,681,17,23,27,28,25,20,21,23,35,44,46,52,43,83,72,60,40,19,3,F,2011
E01025986,Oadby and Wigston 006B,763,31,25,29,31,33,41,29,45,46,46,51,48,47,68,54,46,40,32,21,F,2011
E01025987,Oadby and Wigston 006C,754,69,47,33,50,57,62,62,65,57,66,36,35,27,20,17,21,9,7,14,F,2011
E01025988,Oadby and Wigston 006D,817,84,49,44,54,57,87,76,84,63,49,47,38,30,14,21,11,4,5,0,F,2011
E01025989,Oadby and Wigston 006E,855,70,51,42,39,64,78,91,58,66,55,54,25,48,28,27,34,15,7,3,F,2011
E01025990,Oadby and Wigston 007A,712,23,17,29,42,34,24,27,41,32,65,40,57,81,53,61,41,20,9,16,F,2011
E01025991,Oadby and Wigston 007B,745,19,50,43,44,37,26,19,35,58,53,45,74,78,74,40,19,15,13,3,F,2011
E01025993,Oadby and Wigston 007C,779,43,39,56,42,38,27,40,55,61,56,45,34,74,49,40,35,21,14,10,F,2011
E01025998,Oadby and Wigston 007D,898,46,50,49,46,50,70,66,41,75,86,72,59,60,45,39,18,15,11,0,F,2011
E01026000,Oadby and Wigston 007E,658,26,24,35,34,44,30,28,28,49,53,61,56,62,51,25,28,18,3,3,F,2011
E01026001,Oadby and Wigston 007F,693,30,30,41,35,35,25,33,43,49,65,58,53,54,50,35,26,17,12,2,F,2011
E01025995,Oadby and Wigston 008A,753,36,39,48,48,30,48,48,48,48,53,48,33,48,35,48,44,27,11,13,F,2011
E01026003,Oadby and Wigston 008B,839,46,36,37,56,43,40,46,43,53,56,65,51,48,48,46,53,43,19,10,F,2011
E01026004,Oadby and Wigston 008C,874,45,48,41,49,34,35,47,35,69,79,55,55,64,50,39,59,39,21,10,F,2011
E01032600,Oadby and Wigston 008D,1019,41,51,60,67,36,51,40,65,87,87,68,53,56,61,57,67,42,25,5,F,2011
E01032601,Oadby and Wigston 008E,745,41,32,33,51,35,38,35,60,45,68,44,53,40,37,55,33,32,6,7,F,2011
E01025973,Oadby and Wigston 009A,1413,32,53,64,418,180,63,56,38,61,73,98,42,47,44,26,27,31,25,35,F,2011
E01025974,Oadby and Wigston 009B,1165,61,43,43,345,121,66,49,44,63,69,62,35,30,28,35,20,22,22,7,F,2011
E01025975,Oadby and Wigston 009C,743,22,38,71,51,29,31,39,42,53,53,52,35,47,51,44,32,27,21,5,F,2011
E01025980,Oadby and Wigston 009D,720,21,26,61,50,51,32,30,36,55,64,41,44,46,38,41,36,25,19,4,F,2011
E01025979,Oadby and Wigston 009E,728,39,53,59,54,45,23,51,43,57,58,54,35,44,36,19,23,21,11,3,F,2011
E01025981,Oadby and Wigston 009F,811,31,43,46,68,37,45,37,43,77,60,56,49,63,40,39,35,20,17,5,F,2011
E01025982,Oadby and Wigston 009G,973,47,77,92,95,52,40,58,78,100,106,58,54,51,19,21,13,10,2,0,F,2011
E01025983,Oadby and Wigston 009H,644,30,33,35,45,28,41,38,38,50,61,55,41,45,36,18,16,20,9,5,F,2011
E01025984,Oadby and Wigston 009I,771,33,57,71,46,38,42,29,39,66,69,77,36,46,29,29,31,15,14,4,F,2011
E07000136,,33064,1907,1624,1696,1808,1974,2166,1917,1891,2248,2353,2171,2083,2203,1895,1559,1358,1108,694,409,F,2011
E01026007,Boston 001A,556,24,24,27,24,24,20,14,35,41,39,53,59,32,44,30,26,28,7,5,F,2011
E01026008,Boston 001B,593,15,24,25,24,21,20,21,27,29,56,47,52,53,57,36,41,26,15,4,F,2011
E01026009,Boston 001C,617,18,24,47,33,23,19,35,26,45,54,48,52,50,45,43,22,18,14,1,F,2011
E01026023,Boston 001D,704,33,19,37,36,27,34,13,31,46,55,60,49,69,49,55,38,25,17,11,F,2011
E01026024,Boston 001E,1045,45,60,77,62,42,37,38,54,73,93,83,58,75,82,40,54,37,19,16,F,2011
E01026010,Boston 002A,783,80,46,45,46,66,92,61,54,50,34,50,31,28,23,21,21,17,11,7,F,2011
E01026011,Boston 002B,1542,135,111,80,110,118,146,122,108,127,113,92,62,63,41,33,34,26,16,5,F,2011
E01026030,Boston 002C,1145,79,53,51,56,94,88,76,63,75,77,50,60,79,47,59,43,45,29,21,F,2011
E01026032,Boston 002D,1018,53,49,62,59,92,89,73,66,72,77,61,59,45,39,37,35,31,13,6,F,2011
E01026037,Boston 002E,683,52,27,41,40,44,47,55,43,48,43,40,44,31,24,22,29,32,13,8,F,2011
E01026006,Boston 003A,1249,90,65,47,73,179,149,103,80,77,90,77,67,35,31,31,16,22,10,7,F,2011
E01026021,Boston 003B,917,51,37,34,37,62,70,51,47,62,70,51,49,47,63,48,45,42,27,24,F,2011
E01026025,Boston 003C,1100,86,44,38,82,133,142,85,75,63,73,63,66,45,32,23,18,17,13,2,F,2011
E01026036,Boston 003D,811,44,31,41,45,82,86,40,46,64,77,55,54,30,20,24,24,18,12,18,F,2011
E01026012,Boston 004A,609,40,20,20,26,31,25,33,21,26,35,33,31,42,50,59,43,45,23,6,F,2011
E01026015,Boston 004B,745,49,28,40,42,52,62,55,66,66,52,47,44,44,27,26,18,18,7,2,F,2011
E01026026,Boston 004C,1037,54,80,72,67,62,64,73,57,70,62,57,53,63,39,47,40,36,31,10,F,2011
E01026027,Boston 004D,952,52,61,58,49,53,88,80,54,62,78,53,55,48,49,43,23,26,18,2,F,2011
E01026028,Boston 004E,976,49,36,38,47,52,57,54,55,63,65,59,47,71,63,50,46,44,50,30,F,2011
E01026016,Boston 006A,1158,49,55,63,53,39,58,59,65,92,66,82,85,122,97,63,47,33,22,8,F,2011
E01026033,Boston 006B,994,48,47,67,53,46,37,44,59,76,73,94,69,83,63,57,34,22,13,9,F,2011
E01026034,Boston 006C,912,41,41,45,45,42,45,58,60,53,64,57,56,71,58,62,47,35,22,10,F,2011
E01026017,Boston 007A,797,25,43,38,47,34,28,45,42,64,56,61,55,68,60,40,38,32,14,7,F,2011
E01026018,Boston 007B,839,28,32,40,39,21,28,28,35,59,64,63,77,92,85,55,32,35,13,13,F,2011
E01026019,Boston 007C,1460,122,84,81,94,77,119,93,78,90,83,92,76,95,65,42,55,52,40,22,F,2011
E01026020,Boston 007D,1157,86,40,61,66,74,79,54,60,70,78,72,72,91,76,57,49,34,19,19,F,2011
E01026041,Boston 007E,698,36,34,31,39,34,36,36,38,43,42,41,37,44,52,31,49,40,19,16,F,2011
E01026013,Boston 008A,753,25,33,33,49,31,17,28,31,56,64,67,53,62,42,50,55,32,18,7,F,2011
E01026014,Boston 008B,1026,66,51,58,53,39,51,62,70,62,75,69,75,67,60,48,53,21,29,17,F,2011
E01026022,Boston 008C,1106,56,63,60,59,32,47,54,57,74,66,67,83,86,83,73,57,53,18,18,F,2011
E01026038,Boston 008D,679,36,29,31,43,31,43,39,29,57,53,53,44,53,30,35,33,21,13,6,F,2011
E01026040,Boston 008E,630,40,43,26,39,26,46,32,40,44,52,42,47,44,29,28,19,14,10,9,F,2011
E01026029,Boston 009A,1334,105,87,67,63,73,103,103,87,89,91,69,67,69,66,49,48,35,31,32,F,2011
E01026031,Boston 009B,754,17,21,31,29,37,26,21,42,42,54,41,52,83,71,56,46,34,34,17,F,2011
E01026035,Boston 009C,1084,47,49,48,61,55,52,51,58,71,82,70,93,82,81,61,54,37,26,6,F,2011
E01026039,Boston 009D,601,31,33,36,18,26,16,28,32,47,47,52,50,41,52,25,26,25,8,8,F,2011
E07000137,,70092,3067,2974,3536,3604,3132,3002,2841,3404,4496,5017,4930,5006,6219,5673,4463,3447,2667,1616,998,F,2011
E01026045,East Lindsey 001A,932,26,28,36,45,24,19,23,39,66,67,81,73,92,96,62,55,51,24,25,F,2011
E01026061,East Lindsey 001B,610,29,21,35,46,27,18,24,35,41,49,48,49,61,54,37,19,12,3,2,F,2011
E01026062,East Lindsey 001C,627,37,46,33,31,34,31,29,50,42,45,45,38,54,31,28,19,18,12,4,F,2011
E01026063,East Lindsey 001D,629,21,20,25,47,14,15,12,27,41,52,56,49,84,48,37,34,29,11,7,F,2011
E01026080,East Lindsey 001E,997,47,38,46,54,47,34,30,50,60,76,84,81,105,83,62,31,34,20,15,F,2011
E01026106,East Lindsey 001F,627,19,36,38,38,20,16,22,33,47,48,54,50,48,44,45,29,16,11,13,F,2011
E01026107,East Lindsey 001G,639,40,37,35,41,32,32,21,28,61,68,55,50,54,39,17,13,6,8,2,F,2011
E01026058,East Lindsey 002A,1105,59,47,69,55,52,48,45,58,80,87,89,86,93,88,54,45,30,13,7,F,2011
E01026076,East Lindsey 002B,1115,35,61,54,56,39,36,52,55,71,82,107,98,111,89,54,45,35,21,14,F,2011
E01026079,East Lindsey 002C,998,47,39,50,67,39,36,34,42,70,71,70,66,96,87,58,61,32,17,16,F,2011
E01026077,East Lindsey 003A,591,21,32,37,41,21,21,27,37,40,52,39,35,40,42,40,31,18,11,6,F,2011
E01026078,East Lindsey 003B,584,38,23,44,34,19,26,37,34,37,45,39,32,46,38,24,20,23,11,14,F,2011
E01026087,East Lindsey 003C,632,49,50,53,28,46,33,31,53,49,49,29,25,37,40,17,21,11,6,5,F,2011
E01026088,East Lindsey 003D,714,34,37,26,35,22,26,26,46,49,56,40,39,60,52,36,55,25,29,21,F,2011
E01026090,East Lindsey 003E,714,26,34,32,43,49,24,33,49,34,59,42,51,52,43,46,27,28,29,13,F,2011
E01026091,East Lindsey 003F,562,27,20,19,35,26,28,29,36,43,48,41,50,37,24,29,26,23,16,5,F,2011
E01026108,East Lindsey 003G,1286,107,71,107,71,75,75,76,76,103,79,90,76,79,55,47,42,37,7,13,F,2011
E01026081,East Lindsey 004A,1227,78,42,44,74,109,75,75,71,74,93,77,71,85,58,52,51,49,29,20,F,2011
E01026089,East Lindsey 004C,1065,46,43,55,43,43,47,38,45,82,69,75,87,93,83,59,57,46,33,21,F,2011
E01032986,East Lindsey 004D,556,27,19,21,21,44,34,31,36,37,51,33,29,40,32,32,28,21,14,6,F,2011
E01032987,East Lindsey 004E,686,55,18,30,40,47,68,47,42,38,39,37,38,51,47,20,21,18,22,8,F,2011
E01026072,East Lindsey 005A,1054,52,28,56,35,45,33,53,35,42,54,68,66,100,109,88,69,53,43,25,F,2011
E01026073,East Lindsey 005B,1032,39,31,59,66,56,34,38,41,68,62,57,70,82,90,83,65,45,35,11,F,2011
E01026074,East Lindsey 005C,1048,39,39,39,47,38,40,32,35,53,48,61,83,125,119,117,70,37,14,12,F,2011
E01026099,East Lindsey 005D,1031,34,40,54,48,31,36,35,33,63,101,76,106,111,98,70,46,24,19,6,F,2011
E01026103,East Lindsey 006A,1109,23,31,41,35,22,29,20,37,51,50,63,82,110,116,117,104,72,61,45,F,2011
E01026104,East Lindsey 006B,1211,50,41,39,48,36,31,22,40,36,61,61,87,151,145,144,104,65,38,12,F,2011
E01026109,East Lindsey 006C,1090,26,27,33,41,30,24,23,24,49,65,76,101,160,158,114,61,45,22,11,F,2011
E01026071,East Lindsey 007A,1078,37,45,63,56,26,29,31,52,65,98,91,108,133,87,55,40,31,22,9,F,2011
E01026082,East Lindsey 007B,1158,39,41,53,60,33,32,23,45,70,97,94,96,115,97,99,75,44,26,19,F,2011
E01026121,East Lindsey 007C,1285,50,55,64,66,57,73,48,68,75,96,87,91,112,98,88,69,47,23,18,F,2011
E01026042,East Lindsey 008A,829,56,38,51,53,61,43,49,49,51,56,37,47,55,47,43,26,29,20,18,F,2011
E01026043,East Lindsey 008B,860,52,42,50,41,51,42,36,46,62,50,59,43,59,56,50,39,43,26,13,F,2011
E01026044,East Lindsey 008C,701,25,32,36,31,21,26,18,25,43,40,54,59,75,59,46,40,36,17,18,F,2011
E01026113,East Lindsey 008D,1003,23,38,58,43,25,22,24,49,67,73,74,91,114,108,77,61,25,19,12,F,2011
E01026117,East Lindsey 008E,910,24,29,52,59,24,13,22,35,67,79,78,92,108,77,48,38,40,17,8,F,2011
E01026060,East Lindsey 009A,684,22,21,28,36,27,24,16,28,43,46,52,64,70,72,52,28,27,23,5,F,2011
E01026068,East Lindsey 009B,1071,46,47,53,45,36,26,30,55,72,110,96,99,98,103,65,40,31,13,6,F,2011
E01026070,East Lindsey 009C,950,34,32,40,45,38,31,42,31,74,76,83,90,90,92,67,37,25,20,3,F,2011
E01026105,East Lindsey 009D,1115,27,51,49,61,29,18,34,49,75,95,92,112,109,103,67,43,45,25,31,F,2011
E01026048,East Lindsey 010A,776,21,12,24,35,35,31,12,28,42,46,66,61,89,95,71,42,37,15,14,F,2011
E01026049,East Lindsey 010B,776,16,35,31,19,26,15,26,36,49,50,46,75,90,84,73,39,38,14,14,F,2011
E01026050,East Lindsey 010C,838,13,17,25,26,23,12,27,23,27,49,54,65,116,110,92,68,55,28,8,F,2011
E01026069,East Lindsey 010D,1200,33,37,47,54,115,88,46,48,60,68,84,79,130,103,83,55,32,26,12,F,2011
E01026064,East Lindsey 011A,728,31,45,40,41,46,45,37,46,53,66,53,39,35,42,33,30,26,14,6,F,2011
E01026065,East Lindsey 011B,958,37,32,48,37,32,38,42,43,72,59,65,37,76,81,76,65,64,23,31,F,2011
E01026066,East Lindsey 011C,996,42,42,54,44,39,34,41,38,63,66,80,62,74,100,81,50,43,31,12,F,2011
E01026067,East Lindsey 011D,981,50,44,51,74,53,60,54,45,86,62,50,47,68,56,47,46,47,22,19,F,2011
E01026084,East Lindsey 012A,834,43,54,36,78,48,47,44,38,69,50,50,52,56,50,40,30,33,13,3,F,2011
E01026085,East Lindsey 012B,1186,55,28,25,30,59,60,49,43,53,60,77,90,123,141,108,76,64,36,9,F,2011
E01026115,East Lindsey 012C,908,36,32,43,45,30,37,35,43,39,69,63,78,96,88,84,39,27,15,9,F,2011
E01026116,East Lindsey 012D,902,45,53,52,61,40,53,42,44,65,65,60,67,75,55,35,33,30,20,7,F,2011
E01026046,East Lindsey 013A,599,29,23,22,28,28,31,31,30,37,40,46,42,49,49,29,30,34,10,11,F,2011
E01026047,East Lindsey 013B,617,18,21,20,20,21,11,20,18,35,44,32,44,66,83,65,35,35,20,9,F,2011
E01026055,East Lindsey 013C,548,12,25,35,21,14,16,9,29,31,59,38,48,53,42,52,26,22,12,4,F,2011
E01026059,East Lindsey 013D,584,13,24,34,37,46,16,18,21,39,41,46,40,51,62,44,21,13,10,8,F,2011
E01026100,East Lindsey 013E,943,69,54,60,51,60,75,52,60,63,65,48,55,54,54,48,40,21,12,2,F,2011
E01026101,East Lindsey 013F,674,39,26,32,31,31,41,43,31,47,34,36,35,46,36,40,41,37,27,21,F,2011
E01026092,East Lindsey 014A,721,45,39,39,52,52,45,31,49,56,49,61,48,49,32,28,13,16,8,9,F,2011
E01026093,East Lindsey 014B,848,51,36,39,48,77,81,53,37,46,64,62,51,55,35,32,27,29,13,12,F,2011
E01026095,East Lindsey 014C,632,34,22,30,40,38,26,36,37,45,37,38,42,41,32,31,22,18,30,33,F,2011
E01026114,East Lindsey 014D,753,35,24,39,42,42,54,34,37,54,49,60,53,48,56,34,39,25,15,13,F,2011
E01026083,East Lindsey 015A,936,60,54,65,62,52,58,54,56,53,77,54,55,55,49,44,32,33,16,7,F,2011
E01026094,East Lindsey 015B,900,32,48,42,35,37,47,40,48,49,64,54,55,80,82,61,44,44,23,15,F,2011
E01026096,East Lindsey 015C,811,54,45,50,42,27,24,50,50,84,67,45,47,51,47,28,26,28,26,20,F,2011
E01026097,East Lindsey 015D,801,19,24,43,35,23,30,27,36,38,41,54,53,76,69,58,78,53,27,17,F,2011
E01026051,East Lindsey 016A,608,27,20,32,30,31,30,33,35,45,61,46,44,45,54,28,22,17,5,3,F,2011
E01026052,East Lindsey 016B,751,60,43,26,23,47,66,55,48,46,45,44,45,55,52,36,32,13,10,5,F,2011
E01026053,East Lindsey 016C,1058,111,83,76,45,70,103,92,77,84,65,69,44,36,34,28,24,8,6,3,F,2011
E01026054,East Lindsey 016D,925,44,47,57,65,79,56,55,50,66,53,53,31,63,45,42,35,32,28,24,F,2011
E01026118,East Lindsey 016E,860,35,26,41,35,24,31,23,34,54,42,60,53,92,104,73,69,46,14,4,F,2011
E01026119,East Lindsey 016F,590,24,24,38,25,7,9,11,17,36,33,34,42,53,66,53,30,37,29,22,F,2011
E01026120,East Lindsey 016G,768,32,29,42,52,28,29,24,43,44,48,47,32,55,51,45,45,50,48,24,F,2011
E01026056,East Lindsey 017A,573,16,32,31,29,16,19,17,33,54,40,40,52,57,50,36,23,18,7,3,F,2011
E01026110,East Lindsey 017B,732,16,34,26,43,25,31,30,29,37,67,63,63,61,60,47,51,21,21,7,F,2011
E01026111,East Lindsey 017C,788,22,39,63,39,25,24,28,53,55,68,53,63,71,60,54,30,24,9,8,F,2011
E01026112,East Lindsey 017D,628,37,35,42,33,37,40,32,30,39,37,46,35,40,30,26,20,28,25,16,F,2011
E01026057,East Lindsey 018A,956,26,44,45,52,25,34,37,41,56,95,104,80,94,72,59,50,24,11,7,F,2011
E01026075,East Lindsey 018B,1096,36,43,66,53,30,38,34,48,73,100,97,81,100,94,68,57,46,24,8,F,2011
E01026098,East Lindsey 018C,999,40,47,49,47,24,23,32,59,83,91,67,70,81,85,58,72,41,27,3,F,2011
E01026102,East Lindsey 018D,1195,43,62,69,84,55,46,47,74,78,89,95,91,119,76,47,55,32,16,17,F,2011
E07000138,,47499,2629,2129,2199,3861,5910,3880,3125,2645,2883,3130,2748,2404,2428,1926,1596,1364,1216,859,567,F,2011
E01026149,Lincoln 001A,841,53,36,52,52,58,67,51,50,56,61,69,59,36,34,25,33,28,16,5,F,2011
E01026150,Lincoln 001B,751,54,34,43,40,48,55,58,35,50,50,41,36,36,30,42,21,32,23,23,F,2011
E01026166,Lincoln 001C,651,31,40,35,46,48,42,41,33,48,45,41,34,47,28,16,37,19,14,6,F,2011
E01026168,Lincoln 001D,759,54,46,61,55,54,66,53,37,55,45,39,31,42,41,28,15,20,14,3,F,2011
E01026153,Lincoln 002A,1255,66,62,70,57,85,102,101,91,76,87,76,68,67,53,40,47,44,36,27,F,2011
E01026155,Lincoln 002B,835,49,34,32,51,65,78,55,70,54,70,65,51,65,31,27,22,12,2,2,F,2011
E01026157,Lincoln 002C,717,56,37,37,32,42,47,45,44,34,56,40,29,44,44,36,33,31,23,7,F,2011
E01026165,Lincoln 002D,738,43,23,35,38,39,56,38,38,36,57,45,38,53,40,28,26,44,40,21,F,2011
E01026125,Lincoln 003A,556,33,27,23,32,53,61,53,39,21,44,31,48,18,18,12,15,13,13,2,F,2011
E01026144,Lincoln 003B,715,20,30,23,45,210,54,44,33,46,43,33,29,31,14,23,12,11,7,7,F,2011
E01026147,Lincoln 003C,1149,71,54,35,48,96,101,130,85,91,83,70,73,58,38,37,32,27,10,10,F,2011
E01026148,Lincoln 003D,916,32,19,23,52,169,106,68,49,36,55,42,46,50,41,33,37,31,16,11,F,2011
E01026151,Lincoln 003E,942,42,55,39,49,110,77,64,64,64,72,47,42,51,41,33,36,34,15,7,F,2011
E01026164,Lincoln 003F,815,27,29,22,133,75,27,24,35,44,59,52,36,46,36,38,34,43,20,35,F,2011
E01026167,Lincoln 003G,783,16,23,22,39,59,39,38,31,42,58,52,34,73,60,49,51,52,20,25,F,2011
E01026122,Lincoln 004A,904,48,17,41,101,175,138,58,38,34,42,45,47,25,25,19,15,17,14,5,F,2011
E01026123,Lincoln 004B,1170,89,80,68,80,115,158,101,84,61,87,49,46,34,39,22,24,15,13,5,F,2011
E01026124,Lincoln 004C,742,43,39,32,39,121,96,72,47,53,51,36,31,26,20,10,9,9,3,5,F,2011
E01026126,Lincoln 004D,706,43,26,28,38,108,83,60,43,43,49,33,30,25,19,17,14,23,12,12,F,2011
E01026152,Lincoln 004E,817,78,75,61,72,65,69,67,54,59,51,35,39,23,24,18,13,7,6,1,F,2011
E01026154,Lincoln 004F,728,44,43,59,61,50,49,37,42,52,64,45,34,46,34,22,12,16,9,9,F,2011
E01026156,Lincoln 004G,669,39,49,53,57,38,37,52,48,60,39,48,38,31,26,23,14,9,2,6,F,2011
E01026132,Lincoln 005A,1468,30,21,14,517,478,113,51,30,26,20,29,30,26,22,21,11,16,9,4,F,2011
E01026143,Lincoln 005B,1140,29,17,22,200,436,105,42,42,30,41,35,38,32,22,16,10,6,11,6,F,2011
E01026145,Lincoln 005C,777,29,29,25,51,184,64,37,41,43,58,51,39,48,21,23,8,14,9,3,F,2011
E01026146,Lincoln 005D,1052,19,12,10,141,499,62,49,17,26,27,19,23,28,18,27,18,23,19,15,F,2011
E01026134,Lincoln 006A,774,49,38,18,40,84,85,65,43,49,41,51,37,25,27,30,28,28,23,13,F,2011
E01026176,Lincoln 006B,811,52,21,19,62,199,106,73,38,40,43,35,34,23,10,18,9,17,7,5,F,2011
E01026177,Lincoln 006C,940,67,37,30,74,216,129,80,49,40,57,29,25,25,18,18,17,12,10,7,F,2011
E01026178,Lincoln 006D,792,51,30,33,45,124,92,59,49,42,41,42,31,33,30,22,22,19,17,10,F,2011
E01026127,Lincoln 007A,709,46,51,45,39,67,59,45,40,72,39,31,36,27,31,23,18,19,12,9,F,2011
E01026128,Lincoln 007B,1344,106,71,70,65,112,136,127,87,105,87,59,49,84,53,45,31,33,21,3,F,2011
E01026129,Lincoln 007C,936,103,87,64,88,94,101,65,65,54,48,56,36,26,19,17,7,3,3,0,F,2011
E01026131,Lincoln 007D,712,40,39,37,48,49,45,43,35,40,53,51,49,46,46,41,27,18,5,0,F,2011
E01026133,Lincoln 008A,1707,83,39,39,286,592,128,80,75,53,60,46,59,36,39,30,19,25,10,8,F,2011
E01026135,Lincoln 008B,818,34,37,40,51,39,36,38,48,66,79,69,50,58,44,35,26,23,20,25,F,2011
E01026136,Lincoln 008C,730,36,27,36,36,29,29,37,37,55,65,45,54,50,50,43,43,21,27,10,F,2011
E01026174,Lincoln 008D,711,48,25,38,49,78,84,46,43,50,42,49,35,30,15,9,18,20,18,14,F,2011
E01026130,Lincoln 009A,680,31,26,23,23,27,32,39,33,51,53,60,49,56,59,41,34,25,16,2,F,2011
E01026158,Lincoln 009B,772,32,35,29,37,33,38,34,51,48,48,48,48,69,47,50,35,37,31,22,F,2011
E01026159,Lincoln 009C,795,57,41,53,50,37,75,53,62,63,57,52,40,36,29,21,21,17,21,10,F,2011
E01026160,Lincoln 009D,709,36,25,42,46,32,55,42,47,53,64,47,44,46,45,29,19,21,10,6,F,2011
E01026162,Lincoln 009E,756,34,32,34,37,28,37,36,34,52,66,67,45,59,47,30,37,29,31,21,F,2011
E01026163,Lincoln 009F,655,39,32,26,32,39,68,56,43,44,48,51,55,45,37,16,7,11,4,2,F,2011
E01026161,Lincoln 010A,710,33,28,30,43,37,58,44,37,48,44,49,42,45,41,28,33,16,33,21,F,2011
E01026170,Lincoln 010B,754,59,39,50,49,62,43,48,35,58,61,47,51,39,30,29,23,11,10,10,F,2011
E01026172,Lincoln 010C,714,39,33,58,57,53,56,50,35,43,59,54,38,35,26,24,24,14,9,7,F,2011
E01026173,Lincoln 010D,785,67,44,68,49,58,62,68,53,41,55,47,38,33,31,18,15,16,16,6,F,2011
E01026175,Lincoln 010E,900,85,35,41,67,77,119,96,56,58,52,51,28,35,32,27,12,12,6,11,F,2011
E01026137,Lincoln 011A,630,28,39,42,43,30,35,28,47,53,52,51,39,41,36,20,15,14,8,9,F,2011
E01026138,Lincoln 011B,738,27,44,41,51,36,30,47,50,57,50,66,64,60,27,28,25,21,10,4,F,2011
E01026139,Lincoln 011C,628,30,31,26,49,22,23,24,27,51,53,55,41,39,45,34,41,22,14,1,F,2011
E01026140,Lincoln 011D,656,41,35,27,32,44,53,57,36,40,58,43,45,45,22,26,20,20,8,4,F,2011
E01026141,Lincoln 011E,774,33,56,65,56,28,19,45,72,65,70,59,36,39,19,22,19,21,23,27,F,2011
E01026142,Lincoln 011F,634,43,33,36,38,44,32,50,32,47,40,56,48,48,22,24,19,11,4,7,F,2011
E01026169,Lincoln 011G,867,34,39,42,63,34,30,28,35,63,77,58,61,65,57,46,56,30,32,17,F,2011
E01026171,Lincoln 011H,762,28,23,32,30,26,33,33,31,42,54,56,48,69,73,67,45,34,24,14,F,2011
E07000139,,55452,2752,2783,3169,3160,2479,2713,2782,3368,4403,4408,3831,3300,4084,3569,2879,2206,1746,1140,680,F,2011
E01026186,North Kesteven 001A,798,21,25,41,45,37,33,24,40,47,70,75,56,59,64,65,37,40,14,5,F,2011
E01026187,North Kesteven 001B,987,51,62,89,66,54,61,67,88,110,101,78,38,44,26,22,15,9,6,0,F,2011
E01026189,North Kesteven 001C,923,26,46,42,39,29,30,28,45,73,70,68,59,83,90,62,55,44,19,15,F,2011
E01026203,North Kesteven 001D,906,32,32,42,48,19,24,38,46,68,53,63,63,90,87,67,56,38,21,19,F,2011
E01026204,North Kesteven 001E,841,27,31,46,41,27,18,34,39,61,62,68,63,89,79,53,49,30,19,5,F,2011
E01026206,North Kesteven 001F,981,58,46,56,64,44,35,49,64,89,78,78,65,70,60,39,30,35,13,8,F,2011
E01026182,North Kesteven 003B,736,39,43,56,38,28,29,36,51,68,65,53,55,52,44,21,24,16,13,5,F,2011
E01026193,North Kesteven 003C,716,18,36,50,47,23,13,21,41,60,73,66,63,61,48,32,29,22,11,2,F,2011
E01026199,North Kesteven 003D,1203,43,73,74,77,31,28,47,76,110,104,82,79,121,94,57,43,30,25,9,F,2011
E01026225,North Kesteven 003E,811,43,45,61,37,43,50,49,64,88,83,62,34,38,32,29,22,17,11,3,F,2011
E01026226,North Kesteven 003F,964,32,24,32,38,34,22,22,40,59,64,61,80,102,109,78,61,46,35,25,F,2011
E01032990,North Kesteven 003G,1232,133,97,91,63,76,176,157,118,109,71,47,40,26,16,6,4,2,0,0,F,2011
E01032994,North Kesteven 003H,667,30,44,45,40,42,26,34,44,51,66,40,46,51,37,28,20,12,7,4,F,2011
E01026184,North Kesteven 004A,852,109,71,52,44,80,112,104,66,66,40,31,8,13,14,13,11,7,7,4,F,2011
E01026185,North Kesteven 004B,946,33,24,54,59,28,35,24,39,67,81,62,51,83,55,59,63,48,51,30,F,2011
E01026188,North Kesteven 004C,1143,93,46,55,47,74,89,102,97,83,56,56,36,53,46,57,60,48,26,19,F,2011
E01026190,North Kesteven 004D,788,47,45,36,44,36,28,36,40,56,51,43,48,54,60,50,50,24,25,15,F,2011
E01026237,North Kesteven 004E,587,18,27,30,32,20,25,26,34,35,40,50,45,61,56,33,23,18,11,3,F,2011
E01026238,North Kesteven 004F,698,46,37,42,54,25,40,31,41,69,60,61,31,46,41,28,14,18,11,3,F,2011
E01026191,North Kesteven 005A,863,49,59,67,45,27,31,43,48,79,79,71,57,65,48,31,18,24,17,5,F,2011
E01026205,North Kesteven 005B,765,32,27,37,45,22,29,41,50,45,58,44,47,57,62,42,30,42,32,23,F,2011
E01026211,North Kesteven 005C,985,64,44,52,52,47,55,45,72,88,71,90,70,83,50,36,17,26,12,11,F,2011
E01026212,North Kesteven 005D,812,54,42,51,41,35,35,33,66,69,72,59,33,58,47,41,31,25,17,3,F,2011
E01026213,North Kesteven 005E,887,28,31,40,42,33,39,48,47,48,58,50,48,75,74,62,60,54,27,23,F,2011
E01026192,North Kesteven 006A,609,28,42,43,30,13,19,22,31,52,45,55,53,55,43,33,20,12,10,3,F,2011
E01026194,North Kesteven 006B,1007,44,59,64,45,31,34,35,67,71,76,61,56,83,63,74,43,44,26,31,F,2011
E01026195,North Kesteven 006C,991,40,56,63,51,32,21,45,70,73,87,90,62,89,71,52,43,28,13,5,F,2011
E01026196,North Kesteven 006D,780,20,29,51,35,27,25,24,40,59,75,64,46,67,76,40,27,36,23,16,F,2011
E01026180,North Kesteven 007A,724,32,34,36,27,29,25,29,41,61,61,65,48,63,62,36,33,13,19,10,F,2011
E01026183,North Kesteven 007B,1326,57,84,84,83,34,44,51,79,111,95,89,75,114,92,80,47,47,37,23,F,2011
E01026210,North Kesteven 007C,1174,47,67,79,58,42,41,59,63,86,91,97,91,101,95,53,34,41,19,10,F,2011
E01026224,North Kesteven 007D,900,30,45,53,58,40,39,52,45,53,64,69,52,77,59,50,29,45,17,23,F,2011
E01026179,North Kesteven 008A,645,70,55,39,34,37,77,59,56,54,32,32,19,25,19,12,9,5,6,5,F,2011
E01026197,North Kesteven 008B,687,25,36,42,34,30,38,28,50,48,56,55,57,52,50,36,27,12,8,3,F,2011
E01026198,North Kesteven 008C,712,80,63,47,24,61,101,84,80,58,51,22,11,18,3,1,0,3,4,1,F,2011
E01026223,North Kesteven 008D,1064,45,39,61,62,40,45,32,73,87,92,68,84,82,83,57,50,26,24,14,F,2011
E01026209,North Kesteven 009A,1114,30,43,48,68,31,25,25,43,83,85,70,79,108,109,97,55,49,37,29,F,2011
E01026221,North Kesteven 009B,1194,47,59,66,71,33,27,45,56,101,115,118,83,110,84,77,41,27,22,12,F,2011
E01026222,North Kesteven 009C,946,24,39,59,57,35,25,30,46,85,71,60,50,73,89,87,55,39,11,11,F,2011
E01026227,North Kesteven 010A,717,35,32,28,42,57,56,44,45,46,45,52,39,40,26,22,42,31,23,12,F,2011
E01026230,North Kesteven 010B,621,40,41,34,42,36,43,35,47,35,41,35,27,40,45,20,25,18,8,9,F,2011
E01026231,North Kesteven 010C,1352,85,66,96,97,84,77,76,84,156,123,70,95,66,61,42,35,15,17,7,F,2011
E01026232,North Kesteven 010D,1179,37,67,64,79,63,68,54,59,86,82,65,68,82,56,65,44,58,54,28,F,2011
E01026235,North Kesteven 010E,843,64,56,36,56,60,56,57,46,37,67,43,38,61,35,40,42,25,13,11,F,2011
E01026228,North Kesteven 011A,764,52,43,58,43,41,70,44,51,72,77,45,38,50,35,18,15,8,3,1,F,2011
E01026229,North Kesteven 011B,784,59,49,44,62,36,43,41,48,83,76,62,40,50,34,27,11,13,4,2,F,2011
E01026233,North Kesteven 011C,905,35,47,58,64,36,44,49,54,90,68,66,51,53,55,38,54,24,13,6,F,2011
E01026234,North Kesteven 011D,1409,85,72,91,109,90,74,79,107,138,138,107,68,62,66,49,38,19,13,4,F,2011
E01026236,North Kesteven 011E,591,27,24,34,36,19,24,22,35,38,36,33,35,51,53,44,34,29,11,6,F,2011
E01026200,North Kesteven 012A,793,35,33,40,44,52,33,37,47,75,61,62,62,62,46,38,24,25,10,7,F,2011
E01026201,North Kesteven 012B,1026,37,61,70,52,28,39,47,47,84,84,72,70,87,71,76,40,27,24,10,F,2011
E01026202,North Kesteven 012C,920,28,36,27,45,17,24,33,46,54,75,48,53,89,80,75,77,57,27,29,F,2011
E01026207,North Kesteven 012D,593,24,22,26,41,19,24,20,29,42,51,42,42,62,51,44,21,16,12,5,F,2011
E01026208,North Kesteven 012E,836,37,39,52,52,36,33,31,37,74,112,59,56,48,49,46,31,20,15,9,F,2011
E01026220,North Kesteven 013A,1184,34,43,41,69,50,39,40,46,80,92,72,67,118,90,104,75,52,41,31,F,2011
E01032988,North Kesteven 013B,713,40,26,43,43,48,50,40,52,65,47,48,44,41,28,29,24,14,18,13,F,2011
E01032989,North Kesteven 013C,709,78,51,30,35,79,100,89,61,57,47,24,21,10,12,5,3,4,3,0,F,2011
E01032993,North Kesteven 013D,735,24,22,39,51,38,22,24,46,36,70,52,46,72,47,49,39,23,22,13,F,2011
E01026214,North Kesteven 014A,608,25,23,34,40,25,19,37,31,40,57,42,35,49,36,34,31,31,13,6,F,2011
E01026215,North Kesteven 014B,593,19,30,28,33,12,21,22,28,43,41,36,38,44,46,45,51,37,13,6,F,2011
E01026218,North Kesteven 014C,587,14,19,16,23,28,20,17,13,38,37,51,44,50,58,53,33,30,31,12,F,2011
E01026219,North Kesteven 014D,615,32,29,27,34,22,28,24,33,43,53,50,43,42,50,42,22,21,16,4,F,2011
E01032991,North Kesteven 014E,729,26,30,50,46,27,23,34,50,59,49,65,52,54,56,45,28,19,9,7,F,2011
E01032992,North Kesteven 014F,682,35,15,27,37,47,34,27,30,52,57,57,47,50,46,33,32,28,21,7,F,2011
E07000140,,45222,2133,2099,2468,2478,2222,2338,2388,2697,3128,3347,2971,2864,3324,2819,2517,2068,1639,1085,637,F,2011
E01026242,South Holland 001A,738,21,25,34,60,35,29,29,34,53,56,62,50,70,56,47,32,28,11,6,F,2011
E01026243,South Holland 001B,712,41,34,49,42,46,40,28,40,45,60,44,45,47,43,39,27,22,12,8,F,2011
E01026244,South Holland 001C,683,23,33,35,39,20,21,28,35,49,50,51,55,70,47,31,33,29,20,14,F,2011
E01026247,South Holland 001D,998,28,34,61,51,38,39,42,43,69,63,75,76,90,73,54,52,52,36,22,F,2011
E01026276,South Holland 001E,1186,37,47,69,61,53,37,64,75,67,93,89,108,112,75,71,61,32,26,9,F,2011
E01026246,South Holland 002A,1184,50,42,54,81,52,33,44,55,94,104,91,94,125,76,62,53,36,23,15,F,2011
E01026248,South Holland 002B,1158,49,49,73,95,47,44,49,68,104,102,91,92,88,61,51,37,22,19,17,F,2011
E01026257,South Holland 002C,985,38,40,40,51,26,29,38,55,51,62,54,59,96,95,82,73,57,32,7,F,2011
E01026250,South Holland 003A,937,50,34,41,42,75,76,60,57,47,70,53,48,51,42,54,46,50,24,17,F,2011
E01026251,South Holland 003B,937,32,41,52,47,34,33,41,52,64,63,70,52,61,64,56,66,44,47,18,F,2011
E01026252,South Holland 003C,919,30,34,55,43,33,34,34,55,66,54,63,49,59,58,80,64,46,42,20,F,2011
E01026253,South Holland 003D,890,51,33,45,42,34,50,57,51,69,63,49,43,58,64,68,58,28,15,12,F,2011
E01026281,South Holland 004A,665,23,40,35,42,20,21,29,48,50,60,49,36,67,40,38,35,15,9,8,F,2011
E01026282,South Holland 004B,893,38,42,51,43,44,34,27,49,67,71,62,48,68,71,65,38,35,23,17,F,2011
E01026283,South Holland 004C,862,36,49,47,43,28,24,33,53,64,60,71,60,79,64,54,38,30,24,5,F,2011
E01026285,South Holland 004D,740,20,30,52,50,21,32,13,37,52,61,64,60,60,50,52,38,28,13,7,F,2011
E01026286,South Holland 004E,626,37,27,40,45,22,31,36,40,39,50,40,43,45,43,37,26,9,9,7,F,2011
E01026241,South Holland 005A,963,54,57,73,59,40,50,67,87,86,85,63,64,72,37,24,20,13,7,5,F,2011
E01026258,South Holland 005B,887,25,24,45,44,42,35,22,44,58,66,75,76,84,87,49,49,33,17,12,F,2011
E01026259,South Holland 005C,883,42,42,55,51,37,47,44,42,74,68,81,67,81,48,36,34,16,13,5,F,2011
E01026260,South Holland 005D,1022,44,45,52,56,54,58,55,51,75,68,47,50,79,55,61,59,48,42,23,F,2011
E01026266,South Holland 006B,1022,70,40,36,58,89,112,86,61,62,75,54,53,46,31,35,35,41,25,13,F,2011
E01026273,South Holland 006C,858,37,35,44,38,28,27,38,55,52,74,51,54,63,68,64,44,43,24,19,F,2011
E01026274,South Holland 006D,1001,71,70,66,60,46,69,80,92,90,73,61,38,38,46,44,28,20,8,1,F,2011
E01026275,South Holland 006E,1032,50,36,41,51,62,97,79,66,57,64,48,51,67,54,66,41,51,30,21,F,2011
E01032995,South Holland 006F,718,28,22,40,33,70,75,44,40,49,32,30,26,30,24,44,43,37,34,17,F,2011
E01032996,South Holland 006G,690,27,42,34,38,29,32,38,46,48,56,43,40,59,39,36,36,22,18,7,F,2011
E01026268,South Holland 007A,1039,75,63,47,45,62,83,70,60,51,59,54,49,65,58,66,41,39,31,21,F,2011
E01026269,South Holland 007B,1143,42,53,51,60,52,54,48,64,74,69,78,62,94,82,68,64,61,30,37,F,2011
E01026270,South Holland 007C,966,70,49,75,60,75,73,70,60,66,74,53,64,39,42,25,29,27,11,4,F,2011
E01026271,South Holland 007D,914,58,45,40,49,80,70,59,55,51,57,60,55,39,46,33,36,36,34,11,F,2011
E01026272,South Holland 007E,625,26,28,34,24,40,40,45,33,50,31,41,35,46,43,37,28,24,18,2,F,2011
E01026254,South Holland 008A,916,36,46,35,37,32,33,38,44,42,75,51,56,81,96,84,46,55,20,9,F,2011
E01026255,South Holland 008B,1023,36,36,41,56,47,60,52,52,67,46,57,66,71,75,78,62,45,43,33,F,2011
E01026256,South Holland 008C,849,29,41,48,52,39,33,30,48,68,64,59,64,70,58,46,48,27,15,10,F,2011
E01026277,South Holland 008D,835,53,44,60,59,59,48,57,41,58,51,37,50,40,37,37,39,26,29,10,F,2011
E01026278,South Holland 008E,714,38,28,42,25,39,34,32,41,60,43,52,53,54,49,46,34,30,7,7,F,2011
E01026279,South Holland 008F,706,33,31,29,32,39,32,43,43,45,40,38,29,39,44,57,58,35,21,18,F,2011
E01026262,South Holland 009A,800,33,30,43,45,44,44,31,37,68,60,73,49,55,65,42,31,27,18,5,F,2011
E01026263,South Holland 009B,1052,79,73,53,41,73,94,103,76,67,76,49,44,41,35,39,36,39,15,19,F,2011
E01026264,South Holland 009C,799,53,46,40,39,47,66,58,49,55,55,54,41,47,43,36,30,18,15,7,F,2011
E01026265,South Holland 009D,695,34,31,30,37,25,34,33,30,50,60,40,38,48,46,38,29,26,34,32,F,2011
E01026267,South Holland 009E,1465,99,82,85,71,102,113,116,106,102,99,83,83,94,60,60,47,41,15,7,F,2011
E01026245,South Holland 010A,1114,33,40,59,51,26,29,37,66,65,99,78,86,109,93,80,65,46,36,16,F,2011
E01026249,South Holland 010B,940,32,46,45,51,26,28,40,60,58,80,71,91,84,75,58,35,27,22,11,F,2011
E01026280,South Holland 010C,1273,55,58,83,83,55,50,68,75,87,119,103,102,105,81,57,38,30,16,8,F,2011
E01026239,South Holland 011A,942,60,56,57,45,45,42,59,70,72,77,54,49,67,52,39,31,29,23,15,F,2011
E01026240,South Holland 011B,1203,52,77,71,77,52,36,58,86,85,115,78,89,102,59,52,37,43,17,17,F,2011
E01026284,South Holland 011C,1020,55,49,81,74,38,33,36,70,86,95,77,72,69,69,39,38,21,12,6,F,2011
E07000141,,69329,3693,3609,4120,3969,3180,3566,3725,4256,5266,5504,4997,4467,4910,4090,3003,2496,2101,1481,896,F,2011
E01026313,South Kesteven 001A,789,32,45,43,36,24,26,23,50,59,83,73,51,56,61,43,33,24,18,9,F,2011
E01026314,South Kesteven 001B,663,36,37,54,31,27,28,31,38,60,60,39,45,38,36,28,31,24,15,5,F,2011
E01026329,South Kesteven 001C,969,47,58,52,60,27,30,35,55,56,93,59,70,80,68,66,40,36,25,12,F,2011
E01026333,South Kesteven 001D,1301,45,104,91,74,33,24,53,91,141,123,121,85,100,75,53,38,28,12,10,F,2011
E01026291,South Kesteven 002A,1002,55,45,65,45,29,28,38,56,77,75,63,74,93,93,55,38,38,25,10,F,2011
E01026340,South Kesteven 002B,1128,43,55,59,59,41,39,52,52,76,100,86,60,92,91,70,57,50,32,14,F,2011
E01026355,South Kesteven 002C,1255,52,67,88,65,37,33,39,71,95,99,83,101,106,92,78,57,50,31,11,F,2011
E01026365,South Kesteven 002D,1182,34,49,53,70,25,25,32,47,88,104,101,96,135,113,82,55,46,20,7,F,2011
E01026325,South Kesteven 003A,790,42,54,62,53,39,31,54,51,71,43,56,41,39,34,22,34,37,21,6,F,2011
E01026326,South Kesteven 003B,799,52,45,42,37,44,30,43,45,53,55,54,54,54,43,36,37,33,21,21,F,2011
E01026327,South Kesteven 003C,711,24,33,43,46,26,17,30,32,48,63,60,54,64,33,36,36,34,23,9,F,2011
E01026328,South Kesteven 003D,796,60,49,59,67,39,40,54,51,56,55,46,47,46,28,31,19,20,20,9,F,2011
E01026352,South Kesteven 003E,640,19,24,23,30,17,21,22,26,45,49,57,60,52,61,45,29,37,11,12,F,2011
E01026353,South Kesteven 003F,879,46,28,26,41,65,58,44,51,45,54,44,44,47,54,41,34,48,58,51,F,2011
E01026354,South Kesteven 003G,610,27,30,33,28,18,19,27,35,36,48,59,49,73,51,30,22,15,7,3,F,2011
E01026320,South Kesteven 004A,929,32,42,62,64,39,22,35,60,78,101,58,51,59,46,41,28,44,38,29,F,2011
E01026321,South Kesteven 004B,680,28,24,43,44,23,24,31,40,48,50,50,51,58,39,27,36,30,22,12,F,2011
E01026322,South Kesteven 004C,569,23,21,19,30,37,38,29,36,38,39,42,24,31,48,45,27,19,13,10,F,2011
E01026323,South Kesteven 004D,942,41,38,43,53,71,72,45,37,72,66,64,68,65,41,32,38,41,39,16,F,2011
E01026324,South Kesteven 004E,1152,62,58,94,81,51,56,61,95,89,110,75,76,84,55,36,30,18,15,6,F,2011
E01026308,South Kesteven 005A,756,79,54,59,56,84,61,57,42,47,48,48,34,35,23,11,10,4,4,0,F,2011
E01026309,South Kesteven 005B,814,51,28,60,54,44,49,62,54,47,64,53,48,61,53,41,23,17,2,3,F,2011
E01026310,South Kesteven 005C,624,59,45,44,45,22,33,51,42,38,44,42,32,39,32,23,13,4,11,5,F,2011
E01026311,South Kesteven 005D,864,62,60,62,59,57,74,58,57,63,50,56,47,33,41,29,32,10,9,5,F,2011
E01026312,South Kesteven 005E,754,78,69,82,71,39,58,68,59,66,43,32,26,22,13,11,5,5,3,4,F,2011
E01026317,South Kesteven 006A,1056,79,46,45,65,118,132,84,79,71,76,61,46,47,34,25,19,9,15,5,F,2011
E01026318,South Kesteven 006B,1010,90,70,62,62,107,119,91,65,76,52,65,28,29,27,18,11,21,8,9,F,2011
E01026319,South Kesteven 006C,1075,63,59,55,62,70,92,69,63,77,82,71,39,70,77,47,43,20,11,5,F,2011
E01026343,South Kesteven 006D,916,59,49,46,51,86,100,67,58,66,55,58,51,35,42,18,19,24,17,15,F,2011
E01026344,South Kesteven 006E,752,43,37,35,46,59,60,43,48,66,73,59,37,39,34,17,23,20,10,3,F,2011
E01026345,South Kesteven 006F,822,38,41,53,50,38,40,36,41,48,51,56,54,48,46,36,39,33,50,24,F,2011
E01026292,South Kesteven 007A,715,43,25,42,30,33,37,41,47,54,68,53,65,74,34,23,23,15,8,0,F,2011
E01026293,South Kesteven 007B,1033,77,45,70,56,58,68,61,86,85,71,77,58,69,42,36,32,18,17,7,F,2011
E01026294,South Kesteven 007C,840,72,50,45,51,34,73,68,66,85,71,54,50,47,20,20,16,11,1,6,F,2011
E01026316,South Kesteven 007D,1259,54,68,80,62,38,34,50,48,100,107,105,123,123,94,57,50,39,18,9,F,2011
E01026332,South Kesteven 007E,1143,47,65,85,62,29,21,38,56,91,111,82,100,93,85,55,42,46,28,7,F,2011
E01026290,South Kesteven 008A,1147,46,71,60,69,32,33,46,61,91,99,99,103,99,62,50,45,39,23,19,F,2011
E01026341,South Kesteven 008B,770,34,45,47,46,26,21,27,46,63,70,61,38,68,59,45,39,16,15,4,F,2011
E01026342,South Kesteven 008C,736,51,48,65,40,27,43,40,63,84,48,61,49,27,46,22,13,3,4,2,F,2011
E01026361,South Kesteven 008D,1396,70,79,77,83,42,51,56,83,120,128,92,87,105,109,63,46,56,33,16,F,2011
E01026315,South Kesteven 009A,1078,44,44,52,63,26,35,40,69,80,93,90,69,110,80,64,34,40,25,20,F,2011
E01026331,South Kesteven 009B,1202,61,53,76,72,37,48,51,71,86,109,98,92,101,82,59,48,29,17,12,F,2011
E01026338,South Kesteven 009C,619,35,51,26,21,15,28,20,48,38,58,57,42,61,46,21,25,15,8,4,F,2011
E01026339,South Kesteven 009D,624,40,44,31,36,32,50,53,40,49,52,39,37,35,33,16,11,16,5,5,F,2011
E01026299,South Kesteven 010A,897,64,33,66,52,50,44,58,47,62,63,54,64,55,38,30,33,32,28,24,F,2011
E01026300,South Kesteven 010B,759,27,41,31,42,31,21,16,54,53,60,68,57,62,58,42,39,31,15,11,F,2011
E01026301,South Kesteven 010C,866,26,29,50,48,34,27,27,37,56,58,53,64,71,78,51,41,45,34,37,F,2011
E01026302,South Kesteven 010D,608,25,25,40,46,31,29,27,47,52,64,48,52,34,22,17,21,14,12,2,F,2011
E01026296,South Kesteven 011B,781,21,40,44,48,26,16,27,35,55,69,59,72,61,52,65,38,35,16,2,F,2011
E01026297,South Kesteven 011C,711,28,23,35,37,29,27,26,31,44,54,52,53,66,46,36,33,33,37,21,F,2011
E01026298,South Kesteven 011D,959,50,32,47,48,70,65,75,52,52,58,44,47,54,36,46,56,41,41,45,F,2011
E01032997,South Kesteven 011E,653,63,53,43,45,33,56,55,59,51,53,31,30,30,16,11,8,6,8,2,F,2011
E01032998,South Kesteven 011F,664,72,53,52,47,50,69,72,54,68,46,30,15,15,14,3,3,1,0,0,F,2011
E01032999,South Kesteven 011G,635,32,27,41,38,31,38,36,25,47,39,47,39,40,33,41,30,25,21,5,F,2011
E01026330,South Kesteven 012A,1152,58,74,81,70,29,31,36,65,116,99,115,83,97,79,40,28,25,14,12,F,2011
E01026360,South Kesteven 012B,1058,28,47,80,52,36,41,46,62,100,97,85,73,90,74,60,32,29,15,11,F,2011
E01026362,South Kesteven 012C,879,48,75,60,49,33,39,39,75,81,97,66,48,49,44,30,19,16,7,4,F,2011
E01026363,South Kesteven 012D,691,41,43,40,38,12,17,30,49,51,52,56,44,58,49,36,26,19,16,14,F,2011
E01026364,South Kesteven 012E,901,38,44,77,48,15,28,41,58,84,78,75,52,60,62,56,39,27,15,4,F,2011
E01026334,South Kesteven 013A,822,39,42,49,65,27,17,31,41,76,99,85,54,65,41,29,16,28,14,4,F,2011
E01026335,South Kesteven 013B,837,21,35,38,35,36,41,36,48,47,55,62,54,76,66,48,41,45,27,26,F,2011
E01026336,South Kesteven 013C,798,46,40,43,41,50,41,33,43,68,58,65,64,56,52,34,25,17,15,7,F,2011
E01026337,South Kesteven 013D,779,27,41,38,37,29,34,34,41,57,53,77,70,75,44,29,35,39,13,6,F,2011
E01026303,South Kesteven 014A,725,57,59,47,48,35,43,50,48,65,58,60,53,48,28,10,12,1,1,2,F,2011
E01026304,South Kesteven 014B,735,39,34,37,38,23,35,31,46,64,46,61,77,64,60,35,21,12,10,2,F,2011
E01026305,South Kesteven 014C,719,40,48,46,34,44,46,61,56,75,68,62,46,50,16,10,7,5,4,1,F,2011
E01026306,South Kesteven 014D,844,36,34,49,62,33,48,47,42,48,63,55,46,59,60,48,33,38,27,16,F,2011
E01026307,South Kesteven 014E,667,34,26,39,30,46,25,38,35,45,53,51,62,55,45,30,27,10,8,8,F,2011
E01026287,South Kesteven 015A,727,30,36,32,48,43,33,48,45,56,50,64,52,45,58,31,27,12,13,4,F,2011
E01026288,South Kesteven 015B,884,60,55,46,40,52,62,67,70,53,60,32,49,53,33,40,35,31,26,20,F,2011
E01026289,South Kesteven 015C,1058,85,55,61,55,54,91,76,90,70,89,59,46,73,56,42,29,10,12,5,F,2011
E01026346,South Kesteven 015D,610,24,36,22,31,39,38,41,45,65,46,47,35,37,30,24,23,16,7,4,F,2011
E01026347,South Kesteven 015E,943,38,23,30,32,29,61,76,52,59,49,56,43,62,54,47,59,68,44,61,F,2011
E01026348,South Kesteven 015F,602,34,30,37,44,27,37,48,35,43,57,36,35,25,25,15,25,22,20,7,F,2011
E01026349,South Kesteven 016A,862,53,31,53,45,43,63,60,59,56,55,44,43,50,41,46,41,28,35,16,F,2011
E01026350,South Kesteven 016B,891,30,22,47,61,37,59,54,46,51,47,47,41,56,60,58,58,51,39,27,F,2011
E01026351,South Kesteven 016C,737,24,23,21,19,40,70,49,40,32,51,51,49,52,58,34,45,39,26,14,F,2011
E01026356,South Kesteven 016D,748,44,47,50,51,29,48,48,69,83,75,65,42,31,30,9,15,5,6,1,F,2011
E01026357,South Kesteven 016E,743,42,36,42,52,33,49,47,56,48,58,65,60,49,41,24,19,11,9,2,F,2011
E01026358,South Kesteven 016F,755,41,26,33,32,28,25,46,45,48,65,49,45,82,58,45,34,25,20,8,F,2011
E01026359,South Kesteven 016G,838,53,39,60,35,28,31,38,43,63,69,62,52,63,57,47,43,27,18,10,F,2011
E07000142,,45840,2139,2193,2674,2862,2027,2036,2158,2481,3495,3689,3452,3197,3512,3031,2249,1820,1430,844,551,F,2011
E01026367,West Lindsey 001A,822,25,29,47,46,37,23,36,33,57,77,72,62,59,48,39,37,39,32,24,F,2011
E01026368,West Lindsey 001B,826,39,31,51,53,42,29,44,35,61,80,62,52,70,55,43,34,29,10,6,F,2011
E01026387,West Lindsey 001C,1347,54,68,89,83,44,36,55,69,108,148,144,109,104,91,61,38,20,17,9,F,2011
E01026416,West Lindsey 001D,663,23,25,48,33,18,22,28,35,43,65,52,55,56,48,34,28,28,12,10,F,2011
E01032683,West Lindsey 001G,1138,46,55,55,65,34,31,46,49,91,99,108,100,102,82,58,42,39,24,12,F,2011
E01026380,West Lindsey 002A,940,53,51,53,74,51,67,58,56,76,69,69,59,57,47,38,24,25,10,3,F,2011
E01026401,West Lindsey 002B,820,23,52,47,51,27,18,33,41,60,71,74,64,69,62,41,26,32,13,16,F,2011
E01026402,West Lindsey 002C,926,24,46,57,53,30,49,50,41,76,76,71,59,85,63,44,36,31,23,12,F,2011
E01026403,West Lindsey 002D,684,28,39,36,43,29,19,24,36,61,61,68,54,49,45,28,21,19,11,13,F,2011
E01026407,West Lindsey 002E,713,22,37,51,52,22,31,33,40,60,84,49,53,43,38,35,33,18,9,3,F,2011
E01026408,West Lindsey 002F,695,17,25,44,30,25,20,28,38,52,42,53,70,57,63,42,32,33,14,10,F,2011
E01026389,West Lindsey 003A,845,37,31,46,46,55,55,41,41,62,61,56,53,52,43,42,38,30,31,25,F,2011
E01026390,West Lindsey 003B,911,46,37,45,53,39,43,44,55,56,55,62,65,72,56,61,49,43,19,11,F,2011
E01026391,West Lindsey 003C,984,43,33,60,77,36,37,28,51,60,65,77,75,89,84,62,38,38,23,8,F,2011
E01026392,West Lindsey 003D,1546,69,75,81,107,56,51,65,88,126,127,117,120,128,114,83,57,48,20,14,F,2011
E01026415,West Lindsey 003E,529,24,34,39,37,26,24,24,26,39,54,35,34,48,27,30,16,7,4,1,F,2011
E01026378,West Lindsey 004A,883,69,67,50,68,50,66,67,63,59,67,50,40,48,47,30,21,10,7,4,F,2011
E01026379,West Lindsey 004B,846,50,47,48,53,52,57,39,47,70,68,70,53,55,43,18,31,25,13,7,F,2011
E01026381,West Lindsey 004C,891,63,42,34,61,56,62,42,54,70,60,42,64,56,64,31,32,25,17,16,F,2011
E01026382,West Lindsey 004D,849,55,42,50,52,51,57,55,55,57,46,46,51,46,50,37,41,34,10,14,F,2011
E01026383,West Lindsey 004E,537,41,26,23,40,57,44,36,27,48,39,32,25,34,15,10,14,15,5,6,F,2011
E01026384,West Lindsey 004F,917,63,48,53,63,62,71,62,47,72,58,42,52,53,49,28,24,38,14,18,F,2011
E01026385,West Lindsey 005A,582,14,32,36,30,16,22,19,29,49,42,56,47,47,52,27,31,18,10,5,F,2011
E01026386,West Lindsey 005B,680,35,42,48,52,39,44,41,42,61,54,53,30,56,43,15,8,10,4,3,F,2011
E01026399,West Lindsey 005C,746,37,43,45,39,26,28,43,49,75,63,55,51,59,56,30,21,17,7,2,F,2011
E01026411,West Lindsey 005D,1223,52,57,77,62,59,43,49,56,104,111,104,95,124,92,53,43,27,11,4,F,2011
E01026374,West Lindsey 006A,752,90,35,52,61,71,66,48,36,56,43,47,30,37,23,21,17,8,7,4,F,2011
E01026375,West Lindsey 006B,849,73,41,45,75,67,48,47,48,56,53,58,55,37,34,34,22,20,15,21,F,2011
E01026376,West Lindsey 006C,972,66,57,56,75,58,67,48,43,56,66,51,57,60,59,39,32,34,27,21,F,2011
E01026377,West Lindsey 006D,1131,61,76,92,66,63,61,69,85,107,81,68,71,63,47,40,24,29,23,5,F,2011
E01026388,West Lindsey 007A,1129,33,45,54,81,22,27,36,57,74,103,100,71,103,87,74,69,56,19,18,F,2011
E01026404,West Lindsey 007B,1133,41,39,63,65,42,48,52,57,81,108,89,95,97,86,68,39,26,22,15,F,2011
E01026409,West Lindsey 007C,571,30,21,36,30,20,26,29,34,53,41,51,48,38,50,28,15,9,7,5,F,2011
E01026410,West Lindsey 007D,839,22,28,35,37,19,18,28,24,56,49,49,65,90,99,97,58,46,14,5,F,2011
E01026372,West Lindsey 008A,1266,45,64,80,86,55,33,57,75,101,119,105,72,103,86,73,50,32,19,11,F,2011
E01026412,West Lindsey 008B,880,44,42,59,56,26,47,25,54,78,68,73,55,59,38,49,40,33,24,10,F,2011
E01026413,West Lindsey 008C,1166,50,89,103,87,33,33,46,69,120,103,88,83,80,46,42,40,31,18,5,F,2011
E01026414,West Lindsey 008D,869,31,46,59,57,46,39,33,42,63,87,79,61,69,75,33,13,24,9,3,F,2011
E01026396,West Lindsey 009A,655,22,20,27,37,29,23,18,24,40,48,48,55,58,72,43,46,26,14,5,F,2011
E01026397,West Lindsey 009B,1171,48,54,55,64,46,53,58,81,81,125,107,87,85,76,43,37,29,23,19,F,2011
E01026398,West Lindsey 009C,761,28,24,37,28,41,28,39,45,49,57,46,60,54,67,45,49,29,22,13,F,2011
E01026400,West Lindsey 009D,865,80,61,68,51,52,77,75,78,93,60,49,32,35,24,10,10,3,3,4,F,2011
E01026393,West Lindsey 010A,753,24,27,37,37,22,13,21,25,64,64,53,44,61,69,52,64,37,29,10,F,2011
E01026394,West Lindsey 010B,973,41,39,40,102,60,60,64,44,67,51,67,67,63,52,50,39,34,18,15,F,2011
E01026395,West Lindsey 010C,763,21,22,26,47,24,29,15,35,35,65,54,57,71,68,56,58,40,28,12,F,2011
E01026405,West Lindsey 010D,717,25,32,66,50,20,12,25,44,55,60,63,51,63,41,32,32,21,10,15,F,2011
E01026406,West Lindsey 010E,656,22,23,36,47,26,16,21,20,55,53,61,56,62,45,43,36,16,14,4,F,2011
E01026366,West Lindsey 011A,1089,52,47,66,48,47,41,61,58,72,85,92,69,108,69,50,56,29,23,16,F,2011
E01026369,West Lindsey 011B,587,19,17,24,31,26,18,19,28,33,47,38,42,61,38,35,29,25,27,30,F,2011
E01026370,West Lindsey 011C,1079,53,47,54,38,23,48,68,61,68,83,66,70,96,88,65,64,49,30,8,F,2011
E01026371,West Lindsey 011D,614,29,32,34,28,24,20,16,37,49,39,52,55,47,36,49,28,23,11,5,F,2011
E01026373,West Lindsey 011E,1057,37,51,57,55,26,36,50,74,80,89,79,97,94,79,58,38,23,18,16,F,2011
E07000150,,31313,2267,1824,1934,1866,1951,2497,2051,2009,2345,2417,2089,1782,1679,1391,1083,929,637,397,165,F,2011
E01026971,Corby 001A,873,64,54,52,40,56,59,53,52,63,86,55,37,43,39,24,42,31,14,9,F,2011
E01026979,Corby 001B,706,35,39,49,40,29,28,22,48,61,64,44,64,67,31,25,28,15,11,6,F,2011
E01026980,Corby 001C,817,34,31,45,56,24,27,23,33,66,69,82,82,69,47,48,30,31,10,10,F,2011
E01026982,Corby 001D,1059,92,88,60,65,81,132,73,78,69,74,55,48,34,40,18,21,14,16,1,F,2011
E01026969,Corby 002A,850,40,37,38,54,33,52,29,34,55,67,67,48,56,66,44,54,35,25,16,F,2011
E01026970,Corby 002B,860,66,50,63,49,50,69,68,48,73,74,65,45,33,33,27,21,15,9,2,F,2011
E01026972,Corby 002C,969,82,61,60,67,56,96,70,62,88,75,52,40,40,28,24,20,21,18,9,F,2011
E01026976,Corby 002D,682,59,36,50,45,54,58,36,50,45,60,52,32,31,22,18,18,7,7,2,F,2011
E01026981,Corby 002E,594,34,21,23,30,21,35,34,25,43,33,50,45,52,41,26,33,25,14,9,F,2011
E01026983,Corby 002F,539,31,27,28,36,46,35,30,26,49,45,39,31,30,37,22,15,5,3,4,F,2011
E01026957,Corby 003A,750,44,31,26,30,59,58,48,37,43,59,53,53,49,35,34,37,28,14,12,F,2011
E01026958,Corby 003B,909,97,70,56,45,63,92,79,65,81,71,43,50,49,15,14,8,5,5,1,F,2011
E01026977,Corby 003C,981,53,43,54,44,48,55,41,61,76,83,80,74,59,77,44,39,25,19,6,F,2011
E01026978,Corby 003D,714,33,38,47,50,26,37,45,45,69,59,42,40,52,46,16,32,16,16,5,F,2011
E01026962,Corby 004A,734,44,41,34,46,48,45,25,44,54,64,58,34,53,43,47,26,17,10,1,F,2011
E01026973,Corby 004B,732,50,41,53,40,41,46,52,42,44,58,50,40,43,32,29,27,21,16,7,F,2011
E01026974,Corby 004C,582,21,24,31,37,27,35,18,25,45,50,51,45,33,37,41,25,20,13,4,F,2011
E01026975,Corby 004D,713,45,32,37,32,37,66,44,46,34,45,48,39,49,31,37,32,35,13,11,F,2011
E01026984,Corby 004E,873,66,43,54,41,58,63,45,43,56,71,53,45,60,47,51,40,22,12,3,F,2011
E01026985,Corby 004F,757,31,32,32,45,37,39,29,37,46,68,44,61,69,63,42,37,27,15,3,F,2011
E01026949,Corby 005A,628,32,21,37,31,41,31,33,30,47,54,50,47,35,28,38,23,27,17,6,F,2011
E01026950,Corby 005B,795,63,52,73,54,56,53,45,54,64,62,43,39,30,34,29,30,12,2,0,F,2011
E01026951,Corby 005C,656,38,47,41,54,50,51,42,49,61,40,36,27,36,27,23,14,13,7,0,F,2011
E01026952,Corby 005D,599,29,37,36,29,33,25,26,37,45,62,64,31,38,24,28,27,11,16,1,F,2011
E01026959,Corby 006A,744,46,40,39,31,54,65,54,46,30,65,56,44,46,40,34,24,19,8,3,F,2011
E01026960,Corby 006B,779,73,58,54,37,61,63,53,59,50,58,34,41,28,37,30,14,11,12,6,F,2011
E01026961,Corby 006C,640,49,42,46,50,41,56,44,34,59,53,42,27,23,20,23,15,12,3,1,F,2011
E01026965,Corby 006D,529,43,28,41,37,54,49,36,28,48,34,30,24,30,17,17,9,2,1,1,F,2011
E01026966,Corby 006E,708,32,39,45,61,42,36,38,39,54,65,49,57,38,37,26,26,11,9,4,F,2011
E01026967,Corby 006F,881,62,65,49,54,45,81,63,44,58,60,59,43,55,41,21,38,23,18,2,F,2011
E01026968,Corby 006G,739,68,55,63,43,67,64,45,50,45,49,44,37,33,28,19,14,10,2,3,F,2011
E01026953,Corby 008A,669,25,20,29,41,28,30,31,30,41,56,60,65,65,62,34,21,20,8,3,F,2011
E01026954,Corby 008B,706,42,31,48,67,40,46,45,51,60,50,54,43,44,30,29,19,5,1,1,F,2011
E01026955,Corby 008C,728,28,33,39,59,30,30,35,46,51,79,82,77,34,33,30,11,17,12,2,F,2011
E01026956,Corby 008D,1018,66,46,60,72,82,110,77,64,73,68,85,63,48,33,30,22,11,5,3,F,2011
E01026963,Corby 009A,702,59,49,50,43,54,75,66,46,60,48,35,42,34,16,6,14,3,1,1,F,2011
E01032963,Corby 009B,798,78,51,45,40,49,96,68,87,70,63,45,34,30,19,12,7,3,1,0,F,2011
E01032964,Corby 009C,866,72,59,85,61,54,80,89,88,74,58,39,27,21,15,10,7,9,12,6,F,2011
E01032965,Corby 009D,685,98,49,40,23,58,102,81,65,52,40,25,18,11,16,3,2,1,0,1,F,2011
E01032966,Corby 009E,878,118,79,49,38,62,134,109,76,60,45,42,24,15,14,7,5,0,1,0,F,2011
E01032967,Corby 009F,871,125,84,73,49,56,93,107,85,83,33,32,19,14,10,3,2,2,1,0,F,2011
E07000151,,39109,2227,2209,2264,2370,1769,1703,1951,2581,3338,3268,2859,2541,2923,2253,1586,1183,1008,662,414,F,2011
E01027005,Daventry 001A,1059,54,51,75,58,25,26,52,72,94,102,83,72,86,72,55,38,20,12,12,F,2011
E01027026,Daventry 001B,989,52,52,54,52,18,33,37,58,93,93,83,72,78,66,33,41,31,21,22,F,2011
E01027030,Daventry 001C,885,32,38,44,74,29,24,25,40,88,91,67,59,95,52,47,33,23,16,8,F,2011
E01027000,Daventry 002A,802,50,44,64,43,29,23,40,71,54,57,53,50,60,43,28,18,24,25,26,F,2011
E01027001,Daventry 002B,750,30,64,65,76,29,24,28,56,91,91,84,32,35,17,9,10,6,3,0,F,2011
E01027002,Daventry 002C,832,47,50,64,55,28,15,33,39,77,73,77,66,77,59,22,20,15,12,3,F,2011
E01027003,Daventry 002D,721,29,35,37,49,40,36,43,51,62,52,71,62,41,35,24,13,14,17,10,F,2011
E01027022,Daventry 002E,913,39,46,54,47,33,32,27,59,85,82,76,72,89,62,40,15,28,19,8,F,2011
E01026994,Daventry 003A,519,21,32,24,25,9,10,21,23,35,47,50,33,53,45,24,19,21,16,11,F,2011
E01026999,Daventry 003D,901,50,44,43,35,29,34,41,66,59,78,64,61,97,60,52,34,32,14,8,F,2011
E01027006,Daventry 003E,927,39,52,78,58,21,27,39,52,82,106,72,69,55,49,48,35,19,14,12,F,2011
E01032968,Daventry 003F,1134,50,52,47,90,33,32,48,64,75,90,80,91,95,84,70,50,39,29,15,F,2011
E01026998,Daventry 004A,891,31,38,36,66,29,30,31,56,75,78,84,85,77,55,57,24,21,9,9,F,2011
E01027015,Daventry 004B,652,24,24,27,53,35,15,25,35,47,60,57,54,53,37,28,29,26,17,6,F,2011
E01027016,Daventry 004C,743,30,47,47,35,30,30,39,55,65,62,73,54,67,37,22,25,11,11,3,F,2011
E01027021,Daventry 004D,931,52,56,62,48,25,18,43,52,77,80,77,66,96,87,38,29,15,7,3,F,2011
E01027027,Daventry 004E,1267,90,93,87,89,46,37,52,107,127,112,92,71,62,63,47,25,38,20,9,F,2011
E01026997,Daventry 005A,959,43,52,61,51,50,27,27,51,91,68,82,51,75,51,33,46,40,40,20,F,2011
E01027018,Daventry 005B,743,26,32,43,46,27,15,23,30,56,60,66,60,71,72,38,34,26,15,3,F,2011
E01027019,Daventry 005C,789,33,36,31,69,56,31,40,51,58,57,61,52,43,49,27,36,28,21,10,F,2011
E01027020,Daventry 005D,636,15,27,20,48,26,19,16,34,36,63,45,38,46,38,47,47,40,19,12,F,2011
E01027023,Daventry 005E,1041,54,56,71,59,44,29,46,48,94,112,68,74,88,73,43,35,20,19,8,F,2011
E01026987,Daventry 006A,606,22,30,34,40,23,15,20,36,64,53,46,35,44,53,45,22,12,7,5,F,2011
E01026989,Daventry 006B,739,82,38,54,34,51,51,56,74,75,57,42,43,29,13,21,12,5,1,1,F,2011
E01026990,Daventry 006C,1329,121,92,79,70,118,126,105,117,119,96,72,60,77,33,18,14,6,3,3,F,2011
E01027012,Daventry 006D,885,53,53,62,51,31,46,51,57,75,52,62,58,77,60,41,22,14,14,6,F,2011
E01027014,Daventry 006E,1164,80,98,102,93,53,42,78,120,124,122,75,44,40,35,21,15,7,10,5,F,2011
E01026986,Daventry 007A,1474,144,107,81,91,116,113,120,134,143,100,69,54,58,47,38,21,22,11,5,F,2011
E01026988,Daventry 007B,824,60,57,55,58,58,65,52,58,66,64,38,37,32,35,30,31,18,6,4,F,2011
E01026991,Daventry 007C,811,25,25,23,21,35,27,31,33,39,40,55,70,102,86,56,44,57,25,17,F,2011
E01026992,Daventry 007D,977,62,37,20,48,75,84,39,30,58,55,44,42,64,46,48,42,69,61,53,F,2011
E01027010,Daventry 007E,579,28,23,23,31,21,19,18,36,50,40,53,54,53,44,34,24,16,10,2,F,2011
E01027007,Daventry 008A,732,60,42,50,43,40,53,47,44,81,51,35,48,37,29,27,9,11,7,18,F,2011
E01027008,Daventry 008B,977,64,41,46,50,67,84,60,63,80,79,75,60,95,44,21,22,11,10,5,F,2011
E01027009,Daventry 008C,760,81,55,44,53,42,57,63,56,59,43,40,38,60,30,9,17,10,2,1,F,2011
E01027013,Daventry 008D,943,91,94,65,74,77,73,76,78,61,59,57,35,43,31,13,7,3,6,0,F,2011
E01027011,Daventry 009A,976,48,48,46,53,30,37,32,55,82,77,77,76,100,65,47,37,32,18,16,F,2011
E01027017,Daventry 009B,736,33,46,37,34,31,39,38,39,56,56,53,44,51,54,30,41,28,14,12,F,2011
E01027024,Daventry 009C,869,44,50,48,40,27,30,43,61,75,80,57,82,71,53,45,19,24,14,6,F,2011
E01027025,Daventry 009D,853,58,47,40,37,38,42,66,65,77,63,45,67,59,53,33,18,26,14,5,F,2011
E01026993,Daventry 010A,991,27,41,58,59,26,20,27,61,74,107,85,84,88,87,47,39,35,17,9,F,2011
E01027004,Daventry 010B,943,50,52,35,42,30,32,54,64,64,85,71,65,86,71,51,31,33,14,13,F,2011
E01027028,Daventry 010C,1069,55,63,74,64,49,42,54,68,116,102,89,69,76,43,48,23,18,12,4,F,2011
E01027029,Daventry 010D,788,48,49,54,58,40,39,45,62,79,73,54,32,42,35,31,17,14,10,6,F,2011
E07000152,,43786,2532,2504,2625,2730,1970,2204,2510,3008,3617,3361,2945,2688,3171,2374,1679,1372,1134,825,537,F,2011
E01027033,East Northamptonshire 001A,918,46,33,55,50,27,24,55,59,73,93,67,70,78,58,37,42,24,21,6,F,2011
E01027043,East Northamptonshire 001B,1002,46,61,61,57,21,33,30,55,75,82,79,83,93,72,41,38,42,16,17,F,2011
E01027050,East Northamptonshire 001C,943,62,48,48,51,29,20,44,71,64,94,70,83,86,57,42,29,17,22,6,F,2011
E01027031,East Northamptonshire 002A,1074,58,59,63,66,42,33,45,49,82,112,104,77,87,62,35,27,27,22,24,F,2011
E01027044,East Northamptonshire 002B,1013,48,59,49,43,27,28,48,55,95,89,83,90,89,75,46,34,30,16,9,F,2011
E01027046,East Northamptonshire 002C,678,30,44,57,57,24,26,26,25,64,68,55,48,48,40,24,21,6,12,3,F,2011
E01027047,East Northamptonshire 002D,635,19,23,41,30,18,24,33,40,57,48,39,44,57,56,26,37,23,12,8,F,2011
E01027048,East Northamptonshire 002E,1041,26,49,115,291,32,28,23,39,60,56,43,50,47,35,34,34,29,25,25,F,2011
E01027049,East Northamptonshire 002F,524,18,15,35,21,16,14,19,26,38,42,40,38,49,30,33,24,31,15,20,F,2011
E01027032,East Northamptonshire 003A,935,38,55,45,51,30,26,33,58,90,81,78,62,86,50,55,33,28,25,11,F,2011
E01027045,East Northamptonshire 003B,948,46,44,47,56,28,37,47,54,66,83,88,66,76,79,38,42,28,17,6,F,2011
E01027075,East Northamptonshire 003C,1050,67,94,78,63,44,51,71,105,108,101,55,46,46,51,36,15,12,5,2,F,2011
E01027076,East Northamptonshire 003D,1112,64,68,70,59,60,48,72,101,88,77,73,63,67,53,41,35,38,24,11,F,2011
E01027077,East Northamptonshire 003E,984,66,82,67,79,37,36,48,106,95,94,68,63,55,30,26,11,13,7,1,F,2011
E01027057,East Northamptonshire 004A,870,43,51,48,44,34,30,43,66,81,66,59,57,88,53,34,26,22,16,9,F,2011
E01027074,East Northamptonshire 004B,1106,65,57,62,67,27,36,59,72,107,104,69,100,89,68,44,30,22,21,7,F,2011
E01027078,East Northamptonshire 004C,1059,43,41,74,55,41,33,41,62,84,96,90,78,85,71,46,44,30,23,22,F,2011
E01027051,East Northamptonshire 005A,886,58,56,49,54,50,64,66,53,59,58,45,70,52,33,31,22,25,16,25,F,2011
E01027052,East Northamptonshire 005B,705,48,38,51,51,33,45,35,50,74,53,47,41,43,40,25,11,12,8,0,F,2011
E01027053,East Northamptonshire 005C,759,26,28,42,55,39,34,29,42,61,61,67,51,82,49,23,22,20,16,12,F,2011
E01027054,East Northamptonshire 005D,620,24,22,27,38,22,18,26,36,39,48,35,48,82,56,34,25,20,14,6,F,2011
E01027055,East Northamptonshire 005E,570,27,32,34,42,27,27,27,44,50,41,35,40,49,33,22,22,13,5,0,F,2011
E01027056,East Northamptonshire 005F,799,49,44,50,51,54,41,48,57,68,42,47,44,45,40,29,24,18,23,25,F,2011
E01027038,East Northamptonshire 006A,817,54,55,52,46,37,61,36,44,67,60,62,43,64,38,31,25,23,14,5,F,2011
E01027039,East Northamptonshire 006B,920,69,58,45,50,46,50,64,66,79,52,52,51,41,54,32,24,27,28,32,F,2011
E01027040,East Northamptonshire 006C,799,45,37,48,37,53,44,49,62,86,56,54,49,55,36,34,19,21,10,4,F,2011
E01027041,East Northamptonshire 006D,834,55,44,50,49,49,44,57,56,63,49,62,44,53,34,38,27,29,25,6,F,2011
E01027042,East Northamptonshire 006E,936,71,65,46,47,62,65,82,84,92,76,73,49,47,32,20,7,13,5,0,F,2011
E01027034,East Northamptonshire 007A,902,44,51,40,56,31,50,47,52,58,59,52,51,63,60,46,34,35,40,33,F,2011
E01027035,East Northamptonshire 007B,706,43,32,43,43,39,36,30,55,51,58,53,35,65,43,22,25,16,10,7,F,2011
E01027037,East Northamptonshire 007D,1097,82,76,63,60,40,51,81,101,111,86,73,48,72,57,30,32,18,11,5,F,2011
E01033244,East Northamptonshire 007E,1176,83,77,69,58,35,69,125,98,127,84,60,61,86,61,22,24,18,13,6,F,2011
E01033245,East Northamptonshire 007F,511,35,32,28,31,19,29,29,40,47,42,38,35,38,19,20,10,11,4,4,F,2011
E01027061,East Northamptonshire 008A,928,59,65,49,63,45,67,63,76,86,61,58,51,47,33,23,33,33,12,4,F,2011
E01027062,East Northamptonshire 008B,1182,78,82,74,70,80,71,63,96,99,73,68,53,71,52,35,39,36,17,25,F,2011
E01027063,East Northamptonshire 008C,903,46,52,56,47,39,45,54,73,76,60,71,51,84,56,43,22,16,8,4,F,2011
E01027064,East Northamptonshire 008D,797,40,31,46,32,33,39,37,42,58,53,59,45,88,57,39,38,26,18,16,F,2011
E01027072,East Northamptonshire 008E,851,71,65,67,67,45,66,60,56,56,59,41,43,40,34,35,16,16,10,4,F,2011
E01027073,East Northamptonshire 008F,1068,71,49,64,48,47,65,75,60,96,74,59,70,78,68,36,39,26,23,20,F,2011
E01027058,East Northamptonshire 009A,756,56,47,45,44,52,57,37,34,51,51,52,48,40,33,32,34,24,16,3,F,2011
E01027059,East Northamptonshire 009B,853,62,52,35,45,56,93,56,53,69,65,40,34,39,43,32,25,20,22,12,F,2011
E01027060,East Northamptonshire 009C,906,56,50,39,52,73,76,67,49,49,56,56,30,41,33,36,33,42,37,31,F,2011
E01027065,East Northamptonshire 009D,889,69,44,51,46,60,105,57,81,63,49,44,39,42,30,23,27,18,26,15,F,2011
E01027069,East Northamptonshire 009E,784,34,31,21,33,53,69,59,42,38,51,63,55,56,38,33,29,38,25,16,F,2011
E01027066,East Northamptonshire 010A,1122,76,79,78,65,29,35,64,94,101,93,63,69,80,54,51,33,22,22,14,F,2011
E01027067,East Northamptonshire 010B,820,36,38,46,35,31,17,33,47,67,51,44,46,80,89,55,47,32,21,5,F,2011
E01027068,East Northamptonshire 010C,1468,99,108,95,94,79,73,120,125,135,126,114,83,81,49,35,30,14,7,1,F,2011
E01027070,East Northamptonshire 010D,802,47,41,56,37,39,40,57,54,54,73,44,46,66,41,45,31,16,12,3,F,2011
E01027071,East Northamptonshire 010E,728,34,40,51,44,36,31,40,43,60,55,54,47,75,39,29,21,14,8,7,F,2011
E07000153,,47781,3070,2852,2779,2658,2511,2931,3014,3424,3749,3542,2949,2748,3229,2408,1757,1404,1246,922,588,F,2011
E01027090,Kettering 001A,732,24,33,33,38,25,25,24,33,67,70,57,64,63,55,34,23,24,14,26,F,2011
E01027103,Kettering 001B,845,39,43,60,42,31,26,32,63,61,83,72,46,79,47,44,31,23,16,7,F,2011
E01027129,Kettering 001C,1114,51,56,51,50,19,35,33,60,88,99,89,118,117,79,56,37,37,23,16,F,2011
E01027094,Kettering 002B,805,30,39,39,41,28,30,27,32,61,61,54,63,67,53,41,37,36,37,29,F,2011
E01027095,Kettering 002C,707,40,39,50,33,34,43,32,63,67,61,44,37,59,29,21,25,15,8,7,F,2011
E01027107,Kettering 002D,642,28,45,33,22,32,46,33,41,37,46,58,46,53,42,33,10,16,13,8,F,2011
E01027108,Kettering 002E,675,20,23,38,45,21,13,17,27,38,53,55,59,72,60,38,24,33,22,17,F,2011
E01027109,Kettering 002F,638,39,33,33,44,31,37,30,43,61,50,46,46,44,44,24,10,14,4,5,F,2011
E01032969,Kettering 002G,663,67,54,57,34,38,76,92,72,50,39,24,23,21,8,7,0,0,0,1,F,2011
E01032970,Kettering 002H,773,68,69,69,36,41,44,73,89,67,50,30,29,43,26,16,11,7,5,0,F,2011
E01032971,Kettering 002I,553,66,27,17,21,46,60,49,47,33,28,26,17,29,17,12,13,11,16,18,F,2011
E01027123,Kettering 003A,830,34,52,53,57,25,37,39,45,62,53,62,56,67,50,34,40,34,24,6,F,2011
E01027124,Kettering 003B,1128,83,63,72,83,52,65,68,79,89,69,76,74,84,58,37,28,18,21,9,F,2011
E01027125,Kettering 003C,899,44,52,43,44,48,42,47,60,68,58,76,81,91,41,34,29,23,16,2,F,2011
E01027126,Kettering 003D,1100,74,66,55,55,68,71,78,70,80,61,69,65,91,61,38,38,32,17,11,F,2011
E01027079,Kettering 004A,918,71,55,51,71,47,71,69,63,78,75,52,35,51,44,33,24,9,11,8,F,2011
E01027080,Kettering 004B,988,46,61,60,50,37,43,47,68,87,80,71,62,82,59,34,33,29,23,16,F,2011
E01027087,Kettering 004C,597,38,28,39,41,31,33,38,29,47,49,39,35,48,37,35,14,11,3,2,F,2011
E01027088,Kettering 004D,650,45,47,41,43,32,29,45,51,61,56,58,32,37,23,13,19,8,5,5,F,2011
E01027089,Kettering 004E,1091,90,55,81,41,45,53,79,75,94,72,66,57,70,53,40,34,31,21,34,F,2011
E01027081,Kettering 005A,762,70,66,43,45,40,61,58,45,68,43,40,44,38,31,13,18,16,16,7,F,2011
E01027082,Kettering 005B,801,89,35,39,49,69,81,70,41,65,54,48,45,37,29,17,12,11,7,3,F,2011
E01027083,Kettering 005C,704,58,42,44,49,47,53,60,51,48,46,38,31,49,24,19,18,17,4,6,F,2011
E01027127,Kettering 005D,970,56,58,68,78,56,59,55,66,80,86,60,50,44,38,22,24,39,23,8,F,2011
E01027128,Kettering 005E,858,51,67,54,53,62,66,49,65,62,62,60,36,55,41,26,24,14,7,4,F,2011
E01027105,Kettering 006A,1009,78,52,44,60,121,116,92,89,74,56,44,50,43,12,23,17,17,11,10,F,2011
E01027106,Kettering 006B,930,85,48,56,49,95,124,108,68,57,43,46,36,37,23,21,15,10,8,1,F,2011
E01027111,Kettering 006C,1064,87,61,51,59,109,103,86,80,70,73,54,47,51,33,19,22,16,22,21,F,2011
E01027112,Kettering 006D,1052,80,64,59,48,83,105,98,77,85,79,67,51,44,37,27,18,13,14,3,F,2011
E01027104,Kettering 007A,1186,126,81,37,47,88,120,99,83,70,66,51,52,66,57,35,36,28,31,13,F,2011
E01027110,Kettering 007B,912,46,31,21,39,75,81,53,67,45,49,41,33,56,35,36,49,68,57,30,F,2011
E01027113,Kettering 007C,1135,51,69,65,65,63,48,55,65,74,92,65,44,58,54,52,49,57,63,46,F,2011
E01027115,Kettering 007D,609,31,30,39,26,15,18,21,31,54,43,37,32,52,43,42,35,25,21,14,F,2011
E01027116,Kettering 007E,1074,85,86,78,56,57,99,95,117,101,77,70,40,44,29,20,11,5,1,3,F,2011
E01027117,Kettering 007F,715,38,27,20,30,58,77,60,43,40,47,37,37,39,39,32,38,28,20,5,F,2011
E01027096,Kettering 008A,621,37,44,48,42,23,24,35,51,37,48,39,37,46,38,27,24,14,4,3,F,2011
E01027097,Kettering 008B,694,29,39,27,40,24,35,30,50,64,53,34,51,85,50,25,25,13,17,3,F,2011
E01027098,Kettering 008C,630,54,48,35,35,25,33,47,56,46,38,55,39,43,24,17,16,9,7,3,F,2011
E01027099,Kettering 008D,792,30,43,45,36,28,25,34,52,58,40,47,54,62,56,57,47,41,22,15,F,2011
E01027122,Kettering 008E,590,28,29,29,26,22,18,30,43,43,28,35,44,70,56,31,18,21,9,10,F,2011
E01027100,Kettering 009A,834,45,42,42,48,27,51,54,49,67,51,49,52,51,45,38,30,42,22,29,F,2011
E01027114,Kettering 009B,809,37,47,54,55,37,46,33,56,65,84,47,58,52,34,28,25,28,17,6,F,2011
E01027130,Kettering 009C,909,58,52,39,45,49,55,61,66,59,64,59,53,63,50,48,32,33,15,8,F,2011
E01027131,Kettering 009D,1037,73,62,58,59,68,94,82,70,81,68,47,49,51,42,34,23,22,31,23,F,2011
E01027084,Kettering 010A,731,31,25,37,25,25,22,34,36,66,67,44,31,57,69,56,52,34,16,4,F,2011
E01027085,Kettering 010B,675,32,39,47,29,26,31,26,45,52,58,34,30,56,47,38,24,21,25,15,F,2011
E01027086,Kettering 010C,866,42,49,62,56,34,27,38,65,77,73,52,45,69,62,51,28,21,11,4,F,2011
E01027120,Kettering 010D,670,31,47,53,50,44,30,32,50,68,78,52,53,35,18,14,4,7,2,2,F,2011
E01027121,Kettering 010E,710,27,51,40,52,25,18,30,36,58,61,65,65,66,55,19,20,12,9,1,F,2011
E01027091,Kettering 011A,972,71,54,68,71,48,42,64,66,81,84,58,58,70,35,31,20,22,20,9,F,2011
E01027092,Kettering 011B,782,35,54,53,52,31,22,45,45,73,67,48,55,44,59,33,26,21,11,8,F,2011
E01027101,Kettering 011C,1271,82,87,91,88,52,78,79,117,101,128,67,54,64,61,43,25,21,23,10,F,2011
E01027102,Kettering 011D,852,46,45,65,35,37,34,42,71,82,60,44,54,71,49,40,25,30,15,7,F,2011
E01027119,Kettering 011F,892,53,55,48,50,29,36,40,64,65,80,43,57,74,64,44,29,27,20,14,F,2011
E01032972,Kettering 011G,728,33,42,39,33,29,21,32,56,56,73,72,67,47,32,23,26,21,17,9,F,2011
E01032973,Kettering 011H,894,114,97,62,46,32,57,84,129,96,59,38,30,25,15,8,0,1,0,1,F,2011
E01032974,Kettering 011I,693,54,44,44,41,27,42,51,53,65,51,38,39,47,36,24,19,10,5,3,F,2011
E07000154,,107992,7783,6458,5964,6446,7942,8683,7934,7756,7448,7650,6491,5747,5924,4353,3395,2887,2398,1710,1023,F,2011
E01027145,Northampton 001A,716,29,36,31,50,65,35,33,25,49,50,48,50,66,43,35,31,22,12,6,F,2011
E01027148,Northampton 001B,737,36,42,43,44,42,52,35,55,58,68,46,63,53,39,26,14,10,9,2,F,2011
E01027149,Northampton 001C,723,31,35,29,30,45,47,30,40,43,58,48,67,92,46,19,15,20,16,12,F,2011
E01027232,Northampton 001D,1414,49,41,46,375,362,87,56,53,54,54,29,49,41,32,33,22,19,10,2,F,2011
E01027218,Northampton 002A,819,26,30,31,46,42,26,34,38,59,71,48,52,82,82,57,37,30,21,7,F,2011
E01027219,Northampton 002B,910,32,26,32,49,33,38,34,33,43,54,65,52,68,84,69,85,60,23,30,F,2011
E01027221,Northampton 002C,902,50,45,51,44,47,58,41,55,54,54,70,64,69,64,35,41,31,17,12,F,2011
E01027222,Northampton 002D,623,15,29,39,48,37,28,22,39,44,68,59,62,51,35,15,13,14,4,1,F,2011
E01027143,Northampton 003A,657,21,43,29,30,30,39,45,32,43,42,49,46,40,48,36,28,22,21,13,F,2011
E01027144,Northampton 003B,778,24,30,33,54,35,29,24,38,59,56,59,65,103,53,40,36,23,12,5,F,2011
E01027146,Northampton 003C,773,48,41,45,37,22,47,33,46,48,48,55,51,69,54,48,33,24,14,10,F,2011
E01027147,Northampton 003D,858,46,39,39,37,57,52,54,46,62,62,36,37,64,34,41,51,39,47,15,F,2011
E01027195,Northampton 004A,773,85,63,66,38,58,68,62,67,50,53,39,39,35,23,12,6,3,3,3,F,2011
E01027245,Northampton 004B,819,72,41,46,48,57,77,67,60,55,69,42,50,38,21,17,17,9,18,15,F,2011
E01027247,Northampton 004C,811,64,65,55,54,52,74,49,58,72,53,56,54,44,30,15,4,5,6,1,F,2011
E01027248,Northampton 004D,841,82,67,68,67,58,67,66,59,55,53,50,37,44,29,16,8,6,8,1,F,2011
E01027249,Northampton 004E,920,94,72,59,71,71,84,80,68,66,47,50,44,43,38,15,6,5,6,1,F,2011
E01027174,Northampton 005A,660,36,49,28,43,14,37,43,40,40,53,62,55,62,35,25,21,7,9,1,F,2011
E01027175,Northampton 005B,814,66,77,55,54,63,76,72,51,54,59,55,59,42,10,7,6,4,3,1,F,2011
E01027178,Northampton 005C,1080,97,95,75,75,92,110,107,83,84,68,56,39,33,25,19,10,6,2,4,F,2011
E01027200,Northampton 005D,778,91,62,58,43,50,73,67,65,45,60,40,26,36,19,17,11,6,4,5,F,2011
E01027246,Northampton 005E,993,124,78,54,75,73,90,83,79,70,56,52,52,47,13,10,14,13,5,5,F,2011
E01027171,Northampton 006A,791,46,50,43,42,36,48,47,61,53,42,40,54,50,41,56,31,29,14,8,F,2011
E01027172,Northampton 006B,820,45,46,39,52,26,28,39,58,53,71,51,46,57,49,25,49,44,25,17,F,2011
E01027182,Northampton 006C,755,35,37,45,40,29,39,28,41,54,46,48,71,68,42,31,34,34,19,14,F,2011
E01027183,Northampton 006D,684,14,20,24,37,28,22,21,24,32,52,55,51,75,60,45,56,42,19,7,F,2011
E01027196,Northampton 007A,814,62,61,43,64,38,66,51,62,55,46,49,58,65,35,18,24,9,5,3,F,2011
E01027197,Northampton 007B,726,40,42,57,35,43,59,58,47,50,48,45,47,50,32,21,24,14,9,5,F,2011
E01027198,Northampton 007C,780,69,65,48,54,49,77,60,55,61,48,42,37,49,29,22,7,3,2,3,F,2011
E01027199,Northampton 007D,737,73,72,58,53,54,56,64,51,39,52,45,39,26,17,14,9,5,5,5,F,2011
E01027190,Northampton 008A,820,22,35,33,33,54,29,38,54,50,52,66,57,65,51,55,46,39,24,17,F,2011
E01027191,Northampton 008B,856,65,43,64,52,74,94,73,54,60,63,56,42,44,27,16,13,11,4,1,F,2011
E01027193,Northampton 008C,735,40,31,40,30,47,47,37,41,44,57,71,62,63,46,26,25,11,12,5,F,2011
E01027194,Northampton 008D,686,32,28,17,32,19,25,36,36,26,49,49,50,68,55,54,47,39,13,11,F,2011
E01027192,Northampton 009A,716,58,43,41,47,106,69,52,63,45,53,32,25,22,15,17,13,9,4,2,F,2011
E01027229,Northampton 009B,820,75,55,43,54,95,63,67,56,53,41,38,40,44,23,17,18,20,12,6,F,2011
E01027230,Northampton 009C,825,68,58,63,47,96,75,60,67,65,45,42,32,21,29,17,13,16,9,2,F,2011
E01027231,Northampton 009D,926,65,68,47,59,100,61,68,62,64,65,56,48,35,30,23,29,17,15,14,F,2011
E01027179,Northampton 010A,957,54,74,66,70,31,41,51,78,78,96,56,50,51,40,26,33,28,17,17,F,2011
E01027180,Northampton 010B,801,38,43,41,35,25,25,43,51,55,56,49,56,57,51,46,50,28,30,22,F,2011
E01027181,Northampton 010C,862,35,25,34,29,31,15,29,55,46,56,38,57,67,76,46,74,59,55,35,F,2011
E01027140,Northampton 011A,658,62,62,55,43,46,31,55,41,40,50,39,40,34,21,14,10,10,4,1,F,2011
E01027142,Northampton 011B,708,41,48,48,42,27,37,50,53,46,49,39,52,59,46,24,18,13,11,5,F,2011
E01027176,Northampton 011C,770,44,45,40,39,35,42,53,39,59,66,65,58,64,26,26,19,13,16,21,F,2011
E01027177,Northampton 011D,829,82,75,66,60,48,68,70,47,57,40,44,36,59,25,24,15,4,6,3,F,2011
E01027168,Northampton 012A,840,53,68,66,57,52,74,70,72,52,48,46,47,29,22,16,15,27,15,11,F,2011
E01027169,Northampton 012B,814,57,58,58,54,36,38,62,51,73,65,58,47,40,34,29,20,15,14,5,F,2011
E01027170,Northampton 012C,816,91,56,43,76,50,69,59,65,63,55,39,37,23,20,18,21,14,12,5,F,2011
E01027173,Northampton 012D,824,67,59,62,57,49,57,71,64,68,54,45,35,40,27,24,20,9,12,4,F,2011
E01027136,Northampton 013A,934,71,60,33,35,70,91,78,81,58,60,39,30,35,26,23,16,39,50,39,F,2011
E01027186,Northampton 013B,848,69,53,38,60,45,39,46,63,82,96,51,40,51,33,20,23,19,16,4,F,2011
E01027188,Northampton 013C,962,62,66,61,73,84,78,68,71,72,79,72,30,27,39,30,22,19,9,0,F,2011
E01027220,Northampton 013D,678,24,21,25,30,24,24,29,32,36,46,45,40,57,80,76,43,21,19,6,F,2011
E01027208,Northampton 014A,739,39,38,58,34,33,40,47,53,75,69,47,45,41,41,30,18,20,8,3,F,2011
E01027209,Northampton 014B,616,44,33,39,25,36,48,58,44,60,61,37,34,32,28,10,6,12,7,2,F,2011
E01027211,Northampton 014C,720,22,38,26,27,24,30,29,48,42,39,41,77,84,57,55,40,22,12,7,F,2011
E01027212,Northampton 014D,720,48,41,38,50,56,52,58,50,62,69,54,51,42,24,12,7,3,2,1,F,2011
E01027184,Northampton 015A,812,56,24,35,37,70,79,78,57,50,36,43,35,30,25,29,24,31,29,44,F,2011
E01027185,Northampton 015B,802,46,34,39,101,113,74,48,35,35,46,35,36,27,20,21,23,20,22,27,F,2011
E01027187,Northampton 015C,637,36,23,26,41,97,54,48,37,47,46,36,33,20,29,23,13,10,11,7,F,2011
E01027189,Northampton 015D,819,53,35,34,31,75,78,57,70,51,65,36,36,59,24,29,28,28,14,16,F,2011
E01027137,Northampton 016A,722,58,51,34,29,51,66,54,49,46,58,50,43,46,32,26,12,6,9,2,F,2011
E01027138,Northampton 016B,782,59,46,40,41,48,51,46,46,53,57,65,61,53,44,21,19,16,11,5,F,2011
E01027139,Northampton 016C,713,46,40,47,36,42,65,66,62,54,63,44,58,44,15,9,8,5,4,5,F,2011
E01027141,Northampton 016D,754,33,44,55,54,43,37,30,45,56,62,73,73,52,33,23,17,13,8,3,F,2011
E01027259,Northampton 016E,801,46,42,51,50,47,51,55,54,53,54,53,74,58,41,28,16,16,7,5,F,2011
E01027239,Northampton 017A,876,85,88,72,62,56,81,65,71,42,59,29,27,34,28,22,17,16,14,8,F,2011
E01027241,Northampton 017B,856,101,66,35,59,77,95,76,67,47,53,31,34,32,27,19,12,7,11,7,F,2011
E01027242,Northampton 017C,830,69,65,50,54,72,62,48,56,68,63,52,35,33,29,25,18,15,11,5,F,2011
E01027243,Northampton 017D,831,75,67,51,39,50,81,74,38,55,66,38,37,36,18,31,22,22,24,7,F,2011
E01027244,Northampton 017E,854,125,74,66,64,63,80,83,68,41,39,33,33,28,10,20,10,7,7,3,F,2011
E01027213,Northampton 018A,773,48,47,44,36,40,62,47,47,66,56,43,35,44,57,23,21,24,20,13,F,2011
E01027214,Northampton 018B,815,52,42,47,37,40,54,43,55,64,58,59,44,52,48,40,32,22,19,7,F,2011
E01027216,Northampton 018C,811,23,33,29,34,41,50,36,44,30,75,67,60,67,58,65,43,36,15,5,F,2011
E01027240,Northampton 018D,731,65,46,52,36,42,37,36,48,60,52,43,32,48,37,15,20,20,19,23,F,2011
E01027207,Northampton 019A,677,20,24,38,23,22,21,30,33,43,55,57,27,59,60,64,47,31,16,7,F,2011
E01027210,Northampton 019B,597,33,42,32,28,31,31,38,37,44,42,43,33,39,46,25,23,11,11,8,F,2011
E01027215,Northampton 019C,748,47,37,48,45,33,34,35,46,58,52,56,56,50,42,34,31,22,17,5,F,2011
E01027217,Northampton 019D,1125,69,50,44,50,51,65,62,70,67,78,51,55,68,70,54,74,69,56,22,F,2011
E01027255,Northampton 020A,686,21,36,32,37,35,25,32,37,46,60,56,47,64,52,39,26,25,10,6,F,2011
E01027256,Northampton 020B,783,28,39,50,39,21,19,24,45,58,52,56,59,51,49,37,42,42,43,29,F,2011
E01027258,Northampton 020C,679,38,35,48,57,22,31,34,56,70,89,60,42,42,21,17,7,3,6,1,F,2011
E01027260,Northampton 020D,717,22,27,48,41,29,27,23,33,48,55,63,61,68,66,30,30,29,12,5,F,2011
E01027152,Northampton 021B,845,66,43,39,51,138,110,97,58,50,51,27,28,22,18,16,10,5,12,4,F,2011
E01027153,Northampton 021C,913,74,28,23,107,143,128,78,43,52,30,47,30,27,27,25,15,14,17,5,F,2011
E01027154,Northampton 021D,851,102,43,38,36,125,96,106,67,47,42,29,18,38,12,11,19,8,12,2,F,2011
E01032978,Northampton 021E,641,61,29,22,27,97,98,68,54,33,29,32,20,21,10,16,11,7,3,3,F,2011
E01032979,Northampton 021F,591,72,35,15,25,94,81,58,53,36,32,21,16,19,11,8,3,8,3,1,F,2011
E01027132,Northampton 022A,1003,67,41,50,39,152,156,106,85,59,67,44,34,30,20,19,10,13,8,3,F,2011
E01027133,Northampton 022B,826,68,40,35,25,76,89,74,89,61,61,33,48,23,27,21,20,25,10,1,F,2011
E01027134,Northampton 022C,893,71,47,40,55,119,106,97,59,54,65,35,30,39,23,16,15,7,9,6,F,2011
E01027135,Northampton 022D,857,73,40,30,37,47,70,81,63,68,69,55,61,39,21,24,18,30,20,11,F,2011
E01027155,Northampton 023A,1000,89,53,35,49,157,182,106,72,50,43,48,28,25,16,9,9,9,11,9,F,2011
E01027225,Northampton 023B,784,60,44,28,38,136,93,97,65,57,39,35,29,24,10,11,6,6,2,4,F,2011
E01027227,Northampton 023C,759,63,39,35,40,104,119,87,62,40,52,34,26,19,9,13,7,5,4,1,F,2011
E01027228,Northampton 023D,933,69,29,25,48,165,130,98,67,68,55,57,36,17,17,15,13,15,5,4,F,2011
E01027151,Northampton 024A,758,71,44,23,34,72,100,83,50,56,44,45,38,36,18,19,9,8,7,1,F,2011
E01027236,Northampton 024B,838,40,34,26,28,38,36,46,34,46,48,60,44,57,53,43,60,58,47,40,F,2011
E01027237,Northampton 024C,1051,91,50,58,37,89,133,96,82,47,56,62,41,69,24,21,36,29,15,15,F,2011
E01027238,Northampton 024D,953,86,63,39,33,90,124,104,84,41,51,46,39,27,36,22,26,22,15,5,F,2011
E01027223,Northampton 025A,932,58,31,31,26,142,193,105,61,50,43,34,33,42,19,13,19,13,10,9,F,2011
E01027224,Northampton 025B,827,71,39,30,41,65,112,76,64,56,58,49,36,45,25,25,18,8,5,4,F,2011
E01027226,Northampton 025C,895,65,34,21,37,117,138,87,73,47,55,47,41,29,26,26,25,15,5,7,F,2011
E01027257,Northampton 025D,724,38,27,22,55,34,32,41,46,48,57,57,41,36,44,39,38,36,23,10,F,2011
E01027233,Northampton 026A,713,110,60,44,48,61,63,53,56,54,53,37,31,23,8,5,2,3,1,1,F,2011
E01027234,Northampton 026B,727,61,60,44,23,23,49,71,74,61,54,33,40,45,24,26,16,9,9,5,F,2011
E01027235,Northampton 026C,799,75,58,51,63,53,68,46,59,63,52,51,31,31,32,20,16,16,10,4,F,2011
E01027252,Northampton 026D,835,96,66,51,47,48,79,60,60,61,42,66,38,28,27,16,12,19,16,3,F,2011
E01027156,Northampton 027A,655,60,51,46,40,37,59,51,57,40,44,35,25,42,20,12,14,10,10,2,F,2011
E01027159,Northampton 027B,637,38,34,36,41,26,43,40,48,44,52,38,41,38,30,24,21,21,8,14,F,2011
E01027160,Northampton 027C,911,89,58,41,59,49,82,90,75,76,81,62,37,44,24,16,12,7,4,5,F,2011
E01027161,Northampton 027D,829,64,53,50,53,43,58,62,51,62,52,62,29,39,40,44,19,25,16,7,F,2011
E01027158,Northampton 028B,734,62,36,29,34,50,88,64,57,55,49,39,36,34,28,29,22,12,7,3,F,2011
E01027201,Northampton 028C,1072,81,76,79,49,54,70,62,94,78,85,63,55,56,38,37,33,32,18,12,F,2011
E01027202,Northampton 028D,783,38,52,40,33,26,21,37,52,56,65,66,54,64,59,44,30,23,13,10,F,2011
E01032980,Northampton 028E,675,61,27,24,27,118,162,88,57,25,27,17,17,9,3,2,5,0,4,2,F,2011
E01032981,Northampton 028F,752,67,41,26,36,83,109,93,54,48,50,41,25,32,16,11,6,8,3,3,F,2011
E01027250,Northampton 029A,691,36,30,35,32,27,45,40,51,47,53,80,48,59,35,18,21,25,7,2,F,2011
E01027253,Northampton 029C,932,56,60,54,57,45,56,58,70,66,75,59,79,82,40,37,18,16,1,3,F,2011
E01027254,Northampton 029D,906,57,66,70,46,42,50,46,84,71,93,66,61,54,42,26,13,9,6,4,F,2011
E01032975,Northampton 029E,850,91,63,47,44,47,82,94,89,76,79,41,33,37,5,11,7,3,1,0,F,2011
E01032976,Northampton 029F,677,47,35,15,16,36,65,68,54,31,23,22,18,27,22,31,45,55,46,21,F,2011
E01032977,Northampton 029G,915,112,97,67,50,66,113,127,100,57,42,29,21,17,9,6,1,1,0,0,F,2011
E01027162,Northampton 030A,782,56,56,36,49,58,80,81,73,62,69,41,33,33,16,12,14,10,3,0,F,2011
E01027163,Northampton 030B,706,40,44,34,39,32,34,43,41,62,64,57,41,55,33,22,24,20,19,2,F,2011
E01027164,Northampton 030C,769,72,48,51,45,57,86,74,85,63,60,49,27,26,13,9,1,1,2,0,F,2011
E01027165,Northampton 030D,661,44,44,58,37,34,38,49,50,61,57,66,43,35,20,13,7,4,1,0,F,2011
E01027166,Northampton 030E,819,72,55,50,47,51,68,83,83,72,68,51,45,31,11,13,9,7,2,1,F,2011
E01027167,Northampton 030F,740,55,41,45,42,29,42,55,51,60,65,64,51,38,29,20,19,17,10,7,F,2011
E01027203,Northampton 031A,851,65,75,92,68,29,50,59,90,96,89,60,22,21,15,10,3,2,4,1,F,2011
E01027204,Northampton 031B,884,61,53,58,76,37,37,52,89,76,86,53,39,35,35,28,18,28,12,11,F,2011
E01027205,Northampton 031C,1116,91,99,135,82,27,51,83,136,139,117,63,30,24,22,10,5,0,2,0,F,2011
E01027206,Northampton 031D,1480,87,107,130,95,42,48,84,159,133,126,108,80,61,56,49,35,33,30,17,F,2011
E07000155,,43231,2292,2561,2633,2417,1680,1790,2298,3061,3770,3829,3176,2746,3258,2374,1686,1349,1085,772,454,F,2011
E01027282,South Northamptonshire 001A,842,37,52,49,63,43,27,46,60,50,72,76,61,73,41,19,35,20,9,9,F,2011
E01027283,South Northamptonshire 001B,830,33,49,57,58,27,23,38,40,70,74,56,72,58,51,33,29,31,20,11,F,2011
E01027285,South Northamptonshire 001C,868,44,45,53,57,39,34,27,58,79,75,65,63,63,59,31,32,20,18,6,F,2011
E01027286,South Northamptonshire 001D,782,23,42,36,47,32,28,29,47,61,65,51,52,67,62,50,27,36,18,9,F,2011
E01027287,South Northamptonshire 001E,865,42,47,59,41,35,31,34,36,70,70,55,58,81,81,36,40,27,14,8,F,2011
E01027273,South Northamptonshire 002A,914,36,49,63,41,20,19,42,54,73,96,60,65,81,79,44,31,34,20,7,F,2011
E01027274,South Northamptonshire 002B,796,24,44,56,57,22,20,34,55,64,93,61,65,65,50,31,25,18,9,3,F,2011
E01027275,South Northamptonshire 002C,715,37,32,35,36,20,21,27,44,47,67,56,49,68,60,47,32,18,18,1,F,2011
E01027308,South Northamptonshire 002D,823,31,43,42,46,35,23,34,45,77,85,66,56,73,46,37,35,27,10,12,F,2011
E01027263,South Northamptonshire 003A,922,44,33,43,41,41,35,42,44,61,73,67,61,103,74,66,27,28,32,7,F,2011
E01027279,South Northamptonshire 003C,862,50,43,31,53,37,36,38,40,56,82,59,51,88,56,51,36,28,14,13,F,2011
E01027284,South Northamptonshire 003D,997,52,64,52,44,42,41,44,69,88,79,88,83,81,50,40,26,15,24,15,F,2011
E01027294,South Northamptonshire 003E,933,50,55,62,60,30,56,48,67,89,93,60,63,72,44,25,27,22,8,2,F,2011
E01032982,South Northamptonshire 003F,658,63,50,33,42,36,55,70,69,52,40,24,9,19,14,9,18,15,25,15,F,2011
E01032983,South Northamptonshire 003G,772,74,76,75,51,24,50,68,109,98,58,32,16,21,8,6,3,3,0,0,F,2011
E01032984,South Northamptonshire 003H,804,88,90,62,42,27,39,104,129,86,55,23,21,15,13,5,3,2,0,0,F,2011
E01032985,South Northamptonshire 003I,796,48,47,34,46,26,27,30,56,81,64,62,38,56,54,34,26,29,22,16,F,2011
E01027262,South Northamptonshire 004A,806,32,39,47,33,31,24,24,58,66,71,82,74,71,48,36,31,24,6,9,F,2011
E01027277,South Northamptonshire 004B,919,42,62,59,47,24,32,30,58,85,68,85,81,87,45,36,35,22,15,6,F,2011
E01027289,South Northamptonshire 004C,854,35,39,44,39,19,16,36,48,55,66,73,76,89,60,41,37,26,35,20,F,2011
E01027300,South Northamptonshire 004D,707,37,38,46,53,41,27,29,53,48,78,78,58,42,25,19,15,8,10,2,F,2011
E01027303,South Northamptonshire 004E,716,44,35,36,37,38,43,47,53,61,77,43,48,44,35,21,22,15,8,9,F,2011
E01027297,South Northamptonshire 005A,837,39,45,47,49,25,21,50,43,77,66,75,60,75,47,48,29,21,14,6,F,2011
E01027298,South Northamptonshire 005B,643,35,32,38,34,27,27,40,36,45,67,63,56,62,32,10,19,13,3,4,F,2011
E01027299,South Northamptonshire 005C,771,34,44,39,50,35,49,42,57,53,57,45,56,70,37,26,26,18,13,20,F,2011
E01027301,South Northamptonshire 005D,1093,74,79,67,68,44,77,85,128,125,89,67,34,41,28,20,22,21,14,10,F,2011
E01027302,South Northamptonshire 005E,756,54,36,40,34,45,59,53,44,61,56,45,27,43,28,27,34,38,20,12,F,2011
E01027291,South Northamptonshire 006A,768,24,43,59,43,19,15,30,45,78,56,48,36,70,60,39,39,29,19,16,F,2011
E01027292,South Northamptonshire 006B,579,17,29,38,33,29,25,22,34,45,62,34,43,39,36,31,14,27,17,4,F,2011
E01027293,South Northamptonshire 006C,633,27,34,41,36,34,18,24,42,67,61,59,38,43,31,24,21,17,12,4,F,2011
E01027304,South Northamptonshire 006D,856,36,48,50,48,15,14,30,60,74,86,67,69,86,70,41,29,16,7,10,F,2011
E01027305,South Northamptonshire 006E,982,40,55,51,59,31,22,36,57,71,96,76,67,88,56,41,33,27,40,36,F,2011
E01027261,South Northamptonshire 007A,1041,47,65,79,62,35,33,45,70,104,92,81,67,80,63,36,31,22,18,11,F,2011
E01027295,South Northamptonshire 007B,1065,63,60,57,57,34,47,51,83,95,99,83,72,88,67,47,24,12,15,11,F,2011
E01027306,South Northamptonshire 007C,880,30,59,62,42,32,25,32,51,79,105,70,61,83,52,36,23,18,18,2,F,2011
E01027276,South Northamptonshire 008A,1241,87,86,66,53,44,53,78,92,117,100,103,74,75,66,66,42,20,12,7,F,2011
E01027280,South Northamptonshire 008B,1249,86,93,84,76,46,64,99,121,105,110,98,73,74,58,22,21,9,9,1,F,2011
E01027281,South Northamptonshire 008C,857,47,48,50,43,39,41,73,73,56,61,64,55,62,38,39,32,19,12,5,F,2011
E01027307,South Northamptonshire 008D,1008,45,56,40,48,34,42,60,57,71,88,78,79,98,68,53,32,33,16,10,F,2011
E01027265,South Northamptonshire 009A,771,44,36,30,35,31,32,41,47,52,52,56,52,74,52,37,33,29,24,14,F,2011
E01027266,South Northamptonshire 009B,681,27,38,41,51,23,14,19,38,74,71,63,36,41,43,36,14,17,15,20,F,2011
E01027270,South Northamptonshire 009C,844,61,79,82,53,35,25,39,88,125,100,56,31,26,18,11,8,5,1,1,F,2011
E01027271,South Northamptonshire 009D,798,54,45,78,38,43,41,39,80,98,89,50,29,39,22,8,16,17,7,5,F,2011
E01027272,South Northamptonshire 009E,795,43,71,58,57,35,52,54,49,81,74,63,37,59,23,18,7,11,2,1,F,2011
E01027264,South Northamptonshire 010A,755,33,32,27,32,41,47,31,43,55,60,53,69,48,39,28,24,43,30,20,F,2011
E01027267,South Northamptonshire 010B,597,36,33,55,24,28,38,50,46,58,46,29,18,25,30,25,24,7,18,7,F,2011
E01027268,South Northamptonshire 010C,622,40,26,31,51,28,41,44,47,54,60,45,34,37,33,18,16,10,6,1,F,2011
E01027269,South Northamptonshire 010D,707,34,36,45,40,40,45,39,46,56,55,39,31,51,39,30,22,28,22,9,F,2011
E01027288,South Northamptonshire 011A,1103,51,69,73,65,37,43,53,65,94,80,87,81,84,55,44,52,36,20,14,F,2011
E01027290,South Northamptonshire 011B,1117,65,55,69,51,53,45,69,61,95,90,84,75,90,65,57,37,30,18,8,F,2011
E01027296,South Northamptonshire 011C,1001,53,55,62,51,29,28,49,66,88,100,73,66,90,63,51,33,24,15,5,F,2011
E07000156,,38417,2487,2193,2249,2159,1991,2361,2345,2652,2923,2792,2521,2284,2666,2038,1459,1213,1019,698,367,F,2011
E01027326,Wellingborough 001A,740,39,33,36,27,36,27,39,40,55,46,50,50,68,76,43,24,20,24,7,F,2011
E01027327,Wellingborough 001B,741,30,30,39,51,49,40,41,39,64,49,53,58,57,38,27,23,25,11,17,F,2011
E01027328,Wellingborough 001C,680,47,43,45,39,25,42,39,59,42,45,32,44,65,38,17,23,18,10,7,F,2011
E01027338,Wellingborough 001D,1145,30,55,62,58,38,33,52,48,92,111,98,83,117,78,66,42,38,31,13,F,2011
E01027330,Wellingborough 002A,875,76,64,63,66,43,81,81,65,62,61,44,45,35,34,25,12,9,8,1,F,2011
E01027331,Wellingborough 002B,717,66,51,44,35,46,56,45,44,45,36,38,23,55,37,32,34,18,9,3,F,2011
E01027332,Wellingborough 002C,775,22,35,41,40,22,32,29,49,52,55,53,51,56,57,54,66,33,22,6,F,2011
E01027333,Wellingborough 002D,1177,79,94,92,75,42,71,91,97,100,104,83,76,50,46,46,15,9,5,2,F,2011
E01027334,Wellingborough 002E,730,102,63,70,52,52,75,66,37,51,50,34,26,17,16,6,4,3,5,1,F,2011
E01027343,Wellingborough 003A,753,41,43,37,40,29,44,38,59,64,54,55,64,56,48,27,23,22,5,4,F,2011
E01027344,Wellingborough 003B,722,34,29,35,41,37,26,24,43,49,55,51,52,64,60,41,26,30,16,9,F,2011
E01027345,Wellingborough 003C,680,40,35,43,56,33,19,41,51,61,55,65,55,57,26,16,13,12,2,0,F,2011
E01027346,Wellingborough 003D,724,51,53,44,49,36,47,56,58,68,66,63,46,39,16,14,12,3,2,1,F,2011
E01027347,Wellingborough 003E,992,60,53,64,60,44,47,51,66,103,69,74,80,85,70,19,20,23,4,0,F,2011
E01027313,Wellingborough 004A,835,55,37,45,48,70,81,71,57,50,59,55,44,49,26,32,27,16,10,3,F,2011
E01027314,Wellingborough 004B,932,64,43,33,41,88,130,73,63,58,56,56,42,47,33,31,22,17,18,17,F,2011
E01027315,Wellingborough 004C,1122,97,47,52,59,108,130,106,100,71,78,44,46,54,19,29,19,24,19,20,F,2011
E01027316,Wellingborough 004D,756,66,47,37,39,62,69,45,64,54,44,52,27,33,37,26,18,23,12,1,F,2011
E01027339,Wellingborough 005A,716,64,54,45,45,58,49,45,48,56,48,45,32,38,48,15,12,5,6,3,F,2011
E01027340,Wellingborough 005B,783,59,53,40,40,39,41,45,49,57,48,39,40,58,47,44,45,22,10,7,F,2011
E01027341,Wellingborough 005C,798,74,59,51,55,60,51,63,57,62,50,37,25,61,38,17,17,14,4,3,F,2011
E01027342,Wellingborough 005D,774,46,50,53,33,48,69,58,58,50,53,45,30,47,20,19,23,18,25,29,F,2011
E01027349,Wellingborough 006A,761,40,34,24,27,69,93,55,49,53,58,34,40,45,43,28,17,24,21,7,F,2011
E01027350,Wellingborough 006B,735,32,29,29,31,41,59,39,39,44,46,55,52,47,52,38,30,31,25,16,F,2011
E01027351,Wellingborough 006C,809,54,38,35,37,42,46,53,42,45,49,44,51,54,38,49,45,38,29,20,F,2011
E01027352,Wellingborough 006D,735,45,38,37,41,35,47,55,58,54,37,48,41,39,25,21,25,37,32,20,F,2011
E01027309,Wellingborough 007A,783,37,28,28,46,29,27,40,47,54,56,50,56,79,59,43,32,35,27,10,F,2011
E01027310,Wellingborough 007B,803,89,65,69,50,58,66,58,48,62,53,46,43,33,25,15,13,3,5,2,F,2011
E01027311,Wellingborough 007C,696,38,37,51,53,30,23,29,51,58,65,44,38,44,32,18,24,27,21,13,F,2011
E01027312,Wellingborough 007D,754,50,51,45,31,34,56,52,45,51,51,33,38,54,50,46,31,22,6,8,F,2011
E01027317,Wellingborough 008A,818,54,45,55,56,56,30,34,60,57,69,47,50,51,42,28,23,35,20,6,F,2011
E01027318,Wellingborough 008B,787,84,82,52,54,58,76,58,48,48,50,42,17,33,27,19,13,12,8,6,F,2011
E01027319,Wellingborough 008C,773,59,48,51,57,37,54,46,66,69,49,50,46,33,35,25,24,11,8,5,F,2011
E01027320,Wellingborough 008D,976,83,65,75,45,55,78,91,65,75,64,51,50,34,43,29,27,30,13,3,F,2011
E01027321,Wellingborough 008E,799,46,67,68,48,31,41,51,81,111,76,47,33,37,23,12,12,8,4,3,F,2011
E01027322,Wellingborough 009A,588,30,24,36,39,27,26,27,47,60,53,52,38,42,27,16,12,19,10,3,F,2011
E01027323,Wellingborough 009B,760,56,52,42,48,25,44,44,60,51,53,42,42,47,38,34,21,29,24,8,F,2011
E01027324,Wellingborough 009C,605,29,29,32,29,17,17,19,30,50,41,48,51,71,49,32,13,22,21,5,F,2011
E01027325,Wellingborough 009D,812,55,44,47,51,35,39,50,64,60,61,61,42,69,45,29,29,14,16,1,F,2011
E01027329,Wellingborough 009E,875,32,28,41,41,21,23,30,51,58,69,70,69,99,69,52,51,35,22,14,F,2011
E01027353,Wellingborough 009F,886,39,34,45,44,34,22,28,56,64,73,84,72,69,48,55,58,30,20,11,F,2011
E01027335,Wellingborough 010A,736,26,21,39,45,31,26,31,22,58,57,54,55,101,58,43,27,23,13,6,F,2011
E01027336,Wellingborough 010B,773,44,42,40,45,31,35,32,50,42,67,49,50,52,45,35,30,36,29,19,F,2011
E01027337,Wellingborough 010C,904,57,46,51,41,39,44,53,88,67,66,53,60,71,56,37,42,21,8,4,F,2011
E01027348,Wellingborough 010D,1043,56,60,55,46,20,44,51,69,85,82,93,82,100,72,41,37,20,23,7,F,2011
E01027354,Wellingborough 010E,1213,60,70,80,57,48,60,81,106,96,96,106,70,82,66,33,31,35,24,12,F,2011
E01027355,Wellingborough 010F,826,50,45,51,48,23,25,39,59,85,59,52,59,72,63,35,26,20,11,4,F,2011
E07000170,,60902,3663,3322,3469,3558,3619,3609,3655,3980,4750,4667,4021,3589,3780,3419,2596,2033,1496,1080,596,F,2011
E01027979,Ashfield 001A,806,30,26,28,41,40,25,33,30,52,64,63,78,60,89,46,44,37,6,14,F,2011
E01027980,Ashfield 001B,796,57,56,59,60,47,48,39,61,66,52,60,42,35,32,32,21,15,9,5,F,2011
E01027981,Ashfield 001C,773,35,33,23,45,35,30,24,43,53,66,55,60,70,73,41,35,30,13,9,F,2011
E01027983,Ashfield 001D,760,51,47,49,60,56,45,52,49,64,70,41,41,42,30,19,20,10,10,4,F,2011
E01027970,Ashfield 002A,711,48,34,42,29,53,42,46,50,57,63,45,35,50,41,34,18,17,7,0,F,2011
E01027971,Ashfield 002B,677,32,23,24,40,27,40,28,23,46,56,46,62,68,67,40,22,20,10,3,F,2011
E01027982,Ashfield 002C,741,35,37,27,35,31,36,36,46,44,58,46,53,47,60,37,43,29,30,11,F,2011
E01027984,Ashfield 002D,755,46,23,42,50,35,42,49,41,66,73,59,39,47,46,36,28,19,9,5,F,2011
E01027966,Ashfield 003A,721,30,41,47,43,34,41,41,37,55,40,49,40,47,48,53,22,24,24,5,F,2011
E01027986,Ashfield 003B,655,29,36,38,38,40,33,41,39,45,40,50,39,55,44,25,23,13,19,8,F,2011
E01027987,Ashfield 003C,943,86,76,54,64,68,88,81,62,67,60,37,48,33,35,33,19,13,14,5,F,2011
E01027990,Ashfield 003D,936,63,57,50,49,51,52,59,74,95,78,68,52,55,46,37,21,21,7,1,F,2011
E01027967,Ashfield 004A,818,69,35,43,49,76,85,44,66,66,56,50,32,46,31,24,17,16,8,5,F,2011
E01027972,Ashfield 004B,1157,86,81,83,71,53,79,77,91,108,94,70,55,58,43,45,27,24,8,4,F,2011
E01027977,Ashfield 004C,976,62,43,56,65,86,61,57,60,80,65,72,58,50,42,30,30,24,19,16,F,2011
E01027978,Ashfield 004D,901,82,54,50,53,96,98,55,67,77,57,44,45,34,25,25,15,11,9,4,F,2011
E01027985,Ashfield 004E,948,80,64,61,54,59,67,80,71,81,71,51,38,43,46,28,22,12,17,3,F,2011
E01027964,Ashfield 005A,815,53,35,44,52,61,56,48,49,68,58,46,37,33,42,29,34,40,16,14,F,2011
E01027965,Ashfield 005B,805,59,52,46,51,55,44,38,52,53,53,41,31,32,16,28,30,45,47,32,F,2011
E01027968,Ashfield 005C,660,37,39,43,39,48,29,40,35,40,42,33,37,39,34,27,29,28,22,19,F,2011
E01027974,Ashfield 005D,840,63,74,70,75,52,63,52,41,56,64,56,40,28,36,23,29,10,4,4,F,2011
E01027976,Ashfield 005E,836,44,43,34,39,50,56,35,43,47,58,59,41,38,50,49,49,35,34,32,F,2011
E01027969,Ashfield 006A,708,42,37,34,43,52,38,49,43,69,51,43,44,49,37,17,22,18,14,6,F,2011
E01027975,Ashfield 006B,842,46,41,52,45,53,59,51,61,74,72,73,42,39,40,39,21,18,14,2,F,2011
E01027988,Ashfield 006C,811,41,33,31,46,50,44,44,53,65,56,53,44,80,53,38,42,20,16,2,F,2011
E01027989,Ashfield 006D,796,26,33,26,30,36,40,40,45,42,44,55,59,94,83,58,43,19,13,10,F,2011
E01027991,Ashfield 006E,610,27,39,38,26,30,35,42,34,53,48,51,25,44,37,37,14,17,9,4,F,2011
E01027992,Ashfield 006F,1107,58,93,78,62,57,52,100,116,135,104,72,47,42,42,21,15,6,4,3,F,2011
E01027949,Ashfield 007A,837,43,51,62,38,45,40,54,48,60,65,68,48,54,48,30,32,26,14,11,F,2011
E01027951,Ashfield 007B,835,97,69,53,62,66,64,51,57,47,43,46,43,46,36,23,21,7,3,1,F,2011
E01027953,Ashfield 007C,756,18,43,37,43,34,25,32,42,45,61,63,62,85,63,42,31,16,12,2,F,2011
E01027954,Ashfield 007D,824,63,61,48,41,78,72,76,51,69,45,58,39,38,29,21,15,10,7,3,F,2011
E01027973,Ashfield 007E,851,49,29,56,49,63,28,29,72,58,85,50,51,61,44,47,35,19,14,12,F,2011
E01027952,Ashfield 008A,934,67,46,52,56,58,65,64,59,66,68,50,46,59,43,31,36,25,20,23,F,2011
E01027955,Ashfield 008B,633,50,38,42,35,49,38,52,40,38,51,44,51,31,29,16,16,5,4,4,F,2011
E01027956,Ashfield 008C,796,56,49,52,41,43,38,50,47,54,39,39,49,50,45,50,39,28,17,10,F,2011
E01027958,Ashfield 008D,737,71,48,43,46,56,60,46,48,56,51,57,31,29,26,29,13,14,11,2,F,2011
E01027947,Ashfield 009A,873,48,56,56,52,31,41,50,58,70,81,50,58,59,42,45,29,21,14,12,F,2011
E01027948,Ashfield 009B,961,55,44,61,62,61,59,69,53,68,83,70,61,59,39,30,33,24,14,16,F,2011
E01027950,Ashfield 009C,1001,51,41,43,46,49,72,57,66,76,64,68,72,60,52,57,49,46,18,14,F,2011
E01027957,Ashfield 009D,638,29,26,45,45,27,38,36,40,60,46,36,49,29,29,36,31,13,16,7,F,2011
E01027959,Ashfield 009E,733,34,42,62,72,38,30,35,50,80,96,59,41,28,24,15,11,8,4,4,F,2011
E01027995,Ashfield 010A,808,33,41,32,36,38,41,61,48,50,71,69,59,83,58,26,24,15,17,6,F,2011
E01027996,Ashfield 010B,1026,67,51,47,75,71,47,56,73,98,86,78,61,48,57,36,21,33,15,6,F,2011
E01027997,Ashfield 010C,840,36,19,42,52,38,46,40,29,77,55,69,60,78,70,50,41,18,13,7,F,2011
E01027998,Ashfield 010D,946,49,52,38,46,49,66,44,47,65,68,56,59,88,80,47,39,33,16,4,F,2011
E01027960,Ashfield 011A,839,42,50,37,43,45,43,43,49,58,64,55,59,58,72,41,36,13,23,8,F,2011
E01027961,Ashfield 011B,920,36,37,45,55,34,28,44,61,78,65,61,62,100,68,58,36,25,19,8,F,2011
E01027962,Ashfield 011C,755,45,42,59,30,39,44,52,45,64,65,62,46,53,33,26,18,18,11,3,F,2011
E01027963,Ashfield 011D,914,49,61,73,70,30,33,44,80,63,66,44,45,60,37,34,41,22,42,20,F,2011
E01027945,Ashfield 012A,871,46,48,51,45,44,42,65,54,65,74,56,57,55,55,39,30,16,23,6,F,2011
E01027946,Ashfield 012B,736,35,36,22,53,48,36,27,25,59,68,62,67,43,57,38,30,14,14,2,F,2011
E01027993,Ashfield 012C,778,29,37,43,46,38,27,35,57,62,58,64,53,58,61,45,21,21,15,8,F,2011
E01027994,Ashfield 012D,739,34,32,48,39,27,29,45,39,51,58,48,59,61,55,29,30,25,19,11,F,2011
E01027929,Ashfield 013A,1268,94,66,56,67,83,101,99,97,121,100,63,75,58,51,38,38,36,16,9,F,2011
E01027931,Ashfield 013B,1000,73,51,55,51,84,67,70,68,83,80,59,55,42,50,40,26,24,14,8,F,2011
E01027934,Ashfield 013C,687,44,44,46,34,33,60,40,46,70,50,57,42,34,30,22,16,10,6,3,F,2011
E01027935,Ashfield 013D,645,29,38,42,46,46,42,33,43,45,56,49,43,27,27,17,23,14,10,15,F,2011
E01027936,Ashfield 013E,793,34,35,47,48,19,20,28,50,46,65,40,44,88,70,78,39,24,8,10,F,2011
E01027927,Ashfield 014A,1058,64,53,67,42,59,62,60,85,89,70,65,51,55,62,43,45,36,34,16,F,2011
E01027928,Ashfield 014B,1003,63,38,57,69,74,82,82,62,87,89,55,44,46,43,31,31,26,17,7,F,2011
E01027932,Ashfield 014C,1087,109,72,53,58,77,93,86,97,85,70,68,44,48,41,35,21,14,10,6,F,2011
E01027933,Ashfield 014D,759,56,44,34,36,77,53,54,71,53,48,41,39,31,29,32,23,21,13,4,F,2011
E01027937,Ashfield 014E,701,51,33,37,38,51,56,49,48,59,48,31,45,35,30,40,12,16,15,7,F,2011
E01027925,Ashfield 015A,938,50,48,44,58,47,40,41,74,75,73,52,44,72,76,45,39,24,25,11,F,2011
E01027938,Ashfield 015B,659,37,37,63,44,37,29,29,51,70,66,66,49,25,23,15,8,7,3,0,F,2011
E01027940,Ashfield 015C,671,38,33,39,32,37,30,40,44,37,50,62,52,59,58,29,11,12,7,1,F,2011
E01027943,Ashfield 015D,718,34,32,49,34,41,44,49,47,47,65,54,44,45,38,38,28,13,11,5,F,2011
E01027944,Ashfield 015E,793,36,36,38,48,43,34,29,33,66,73,49,60,78,55,44,29,16,20,6,F,2011
E01027926,Ashfield 016A,733,33,26,30,37,36,39,35,53,64,44,52,48,43,65,51,39,20,14,4,F,2011
E01027930,Ashfield 016B,771,48,55,40,44,46,67,65,58,62,48,54,30,35,30,21,25,21,11,11,F,2011
E01027939,Ashfield 016C,805,47,56,58,58,41,33,55,40,51,64,46,46,41,30,27,32,32,25,23,F,2011
E01027941,Ashfield 016D,656,36,33,41,41,28,32,30,41,39,59,45,48,55,51,33,22,9,10,3,F,2011
E01027942,Ashfield 016E,672,38,58,52,41,30,45,43,52,40,60,43,34,32,40,25,13,15,4,7,F,2011
E07000171,,56917,3048,2886,3277,3455,2852,2920,2934,3530,4323,4507,4065,3575,4066,3389,2616,2147,1610,1099,618,F,2011
E01028000,Bassetlaw 001A,1109,41,45,46,46,34,46,44,60,78,88,92,89,98,89,63,58,41,31,20,F,2011
E01028024,Bassetlaw 001B,949,48,46,60,58,44,41,50,48,75,89,77,51,64,54,47,40,24,20,13,F,2011
E01028025,Bassetlaw 001C,787,48,52,62,60,60,62,45,53,50,71,59,35,32,23,27,16,14,11,7,F,2011
E01028026,Bassetlaw 001D,775,51,30,43,54,51,33,43,50,57,44,46,42,48,53,53,33,19,18,7,F,2011
E01028027,Bassetlaw 001E,769,48,50,41,45,38,52,45,40,44,57,62,41,54,38,44,29,15,15,11,F,2011
E01028028,Bassetlaw 001F,798,48,43,46,57,46,55,54,57,61,63,46,26,34,37,47,41,20,15,2,F,2011
E01027999,Bassetlaw 002A,1145,40,63,63,43,33,35,46,74,82,69,96,90,101,113,57,50,43,27,20,F,2011
E01028005,Bassetlaw 002B,941,33,42,52,46,27,29,26,50,66,78,77,80,111,76,63,33,30,17,5,F,2011
E01028031,Bassetlaw 002C,538,25,25,30,29,22,23,22,33,55,46,44,27,34,40,26,23,21,8,5,F,2011
E01028032,Bassetlaw 002D,693,28,44,60,37,20,18,28,48,60,63,51,48,57,36,35,33,14,11,2,F,2011
E01028035,Bassetlaw 002E,1177,52,67,73,63,37,43,57,73,87,103,86,83,102,97,59,41,24,19,11,F,2011
E01028023,Bassetlaw 003A,1144,49,68,62,59,49,27,39,66,91,110,103,88,106,81,57,37,24,19,9,F,2011
E01028034,Bassetlaw 003B,1241,66,61,60,73,64,42,68,72,75,90,110,80,112,93,69,42,36,20,8,F,2011
E01028036,Bassetlaw 003C,1049,28,49,78,61,32,28,37,48,90,86,92,86,86,82,48,42,25,29,22,F,2011
E01028001,Bassetlaw 004A,690,45,39,39,36,45,46,45,33,44,41,42,34,51,33,26,38,23,19,11,F,2011
E01028002,Bassetlaw 004B,732,23,34,37,34,28,27,33,39,52,44,57,60,75,55,34,31,34,22,13,F,2011
E01028003,Bassetlaw 004C,710,21,42,34,42,34,25,23,44,60,67,46,55,65,52,39,36,13,10,2,F,2011
E01028004,Bassetlaw 004D,812,36,27,32,33,43,26,27,47,45,63,57,80,62,75,52,49,24,19,15,F,2011
E01028029,Bassetlaw 004E,595,30,30,29,34,34,33,27,34,43,45,40,47,44,33,42,22,16,8,4,F,2011
E01028030,Bassetlaw 004F,646,43,39,42,49,44,43,27,38,51,56,49,43,35,33,21,20,9,2,2,F,2011
E01028013,Bassetlaw 005A,980,45,37,67,60,41,25,32,69,72,62,62,52,74,53,39,68,47,47,28,F,2011
E01028014,Bassetlaw 005B,780,35,31,31,45,38,29,37,55,51,60,46,38,47,49,44,47,53,32,12,F,2011
E01028015,Bassetlaw 005C,734,26,34,36,42,38,37,38,50,73,71,75,47,47,45,28,22,10,13,2,F,2011
E01028016,Bassetlaw 005D,694,24,24,34,26,24,31,22,38,41,61,44,49,56,59,51,43,36,21,10,F,2011
E01028046,Bassetlaw 006A,801,46,30,34,56,55,49,41,46,55,63,48,64,72,55,33,28,15,6,5,F,2011
E01028047,Bassetlaw 006B,1100,83,83,80,86,41,55,63,127,132,123,60,47,41,27,22,8,6,9,7,F,2011
E01028048,Bassetlaw 006C,841,61,61,67,53,39,50,49,65,82,87,64,38,59,29,12,11,10,4,0,F,2011
E01028049,Bassetlaw 006D,882,53,37,63,47,60,42,42,62,73,66,55,41,52,46,47,39,29,16,12,F,2011
E01028050,Bassetlaw 006E,947,68,50,65,79,43,67,75,52,94,90,66,46,48,34,28,14,16,5,7,F,2011
E01028008,Bassetlaw 008A,780,54,56,55,55,46,56,40,60,56,58,30,32,31,31,23,32,23,24,18,F,2011
E01028009,Bassetlaw 008B,684,24,22,21,31,28,13,23,30,43,42,57,50,81,63,67,46,24,18,1,F,2011
E01028010,Bassetlaw 008C,685,25,37,41,42,27,19,23,41,56,63,64,55,47,43,30,29,23,12,8,F,2011
E01028011,Bassetlaw 008D,804,42,46,43,51,54,55,54,48,42,56,47,41,58,39,37,26,25,23,17,F,2011
E01028012,Bassetlaw 008E,704,40,22,35,49,40,44,49,52,63,44,60,36,33,37,33,22,19,17,9,F,2011
E01028022,Bassetlaw 008F,758,48,28,44,57,63,63,65,48,52,64,58,37,41,31,17,20,12,9,1,F,2011
E01028055,Bassetlaw 009A,755,50,32,38,38,53,62,45,44,53,48,52,38,58,27,32,21,19,20,25,F,2011
E01028056,Bassetlaw 009B,646,59,30,39,50,52,48,36,42,53,36,42,37,29,33,23,12,10,11,4,F,2011
E01028058,Bassetlaw 009C,925,54,55,45,61,35,56,75,59,93,87,62,42,53,44,29,23,20,18,14,F,2011
E01028059,Bassetlaw 009D,910,55,74,68,78,31,34,65,99,106,94,64,42,44,31,11,5,5,3,1,F,2011
E01028017,Bassetlaw 010A,644,26,37,31,34,26,29,35,34,40,43,38,39,47,49,41,43,30,13,9,F,2011
E01028018,Bassetlaw 010B,757,38,33,40,43,41,38,42,46,65,70,66,69,57,43,27,23,10,4,2,F,2011
E01028019,Bassetlaw 010C,738,38,47,56,40,60,44,46,42,61,45,47,44,37,33,29,34,15,17,3,F,2011
E01028020,Bassetlaw 010D,915,80,44,60,53,67,86,62,62,76,55,54,38,40,31,22,22,25,24,14,F,2011
E01028021,Bassetlaw 010E,789,48,47,47,38,32,40,47,43,51,61,57,39,67,44,38,39,28,15,8,F,2011
E01028057,Bassetlaw 012A,626,42,35,28,45,60,81,38,47,50,35,45,28,36,17,16,9,7,4,3,F,2011
E01028065,Bassetlaw 012B,948,81,88,66,68,69,92,73,64,50,50,45,42,47,37,22,10,17,15,12,F,2011
E01028066,Bassetlaw 012C,848,81,59,59,58,45,67,70,57,73,40,45,35,43,31,31,22,12,12,8,F,2011
E01028068,Bassetlaw 012D,923,76,56,44,43,61,68,74,66,61,55,53,46,38,47,30,31,27,31,16,F,2011
E01028060,Bassetlaw 013A,857,22,30,50,41,29,24,30,35,69,66,56,70,73,68,69,57,41,20,7,F,2011
E01028061,Bassetlaw 013B,764,53,42,40,34,46,48,48,40,79,65,59,52,39,34,26,29,18,11,1,F,2011
E01028062,Bassetlaw 013C,1034,60,60,53,56,68,89,66,72,61,73,64,53,66,51,42,36,24,20,20,F,2011
E01028067,Bassetlaw 013D,768,62,42,44,54,40,43,49,41,72,62,50,51,43,32,19,27,18,15,4,F,2011
E01028040,Bassetlaw 014A,525,29,32,36,34,30,18,26,28,40,43,33,37,45,35,25,12,11,6,5,F,2011
E01028041,Bassetlaw 014B,555,15,24,20,49,20,20,20,33,42,38,36,45,39,36,27,36,31,13,11,F,2011
E01028043,Bassetlaw 014C,760,34,29,40,52,44,39,27,41,59,47,55,51,73,51,53,31,22,9,3,F,2011
E01028063,Bassetlaw 014D,886,34,41,59,54,33,28,31,57,77,80,84,61,63,75,44,35,17,9,4,F,2011
E01028064,Bassetlaw 014E,711,50,40,55,86,36,39,38,43,55,43,37,52,35,29,23,17,23,10,0,F,2011
E01028006,Bassetlaw 015A,632,25,32,30,32,16,27,32,40,38,48,37,59,58,55,39,25,19,9,11,F,2011
E01028007,Bassetlaw 015B,561,21,26,42,37,19,10,25,30,42,65,59,33,39,42,30,17,17,2,5,F,2011
E01028033,Bassetlaw 015C,1044,43,38,62,60,37,42,41,73,86,114,79,78,92,75,45,35,25,9,10,F,2011
E01028037,Bassetlaw 015D,832,41,30,61,46,40,42,25,55,68,69,62,49,82,59,32,28,18,16,9,F,2011
E01028038,Bassetlaw 015E,742,34,42,44,41,43,36,38,41,55,67,50,46,59,50,37,27,17,12,3,F,2011
E01028039,Bassetlaw 015F,594,24,19,41,31,14,14,16,33,31,55,58,61,57,51,30,27,17,12,3,F,2011
E01028051,Bassetlaw 016A,835,40,26,28,36,46,41,30,46,44,62,56,57,71,58,47,54,39,31,23,F,2011
E01028052,Bassetlaw 016B,872,45,29,53,69,29,30,38,40,67,80,52,61,76,57,56,39,31,13,7,F,2011
E01028053,Bassetlaw 016C,800,48,33,24,54,57,55,41,42,42,63,68,48,74,50,34,19,23,17,8,F,2011
E01028054,Bassetlaw 016D,755,24,28,49,48,33,24,32,42,50,67,55,57,61,44,45,34,35,19,8,F,2011
E01028042,Bassetlaw 016E,709,34,39,41,54,36,35,42,48,53,63,48,56,42,35,24,18,22,10,9,F,2011
E01028044,Bassetlaw 016F,798,48,32,25,45,43,49,46,31,44,64,55,37,56,48,44,48,41,30,12,F,2011
E01028045,Bassetlaw 016G,985,57,41,54,55,39,53,46,64,66,71,74,64,69,53,54,33,59,23,10,F,2011
E07000172,,55476,2950,2662,2821,3106,3232,3259,3224,3600,4116,4393,3772,3335,3895,3094,2475,2109,1678,1077,678,F,2011
E01028092,Broxtowe 001A,689,37,33,43,44,30,31,37,54,58,47,47,41,46,37,30,21,20,24,9,F,2011
E01028093,Broxtowe 001B,509,19,17,22,21,16,19,14,21,40,32,42,39,68,66,24,23,13,11,2,F,2011
E01028107,Broxtowe 001C,756,32,45,33,35,30,39,57,48,61,59,60,83,64,35,26,17,17,9,6,F,2011
E01028108,Broxtowe 001D,756,43,36,30,39,30,33,33,43,49,57,69,54,69,55,44,33,21,8,10,F,2011
E01028114,Broxtowe 001E,777,28,33,35,41,43,46,33,34,49,49,58,44,62,62,42,38,24,36,20,F,2011
E01028110,Broxtowe 002A,740,52,38,35,43,53,46,51,42,50,63,45,44,42,48,27,23,14,16,8,F,2011
E01028111,Broxtowe 002B,747,39,32,31,40,33,41,34,52,43,53,58,59,66,54,40,26,20,16,10,F,2011
E01028112,Broxtowe 002C,783,49,31,33,52,63,45,48,42,62,70,53,48,54,29,29,23,27,13,12,F,2011
E01028113,Broxtowe 002D,758,43,55,45,48,36,48,48,42,57,47,66,43,34,32,36,29,26,18,5,F,2011
E01028109,Broxtowe 003A,856,38,36,38,47,46,29,50,58,53,68,56,49,82,72,44,34,30,16,10,F,2011
E01028115,Broxtowe 003B,782,32,31,23,37,32,26,32,42,48,60,52,64,79,66,58,46,17,21,16,F,2011
E01028116,Broxtowe 003C,780,49,26,35,48,40,40,63,48,60,63,44,46,58,46,44,28,21,9,12,F,2011
E01028117,Broxtowe 003D,754,32,45,48,52,57,37,49,59,81,72,66,40,46,35,16,4,8,7,0,F,2011
E01028118,Broxtowe 003E,841,22,26,26,31,23,23,20,31,54,55,69,54,101,92,68,63,44,26,13,F,2011
E01028102,Broxtowe 004A,705,42,26,36,58,33,39,37,43,53,67,52,38,59,32,31,27,18,9,5,F,2011
E01028103,Broxtowe 004B,573,26,31,36,20,25,32,33,35,43,56,50,43,46,23,26,16,14,12,6,F,2011
E01028104,Broxtowe 004C,737,35,34,38,55,27,32,41,44,66,79,53,52,67,43,29,18,8,11,5,F,2011
E01028122,Broxtowe 004D,831,28,28,55,55,36,28,44,68,65,63,55,48,55,48,43,38,36,21,17,F,2011
E01028123,Broxtowe 004E,981,55,48,56,68,43,47,51,68,83,105,59,71,67,67,30,29,22,5,7,F,2011
E01028124,Broxtowe 004F,763,28,33,41,39,33,21,34,56,60,55,62,48,57,48,50,43,27,14,14,F,2011
E01028087,Broxtowe 007A,803,30,21,45,45,21,19,34,48,52,64,57,54,84,69,48,45,33,24,10,F,2011
E01028088,Broxtowe 007B,747,42,26,33,26,27,38,33,33,51,49,66,57,63,57,37,41,36,28,4,F,2011
E01028089,Broxtowe 007C,665,29,37,35,23,26,19,22,41,38,57,48,46,79,52,33,36,33,7,4,F,2011
E01028090,Broxtowe 007D,719,31,37,35,33,34,26,30,53,54,62,58,36,54,35,46,35,27,20,13,F,2011
E01028091,Broxtowe 007E,744,37,32,36,32,27,36,38,28,49,58,52,60,78,38,39,42,29,22,11,F,2011
E01028125,Broxtowe 008A,825,56,39,36,26,43,44,47,57,57,76,48,59,69,44,54,26,28,14,2,F,2011
E01028126,Broxtowe 008B,754,58,53,47,51,46,32,49,58,57,60,40,46,45,40,24,15,14,10,9,F,2011
E01028127,Broxtowe 008C,862,73,49,37,63,67,59,48,53,55,66,42,33,38,62,47,32,19,13,6,F,2011
E01028134,Broxtowe 008D,759,56,41,42,34,55,69,59,53,65,67,49,39,37,37,22,15,6,9,4,F,2011
E01028076,Broxtowe 009A,629,38,18,25,33,34,49,44,44,41,39,51,56,44,37,23,16,19,13,5,F,2011
E01028077,Broxtowe 009B,727,46,36,45,45,56,67,61,46,40,46,40,37,31,21,41,17,23,19,10,F,2011
E01028078,Broxtowe 009C,795,65,32,39,51,72,71,61,55,54,66,58,32,38,20,29,22,16,9,5,F,2011
E01028079,Broxtowe 009D,675,34,33,16,49,115,69,50,40,44,29,36,28,35,21,16,20,23,12,5,F,2011
E01028084,Broxtowe 009E,921,65,62,49,45,36,54,55,79,87,71,51,58,56,43,31,40,23,6,10,F,2011
E01028128,Broxtowe 010A,879,31,33,51,62,33,33,33,55,75,88,62,61,79,70,40,31,23,9,10,F,2011
E01028129,Broxtowe 010B,788,37,41,55,38,42,40,32,57,55,55,52,36,57,50,37,27,36,25,16,F,2011
E01028130,Broxtowe 010C,869,60,54,51,51,41,54,57,64,72,52,51,46,46,41,41,39,30,12,7,F,2011
E01028131,Broxtowe 010D,750,40,41,46,46,30,35,44,66,64,63,56,26,40,53,36,21,23,10,10,F,2011
E01028132,Broxtowe 010E,551,38,34,34,34,45,36,36,32,32,54,37,28,31,14,15,16,19,11,5,F,2011
E01028133,Broxtowe 010F,743,47,43,50,50,64,66,45,60,57,67,42,36,42,22,21,10,9,9,3,F,2011
E01028073,Broxtowe 011A,778,22,18,18,34,77,69,44,44,39,41,38,31,40,45,38,54,48,47,31,F,2011
E01028074,Broxtowe 011B,765,30,16,14,26,155,73,59,29,28,34,33,35,49,36,38,28,34,18,30,F,2011
E01028075,Broxtowe 011C,817,59,36,26,28,126,123,80,74,44,34,45,25,26,17,32,18,12,9,3,F,2011
E01028085,Broxtowe 011D,990,51,39,45,57,91,120,82,69,54,59,37,45,57,42,29,36,44,19,14,F,2011
E01028086,Broxtowe 011E,797,38,27,34,25,50,87,70,59,57,61,47,36,39,38,33,32,29,19,16,F,2011
E01028080,Broxtowe 012A,884,58,30,29,33,81,100,86,82,59,58,53,40,40,24,29,19,30,13,20,F,2011
E01028081,Broxtowe 012B,586,32,17,25,22,26,36,36,38,33,47,45,27,53,44,28,40,24,9,4,F,2011
E01028082,Broxtowe 012C,627,35,34,36,27,37,49,46,54,53,57,50,31,33,25,22,22,7,3,6,F,2011
E01028083,Broxtowe 012D,644,41,34,27,24,73,66,55,41,41,49,41,38,40,19,22,18,8,4,3,F,2011
E01028097,Broxtowe 013A,730,28,40,20,32,36,26,33,44,49,49,61,58,98,60,37,30,15,12,2,F,2011
E01028098,Broxtowe 013B,908,86,69,59,53,62,56,71,72,80,56,31,33,43,58,25,31,13,6,4,F,2011
E01028099,Broxtowe 013C,710,35,19,29,30,41,43,41,52,53,50,45,51,34,48,49,42,27,17,4,F,2011
E01028100,Broxtowe 013D,886,32,40,52,48,26,35,47,46,69,62,63,51,59,49,48,47,49,40,23,F,2011
E01028101,Broxtowe 013E,762,65,49,51,65,59,62,41,51,53,56,53,26,33,23,31,29,13,2,0,F,2011
E01028069,Broxtowe 014A,594,40,29,21,29,26,47,40,37,49,37,43,38,30,30,28,31,21,14,4,F,2011
E01028070,Broxtowe 014B,580,16,23,34,21,15,15,17,27,40,41,42,47,52,50,29,40,38,20,13,F,2011
E01028094,Broxtowe 014C,928,57,47,45,55,32,54,52,57,66,76,58,45,57,41,37,48,31,38,32,F,2011
E01028095,Broxtowe 014D,719,37,44,30,31,36,22,39,45,60,60,57,40,50,40,38,34,28,18,10,F,2011
E01028096,Broxtowe 014E,934,34,47,47,49,33,45,33,53,82,74,60,58,61,63,51,51,38,30,25,F,2011
E01028135,Broxtowe 015A,728,28,36,54,48,27,18,17,37,50,84,57,55,58,35,47,33,18,16,10,F,2011
E01028136,Broxtowe 015B,873,50,51,58,60,44,24,43,56,63,82,58,56,49,44,52,38,28,9,8,F,2011
E01028137,Broxtowe 015C,1281,102,85,85,83,65,115,112,124,151,124,71,58,33,23,20,15,10,4,1,F,2011
E01028138,Broxtowe 015D,633,12,13,38,39,33,33,19,34,46,52,41,38,48,40,21,37,30,27,32,F,2011
E01028139,Broxtowe 015E,725,30,37,56,48,41,28,40,37,61,85,67,51,40,37,26,23,8,6,4,F,2011
E01028105,Broxtowe 016A,630,31,24,40,47,43,27,30,36,43,61,44,48,36,28,27,21,25,12,7,F,2011
E01028106,Broxtowe 016B,740,27,35,32,52,29,39,24,33,62,65,52,60,76,47,39,25,25,11,7,F,2011
E01028119,Broxtowe 016C,1067,76,72,71,73,50,77,87,87,102,94,87,47,60,36,16,14,13,3,2,F,2011
E01028120,Broxtowe 016D,796,29,45,48,56,25,19,29,47,63,65,57,60,70,59,40,30,29,19,6,F,2011
E01028121,Broxtowe 016E,737,35,58,36,53,31,23,51,50,60,63,58,51,53,32,34,14,20,9,6,F,2011
E01033412,Broxtowe 016F,1219,45,49,62,86,52,48,44,57,77,129,92,105,101,79,55,56,49,21,12,F,2011
E01033413,Broxtowe 016G,1085,47,53,53,62,67,62,69,76,95,79,74,69,109,66,37,28,18,18,3,F,2011
E07000173,,58265,3088,2881,3152,3396,2947,3187,3452,3713,4440,4482,4123,3726,3885,3170,2721,2287,1796,1166,653,F,2011
E01028189,Gedling 001A,1150,62,44,68,99,58,47,66,73,97,100,78,67,81,68,47,25,33,14,23,F,2011
E01028198,Gedling 001B,724,24,32,29,37,22,9,22,39,54,57,49,59,69,58,60,46,26,21,11,F,2011
E01028199,Gedling 001C,754,27,29,24,30,15,19,16,31,48,62,46,54,84,85,55,64,33,19,13,F,2011
E01028200,Gedling 001D,833,33,32,52,52,36,31,41,53,65,66,66,66,51,52,42,41,24,21,9,F,2011
E01028201,Gedling 001E,581,13,27,24,38,21,13,20,32,29,56,48,51,47,52,46,24,25,10,5,F,2011
E01028150,Gedling 002A,713,22,25,28,36,33,25,35,27,53,47,63,60,65,64,46,37,34,7,6,F,2011
E01028151,Gedling 002B,609,24,35,35,36,17,14,28,43,46,54,48,48,51,35,29,15,20,19,12,F,2011
E01028152,Gedling 002C,809,28,44,54,50,47,34,42,55,59,53,66,71,51,44,33,34,20,15,9,F,2011
E01028153,Gedling 002D,688,35,27,42,40,39,40,43,39,51,47,51,45,44,22,36,34,26,16,11,F,2011
E01028154,Gedling 002E,888,49,51,56,62,66,65,69,63,65,72,69,35,36,27,48,22,24,7,2,F,2011
E01028213,Gedling 002F,898,31,51,42,43,26,23,41,41,47,68,66,72,97,89,67,46,24,16,8,F,2011
E01028143,Gedling 004A,668,35,31,21,33,27,24,45,44,43,57,58,39,42,39,30,27,39,28,6,F,2011
E01028205,Gedling 004B,652,26,30,38,59,34,28,33,28,51,53,59,60,50,29,33,17,12,9,3,F,2011
E01028206,Gedling 004C,746,31,32,33,61,28,37,39,46,56,58,62,42,56,54,49,31,15,12,4,F,2011
E01028207,Gedling 004D,701,37,37,47,45,36,30,25,41,54,51,34,39,60,57,43,32,17,11,5,F,2011
E01028208,Gedling 004E,579,22,28,36,35,26,36,27,36,46,46,34,36,25,37,29,21,29,20,10,F,2011
E01028173,Gedling 005A,584,35,43,43,38,28,22,37,37,44,31,26,29,33,19,23,14,28,34,20,F,2011
E01028174,Gedling 005B,814,61,59,47,70,43,58,48,73,56,55,39,44,37,26,21,23,28,10,16,F,2011
E01028175,Gedling 005C,936,59,47,57,45,44,49,60,51,80,64,63,55,68,46,40,34,35,27,12,F,2011
E01028209,Gedling 005D,766,48,51,33,57,62,64,44,39,57,58,49,43,35,28,31,26,14,18,9,F,2011
E01028144,Gedling 006A,860,62,51,46,40,49,58,56,72,70,60,35,37,31,39,34,31,36,23,30,F,2011
E01028165,Gedling 006B,768,35,33,37,32,42,56,47,69,46,57,48,36,36,37,50,43,31,21,12,F,2011
E01028166,Gedling 006C,869,47,48,67,61,37,57,67,56,71,68,48,44,67,26,44,34,18,8,1,F,2011
E01028167,Gedling 006D,925,72,40,42,72,70,81,74,61,66,70,61,39,48,33,39,21,24,12,0,F,2011
E01028179,Gedling 007A,751,24,47,48,37,43,41,42,36,56,54,55,60,69,54,25,25,24,7,4,F,2011
E01028180,Gedling 007B,757,30,34,51,33,40,29,32,49,50,56,61,50,63,63,40,34,24,10,8,F,2011
E01028181,Gedling 007C,723,27,27,31,29,41,46,45,53,63,66,63,70,61,39,22,22,10,6,2,F,2011
E01028182,Gedling 007D,798,36,51,43,53,48,51,53,56,58,54,69,53,56,41,24,17,25,5,5,F,2011
E01028183,Gedling 007E,664,33,37,30,29,16,20,32,35,30,36,51,51,58,58,56,57,18,13,4,F,2011
E01028148,Gedling 008A,1021,51,47,60,49,29,23,31,53,63,82,86,81,81,69,67,62,55,21,11,F,2011
E01028149,Gedling 008B,850,49,47,39,35,21,23,31,65,78,51,52,71,58,55,43,43,35,39,15,F,2011
E01028178,Gedling 008C,1094,47,41,61,48,36,34,49,68,70,93,68,67,99,90,62,45,42,43,31,F,2011
E01028176,Gedling 009A,794,38,41,69,57,38,20,28,46,66,69,51,50,61,54,27,48,20,7,4,F,2011
E01028177,Gedling 009B,830,41,35,39,32,39,54,47,42,57,50,72,71,75,69,36,28,25,14,4,F,2011
E01028214,Gedling 009C,738,45,35,37,37,20,31,29,43,67,54,60,47,55,46,40,29,23,21,19,F,2011
E01028215,Gedling 009D,688,44,44,47,49,25,21,29,52,56,61,59,53,41,36,19,17,20,10,5,F,2011
E01028216,Gedling 009E,659,23,39,45,46,18,18,30,37,48,57,61,49,43,44,34,25,25,11,6,F,2011
E01028217,Gedling 009F,681,24,25,39,42,25,46,23,34,44,55,58,43,44,31,29,35,28,34,22,F,2011
E01028218,Gedling 009G,760,15,31,36,46,27,16,38,29,41,60,53,68,67,67,56,50,36,16,8,F,2011
E01028193,Gedling 010A,711,38,30,26,32,47,31,34,46,54,51,50,41,43,25,38,26,43,35,21,F,2011
E01028194,Gedling 010B,754,46,34,48,44,28,32,49,59,69,65,57,45,54,20,21,29,31,12,11,F,2011
E01028195,Gedling 010C,721,44,24,35,36,34,46,56,61,70,53,76,49,35,32,18,19,18,11,4,F,2011
E01028196,Gedling 010D,720,41,44,35,44,30,23,38,59,65,60,53,56,60,27,30,26,14,14,1,F,2011
E01028197,Gedling 010E,677,34,29,34,29,24,33,37,30,52,59,54,45,50,40,33,46,24,18,6,F,2011
E01028204,Gedling 010F,663,37,29,26,43,25,36,31,42,51,45,56,44,50,60,32,30,19,7,0,F,2011
E01028172,Gedling 011A,586,30,40,32,33,26,29,36,48,38,48,47,38,51,26,15,28,14,3,4,F,2011
E01028190,Gedling 011B,819,39,46,59,53,44,43,47,53,86,70,58,45,47,31,39,30,21,5,3,F,2011
E01028202,Gedling 011C,750,34,26,39,54,29,26,28,38,55,64,42,53,60,60,65,39,22,12,4,F,2011
E01028203,Gedling 011D,707,43,27,29,47,43,44,48,43,51,51,51,32,37,55,55,26,16,5,4,F,2011
E01028212,Gedling 011E,844,64,45,75,39,49,66,52,71,69,68,46,39,34,26,20,24,21,20,16,F,2011
E01028168,Gedling 012A,673,28,30,45,31,17,22,25,38,54,65,41,47,53,37,34,42,31,19,14,F,2011
E01028169,Gedling 012B,758,24,28,45,52,32,20,27,37,60,73,62,53,52,55,61,39,19,16,3,F,2011
E01028170,Gedling 012C,739,39,25,37,43,32,23,36,42,57,69,45,39,58,37,44,28,40,35,10,F,2011
E01028171,Gedling 012D,752,44,37,41,38,37,47,44,46,59,53,44,36,47,38,21,27,26,35,32,F,2011
E01028191,Gedling 012E,899,49,55,60,58,51,63,67,74,85,76,46,48,49,44,23,29,10,10,2,F,2011
E01028192,Gedling 012F,781,45,54,51,50,53,45,69,51,65,46,46,43,40,34,30,31,20,4,4,F,2011
E01028160,Gedling 013A,775,46,43,41,44,39,52,69,56,68,59,51,47,44,27,23,25,19,10,12,F,2011
E01028161,Gedling 013B,772,59,37,39,52,37,83,72,58,54,41,50,43,29,33,27,20,16,13,9,F,2011
E01028162,Gedling 013C,744,54,35,50,34,45,62,71,44,62,51,52,33,31,33,30,21,20,10,6,F,2011
E01028163,Gedling 013D,717,29,27,38,37,43,33,37,40,60,66,45,52,54,35,44,28,27,18,4,F,2011
E01028211,Gedling 013E,680,23,25,37,24,35,42,50,43,53,60,49,44,60,36,20,34,26,15,4,F,2011
E01028155,Gedling 014A,699,36,28,27,43,35,32,49,44,60,55,47,46,55,31,31,34,17,22,7,F,2011
E01028156,Gedling 014B,625,27,26,32,32,31,32,44,36,49,58,41,26,41,21,39,32,25,19,14,F,2011
E01028157,Gedling 014C,636,32,30,30,44,21,28,42,45,49,52,68,44,37,31,38,25,7,10,3,F,2011
E01028158,Gedling 014D,786,34,48,38,45,40,56,56,42,64,56,62,42,51,29,36,33,34,11,9,F,2011
E01028159,Gedling 014E,693,55,45,31,42,41,42,53,40,40,49,52,46,40,31,23,25,16,15,7,F,2011
E01028164,Gedling 014F,646,33,33,37,57,39,31,37,41,44,61,49,51,29,28,22,17,21,13,3,F,2011
E01028210,Gedling 014G,731,44,33,33,30,42,46,49,49,72,46,42,49,51,40,31,24,23,22,5,F,2011
E01028184,Gedling 015A,590,32,32,28,41,38,39,37,40,46,55,52,29,37,36,18,16,10,2,2,F,2011
E01028185,Gedling 015B,966,70,60,40,50,63,87,76,71,73,66,34,41,53,49,44,34,15,26,14,F,2011
E01028186,Gedling 015C,768,61,33,29,41,82,95,55,63,64,50,44,34,23,23,26,15,15,7,8,F,2011
E01028187,Gedling 015D,756,75,47,38,55,73,87,85,62,50,52,48,28,18,15,9,6,5,1,2,F,2011
E01028188,Gedling 015E,744,66,36,27,31,70,114,99,64,48,42,45,37,25,15,8,8,5,2,2,F,2011
E01028142,Gedling 016A,1020,67,34,49,42,56,70,65,61,70,61,44,76,68,60,58,54,44,28,13,F,2011
E01028146,Gedling 016B,770,45,41,37,49,68,49,50,43,68,73,71,76,46,23,13,11,5,2,0,F,2011
E01028147,Gedling 016C,582,45,42,40,45,41,58,35,59,47,38,44,24,25,8,17,6,5,1,2,F,2011
E01032622,Gedling 016D,688,31,35,38,39,35,27,33,27,58,67,74,50,53,37,30,21,27,3,3,F,2011
E07000174,,53210,3219,2672,2847,3223,3181,3403,3231,3243,3851,4146,3707,3195,3220,2875,2174,1944,1604,967,508,F,2011
E01028224,Mansfield 001A,755,32,32,34,42,34,29,32,42,31,56,52,56,73,63,49,44,24,22,8,F,2011
E01028257,Mansfield 001B,828,54,65,60,57,60,58,58,46,62,76,54,39,31,38,25,25,15,5,0,F,2011
E01028258,Mansfield 001C,820,33,42,42,44,48,36,33,39,57,58,60,54,41,70,53,57,30,15,8,F,2011
E01028259,Mansfield 001D,761,46,47,60,72,53,59,44,41,58,60,54,38,40,36,19,11,11,7,5,F,2011
E01028223,Mansfield 002A,522,32,18,25,22,35,43,20,12,38,43,30,37,22,28,20,20,25,35,17,F,2011
E01028225,Mansfield 002B,801,33,34,62,61,30,35,33,56,40,70,69,45,44,51,41,37,40,13,7,F,2011
E01028226,Mansfield 002C,792,82,42,59,53,65,63,54,49,60,60,42,44,26,38,20,11,15,6,3,F,2011
E01028260,Mansfield 002D,834,35,38,28,51,47,52,41,40,60,68,65,62,60,43,41,27,30,35,11,F,2011
E01028251,Mansfield 003A,814,36,51,37,47,43,34,36,58,67,71,84,52,56,38,39,26,20,14,5,F,2011
E01028252,Mansfield 003B,992,53,56,55,61,45,51,49,89,73,81,80,54,62,60,45,31,24,14,9,F,2011
E01028253,Mansfield 003C,850,45,42,34,45,36,34,43,49,67,71,54,62,93,70,42,34,21,6,2,F,2011
E01028277,Mansfield 003D,616,18,19,27,37,20,26,33,23,41,56,49,41,66,63,44,26,14,8,5,F,2011
E01028278,Mansfield 003E,716,19,30,32,28,49,31,43,36,50,52,63,45,58,53,33,43,30,16,5,F,2011
E01028271,Mansfield 004A,821,56,43,36,48,51,61,57,69,61,65,63,42,40,40,29,15,25,10,10,F,2011
E01028279,Mansfield 004B,696,24,27,28,40,19,53,25,31,47,51,57,53,50,58,34,40,27,21,11,F,2011
E01028280,Mansfield 004C,678,35,32,49,55,28,38,43,34,45,61,36,42,39,43,24,25,24,19,6,F,2011
E01028281,Mansfield 004D,785,73,64,58,51,66,64,55,51,62,63,44,26,30,26,11,11,13,6,11,F,2011
E01028283,Mansfield 004E,925,53,46,54,50,53,71,63,56,61,66,76,57,41,42,43,43,24,16,10,F,2011
E01028242,Mansfield 005A,731,35,22,33,48,41,46,60,42,58,56,76,50,53,33,31,20,24,2,1,F,2011
E01028250,Mansfield 005B,756,46,40,34,45,49,39,34,33,57,69,64,53,65,47,28,23,18,10,2,F,2011
E01028272,Mansfield 005C,855,39,37,41,41,47,47,55,53,63,78,56,39,47,54,29,44,28,40,17,F,2011
E01028273,Mansfield 005D,754,48,27,42,51,43,54,48,50,59,59,69,62,50,28,32,16,7,6,3,F,2011
E01028229,Mansfield 006A,738,23,21,27,35,31,35,32,31,47,54,70,71,61,48,45,48,28,20,11,F,2011
E01028232,Mansfield 006B,774,36,29,34,44,43,48,37,26,54,52,50,76,50,59,33,54,26,16,7,F,2011
E01028267,Mansfield 006E,1007,80,65,74,83,58,69,68,69,91,76,58,47,47,31,33,26,17,10,5,F,2011
E01028282,Mansfield 006F,616,43,42,27,32,28,25,33,38,41,50,35,36,44,36,29,25,29,12,11,F,2011
E01033392,Mansfield 006G,1132,73,48,56,66,49,44,71,73,67,75,72,88,82,65,54,51,51,25,22,F,2011
E01028237,Mansfield 007A,806,40,27,34,44,53,51,34,32,56,73,73,34,67,50,38,54,22,18,6,F,2011
E01028238,Mansfield 007B,796,56,43,66,65,46,39,40,52,76,60,56,33,31,25,39,37,22,9,1,F,2011
E01028239,Mansfield 007C,841,58,46,43,51,64,50,54,53,68,69,56,56,48,50,23,21,18,11,2,F,2011
E01028240,Mansfield 007D,740,28,29,39,45,29,40,48,46,67,48,57,69,57,42,32,29,17,12,6,F,2011
E01028241,Mansfield 007E,1191,93,73,82,86,75,89,81,81,128,104,74,64,58,39,24,20,13,7,0,F,2011
E01028243,Mansfield 007F,968,45,48,45,54,38,40,41,60,50,69,57,55,69,68,67,46,57,31,28,F,2011
E01028227,Mansfield 008A,716,59,28,38,35,59,65,53,41,50,39,39,35,21,34,38,23,29,22,8,F,2011
E01028228,Mansfield 008B,615,47,20,25,34,49,38,33,37,28,37,42,35,30,38,35,28,24,18,17,F,2011
E01028247,Mansfield 008C,807,73,46,39,50,90,87,62,60,47,80,42,29,31,20,12,12,22,2,3,F,2011
E01028268,Mansfield 008D,840,71,25,28,47,89,86,83,58,57,51,41,38,30,25,15,34,16,26,20,F,2011
E01028269,Mansfield 008E,738,53,50,31,45,74,72,71,48,59,53,45,39,32,17,18,14,12,2,3,F,2011
E01028284,Mansfield 008F,832,54,35,36,55,50,68,46,49,62,58,40,44,25,41,32,44,42,35,16,F,2011
E01028233,Mansfield 009A,974,70,50,58,50,74,104,73,55,71,72,64,48,40,47,22,19,27,22,8,F,2011
E01028234,Mansfield 009B,937,79,61,46,73,70,79,65,59,70,50,53,34,41,42,25,33,27,19,11,F,2011
E01028274,Mansfield 009C,669,29,35,30,32,59,59,68,37,47,49,51,44,38,18,17,18,19,8,11,F,2011
E01028275,Mansfield 009D,827,92,54,60,51,67,78,65,62,48,54,41,37,35,20,31,11,10,8,3,F,2011
E01028276,Mansfield 009E,782,75,48,34,41,57,64,49,52,44,58,51,28,41,34,40,26,20,13,7,F,2011
E01028230,Mansfield 010A,727,47,51,44,45,40,65,41,47,50,55,39,43,34,35,29,22,26,12,2,F,2011
E01028231,Mansfield 010B,783,50,35,45,56,38,44,45,43,59,59,48,33,42,33,35,38,42,30,8,F,2011
E01028244,Mansfield 010C,758,50,34,27,39,58,51,43,43,50,52,57,65,46,47,24,31,29,7,5,F,2011
E01028245,Mansfield 010D,677,37,44,34,32,37,47,32,55,55,44,46,35,44,30,23,34,27,13,8,F,2011
E01028246,Mansfield 010E,836,42,21,44,45,51,46,33,47,64,80,82,64,76,47,29,29,22,8,6,F,2011
E01028248,Mansfield 010F,767,48,35,43,50,47,36,42,38,69,66,48,35,52,46,33,30,26,12,11,F,2011
E01028249,Mansfield 010G,692,20,40,43,46,41,46,39,41,51,60,44,46,45,35,24,20,30,19,2,F,2011
E01028235,Mansfield 011A,786,48,36,38,44,36,46,38,52,56,70,59,53,62,59,28,29,16,10,6,F,2011
E01028236,Mansfield 011B,867,49,41,49,58,48,53,48,55,74,71,60,56,51,47,38,31,21,9,8,F,2011
E01028262,Mansfield 011C,750,31,32,38,48,27,35,42,33,54,74,67,53,73,47,32,31,25,5,3,F,2011
E01028264,Mansfield 011D,970,47,47,54,69,43,32,46,60,70,105,58,78,79,74,47,24,20,13,4,F,2011
E01028254,Mansfield 012A,691,39,37,26,40,30,31,31,36,54,52,56,46,43,46,35,43,25,8,13,F,2011
E01028256,Mansfield 012B,784,59,50,50,53,66,66,63,55,40,70,47,40,35,25,25,18,8,10,4,F,2011
E01028261,Mansfield 012C,880,63,46,87,64,63,50,52,56,59,82,69,46,33,35,31,14,20,6,4,F,2011
E01028263,Mansfield 012D,826,44,46,59,53,58,52,53,56,49,44,59,50,52,35,27,28,23,25,13,F,2011
E01028219,Mansfield 013A,721,25,27,23,39,19,28,33,41,35,58,62,48,55,63,60,29,41,23,12,F,2011
E01028220,Mansfield 013B,883,40,37,46,47,66,74,66,39,81,62,73,51,58,51,28,26,17,16,5,F,2011
E01028222,Mansfield 013D,819,30,34,43,48,27,13,25,43,67,60,62,59,68,50,60,51,46,23,10,F,2011
E01028255,Mansfield 013E,671,16,24,26,26,21,18,18,36,32,41,49,62,74,79,59,46,29,12,3,F,2011
E01028270,Mansfield 013F,791,44,49,41,43,26,31,41,55,62,74,57,53,49,46,33,31,30,15,11,F,2011
E01033389,Mansfield 013G,693,72,31,38,40,61,88,103,54,65,31,22,24,13,21,7,7,10,5,1,F,2011
E01033390,Mansfield 013H,792,89,69,42,48,46,80,104,102,66,50,31,24,22,7,3,1,3,4,1,F,2011
E01033391,Mansfield 013I,598,25,29,25,23,18,17,27,38,44,65,48,38,49,46,30,29,31,10,6,F,2011
E07000175,,58422,3135,3094,3310,3410,3009,2850,2914,3667,4413,4533,4163,3716,4106,3546,2710,2189,1801,1137,719,F,2011
E01028301,Newark and Sherwood 001A,972,88,72,78,79,76,60,65,66,71,63,58,55,48,41,19,24,5,3,1,F,2011
E01028302,Newark and Sherwood 001B,806,41,31,29,48,47,31,37,44,55,67,62,52,54,58,37,43,31,18,21,F,2011
E01028338,Newark and Sherwood 001C,848,36,50,53,68,54,40,39,64,63,69,59,39,53,43,39,32,25,19,3,F,2011
E01028339,Newark and Sherwood 001D,899,48,48,51,79,64,62,66,62,84,78,49,45,46,30,28,32,18,6,3,F,2011
E01028340,Newark and Sherwood 001E,779,35,28,44,48,40,29,35,38,53,73,56,53,54,32,32,43,41,33,12,F,2011
E01028341,Newark and Sherwood 001F,807,18,31,22,43,47,34,22,46,45,56,63,66,79,77,61,43,33,19,2,F,2011
E01028313,Newark and Sherwood 002A,1043,72,57,62,52,46,55,59,56,64,70,58,69,64,60,42,64,43,26,24,F,2011
E01028314,Newark and Sherwood 002B,1386,105,113,118,81,88,85,96,122,130,129,83,74,49,38,16,29,13,9,8,F,2011
E01028321,Newark and Sherwood 002C,815,31,30,22,35,40,34,24,46,49,54,63,53,80,63,72,48,29,25,17,F,2011
E01028322,Newark and Sherwood 002D,1009,37,38,49,55,40,29,40,48,77,82,82,74,79,78,59,64,52,21,5,F,2011
E01028323,Newark and Sherwood 002E,831,48,46,61,50,36,47,41,82,70,70,56,48,38,48,28,14,20,15,13,F,2011
E01028303,Newark and Sherwood 003A,752,27,34,39,32,29,20,22,43,47,55,72,57,73,77,51,35,23,10,6,F,2011
E01028312,Newark and Sherwood 003B,1147,45,56,65,70,32,26,45,60,72,104,110,102,116,76,58,47,40,17,6,F,2011
E01028337,Newark and Sherwood 003C,784,21,36,65,40,25,21,29,46,69,55,63,72,78,50,45,31,19,10,9,F,2011
E01028349,Newark and Sherwood 003D,778,32,41,45,43,27,25,23,40,72,78,55,76,57,67,44,22,15,12,4,F,2011
E01028350,Newark and Sherwood 003E,592,27,31,33,39,22,16,22,34,47,50,50,42,47,46,24,35,16,8,3,F,2011
E01028315,Newark and Sherwood 004A,730,21,35,28,25,22,22,26,37,47,49,41,67,69,78,55,35,28,32,13,F,2011
E01028316,Newark and Sherwood 004B,767,30,29,28,36,17,20,19,44,37,56,51,65,77,70,58,39,34,30,27,F,2011
E01028317,Newark and Sherwood 004C,812,22,53,53,43,28,25,28,48,63,70,66,55,81,63,37,29,20,15,13,F,2011
E01028353,Newark and Sherwood 004D,1428,83,71,80,66,32,46,67,117,107,122,99,97,120,97,77,57,49,18,23,F,2011
E01028295,Newark and Sherwood 005A,982,43,54,56,67,43,53,45,61,93,75,73,61,74,83,51,24,17,8,1,F,2011
E01028297,Newark and Sherwood 005B,981,73,61,61,56,58,60,51,58,76,88,72,49,55,39,42,30,29,11,12,F,2011
E01028327,Newark and Sherwood 005C,809,37,45,59,33,30,15,32,42,70,58,70,38,67,66,49,33,34,18,13,F,2011
E01028328,Newark and Sherwood 005D,873,42,34,52,36,32,21,24,39,82,59,76,73,65,70,64,40,31,23,10,F,2011
E01028329,Newark and Sherwood 005E,869,38,40,69,67,29,19,27,51,62,86,70,54,76,57,37,25,26,19,17,F,2011
E01028296,Newark and Sherwood 006A,648,42,39,27,36,36,38,43,44,45,46,58,35,36,27,33,29,15,13,6,F,2011
E01028298,Newark and Sherwood 006B,827,42,48,47,55,43,35,41,52,74,73,69,45,52,39,33,21,28,14,16,F,2011
E01028299,Newark and Sherwood 006C,632,37,37,40,53,37,36,34,54,65,61,46,38,29,22,19,6,12,3,3,F,2011
E01028300,Newark and Sherwood 006D,823,51,53,42,50,64,46,59,59,55,46,46,45,41,43,30,40,20,16,17,F,2011
E01028342,Newark and Sherwood 006E,787,61,58,44,61,60,80,71,59,69,59,50,38,25,20,12,11,6,2,1,F,2011
E01028343,Newark and Sherwood 006F,1084,51,51,51,63,51,56,45,58,72,109,84,62,73,58,62,64,36,27,11,F,2011
E01028344,Newark and Sherwood 006G,723,34,25,50,43,37,35,32,48,60,83,64,46,55,35,28,24,20,3,1,F,2011
E01028294,Newark and Sherwood 007A,883,73,41,41,39,77,72,81,46,64,62,49,41,46,45,29,27,27,14,9,F,2011
E01028304,Newark and Sherwood 007B,712,57,47,45,29,46,74,51,45,53,42,33,42,34,32,23,15,20,16,8,F,2011
E01028305,Newark and Sherwood 007C,708,48,37,30,46,57,56,55,56,48,39,53,43,39,28,25,13,18,10,7,F,2011
E01028306,Newark and Sherwood 007D,810,44,48,42,51,48,69,54,38,57,66,63,53,42,44,30,18,22,11,10,F,2011
E01028307,Newark and Sherwood 007E,641,43,39,42,41,51,46,52,55,47,55,46,37,41,22,9,8,1,4,2,F,2011
E01028310,Newark and Sherwood 007F,806,58,32,27,42,92,96,61,54,61,53,56,26,36,32,17,18,24,14,7,F,2011
E01028311,Newark and Sherwood 007G,755,48,24,21,37,68,66,51,51,42,46,39,54,42,34,30,29,33,22,18,F,2011
E01028345,Newark and Sherwood 008A,1161,35,51,77,50,42,30,35,59,72,70,67,72,125,81,77,62,62,64,30,F,2011
E01028346,Newark and Sherwood 008B,1101,32,49,80,63,37,27,34,45,84,88,88,78,104,100,69,47,35,27,14,F,2011
E01028347,Newark and Sherwood 008C,787,48,26,57,49,41,17,21,48,67,54,63,40,55,65,42,44,22,19,9,F,2011
E01028348,Newark and Sherwood 008D,831,25,48,40,124,131,14,19,34,44,41,41,38,54,44,32,31,31,22,18,F,2011
E01028292,Newark and Sherwood 009A,1197,77,92,71,44,36,57,64,90,127,103,83,83,66,63,44,32,24,22,19,F,2011
E01028293,Newark and Sherwood 009B,992,82,72,42,41,59,77,81,101,64,60,56,67,58,37,40,24,16,13,2,F,2011
E01028333,Newark and Sherwood 009C,703,47,30,27,32,31,41,44,42,45,58,43,48,57,40,29,23,22,21,23,F,2011
E01028334,Newark and Sherwood 009D,819,55,58,56,74,43,38,44,68,80,55,49,40,45,28,22,19,23,13,9,F,2011
E01028335,Newark and Sherwood 009E,865,61,33,41,55,70,79,59,51,52,53,58,44,44,37,40,34,24,18,12,F,2011
E01028308,Newark and Sherwood 010A,847,40,40,32,47,33,36,49,38,63,55,60,72,76,59,35,43,32,24,13,F,2011
E01028309,Newark and Sherwood 010B,687,27,20,23,36,36,28,23,44,46,63,54,59,51,50,47,33,24,15,8,F,2011
E01028318,Newark and Sherwood 010C,829,47,43,61,57,49,49,36,63,61,70,73,32,41,41,35,30,25,12,4,F,2011
E01028319,Newark and Sherwood 010D,1019,68,67,72,67,59,62,65,58,64,71,59,48,64,42,41,33,38,26,15,F,2011
E01028320,Newark and Sherwood 010E,908,71,65,49,53,72,59,51,42,60,56,55,42,43,45,35,36,31,22,21,F,2011
E01028285,Newark and Sherwood 011A,633,37,34,48,50,34,47,37,28,61,61,45,44,29,22,27,12,8,7,2,F,2011
E01028286,Newark and Sherwood 011B,630,22,27,24,34,13,20,19,38,41,43,36,34,58,49,50,39,49,22,12,F,2011
E01028287,Newark and Sherwood 011C,768,49,40,39,46,34,37,39,46,54,46,42,40,60,56,40,40,28,22,10,F,2011
E01028288,Newark and Sherwood 011D,790,46,34,48,52,29,49,43,42,60,55,52,57,47,70,36,22,30,16,2,F,2011
E01028289,Newark and Sherwood 011E,650,26,15,27,35,25,45,44,46,43,50,51,46,45,57,36,26,22,9,2,F,2011
E01028290,Newark and Sherwood 011F,758,39,56,32,40,36,21,41,50,49,55,41,49,71,66,30,30,25,13,14,F,2011
E01028291,Newark and Sherwood 011G,803,43,37,51,60,51,47,45,48,79,60,73,50,39,40,31,19,18,9,3,F,2011
E01028325,Newark and Sherwood 012B,605,33,43,21,17,12,14,23,36,53,54,45,56,57,54,28,28,18,8,5,F,2011
E01028326,Newark and Sherwood 012C,648,29,28,27,27,24,26,26,41,40,48,49,52,61,49,40,31,32,12,6,F,2011
E01028336,Newark and Sherwood 012D,570,26,29,30,32,21,21,22,29,49,44,48,47,49,38,33,24,15,11,2,F,2011
E01028352,Newark and Sherwood 012E,618,17,34,58,46,20,9,11,32,52,59,57,48,59,32,33,18,26,6,1,F,2011
E01033393,Newark and Sherwood 012F,1090,92,83,79,49,73,103,113,127,110,65,50,33,32,23,11,9,14,10,14,F,2011
E01033394,Newark and Sherwood 012G,681,36,35,25,36,29,16,25,42,43,47,52,46,66,47,42,29,32,17,16,F,2011
E01028330,Newark and Sherwood 013A,841,40,36,44,52,24,22,25,44,53,81,70,61,75,54,52,44,37,16,11,F,2011
E01028331,Newark and Sherwood 013B,724,32,38,46,29,31,18,29,36,70,60,64,47,59,46,39,27,25,13,15,F,2011
E01028332,Newark and Sherwood 013C,880,37,44,66,44,34,25,24,54,64,80,78,67,70,64,49,32,20,19,9,F,2011
E01028351,Newark and Sherwood 013D,649,27,44,46,32,9,16,9,32,46,72,48,35,56,59,40,27,20,15,16,F,2011
E07000176,,56453,3121,2998,3218,3146,3079,2683,3132,3719,4388,4457,3912,3512,3687,3163,2383,2172,1785,1228,670,F,2011
E01028371,Rushcliffe 001A,1008,38,55,59,53,20,17,31,53,77,77,96,64,80,80,68,37,42,32,29,F,2011
E01028403,Rushcliffe 001B,1145,42,60,88,71,37,21,37,57,95,93,81,77,94,87,60,56,47,29,13,F,2011
E01028411,Rushcliffe 001C,1030,59,52,60,57,32,21,33,74,98,112,96,87,82,57,47,29,21,10,3,F,2011
E01028357,Rushcliffe 002A,751,37,35,33,32,28,24,30,41,53,60,43,53,67,63,49,40,35,23,5,F,2011
E01028358,Rushcliffe 002B,693,31,41,35,31,21,29,38,40,45,32,38,45,58,59,41,29,33,27,20,F,2011
E01028359,Rushcliffe 002C,893,79,55,79,48,24,37,66,74,71,72,59,43,54,50,43,14,12,10,3,F,2011
E01028360,Rushcliffe 002D,924,65,60,42,51,59,72,95,89,78,75,62,42,59,37,19,9,7,3,0,F,2011
E01028361,Rushcliffe 002E,734,56,38,49,45,28,31,40,63,77,49,60,51,32,33,22,25,15,13,7,F,2011
E01028362,Rushcliffe 002F,732,39,44,50,54,31,35,42,46,52,50,48,48,39,43,35,22,29,15,10,F,2011
E01028393,Rushcliffe 003A,583,19,22,22,27,22,14,20,30,37,43,47,45,52,50,52,39,27,11,4,F,2011
E01028394,Rushcliffe 003B,807,30,30,44,42,27,34,37,40,56,46,53,52,55,48,52,58,39,35,29,F,2011
E01028395,Rushcliffe 003C,726,47,50,52,29,19,21,48,64,89,67,56,43,31,42,27,19,12,7,3,F,2011
E01028413,Rushcliffe 003D,895,55,49,51,49,37,36,52,55,66,54,55,41,61,52,38,41,37,37,29,F,2011
E01028414,Rushcliffe 003E,813,42,34,28,27,18,24,46,48,42,53,53,52,79,64,45,51,38,29,40,F,2011
E01028415,Rushcliffe 003F,780,38,36,48,51,28,30,42,60,49,55,61,67,54,54,29,35,27,11,5,F,2011
E01028354,Rushcliffe 004A,779,61,52,65,35,51,25,41,55,86,65,42,47,39,23,26,27,18,12,9,F,2011
E01028355,Rushcliffe 004B,778,53,45,41,25,39,56,69,77,59,45,46,50,40,29,25,16,25,28,10,F,2011
E01028384,Rushcliffe 004C,860,60,58,47,40,82,81,73,85,74,62,36,43,32,27,17,18,11,9,5,F,2011
E01028385,Rushcliffe 004D,864,67,57,50,43,38,46,70,70,80,68,71,55,33,30,22,24,24,10,6,F,2011
E01028386,Rushcliffe 004E,804,60,47,50,48,65,50,59,65,62,68,59,60,38,22,16,13,13,3,6,F,2011
E01028396,Rushcliffe 005A,795,61,33,44,39,48,68,81,47,66,67,48,54,42,21,17,20,15,15,9,F,2011
E01028398,Rushcliffe 005B,744,45,30,31,19,78,92,87,63,54,36,27,26,26,15,17,32,17,35,14,F,2011
E01028399,Rushcliffe 005C,699,64,51,55,44,79,32,34,61,62,60,34,33,31,17,12,4,11,13,2,F,2011
E01028416,Rushcliffe 005D,732,31,24,24,41,187,83,54,49,33,31,31,18,17,10,15,21,25,20,18,F,2011
E01028417,Rushcliffe 005E,754,33,32,42,24,198,87,63,58,48,42,33,20,23,11,11,10,9,6,4,F,2011
E01028418,Rushcliffe 005F,735,33,28,24,34,125,77,61,57,36,38,17,28,28,23,20,25,26,35,20,F,2011
E01028356,Rushcliffe 006A,784,38,44,47,52,40,32,53,53,53,77,57,52,54,40,29,22,30,10,1,F,2011
E01028375,Rushcliffe 006B,931,77,68,51,42,53,112,93,105,72,75,47,42,26,27,14,7,15,3,2,F,2011
E01028376,Rushcliffe 006C,807,53,44,41,35,26,40,41,54,77,74,49,44,65,49,33,27,26,20,9,F,2011
E01028377,Rushcliffe 006D,996,79,72,84,42,37,37,63,81,108,116,76,60,36,31,25,25,13,8,3,F,2011
E01028397,Rushcliffe 006E,892,46,66,71,52,31,37,50,68,79,66,59,69,58,46,28,19,20,17,10,F,2011
E01028363,Rushcliffe 007A,733,51,43,53,52,38,26,37,52,59,79,83,54,41,24,12,12,10,4,3,F,2011
E01028364,Rushcliffe 007B,923,67,56,60,55,30,39,54,68,88,85,76,59,49,36,22,27,21,18,13,F,2011
E01028365,Rushcliffe 007C,818,36,47,45,58,69,63,55,57,67,78,51,54,40,23,25,21,16,4,9,F,2011
E01028391,Rushcliffe 007D,1024,43,50,55,64,32,41,40,58,69,77,75,69,81,60,59,71,50,16,14,F,2011
E01028392,Rushcliffe 007E,1079,57,64,59,44,44,60,61,56,77,76,53,60,65,64,49,73,56,46,15,F,2011
E01028372,Rushcliffe 008A,612,28,30,41,33,22,20,29,43,43,42,51,40,38,23,33,27,43,17,9,F,2011
E01028373,Rushcliffe 008B,704,22,42,46,42,27,22,26,32,52,53,50,52,47,52,38,48,36,14,3,F,2011
E01028374,Rushcliffe 008C,711,36,36,36,40,29,25,31,43,46,44,40,31,28,51,38,43,40,50,24,F,2011
E01028400,Rushcliffe 008D,793,43,55,48,55,32,26,25,55,81,71,70,53,53,36,24,27,21,14,4,F,2011
E01028401,Rushcliffe 008E,651,36,46,46,58,19,24,28,33,63,70,51,47,36,29,19,13,23,6,4,F,2011
E01028366,Rushcliffe 009A,689,43,38,62,48,49,45,52,48,55,69,35,24,27,33,21,16,16,5,3,F,2011
E01028367,Rushcliffe 009B,756,41,42,29,48,37,39,40,53,46,64,41,37,46,48,37,32,33,25,18,F,2011
E01028368,Rushcliffe 009C,748,53,32,36,42,35,30,51,42,50,80,76,60,53,41,20,23,13,6,5,F,2011
E01028369,Rushcliffe 009D,764,52,47,51,50,48,42,75,55,65,68,58,42,37,17,22,17,12,5,1,F,2011
E01028370,Rushcliffe 009E,735,41,41,43,42,39,27,34,50,53,65,47,47,52,49,39,34,20,10,2,F,2011
E01028402,Rushcliffe 010A,935,30,52,61,50,25,19,28,56,75,101,69,82,91,67,48,37,23,17,4,F,2011
E01028419,Rushcliffe 010B,1212,64,57,52,52,54,46,47,70,112,93,101,104,106,87,50,47,27,30,13,F,2011
E01028420,Rushcliffe 010C,705,34,38,37,50,22,12,28,39,56,58,60,48,68,61,44,26,11,9,4,F,2011
E01028404,Rushcliffe 011A,840,40,30,46,56,30,32,36,47,58,69,60,57,56,49,45,39,24,39,27,F,2011
E01028405,Rushcliffe 011B,1020,88,62,42,39,47,71,74,97,85,69,53,49,61,42,35,42,29,25,10,F,2011
E01028406,Rushcliffe 011C,829,60,44,33,42,23,41,66,72,66,59,59,61,42,47,31,32,25,20,6,F,2011
E01028407,Rushcliffe 011D,1034,75,49,40,49,40,62,91,74,69,83,70,71,69,53,32,39,42,16,10,F,2011
E01028379,Rushcliffe 012A,813,9,34,43,46,12,14,15,29,38,61,63,61,78,82,84,70,38,31,5,F,2011
E01028412,Rushcliffe 012B,943,47,34,58,37,17,24,20,44,69,79,78,67,92,79,66,52,51,21,8,F,2011
E01028421,Rushcliffe 012C,1125,44,50,80,56,23,26,40,51,94,112,90,78,93,74,55,57,38,44,20,F,2011
E01028380,Rushcliffe 013A,635,49,34,36,43,39,43,52,37,38,49,44,36,23,23,29,24,26,9,1,F,2011
E01028381,Rushcliffe 013B,695,21,16,33,45,18,23,26,27,48,59,65,52,59,58,34,50,36,15,10,F,2011
E01028382,Rushcliffe 013C,743,28,30,51,36,25,23,19,41,68,51,50,49,55,60,54,46,32,17,8,F,2011
E01028383,Rushcliffe 013D,569,19,16,20,32,23,13,24,25,26,40,44,40,52,53,40,42,26,22,12,F,2011
E01028378,Rushcliffe 014A,1022,38,47,50,55,40,38,44,47,81,84,87,69,105,75,59,39,30,24,10,F,2011
E01028387,Rushcliffe 014B,901,61,75,53,49,61,56,45,53,83,74,47,41,30,49,35,39,26,13,11,F,2011
E01028408,Rushcliffe 014C,1424,56,60,52,185,282,68,52,81,78,88,73,67,83,77,35,28,37,14,8,F,2011
E01028388,Rushcliffe 015A,846,54,54,60,56,30,34,30,54,82,69,74,45,59,53,22,22,21,17,10,F,2011
E01028389,Rushcliffe 015B,773,23,25,42,38,21,25,29,33,45,40,50,49,74,84,59,47,45,32,12,F,2011
E01028390,Rushcliffe 015C,843,35,38,41,51,38,31,35,41,62,49,62,57,91,61,52,39,31,19,10,F,2011
E01028409,Rushcliffe 015D,678,35,33,36,31,30,27,24,36,57,62,51,50,67,44,35,25,17,9,9,F,2011
E01028410,Rushcliffe 015E,660,24,39,35,35,21,25,20,38,50,59,65,39,55,59,27,32,21,9,7,F,2011
E06000019,,93258,4621,4432,5149,5277,4475,4670,4736,5101,6463,7058,6442,6378,6899,6003,4621,4023,3243,2308,1359,F,2011
E01013998,Herefordshire 001A,684,13,22,34,35,21,22,15,24,32,74,51,52,66,64,50,42,33,20,14,F,2011
E01014051,Herefordshire 001B,868,41,43,68,45,34,22,35,62,69,71,54,49,55,77,46,41,19,22,15,F,2011
E01014052,Herefordshire 001C,743,22,30,46,42,25,22,21,31,49,67,72,75,60,73,51,26,11,14,6,F,2011
E01014096,Herefordshire 001D,766,24,38,43,38,20,26,32,30,51,52,60,78,77,76,43,32,26,12,8,F,2011
E01014041,Herefordshire 002A,784,40,28,25,28,49,28,44,42,42,52,44,43,55,60,42,41,47,41,33,F,2011
E01014042,Herefordshire 002B,855,61,74,64,59,59,73,56,72,59,52,45,48,42,15,24,24,13,10,5,F,2011
E01014043,Herefordshire 002C,589,29,17,22,24,24,23,25,22,26,27,35,39,52,39,46,41,46,34,18,F,2011
E01014044,Herefordshire 002D,757,54,46,47,51,48,60,37,27,61,60,56,40,45,40,23,28,17,14,3,F,2011
E01014045,Herefordshire 003A,801,48,33,46,40,34,57,50,53,51,58,41,64,53,57,37,37,16,13,13,F,2011
E01014046,Herefordshire 003B,727,26,31,39,38,24,23,38,43,47,47,55,53,71,52,50,39,31,16,4,F,2011
E01014047,Herefordshire 003C,745,51,44,52,62,34,46,36,37,44,41,41,67,44,44,33,24,25,17,3,F,2011
E01014048,Herefordshire 003D,737,47,26,26,29,62,66,65,37,35,40,36,41,49,41,20,30,37,24,26,F,2011
E01013999,Herefordshire 004A,744,19,34,47,50,16,20,24,40,38,59,51,65,70,49,58,39,31,18,16,F,2011
E01014017,Herefordshire 004B,756,31,39,43,42,12,17,28,37,62,55,54,71,69,62,33,46,30,21,4,F,2011
E01014024,Herefordshire 004C,655,25,33,38,38,25,17,26,18,49,59,49,57,72,54,29,27,23,7,9,F,2011
E01014025,Herefordshire 004D,720,21,36,42,39,26,17,27,26,49,63,52,49,67,66,50,31,34,18,7,F,2011
E01014055,Herefordshire 004E,780,32,42,39,42,33,18,36,44,60,52,55,61,80,69,42,25,30,13,7,F,2011
E01014097,Herefordshire 004F,664,21,30,37,36,20,20,25,27,40,48,59,48,67,63,43,37,24,13,6,F,2011
E01014000,Herefordshire 005A,690,29,24,46,46,23,27,19,22,43,56,55,76,71,53,37,28,19,11,5,F,2011
E01014001,Herefordshire 005B,715,33,20,41,42,24,31,36,22,46,62,64,59,73,58,38,39,14,8,5,F,2011
E01014002,Herefordshire 005C,749,25,29,30,34,27,20,34,26,32,40,52,44,60,68,56,53,49,37,33,F,2011
E01014003,Herefordshire 005D,745,50,41,26,56,41,38,40,57,49,53,52,51,46,46,23,26,29,15,6,F,2011
E01014004,Herefordshire 005E,718,23,44,46,28,23,26,22,39,45,55,57,67,62,48,33,35,30,25,10,F,2011
E01014005,Herefordshire 005F,773,41,32,34,34,51,49,52,46,55,43,47,46,61,48,38,26,26,23,21,F,2011
E01014015,Herefordshire 005G,842,44,40,48,55,30,30,47,46,52,71,80,56,79,62,27,36,21,11,7,F,2011
E01014008,Herefordshire 006A,795,38,35,38,38,27,25,24,44,50,58,73,67,58,58,58,45,29,17,13,F,2011
E01014009,Herefordshire 006B,755,35,31,43,35,17,20,28,37,44,53,46,75,84,77,49,35,27,10,9,F,2011
E01014033,Herefordshire 006C,906,41,39,48,43,35,39,30,46,61,66,50,71,60,66,57,54,42,28,30,F,2011
E01014034,Herefordshire 006D,802,50,42,44,54,54,49,39,35,46,60,34,53,50,49,21,43,46,20,13,F,2011
E01014056,Herefordshire 006E,771,39,39,44,38,19,27,27,33,54,78,53,60,65,53,42,32,33,21,14,F,2011
E01014006,Herefordshire 007A,794,28,30,58,47,31,28,28,45,65,69,57,63,71,51,49,40,19,9,6,F,2011
E01014012,Herefordshire 007B,864,34,35,30,45,37,30,27,32,68,55,54,67,90,60,53,45,40,34,28,F,2011
E01014013,Herefordshire 007C,949,81,76,85,53,23,65,76,105,77,56,41,41,47,37,23,25,17,13,8,F,2011
E01014016,Herefordshire 007D,795,35,30,53,63,18,21,20,39,51,45,52,51,64,58,48,51,43,32,21,F,2011
E01014100,Herefordshire 007E,790,35,42,41,59,20,24,29,33,68,63,71,57,71,52,39,40,21,19,6,F,2011
E01014101,Herefordshire 007F,543,21,32,34,24,20,15,23,29,38,41,42,39,70,46,30,21,9,8,1,F,2011
E01014022,Herefordshire 008A,1010,31,58,72,62,54,27,46,68,87,103,96,67,66,52,42,30,20,13,16,F,2011
E01014023,Herefordshire 008B,872,56,47,54,46,46,37,57,65,68,72,49,61,61,57,27,27,21,16,5,F,2011
E01014081,Herefordshire 008C,722,35,28,37,47,24,21,28,45,48,71,56,56,68,53,36,32,16,16,5,F,2011
E01014082,Herefordshire 008D,948,30,55,57,51,62,49,47,53,67,81,80,55,45,60,53,48,32,19,4,F,2011
E01014027,Herefordshire 009A,632,19,27,33,34,14,15,14,28,50,47,46,69,63,66,44,35,13,8,7,F,2011
E01014028,Herefordshire 009B,740,15,21,52,38,28,11,13,25,42,64,72,59,68,71,58,27,43,22,11,F,2011
E01014029,Herefordshire 009C,808,28,36,60,43,12,25,22,38,50,64,55,56,51,74,55,40,40,35,24,F,2011
E01014030,Herefordshire 009D,699,25,30,40,39,20,22,30,32,46,62,44,64,69,66,45,22,18,15,10,F,2011
E01014083,Herefordshire 010A,818,36,34,43,30,28,37,44,49,59,48,57,60,62,53,58,39,41,27,13,F,2011
E01014084,Herefordshire 010B,786,49,32,35,39,46,53,54,56,64,48,46,40,37,38,36,42,34,25,12,F,2011
E01014085,Herefordshire 010C,708,40,33,31,40,56,65,36,34,61,57,48,39,47,35,22,24,26,10,4,F,2011
E01014087,Herefordshire 010D,696,40,25,23,25,60,54,67,42,46,50,61,41,41,40,33,19,19,9,1,F,2011
E01014088,Herefordshire 010E,711,44,23,19,26,60,80,52,39,48,56,62,43,42,33,26,23,23,7,5,F,2011
E01014089,Herefordshire 010F,782,39,47,45,45,40,48,42,40,81,59,53,61,43,46,29,30,16,15,3,F,2011
E01013987,Herefordshire 011A,833,41,37,40,42,49,36,38,40,47,51,65,57,62,45,40,45,41,29,28,F,2011
E01013988,Herefordshire 011B,965,20,22,40,39,48,42,41,34,48,59,55,66,67,69,69,80,61,71,34,F,2011
E01014007,Herefordshire 011C,892,26,36,60,60,26,26,38,30,72,79,82,58,58,64,47,34,39,34,23,F,2011
E01014095,Herefordshire 011D,793,35,55,57,50,46,44,49,57,55,59,49,38,43,55,30,41,14,11,5,F,2011
E01013986,Herefordshire 012A,862,48,44,43,61,60,66,52,55,57,66,59,59,45,41,25,28,25,19,9,F,2011
E01013989,Herefordshire 012B,779,61,37,38,64,80,42,62,60,41,54,50,43,41,27,21,24,17,9,8,F,2011
E01014010,Herefordshire 012C,726,36,19,26,46,76,110,51,49,38,53,39,25,31,24,28,26,22,18,9,F,2011
E01014011,Herefordshire 012D,780,53,42,37,46,69,78,52,45,64,42,50,44,37,23,23,23,22,24,6,F,2011
E01014086,Herefordshire 012E,719,47,25,36,45,57,74,70,39,50,50,41,39,36,24,24,17,21,16,8,F,2011
E01014092,Herefordshire 012F,908,49,27,43,37,46,62,74,64,55,58,67,53,74,54,44,33,31,21,16,F,2011
E01014075,Herefordshire 013A,875,54,48,40,67,45,47,58,40,76,57,51,58,58,39,37,40,24,21,15,F,2011
E01014076,Herefordshire 013B,1093,81,39,49,72,75,105,100,89,96,71,59,57,38,34,31,27,28,30,12,F,2011
E01014077,Herefordshire 013C,787,41,34,33,52,31,40,31,46,69,63,55,54,53,52,43,36,37,14,3,F,2011
E01014078,Herefordshire 013D,718,38,35,45,45,32,51,48,40,54,60,34,46,30,34,28,43,21,27,7,F,2011
E01014090,Herefordshire 014A,771,28,26,51,59,23,18,25,48,61,64,55,44,54,56,55,31,40,23,10,F,2011
E01014091,Herefordshire 014B,777,23,29,44,55,27,19,18,42,50,67,50,55,69,52,46,54,42,20,15,F,2011
E01014093,Herefordshire 014C,769,31,27,46,41,34,26,31,38,51,61,65,62,63,40,41,32,33,24,23,F,2011
E01014094,Herefordshire 014D,786,37,59,40,59,31,33,29,38,60,67,59,44,58,43,49,27,31,18,4,F,2011
E01014068,Herefordshire 015A,746,35,30,32,38,44,49,31,47,50,59,61,44,61,45,41,27,32,14,6,F,2011
E01014070,Herefordshire 015B,1143,91,62,57,66,79,107,92,69,99,76,65,49,53,45,33,36,37,19,8,F,2011
E01014072,Herefordshire 015C,1047,88,60,63,52,87,83,87,71,69,71,62,45,60,43,37,38,18,10,3,F,2011
E01014073,Herefordshire 015D,992,100,61,39,57,70,124,114,63,55,39,53,35,41,31,30,23,28,24,5,F,2011
E01014074,Herefordshire 015E,781,59,44,38,53,68,58,59,33,42,46,44,45,39,38,41,22,20,15,17,F,2011
E01013996,Herefordshire 016A,782,57,49,43,30,57,53,52,52,64,63,62,38,42,30,23,21,25,15,6,F,2011
E01013997,Herefordshire 016B,971,52,54,64,63,60,75,59,85,83,105,57,58,38,36,32,21,16,8,5,F,2011
E01014079,Herefordshire 016C,830,35,55,48,55,35,28,35,42,59,64,62,65,60,65,40,26,24,20,12,F,2011
E01014080,Herefordshire 016D,695,28,31,20,44,27,27,31,29,43,55,45,39,56,66,53,42,36,16,7,F,2011
E01013992,Herefordshire 017A,706,62,31,39,40,46,62,64,42,66,49,52,53,36,26,18,8,8,4,0,F,2011
E01013993,Herefordshire 017B,841,54,54,52,81,53,49,64,43,57,58,50,45,53,30,30,32,21,13,2,F,2011
E01013994,Herefordshire 017C,848,69,58,52,60,86,42,45,51,62,52,54,51,42,32,23,23,24,17,5,F,2011
E01013995,Herefordshire 017D,900,94,74,57,56,86,90,61,57,52,58,34,41,48,33,23,16,9,7,4,F,2011
E01014071,Herefordshire 017E,729,42,43,57,52,38,59,45,41,45,59,53,38,43,20,17,36,26,11,4,F,2011
E01013990,Herefordshire 018A,919,38,30,52,37,21,21,27,38,56,63,67,62,100,65,70,61,40,41,30,F,2011
E01013991,Herefordshire 018B,680,34,28,56,53,31,20,29,44,49,76,44,41,47,40,40,17,11,11,9,F,2011
E01014014,Herefordshire 018C,887,29,44,61,57,26,21,38,59,72,93,65,81,81,69,33,26,15,12,5,F,2011
E01014054,Herefordshire 018D,669,17,21,38,41,20,19,22,29,56,54,74,59,55,59,35,30,23,9,8,F,2011
E01014035,Herefordshire 019A,901,55,34,55,54,52,48,54,58,73,61,49,47,45,35,37,32,51,33,28,F,2011
E01014036,Herefordshire 019B,828,26,34,42,35,36,24,27,40,47,67,44,48,80,55,52,58,44,46,23,F,2011
E01014037,Herefordshire 019C,794,25,17,29,32,36,23,34,19,35,56,47,54,65,78,60,48,59,50,27,F,2011
E01014038,Herefordshire 019D,737,35,37,36,41,36,49,44,47,58,53,41,42,60,50,27,26,26,20,9,F,2011
E01014039,Herefordshire 019E,920,67,59,67,52,30,66,66,77,84,66,53,40,57,48,25,36,17,8,2,F,2011
E01014040,Herefordshire 019F,811,29,28,33,38,37,35,27,45,61,58,51,50,68,59,55,40,40,27,30,F,2011
E01014018,Herefordshire 020A,765,28,49,38,49,27,22,29,26,53,75,58,54,68,53,44,36,25,23,8,F,2011
E01014019,Herefordshire 020B,784,33,42,46,53,29,17,29,37,53,74,53,67,72,52,35,41,33,11,7,F,2011
E01014020,Herefordshire 020C,768,28,44,54,31,18,13,27,40,61,74,51,67,78,63,36,38,21,16,8,F,2011
E01014021,Herefordshire 020D,743,35,27,38,31,16,35,36,30,46,58,48,52,60,57,43,42,45,30,14,F,2011
E01014026,Herefordshire 021A,1039,51,36,46,50,34,52,44,69,72,84,70,92,76,84,61,54,38,17,9,F,2011
E01014059,Herefordshire 021B,1008,36,49,78,59,41,32,28,59,47,108,80,76,86,67,61,38,33,19,11,F,2011
E01014060,Herefordshire 021C,820,29,44,46,38,38,24,29,29,62,74,56,75,77,47,58,39,24,17,14,F,2011
E01014069,Herefordshire 021D,950,81,59,53,40,62,109,93,86,70,59,59,50,39,19,30,22,13,3,3,F,2011
E01014098,Herefordshire 021E,789,38,59,62,66,34,25,42,59,75,52,58,44,50,40,32,23,14,13,3,F,2011
E01014099,Herefordshire 021F,903,39,34,52,50,38,30,38,43,64,68,68,63,87,76,42,55,20,23,13,F,2011
E01014061,Herefordshire 022A,822,29,25,45,36,21,23,17,37,43,51,54,61,67,66,70,61,55,30,31,F,2011
E01014062,Herefordshire 022B,848,35,25,44,31,60,69,40,45,40,53,50,50,57,50,50,48,49,40,12,F,2011
E01014063,Herefordshire 022C,951,48,57,46,48,47,34,40,63,72,54,50,68,71,51,50,40,42,39,31,F,2011
E01014064,Herefordshire 022D,783,53,37,47,37,50,50,62,51,56,52,55,45,54,30,22,25,23,21,13,F,2011
E01014065,Herefordshire 022E,758,42,21,36,51,45,47,47,45,48,63,52,57,66,43,29,31,18,14,3,F,2011
E01014066,Herefordshire 022F,595,13,29,21,32,45,29,29,18,36,51,41,40,49,37,32,35,18,22,18,F,2011
E01014067,Herefordshire 022G,750,36,40,35,45,38,32,29,40,52,44,61,60,50,46,38,50,25,24,5,F,2011
E01014031,Herefordshire 023A,821,34,51,39,50,24,21,28,47,47,63,66,74,63,58,29,33,26,30,38,F,2011
E01014032,Herefordshire 023B,790,19,30,47,44,23,25,24,25,61,81,67,64,54,67,42,39,35,19,24,F,2011
E01014049,Herefordshire 023C,841,42,39,40,33,29,38,38,34,51,66,86,50,81,77,42,30,28,26,11,F,2011
E01014050,Herefordshire 023D,884,27,49,40,54,25,30,43,43,60,75,85,70,79,80,42,30,22,20,10,F,2011
E01014053,Herefordshire 023E,896,33,44,53,40,34,27,36,38,65,72,75,63,89,70,56,26,27,31,17,F,2011
E01014057,Herefordshire 023F,857,40,34,52,50,28,35,41,44,63,71,52,61,64,66,65,43,19,24,5,F,2011
E01014058,Herefordshire 023G,800,28,26,45,35,17,15,20,36,60,71,58,89,76,95,51,36,22,12,8,F,2011
E06000051,,154873,7671,7792,8792,9033,7535,7473,7624,8849,10967,11710,10657,10212,11500,9992,7872,6242,5167,3632,2153,F,2011
E01028891,Shropshire 001A,850,61,47,37,40,58,87,73,52,51,53,44,43,39,37,25,36,28,29,10,F,2011
E01028892,Shropshire 001B,710,24,31,35,37,27,24,23,21,55,58,41,55,68,61,43,34,29,28,16,F,2011
E01028894,Shropshire 001C,773,58,38,43,36,51,37,40,46,77,59,45,38,42,38,33,37,30,22,3,F,2011
E01028895,Shropshire 001D,856,49,44,51,42,41,48,47,45,70,65,57,48,57,37,29,36,31,24,35,F,2011
E01028896,Shropshire 001E,1055,76,53,55,45,64,82,71,79,80,72,54,60,63,55,38,42,37,19,10,F,2011
E01028897,Shropshire 001F,767,42,38,45,49,41,38,33,47,61,57,40,45,57,40,39,44,29,13,9,F,2011
E01028880,Shropshire 002A,827,46,46,54,44,33,35,38,50,61,70,44,54,60,63,30,30,24,28,17,F,2011
E01028881,Shropshire 002B,639,20,32,32,34,25,16,21,25,48,48,49,54,65,48,43,36,15,17,11,F,2011
E01028882,Shropshire 002C,766,32,43,42,37,22,28,45,41,65,81,55,58,66,51,31,27,22,12,8,F,2011
E01028893,Shropshire 002D,771,17,42,46,43,17,33,27,54,49,69,51,64,91,48,39,25,30,16,10,F,2011
E01028899,Shropshire 002E,763,29,37,39,39,32,26,30,37,59,62,61,61,79,65,37,25,19,20,6,F,2011
E01028910,Shropshire 003A,753,27,29,32,50,99,29,22,39,56,51,47,43,47,40,38,37,28,18,21,F,2011
E01028911,Shropshire 003B,652,26,32,31,29,34,23,29,25,64,48,51,55,46,48,44,28,18,15,6,F,2011
E01028912,Shropshire 003C,626,44,37,37,38,41,42,44,44,44,30,32,36,33,29,24,16,23,20,12,F,2011
E01028920,Shropshire 003D,657,36,37,35,37,24,30,27,38,52,50,48,38,62,33,30,33,23,17,7,F,2011
E01028921,Shropshire 003E,791,40,44,39,50,40,35,43,59,68,69,51,56,51,40,41,20,24,14,7,F,2011
E01028925,Shropshire 003F,836,31,31,84,159,27,28,34,29,42,63,55,54,67,49,34,17,19,9,4,F,2011
E01028926,Shropshire 003G,709,47,40,32,42,44,50,46,39,52,42,46,45,55,41,25,33,16,12,2,F,2011
E01028864,Shropshire 004A,753,29,34,41,48,24,22,32,36,51,59,60,65,69,47,39,24,35,23,15,F,2011
E01028865,Shropshire 004B,893,50,45,57,55,34,34,43,44,57,80,58,61,63,63,55,39,32,11,12,F,2011
E01028866,Shropshire 004C,685,31,28,44,44,35,28,31,34,44,65,47,44,48,36,32,32,31,27,4,F,2011
E01028867,Shropshire 004D,675,36,29,33,43,28,29,33,30,61,44,38,29,48,40,41,41,33,26,13,F,2011
E01028872,Shropshire 004E,770,25,30,65,94,27,27,25,35,56,60,68,56,52,42,47,28,14,16,3,F,2011
E01028873,Shropshire 005A,911,60,61,50,54,89,64,60,45,47,59,51,56,36,43,35,23,32,26,20,F,2011
E01028874,Shropshire 005B,709,30,38,25,34,28,28,17,27,35,40,47,63,73,80,58,30,37,12,7,F,2011
E01028875,Shropshire 005C,1296,95,85,77,69,49,77,100,114,120,86,53,50,78,78,48,36,30,21,30,F,2011
E01028876,Shropshire 005D,897,69,60,38,37,53,71,55,51,42,51,54,38,57,54,49,41,39,26,12,F,2011
E01028877,Shropshire 005E,670,41,37,41,44,25,29,31,46,40,46,45,55,55,40,32,27,19,11,6,F,2011
E01028878,Shropshire 005F,789,44,42,46,45,33,39,35,43,63,48,64,53,67,50,50,25,22,18,2,F,2011
E01028879,Shropshire 005G,775,50,58,35,40,53,45,46,43,59,61,53,51,57,39,28,29,14,6,8,F,2011
E01028902,Shropshire 006C,573,22,24,27,23,31,29,26,30,30,31,38,39,51,39,41,31,33,23,5,F,2011
E01028903,Shropshire 006D,694,28,27,35,38,30,36,30,31,30,40,42,43,56,54,49,51,34,25,15,F,2011
E01028904,Shropshire 006E,769,55,38,54,50,43,41,51,43,65,56,45,48,43,31,32,33,22,13,6,F,2011
E01028905,Shropshire 006F,924,64,65,54,67,71,61,75,87,67,52,60,39,43,36,31,18,18,12,4,F,2011
E01028909,Shropshire 006G,746,39,44,47,49,50,41,51,45,58,67,44,39,43,32,35,19,21,11,11,F,2011
E01033528,Shropshire 006H,1339,73,90,88,79,88,96,91,104,125,107,88,81,64,47,42,27,21,19,9,F,2011
E01028906,Shropshire 007A,589,33,20,22,43,55,51,36,49,38,45,28,28,26,19,10,23,22,28,13,F,2011
E01028907,Shropshire 007B,939,41,34,48,39,52,36,39,36,69,58,57,52,67,52,63,57,67,43,29,F,2011
E01028908,Shropshire 007C,742,59,41,30,42,80,72,54,67,53,37,41,37,35,31,26,22,8,5,2,F,2011
E01028916,Shropshire 007D,821,18,35,29,32,21,21,29,37,52,49,58,53,68,71,77,51,43,50,27,F,2011
E01028917,Shropshire 007E,726,39,41,47,62,25,45,38,55,56,61,47,33,44,35,35,26,15,16,6,F,2011
E01028924,Shropshire 007F,820,63,47,43,49,39,46,57,73,63,61,53,41,53,37,27,27,16,14,11,F,2011
E01028886,Shropshire 008A,885,61,54,56,49,60,82,52,55,75,44,55,35,43,38,37,34,21,21,13,F,2011
E01028887,Shropshire 008B,746,31,29,48,35,30,30,25,44,51,53,35,48,46,52,49,54,46,24,16,F,2011
E01028889,Shropshire 008C,743,28,20,38,63,36,19,23,27,46,40,47,41,62,68,59,53,32,26,15,F,2011
E01028890,Shropshire 008D,693,31,31,39,45,38,37,40,21,59,50,51,31,39,46,32,31,42,19,11,F,2011
E01028868,Shropshire 009A,802,48,37,59,34,21,23,31,43,54,74,51,65,67,60,32,29,30,26,18,F,2011
E01028869,Shropshire 009B,692,24,35,52,47,29,35,26,53,45,75,68,59,42,35,27,18,8,9,5,F,2011
E01028871,Shropshire 009C,605,29,29,32,44,20,22,24,43,52,55,47,52,40,29,31,24,14,12,6,F,2011
E01028885,Shropshire 009D,1092,107,68,70,63,87,95,86,64,76,72,67,50,60,55,24,21,17,7,3,F,2011
E01028860,Shropshire 010A,960,46,47,57,93,33,26,40,42,86,102,56,62,67,54,34,42,41,21,11,F,2011
E01028862,Shropshire 010B,802,31,45,46,40,26,28,28,47,57,71,67,75,71,59,39,39,21,6,6,F,2011
E01028863,Shropshire 010C,690,35,32,45,49,63,29,30,37,60,62,45,38,54,39,27,18,15,11,1,F,2011
E01028888,Shropshire 010D,823,42,60,65,75,30,24,30,51,74,70,68,61,51,40,30,28,13,6,5,F,2011
E01028898,Shropshire 010E,720,33,35,61,43,24,21,24,42,58,75,55,50,61,58,30,22,16,8,4,F,2011
E01028913,Shropshire 011A,785,35,39,44,52,33,23,32,25,73,66,57,73,59,57,48,27,23,12,7,F,2011
E01028918,Shropshire 011B,764,41,54,47,41,35,36,33,53,65,47,66,44,66,39,23,19,17,18,20,F,2011
E01028919,Shropshire 011C,669,37,45,93,28,26,19,26,49,52,68,41,32,43,43,24,19,7,9,8,F,2011
E01028927,Shropshire 011D,527,22,28,34,26,19,23,23,39,36,34,37,33,49,52,23,25,14,8,2,F,2011
E01028928,Shropshire 011E,786,35,36,41,63,30,29,42,34,74,62,61,58,53,55,45,31,19,15,3,F,2011
E01028914,Shropshire 012A,526,17,18,18,37,26,19,15,25,31,55,36,36,49,47,39,23,16,13,6,F,2011
E01028915,Shropshire 012B,702,32,26,40,39,35,32,31,34,46,50,44,49,61,62,51,32,16,18,4,F,2011
E01028922,Shropshire 012C,635,21,27,33,42,21,26,26,32,48,50,45,50,57,47,31,23,21,18,17,F,2011
E01028923,Shropshire 012D,801,31,38,49,39,41,24,32,32,45,75,67,68,61,73,47,46,24,6,3,F,2011
E01028861,Shropshire 013A,609,28,25,18,43,25,32,23,24,37,56,60,40,44,51,37,31,16,14,5,F,2011
E01028870,Shropshire 013B,787,30,44,69,50,20,15,36,48,68,78,57,47,63,50,31,34,24,7,16,F,2011
E01028883,Shropshire 013C,734,39,38,46,34,31,69,58,77,54,42,47,49,30,36,32,19,14,9,10,F,2011
E01028884,Shropshire 013D,790,33,50,55,35,30,35,34,51,57,64,58,58,49,63,30,32,26,19,11,F,2011
E01028929,Shropshire 014A,743,42,38,41,41,41,38,42,54,58,59,51,47,60,51,36,18,14,10,2,F,2011
E01028969,Shropshire 014B,786,24,50,86,81,24,18,35,38,64,62,59,48,46,57,38,21,20,10,5,F,2011
E01028970,Shropshire 014C,692,25,38,42,34,29,21,33,24,34,50,61,44,44,45,44,36,37,25,26,F,2011
E01028971,Shropshire 014D,1077,41,54,68,66,38,38,39,63,90,73,74,71,94,70,64,57,44,20,13,F,2011
E01028978,Shropshire 014E,790,55,43,47,57,38,29,40,47,58,61,66,62,47,65,24,24,10,11,6,F,2011
E01028979,Shropshire 014F,618,30,30,46,38,25,39,27,36,44,49,46,42,46,44,24,23,23,5,1,F,2011
E01028933,Shropshire 015A,840,71,48,53,53,68,62,62,46,53,60,46,46,40,37,35,25,21,13,1,F,2011
E01028934,Shropshire 015B,829,62,73,64,50,66,59,42,59,57,56,39,39,39,27,39,33,16,5,4,F,2011
E01028956,Shropshire 015C,785,37,43,37,46,46,27,48,31,48,79,47,41,56,61,53,37,32,11,5,F,2011
E01028957,Shropshire 015D,825,76,65,72,63,64,65,57,54,52,47,43,31,30,35,28,23,11,3,6,F,2011
E01028958,Shropshire 015E,947,61,47,51,61,58,59,51,60,71,56,66,71,58,50,40,33,24,20,10,F,2011
E01028932,Shropshire 016A,942,57,36,48,43,67,80,63,80,77,76,78,55,60,38,28,24,17,12,3,F,2011
E01028981,Shropshire 016B,824,58,44,51,43,40,34,52,54,74,76,58,52,54,34,36,27,22,11,4,F,2011
E01028982,Shropshire 016C,825,62,52,52,40,51,67,50,56,56,76,47,44,32,41,32,25,25,11,6,F,2011
E01028983,Shropshire 016D,1018,52,55,80,83,75,59,51,72,73,80,67,58,46,38,45,33,31,15,5,F,2011
E01028930,Shropshire 017A,867,61,56,46,38,55,58,62,65,84,66,54,36,42,37,16,32,17,19,23,F,2011
E01028931,Shropshire 017B,1030,51,45,52,61,91,112,88,71,65,65,50,45,42,29,35,31,25,52,20,F,2011
E01028944,Shropshire 017C,836,39,39,32,39,59,63,56,43,62,57,50,45,57,56,46,37,27,18,11,F,2011
E01028945,Shropshire 017D,1058,76,37,34,41,100,135,107,80,66,61,64,62,48,43,29,24,26,13,12,F,2011
E01028965,Shropshire 018A,754,41,40,47,31,38,42,44,56,35,46,44,42,57,43,44,29,30,24,21,F,2011
E01028966,Shropshire 018B,615,26,25,42,40,23,16,23,36,50,59,39,48,57,56,32,19,12,5,7,F,2011
E01028967,Shropshire 018C,813,61,45,54,78,45,44,46,52,59,60,52,33,39,40,28,25,22,25,5,F,2011
E01028968,Shropshire 018D,734,49,60,57,54,36,46,45,53,41,49,38,43,47,37,25,22,12,14,6,F,2011
E01028988,Shropshire 018E,877,60,42,56,54,47,71,60,69,68,83,56,47,32,50,31,29,9,11,2,F,2011
E01028989,Shropshire 018F,879,56,66,67,66,52,51,57,56,80,68,47,51,39,52,22,23,13,12,1,F,2011
E01028946,Shropshire 019A,918,24,26,37,47,76,106,72,45,36,67,58,49,55,57,49,27,38,25,24,F,2011
E01028972,Shropshire 019B,878,53,43,48,47,31,29,31,45,62,66,80,60,59,54,55,35,39,28,13,F,2011
E01028973,Shropshire 019C,1010,46,37,38,51,67,84,73,67,57,67,55,68,53,46,43,38,44,54,22,F,2011
E01028987,Shropshire 019D,1021,38,34,36,54,66,96,71,58,68,59,73,44,43,58,39,42,55,48,39,F,2011
E01028941,Shropshire 020A,1047,49,59,38,50,136,65,72,54,74,67,70,53,64,41,35,33,39,25,23,F,2011
E01028942,Shropshire 020B,729,44,41,62,58,35,21,29,54,93,75,60,32,34,34,27,19,6,3,2,F,2011
E01028943,Shropshire 020C,1081,67,38,32,47,66,83,74,84,76,67,83,88,70,61,43,35,34,20,13,F,2011
E01028951,Shropshire 020D,772,31,42,42,37,31,40,34,33,61,49,46,64,59,49,41,30,41,27,15,F,2011
E01028953,Shropshire 020E,781,43,49,38,32,19,20,36,53,54,62,55,34,53,43,40,51,46,40,13,F,2011
E01028947,Shropshire 021A,750,25,27,34,25,17,14,22,32,39,51,44,49,75,74,51,53,64,26,28,F,2011
E01028948,Shropshire 021B,745,30,36,33,43,38,26,26,38,59,48,58,43,63,56,57,49,22,17,3,F,2011
E01028949,Shropshire 021C,744,34,37,40,29,24,32,33,43,52,61,48,59,65,49,36,29,39,23,11,F,2011
E01028985,Shropshire 021D,688,25,28,28,30,26,18,40,37,47,40,49,50,71,54,62,28,26,22,7,F,2011
E01028938,Shropshire 022A,851,33,42,40,29,31,53,38,65,65,63,52,53,54,47,34,30,42,48,32,F,2011
E01028939,Shropshire 022B,791,45,49,35,40,48,70,69,59,50,62,59,46,41,34,30,20,22,8,4,F,2011
E01028984,Shropshire 022C,736,52,19,29,26,47,47,45,46,43,49,45,54,57,47,34,39,32,16,9,F,2011
E01028986,Shropshire 022D,773,31,36,48,50,35,28,28,44,44,67,52,48,51,66,54,45,23,14,9,F,2011
E01028940,Shropshire 023A,855,46,41,45,55,34,27,27,55,68,81,63,56,53,37,51,36,34,28,18,F,2011
E01028952,Shropshire 023B,917,44,45,41,45,45,63,47,42,46,73,71,64,81,48,40,34,27,32,29,F,2011
E01028962,Shropshire 023C,837,53,67,80,64,40,36,41,72,58,58,46,53,44,25,31,26,22,15,6,F,2011
E01028963,Shropshire 023D,878,34,57,63,44,38,15,41,46,69,66,59,73,62,52,43,28,31,28,29,F,2011
E01028964,Shropshire 023E,868,34,43,52,42,36,25,28,46,64,69,76,55,68,65,46,35,24,30,30,F,2011
E01028974,Shropshire 023F,685,38,40,36,89,23,23,27,43,55,42,59,48,42,33,28,22,16,14,7,F,2011
E01028935,Shropshire 024A,748,14,28,35,42,25,32,34,32,51,69,46,57,62,63,54,47,29,20,8,F,2011
E01028936,Shropshire 024B,1061,45,40,54,48,34,36,40,58,70,70,80,82,94,89,72,45,51,37,16,F,2011
E01028937,Shropshire 024C,784,45,37,40,52,41,38,40,50,56,64,58,40,62,52,35,22,20,22,10,F,2011
E01028959,Shropshire 024D,1261,69,65,72,48,61,58,67,80,105,105,98,96,101,79,56,41,28,19,13,F,2011
E01028853,Shropshire 025A,765,32,37,56,48,39,42,30,57,60,52,50,49,45,45,39,23,35,16,10,F,2011
E01028854,Shropshire 025B,778,30,39,32,33,29,47,37,56,45,52,71,50,80,49,36,30,24,18,20,F,2011
E01028855,Shropshire 025C,763,44,28,27,27,39,31,33,51,46,77,62,46,70,68,41,25,27,12,9,F,2011
E01028856,Shropshire 025D,619,28,17,41,26,49,32,37,24,54,43,37,42,47,40,33,31,26,8,4,F,2011
E01028857,Shropshire 025E,865,39,36,54,44,36,41,33,53,76,68,55,68,71,65,49,30,23,17,7,F,2011
E01028954,Shropshire 026A,619,13,22,41,48,25,24,11,25,44,57,72,35,62,44,34,28,19,12,3,F,2011
E01028955,Shropshire 026B,564,35,28,25,27,28,24,36,26,25,39,31,49,46,55,27,25,14,22,2,F,2011
E01028975,Shropshire 026C,895,49,63,49,65,36,44,45,43,65,68,65,59,50,47,45,31,28,34,9,F,2011
E01028976,Shropshire 026D,868,39,32,54,56,25,28,27,48,57,65,81,65,85,63,52,32,29,23,7,F,2011
E01028977,Shropshire 026E,1002,60,55,48,59,42,37,42,48,70,74,55,75,84,72,48,49,42,25,17,F,2011
E01028826,Shropshire 027A,844,32,32,39,41,43,36,44,47,60,70,51,47,71,44,65,40,43,28,11,F,2011
E01028827,Shropshire 027B,817,59,55,72,51,29,30,57,56,56,59,57,34,47,33,42,26,33,18,3,F,2011
E01028844,Shropshire 027C,704,96,49,36,34,69,81,65,62,43,41,18,25,16,29,19,5,10,5,1,F,2011
E01028845,Shropshire 027D,1004,26,42,49,51,29,25,24,37,65,97,64,61,81,79,89,72,46,47,20,F,2011
E01028950,Shropshire 028A,1224,41,73,81,74,50,50,57,64,85,103,94,80,86,97,62,47,41,22,17,F,2011
E01028960,Shropshire 028B,665,24,39,47,47,16,16,24,25,55,66,52,46,76,43,44,18,16,9,2,F,2011
E01028961,Shropshire 028C,821,35,30,47,197,21,21,35,37,56,69,57,52,47,36,27,21,25,4,4,F,2011
E01028980,Shropshire 028D,1115,49,52,65,66,39,30,36,59,83,100,99,73,98,86,52,56,44,17,11,F,2011
E01028838,Shropshire 029A,741,44,35,37,38,43,45,38,42,44,54,43,40,69,48,40,30,25,16,10,F,2011
E01028839,Shropshire 029B,662,23,38,25,43,23,23,30,35,62,44,53,63,61,46,36,21,22,10,4,F,2011
E01028840,Shropshire 029C,670,32,37,37,33,26,30,35,50,46,46,69,54,57,43,29,18,18,7,3,F,2011
E01028841,Shropshire 029D,788,40,32,50,52,37,31,44,49,43,72,71,59,67,41,29,32,19,18,2,F,2011
E01028850,Shropshire 029E,1130,61,71,54,60,66,81,58,69,92,87,92,88,75,56,50,21,19,17,13,F,2011
E01028851,Shropshire 029F,879,33,43,40,38,38,27,27,38,53,69,62,81,109,50,51,47,34,25,14,F,2011
E01028852,Shropshire 029G,868,45,39,29,50,24,23,39,52,59,61,47,69,77,71,53,42,34,30,24,F,2011
E01028991,Shropshire 030A,620,22,34,40,41,26,26,16,31,55,49,52,37,54,51,37,24,9,14,2,F,2011
E01028992,Shropshire 030B,819,34,29,39,49,31,48,34,38,49,54,38,63,71,57,49,36,45,21,34,F,2011
E01033529,Shropshire 030D,510,16,17,40,23,24,12,18,20,32,44,39,56,61,32,31,18,11,13,3,F,2011
E01033530,Shropshire 030E,968,36,54,51,59,48,23,39,50,71,79,109,77,96,52,41,28,26,21,8,F,2011
E01028830,Shropshire 031A,732,28,39,28,38,22,30,36,40,53,43,52,62,57,55,49,22,37,23,18,F,2011
E01028831,Shropshire 031B,801,29,61,35,33,26,35,32,53,63,63,41,52,62,62,41,40,25,28,20,F,2011
E01028836,Shropshire 031C,748,43,45,41,41,30,48,33,56,45,56,34,36,50,32,51,27,34,30,16,F,2011
E01028837,Shropshire 031D,740,22,26,42,48,35,32,31,53,50,57,51,48,63,59,58,34,22,6,3,F,2011
E01028990,Shropshire 032A,596,32,27,27,44,20,21,26,30,36,50,57,44,57,44,32,19,16,10,4,F,2011
E01028997,Shropshire 032B,1211,37,27,62,63,25,22,33,35,64,73,69,80,122,116,111,91,83,66,32,F,2011
E01028998,Shropshire 032C,1256,44,32,75,48,44,37,48,53,65,89,80,77,105,112,82,87,74,58,46,F,2011
E01028832,Shropshire 033A,833,38,35,30,30,35,53,59,51,64,66,55,72,61,57,41,36,25,13,12,F,2011
E01028833,Shropshire 033B,779,21,28,42,40,28,25,30,38,53,55,55,57,66,54,40,41,43,22,41,F,2011
E01028834,Shropshire 033C,788,36,30,47,33,30,27,43,37,59,53,66,51,78,63,42,26,30,23,14,F,2011
E01028835,Shropshire 033D,731,36,38,39,46,36,37,36,50,56,47,49,47,62,56,36,19,21,14,6,F,2011
E01028828,Shropshire 034A,834,39,44,44,47,32,27,32,52,78,75,44,73,76,55,34,29,25,12,16,F,2011
E01028829,Shropshire 034B,664,18,21,30,39,26,21,31,23,31,46,61,48,78,72,41,51,14,10,3,F,2011
E01028842,Shropshire 034C,828,19,34,67,64,32,26,24,38,66,71,73,58,71,55,49,31,33,11,6,F,2011
E01028847,Shropshire 034D,732,32,29,37,50,29,17,24,29,48,75,66,72,68,53,41,31,19,9,3,F,2011
E01028859,Shropshire 034E,846,30,48,37,35,33,28,33,50,59,63,63,60,74,66,46,36,30,35,20,F,2011
E01028843,Shropshire 035A,875,33,53,52,36,29,36,29,56,64,73,63,57,61,66,48,36,35,22,26,F,2011
E01028846,Shropshire 035B,848,35,42,44,50,26,30,35,50,64,73,56,66,89,72,45,31,26,11,3,F,2011
E01028848,Shropshire 035C,836,32,49,51,47,31,39,24,40,55,53,73,65,71,77,55,36,17,14,7,F,2011
E01028849,Shropshire 035D,1009,70,49,58,57,61,57,68,45,74,69,55,59,75,70,47,36,26,22,11,F,2011
E01028858,Shropshire 035E,1030,40,35,65,53,50,23,31,56,58,78,79,93,123,89,61,34,29,25,8,F,2011
E01028993,Shropshire 036A,798,33,49,53,41,37,22,28,42,57,66,60,64,64,82,43,29,14,11,3,F,2011
E01029004,Shropshire 036B,527,29,12,26,26,26,22,25,13,34,36,48,46,53,42,33,20,21,10,5,F,2011
E01029013,Shropshire 036C,822,26,28,28,52,34,40,38,44,52,63,48,61,71,62,50,50,41,23,11,F,2011
E01029014,Shropshire 036D,614,41,48,41,41,38,26,32,38,51,47,30,40,27,28,21,20,21,18,6,F,2011
E01029015,Shropshire 036E,671,27,25,34,35,24,19,26,27,38,74,67,57,65,49,47,27,12,13,5,F,2011
E01028994,Shropshire 037A,651,22,35,48,32,19,17,18,24,40,56,45,59,55,49,42,34,27,17,12,F,2011
E01029003,Shropshire 037B,1152,44,51,57,57,42,28,40,49,69,94,87,95,128,104,67,55,49,20,16,F,2011
E01029005,Shropshire 037C,620,26,36,39,25,17,15,24,28,47,40,40,56,71,62,32,29,18,11,4,F,2011
E01029016,Shropshire 037D,702,19,30,48,41,28,19,23,29,49,47,51,63,89,56,38,30,17,19,6,F,2011
E01029006,Shropshire 038A,860,36,31,43,37,24,27,26,44,55,35,45,42,73,75,66,52,60,51,38,F,2011
E01029007,Shropshire 038B,616,42,34,43,41,44,30,33,41,44,39,40,29,43,32,21,34,16,6,4,F,2011
E01029009,Shropshire 038D,596,28,17,22,27,26,26,25,30,27,34,49,41,51,50,52,31,29,16,15,F,2011
E01029010,Shropshire 038E,695,44,50,55,29,42,51,55,31,50,45,56,50,34,26,24,22,15,13,3,F,2011
E01029011,Shropshire 038F,754,34,32,36,35,28,34,40,37,50,57,63,60,51,49,43,46,38,10,11,F,2011
E01029012,Shropshire 038G,971,69,87,58,51,50,55,69,69,63,60,65,40,55,57,52,41,21,8,1,F,2011
E01033526,Shropshire 038H,512,15,14,15,17,32,32,21,15,18,35,38,33,35,40,33,36,33,33,17,F,2011
E01033527,Shropshire 038I,662,18,11,16,12,22,21,15,29,25,34,38,54,62,80,67,55,50,32,21,F,2011
E01028995,Shropshire 039A,789,36,46,43,47,48,37,41,43,52,69,41,49,50,55,47,33,21,18,13,F,2011
E01028996,Shropshire 039B,687,26,36,43,30,18,26,21,30,40,51,41,62,63,69,38,32,36,13,12,F,2011
E01028999,Shropshire 039C,779,29,35,44,42,37,27,28,41,49,67,61,59,64,60,54,39,20,19,4,F,2011
E01029000,Shropshire 039D,552,12,18,26,26,16,22,23,22,32,35,53,46,60,42,40,32,22,15,10,F,2011
E01029001,Shropshire 039E,998,40,48,74,63,42,36,45,62,64,102,71,66,85,66,56,37,23,8,10,F,2011
E01029002,Shropshire 039F,654,33,48,41,39,33,32,26,31,50,46,49,34,44,54,29,20,22,14,9,F,2011
E06000021,,124802,8505,6990,6888,7729,9560,8983,7765,7791,8626,8387,7761,6956,7374,5868,4887,4167,3356,2096,1113,F,2011
E01014257,Stoke-on-Trent 001A,738,45,45,51,35,38,39,39,60,52,49,50,57,61,41,23,19,19,12,3,F,2011
E01014258,Stoke-on-Trent 001B,763,41,46,58,54,57,34,49,52,74,102,70,35,45,13,10,10,9,3,1,F,2011
E01014259,Stoke-on-Trent 001C,769,44,31,31,41,32,54,32,36,46,48,67,52,73,47,42,33,29,25,6,F,2011
E01014260,Stoke-on-Trent 001D,691,43,55,42,32,39,35,35,46,34,39,35,48,68,30,31,28,25,20,6,F,2011
E01014264,Stoke-on-Trent 001E,958,53,59,51,60,45,53,55,82,78,78,55,58,50,52,39,36,30,17,7,F,2011
E01014357,Stoke-on-Trent 002A,839,59,40,37,33,46,58,53,32,50,44,54,37,51,49,40,42,45,39,30,F,2011
E01014358,Stoke-on-Trent 002B,724,54,63,44,43,53,60,56,38,52,49,42,34,35,23,26,26,13,12,1,F,2011
E01014359,Stoke-on-Trent 002C,919,78,55,54,56,62,77,69,62,70,52,53,44,46,49,34,21,16,11,10,F,2011
E01014360,Stoke-on-Trent 002D,1037,101,70,73,49,73,76,82,80,88,72,75,52,42,40,26,20,9,4,5,F,2011
E01014261,Stoke-on-Trent 003A,742,78,59,47,58,59,57,50,51,47,41,28,51,31,23,21,20,11,10,0,F,2011
E01014262,Stoke-on-Trent 003B,698,58,38,45,56,30,40,37,45,54,47,40,31,51,24,29,17,31,17,8,F,2011
E01014263,Stoke-on-Trent 003C,899,81,66,83,73,62,51,81,64,74,49,47,50,52,28,14,8,12,3,1,F,2011
E01014333,Stoke-on-Trent 003D,743,34,37,41,34,37,48,44,55,62,48,58,42,61,56,34,21,20,9,2,F,2011
E01014334,Stoke-on-Trent 003E,749,19,17,22,23,32,33,18,30,33,37,43,58,82,86,70,62,48,27,9,F,2011
E01014331,Stoke-on-Trent 004A,769,61,49,46,55,58,38,53,43,65,43,42,52,34,32,27,37,22,10,2,F,2011
E01014332,Stoke-on-Trent 004B,878,42,31,32,30,43,34,40,29,66,48,53,73,91,73,68,56,45,19,5,F,2011
E01014335,Stoke-on-Trent 004C,873,52,39,50,57,42,61,47,64,64,63,56,50,48,40,32,37,34,27,10,F,2011
E01014336,Stoke-on-Trent 004D,807,68,55,62,50,40,54,40,46,70,60,45,41,41,30,24,33,29,14,5,F,2011
E01014337,Stoke-on-Trent 004E,894,68,48,63,53,50,55,54,63,64,59,56,51,46,44,40,39,24,12,5,F,2011
E01014354,Stoke-on-Trent 005A,933,77,58,43,58,69,85,58,56,50,51,41,58,53,40,32,36,24,32,12,F,2011
E01014355,Stoke-on-Trent 005B,963,99,71,50,46,87,115,82,67,41,49,45,47,38,45,42,16,11,5,7,F,2011
E01014356,Stoke-on-Trent 005C,902,76,57,64,58,64,66,63,64,65,52,56,58,37,32,29,27,22,10,2,F,2011
E01014361,Stoke-on-Trent 005D,783,98,58,35,49,93,102,65,44,52,49,39,25,14,19,14,10,10,5,2,F,2011
E01014241,Stoke-on-Trent 006A,810,38,44,43,68,58,53,36,48,60,48,64,38,40,29,31,27,23,31,31,F,2011
E01014242,Stoke-on-Trent 006B,734,50,48,46,48,43,53,36,45,60,47,39,32,47,31,32,29,22,15,11,F,2011
E01014243,Stoke-on-Trent 006C,723,24,30,40,51,45,30,29,35,54,54,80,51,55,42,32,33,19,11,8,F,2011
E01014244,Stoke-on-Trent 006D,820,110,54,53,59,73,56,65,43,52,53,38,30,48,28,23,13,12,5,5,F,2011
E01014245,Stoke-on-Trent 006E,874,70,56,52,47,53,74,47,59,57,67,67,44,45,35,28,27,14,18,14,F,2011
E01014248,Stoke-on-Trent 006F,723,59,38,33,40,67,73,64,56,58,46,49,32,28,31,17,14,15,2,1,F,2011
E01014214,Stoke-on-Trent 007A,725,18,26,29,33,34,21,21,32,56,65,64,54,66,66,44,48,28,11,9,F,2011
E01014215,Stoke-on-Trent 007B,762,48,43,41,44,44,33,45,48,58,50,45,39,50,49,44,38,24,13,6,F,2011
E01014216,Stoke-on-Trent 007C,735,43,26,32,38,39,35,34,30,49,49,48,35,75,53,47,38,43,11,10,F,2011
E01014265,Stoke-on-Trent 007D,785,44,31,31,35,45,43,41,51,59,68,61,54,50,51,45,38,17,15,6,F,2011
E01014267,Stoke-on-Trent 007E,1181,84,60,59,49,86,106,102,81,88,71,69,64,57,58,46,32,33,22,14,F,2011
E01014272,Stoke-on-Trent 007F,741,28,31,33,31,47,44,48,45,48,78,55,30,47,42,41,36,35,13,9,F,2011
E01014246,Stoke-on-Trent 008A,816,46,56,43,60,52,60,50,53,60,48,50,51,46,40,32,26,23,13,7,F,2011
E01014266,Stoke-on-Trent 008B,636,45,33,36,45,54,43,41,34,40,38,27,34,28,45,24,26,25,12,6,F,2011
E01014268,Stoke-on-Trent 008C,1086,93,67,49,48,66,86,81,91,74,61,43,47,50,50,62,44,37,23,14,F,2011
E01014270,Stoke-on-Trent 008D,764,31,34,41,41,44,35,35,37,51,57,65,59,50,55,42,38,31,11,7,F,2011
E01014271,Stoke-on-Trent 008E,792,41,57,45,63,52,52,47,50,65,53,61,42,40,45,29,21,14,12,3,F,2011
E01014247,Stoke-on-Trent 009A,851,69,44,41,61,74,79,42,56,61,64,51,39,47,29,35,20,24,8,7,F,2011
E01014250,Stoke-on-Trent 009B,530,39,27,21,25,41,42,32,33,32,40,33,26,30,41,20,21,10,13,4,F,2011
E01014251,Stoke-on-Trent 009C,885,75,49,44,45,88,112,68,67,53,51,46,45,33,35,24,18,15,11,6,F,2011
E01014252,Stoke-on-Trent 009D,804,64,53,56,46,68,81,65,47,63,51,42,53,30,27,15,14,13,5,11,F,2011
E01014255,Stoke-on-Trent 009E,1021,104,88,63,68,83,91,64,67,54,59,32,42,43,27,31,21,30,32,22,F,2011
E01014269,Stoke-on-Trent 010A,816,65,70,59,49,47,58,47,71,52,59,48,37,33,29,36,24,21,6,5,F,2011
E01014324,Stoke-on-Trent 010B,746,23,25,42,41,38,31,35,36,50,47,47,43,69,59,47,43,42,20,8,F,2011
E01014325,Stoke-on-Trent 010C,656,27,32,33,58,38,39,47,28,53,72,75,67,32,13,15,12,9,5,1,F,2011
E01014326,Stoke-on-Trent 010D,704,29,37,42,45,34,23,32,45,68,59,85,60,51,39,24,18,8,4,1,F,2011
E01014249,Stoke-on-Trent 011A,826,92,58,66,50,86,79,66,54,50,29,34,25,32,28,20,18,17,12,10,F,2011
E01014253,Stoke-on-Trent 011B,805,53,45,40,53,58,57,38,62,69,60,53,52,31,31,37,21,25,11,9,F,2011
E01014254,Stoke-on-Trent 011C,732,78,52,55,45,65,77,70,54,48,36,36,27,23,27,16,11,6,4,2,F,2011
E01014256,Stoke-on-Trent 011D,814,71,41,39,42,52,72,56,53,47,45,54,34,42,46,42,24,34,14,6,F,2011
E01014210,Stoke-on-Trent 012A,771,43,42,55,72,55,49,35,33,57,58,39,40,42,33,40,36,26,11,5,F,2011
E01014211,Stoke-on-Trent 012B,796,49,45,63,56,45,63,48,49,59,50,47,40,45,44,40,28,12,8,5,F,2011
E01014212,Stoke-on-Trent 012C,682,44,33,34,48,44,53,29,39,41,48,43,43,44,29,40,29,21,16,4,F,2011
E01014213,Stoke-on-Trent 012D,606,36,31,39,35,41,49,36,41,54,51,32,37,31,29,29,13,10,4,8,F,2011
E01014217,Stoke-on-Trent 012E,756,60,45,49,39,62,57,37,43,48,57,36,30,38,42,30,35,22,16,10,F,2011
E01014323,Stoke-on-Trent 013A,664,55,32,26,39,58,72,49,40,40,52,48,26,47,27,14,12,11,9,7,F,2011
E01014327,Stoke-on-Trent 013B,757,61,43,37,46,56,66,44,56,58,65,53,22,39,28,17,34,12,16,4,F,2011
E01014328,Stoke-on-Trent 013C,705,57,39,33,42,85,67,50,45,40,47,42,31,35,23,20,20,17,9,3,F,2011
E01014329,Stoke-on-Trent 013D,771,59,28,39,40,45,64,50,57,58,56,49,39,42,37,30,36,16,16,10,F,2011
E01014330,Stoke-on-Trent 013E,698,48,42,28,32,72,91,49,31,52,39,36,27,32,22,23,23,19,25,7,F,2011
E01014218,Stoke-on-Trent 014A,785,55,56,48,55,70,49,39,49,72,65,29,46,43,28,28,21,17,10,5,F,2011
E01014219,Stoke-on-Trent 014B,658,33,25,29,31,46,32,25,37,50,55,52,37,54,35,38,44,21,10,4,F,2011
E01014225,Stoke-on-Trent 014C,764,45,32,39,36,30,40,33,42,55,57,56,53,71,63,43,26,21,15,7,F,2011
E01014226,Stoke-on-Trent 014D,780,33,25,30,43,25,41,42,30,41,45,47,58,54,50,46,72,44,44,10,F,2011
E01014228,Stoke-on-Trent 014E,652,28,22,23,28,24,27,35,41,28,34,59,54,99,60,42,32,8,7,1,F,2011
E01014230,Stoke-on-Trent 014F,746,38,38,34,39,46,65,32,40,49,60,65,33,45,49,33,28,34,14,4,F,2011
E01014281,Stoke-on-Trent 015A,739,56,43,39,94,168,53,53,45,37,35,19,23,24,16,10,8,8,7,1,F,2011
E01014285,Stoke-on-Trent 015B,1016,104,70,50,57,79,135,98,81,56,48,48,38,33,40,28,18,17,12,4,F,2011
E01014286,Stoke-on-Trent 015C,659,65,48,55,49,56,55,45,44,42,35,31,27,25,20,17,18,18,6,3,F,2011
E01014287,Stoke-on-Trent 015D,779,63,40,38,93,73,67,61,53,40,36,48,36,34,26,16,18,13,12,12,F,2011
E01014231,Stoke-on-Trent 016B,662,50,26,23,22,75,85,63,29,37,37,26,28,23,14,25,27,27,28,17,F,2011
E01014282,Stoke-on-Trent 016D,754,24,19,23,195,272,29,18,25,14,24,15,22,21,7,18,9,8,8,3,F,2011
E01014283,Stoke-on-Trent 016E,785,37,31,19,68,296,113,52,29,16,17,20,16,22,4,14,15,7,5,4,F,2011
E01014284,Stoke-on-Trent 016F,590,28,21,12,40,354,50,19,10,9,4,8,10,4,9,2,3,3,3,1,F,2011
E01033216,Stoke-on-Trent 016G,1133,67,34,40,54,121,113,62,64,68,70,75,61,76,61,45,50,37,22,13,F,2011
E01014220,Stoke-on-Trent 017A,836,64,66,52,53,63,60,61,47,60,55,42,46,40,24,27,24,38,13,1,F,2011
E01014221,Stoke-on-Trent 017B,824,74,61,63,53,69,65,47,46,54,60,52,45,33,16,24,18,29,12,3,F,2011
E01014222,Stoke-on-Trent 017C,800,74,61,48,60,56,67,61,46,60,55,40,42,25,18,25,23,27,9,3,F,2011
E01014223,Stoke-on-Trent 017D,807,76,45,51,43,71,66,46,45,47,59,51,47,37,33,33,30,23,2,2,F,2011
E01014224,Stoke-on-Trent 017E,842,68,58,52,55,49,57,46,53,40,49,52,32,35,29,26,54,50,21,16,F,2011
E01014229,Stoke-on-Trent 017F,940,75,72,60,51,55,75,84,59,72,64,46,36,52,32,30,38,22,14,3,F,2011
E01014288,Stoke-on-Trent 018A,824,60,37,44,50,101,76,66,71,53,55,43,39,38,27,27,16,8,4,9,F,2011
E01014289,Stoke-on-Trent 018B,801,50,27,29,44,63,49,56,72,47,55,59,64,53,35,35,17,26,14,6,F,2011
E01014290,Stoke-on-Trent 018C,765,57,39,38,46,76,53,64,59,56,41,45,40,41,30,24,19,22,12,3,F,2011
E01014291,Stoke-on-Trent 018D,687,42,38,33,42,40,48,49,47,56,55,48,32,37,22,25,19,17,22,15,F,2011
E01014292,Stoke-on-Trent 018E,810,50,42,40,44,85,61,62,65,54,51,61,43,47,24,31,26,9,10,5,F,2011
E01014294,Stoke-on-Trent 018F,672,29,41,45,44,40,44,34,49,46,54,40,33,37,29,28,19,21,24,15,F,2011
E01014293,Stoke-on-Trent 019A,783,63,38,28,53,138,83,65,49,56,57,28,30,30,10,18,21,8,6,2,F,2011
E01014295,Stoke-on-Trent 019B,866,38,44,40,46,58,45,51,40,73,56,40,51,58,56,41,55,36,27,11,F,2011
E01014339,Stoke-on-Trent 019C,805,71,40,37,33,87,97,62,56,63,52,38,46,30,28,27,22,5,7,4,F,2011
E01014340,Stoke-on-Trent 019D,951,73,59,49,54,102,99,83,68,59,55,51,42,43,30,37,19,13,8,7,F,2011
E01014345,Stoke-on-Trent 019E,794,65,50,37,41,99,79,49,61,51,46,46,43,32,23,28,17,11,10,6,F,2011
E01014274,Stoke-on-Trent 020A,968,92,65,49,35,75,106,64,59,62,57,42,53,50,35,31,25,30,30,8,F,2011
E01014275,Stoke-on-Trent 020B,736,46,37,41,59,51,59,46,51,46,43,24,34,46,41,23,26,33,18,12,F,2011
E01014276,Stoke-on-Trent 020C,792,64,31,43,57,62,63,55,64,62,54,54,34,42,29,24,23,13,12,6,F,2011
E01014277,Stoke-on-Trent 020D,781,58,35,31,44,56,72,48,50,59,48,55,44,54,46,29,20,13,10,9,F,2011
E01014279,Stoke-on-Trent 020E,862,69,49,45,51,83,89,84,54,58,65,41,38,37,32,30,14,14,6,3,F,2011
E01014273,Stoke-on-Trent 021A,630,60,38,35,33,91,71,46,22,50,47,40,28,17,9,14,10,8,7,4,F,2011
E01014278,Stoke-on-Trent 021B,673,45,44,33,32,59,56,36,34,37,52,45,51,59,37,22,14,9,4,4,F,2011
E01014280,Stoke-on-Trent 021C,651,28,30,20,32,34,43,35,32,58,54,56,47,62,53,28,20,11,4,4,F,2011
E01014297,Stoke-on-Trent 021D,663,32,49,42,44,48,35,49,46,46,55,56,62,56,21,10,7,3,2,0,F,2011
E01014296,Stoke-on-Trent 022A,721,41,35,49,45,39,58,41,41,49,55,60,40,73,37,19,12,15,10,2,F,2011
E01014298,Stoke-on-Trent 022B,818,64,58,51,61,55,59,48,55,65,72,40,51,39,23,18,23,28,7,1,F,2011
E01014300,Stoke-on-Trent 022C,756,55,34,55,46,66,46,41,42,50,51,49,36,47,46,35,21,20,12,4,F,2011
E01014302,Stoke-on-Trent 022D,885,59,46,36,45,61,84,56,42,45,49,40,42,68,59,50,43,33,15,12,F,2011
E01014338,Stoke-on-Trent 023A,718,33,25,38,40,49,40,39,44,59,48,60,55,50,46,32,23,16,16,5,F,2011
E01014341,Stoke-on-Trent 023B,860,34,35,49,59,105,66,49,63,70,47,68,46,49,28,25,28,17,16,6,F,2011
E01014342,Stoke-on-Trent 023C,771,43,54,54,59,40,56,45,57,57,45,37,33,52,29,30,33,21,14,12,F,2011
E01014343,Stoke-on-Trent 023D,880,73,57,43,34,79,76,72,62,69,54,63,43,48,32,27,19,15,10,4,F,2011
E01014344,Stoke-on-Trent 023E,754,43,46,57,47,50,48,45,55,67,62,46,54,40,32,28,13,8,7,6,F,2011
E01014363,Stoke-on-Trent 024A,680,18,27,27,29,18,24,27,23,43,50,50,48,64,67,60,47,36,18,4,F,2011
E01014364,Stoke-on-Trent 024B,754,39,38,39,36,37,46,46,41,50,58,52,41,43,43,29,31,34,33,18,F,2011
E01014365,Stoke-on-Trent 024C,752,25,27,26,48,24,28,29,29,42,64,52,46,84,63,52,46,35,23,9,F,2011
E01014369,Stoke-on-Trent 024D,661,32,21,43,37,37,41,35,34,48,46,59,51,44,31,26,31,25,16,4,F,2011
E01014299,Stoke-on-Trent 025A,719,34,33,33,40,51,43,47,46,58,54,63,62,49,39,21,20,9,9,8,F,2011
E01014301,Stoke-on-Trent 025B,866,62,54,57,67,54,66,82,89,77,69,50,41,32,22,15,13,11,5,0,F,2011
E01014303,Stoke-on-Trent 025C,799,54,41,33,63,61,58,56,63,71,55,63,62,42,21,24,13,12,5,2,F,2011
E01014304,Stoke-on-Trent 025D,734,37,41,45,33,45,39,34,48,53,47,55,41,53,63,43,22,16,13,6,F,2011
E01014362,Stoke-on-Trent 025E,706,31,27,43,29,36,36,37,49,38,66,50,62,58,49,31,26,22,11,5,F,2011
E01014233,Stoke-on-Trent 026A,732,39,28,27,46,37,31,26,32,45,48,47,53,75,56,52,35,28,14,13,F,2011
E01014234,Stoke-on-Trent 026B,808,53,54,77,65,55,52,53,60,74,72,52,27,39,19,19,19,8,4,6,F,2011
E01014239,Stoke-on-Trent 026C,752,36,43,47,49,29,38,43,56,61,55,56,34,57,45,30,30,23,10,10,F,2011
E01014240,Stoke-on-Trent 026D,806,32,57,64,64,39,55,44,38,74,62,40,51,39,37,37,30,21,14,8,F,2011
E01014308,Stoke-on-Trent 027A,845,36,31,36,42,36,37,33,35,50,63,52,72,84,77,57,43,30,19,12,F,2011
E01014309,Stoke-on-Trent 027B,675,44,26,28,39,34,39,41,33,36,31,48,46,41,39,38,35,24,31,22,F,2011
E01014311,Stoke-on-Trent 027C,703,48,33,25,42,45,42,40,40,39,41,43,51,53,40,42,32,22,9,16,F,2011
E01014313,Stoke-on-Trent 027D,826,35,29,38,48,36,41,45,36,40,48,38,49,68,79,51,55,45,29,16,F,2011
E01014321,Stoke-on-Trent 028A,696,41,26,27,38,62,55,46,42,44,50,50,43,52,43,32,24,10,5,6,F,2011
E01014366,Stoke-on-Trent 028B,922,95,54,68,73,56,57,70,56,60,48,47,31,48,35,34,30,33,17,10,F,2011
E01014367,Stoke-on-Trent 028C,760,73,54,44,56,53,50,42,44,47,41,42,45,41,31,21,32,24,13,7,F,2011
E01014368,Stoke-on-Trent 028D,827,76,50,47,66,76,52,40,56,53,43,44,44,50,31,29,25,23,14,8,F,2011
E01014305,Stoke-on-Trent 029A,658,63,49,52,43,54,59,69,45,40,23,38,32,22,19,19,14,10,6,1,F,2011
E01014306,Stoke-on-Trent 029B,730,73,56,48,49,58,78,57,35,46,38,36,35,31,28,17,18,21,1,5,F,2011
E01014307,Stoke-on-Trent 029C,694,79,63,59,39,71,61,49,45,44,36,30,29,28,26,10,10,2,6,7,F,2011
E01014312,Stoke-on-Trent 029D,733,48,31,39,47,47,42,45,40,51,45,54,37,49,45,30,38,24,12,9,F,2011
E01014346,Stoke-on-Trent 030A,795,24,27,34,33,25,40,28,34,37,57,62,74,81,64,57,45,33,28,12,F,2011
E01014348,Stoke-on-Trent 030B,703,29,35,27,22,24,24,28,38,54,37,42,42,74,58,65,41,38,19,6,F,2011
E01014349,Stoke-on-Trent 030C,722,30,24,37,32,18,21,37,42,51,51,42,48,55,63,47,50,37,26,11,F,2011
E01014353,Stoke-on-Trent 030D,889,64,71,50,55,59,68,59,69,64,76,54,38,33,32,28,18,29,17,5,F,2011
E01014310,Stoke-on-Trent 031A,1033,77,75,89,69,46,47,77,107,99,73,56,40,48,32,39,29,21,3,6,F,2011
E01014314,Stoke-on-Trent 031B,708,37,33,44,57,44,25,42,58,68,76,60,37,43,23,20,23,9,9,0,F,2011
E01014316,Stoke-on-Trent 031C,789,81,71,57,67,53,68,53,60,50,55,32,32,35,24,17,16,13,4,1,F,2011
E01014317,Stoke-on-Trent 031D,830,60,60,57,51,57,46,46,49,56,56,54,39,47,40,36,27,19,19,11,F,2011
E01014322,Stoke-on-Trent 031E,863,70,62,54,66,60,58,63,51,68,61,50,47,29,35,43,20,13,7,6,F,2011
E01014235,Stoke-on-Trent 032A,816,43,50,42,67,45,42,33,36,49,59,61,53,54,46,27,37,33,32,7,F,2011
E01014236,Stoke-on-Trent 032B,1180,111,96,92,81,80,102,79,100,78,80,58,55,52,28,24,14,32,17,1,F,2011
E01014237,Stoke-on-Trent 032C,767,54,57,46,47,53,56,48,55,53,49,57,44,40,27,18,14,28,16,5,F,2011
E01014238,Stoke-on-Trent 032D,761,63,77,48,49,46,40,62,55,45,43,49,45,29,20,19,27,27,10,7,F,2011
E01014315,Stoke-on-Trent 033A,671,21,21,16,38,31,25,21,28,41,44,59,63,82,70,42,32,22,11,4,F,2011
E01014318,Stoke-on-Trent 033B,698,32,29,40,41,28,26,33,47,65,68,65,62,45,37,31,25,16,6,2,F,2011
E01014319,Stoke-on-Trent 033C,773,50,53,55,50,37,46,40,53,68,74,49,44,41,31,30,21,18,9,4,F,2011
E01014320,Stoke-on-Trent 033D,651,33,43,40,53,30,38,44,50,54,67,49,54,42,22,17,4,6,5,0,F,2011
E01014347,Stoke-on-Trent 034A,713,24,21,49,42,42,36,45,40,63,67,70,61,63,40,21,11,15,3,0,F,2011
E01014350,Stoke-on-Trent 034B,688,29,30,33,43,31,27,31,30,64,51,49,55,64,56,41,29,20,5,0,F,2011
E01014351,Stoke-on-Trent 034C,824,38,31,32,34,35,44,50,49,46,67,75,56,51,35,34,34,30,28,55,F,2011
E01014352,Stoke-on-Trent 034D,688,36,33,21,25,27,35,35,46,52,47,65,65,72,43,35,18,21,11,1,F,2011
E06000020,,84221,5596,5150,5238,5613,5230,5381,5175,5325,6366,6294,5403,5000,5167,4082,3129,2458,1767,1149,698,F,2011
E01014171,Telford and Wrekin 001A,696,38,31,42,33,63,35,41,53,42,37,35,42,51,43,30,23,30,18,9,F,2011
E01014172,Telford and Wrekin 001B,710,38,46,37,54,57,18,31,33,52,74,57,49,62,38,24,12,12,10,6,F,2011
E01014173,Telford and Wrekin 001C,785,41,35,33,48,81,42,39,37,51,40,41,42,61,57,36,36,26,17,22,F,2011
E01014174,Telford and Wrekin 001D,811,26,48,84,64,28,11,25,48,80,95,71,51,48,38,24,29,20,13,8,F,2011
E01014112,Telford and Wrekin 002A,844,30,37,36,40,54,32,31,56,53,76,50,60,76,61,38,29,26,27,32,F,2011
E01014131,Telford and Wrekin 002B,1087,32,32,53,227,170,27,22,43,58,70,60,63,72,63,26,23,16,11,19,F,2011
E01014132,Telford and Wrekin 002C,542,14,18,42,34,39,11,19,17,45,47,37,24,55,34,40,35,15,9,7,F,2011
E01014135,Telford and Wrekin 002D,618,18,29,43,46,23,16,21,29,52,69,50,58,49,38,23,25,16,6,7,F,2011
E01014175,Telford and Wrekin 003A,571,29,32,30,24,26,39,27,25,52,42,38,35,48,35,35,25,12,13,4,F,2011
E01014176,Telford and Wrekin 003B,768,37,29,33,41,48,27,26,25,52,60,47,47,77,61,49,36,38,19,16,F,2011
E01014177,Telford and Wrekin 003C,704,20,35,37,46,52,30,35,33,42,67,40,50,67,43,36,26,25,10,10,F,2011
E01014178,Telford and Wrekin 003D,734,32,26,28,42,127,47,43,39,41,25,34,43,46,36,37,30,26,17,15,F,2011
E01014111,Telford and Wrekin 004A,792,34,41,55,43,27,37,36,40,57,67,57,60,57,53,43,39,25,15,6,F,2011
E01014167,Telford and Wrekin 004B,983,64,88,72,62,56,47,65,108,112,83,71,45,31,34,16,16,5,4,4,F,2011
E01014168,Telford and Wrekin 004C,698,37,50,64,51,25,17,40,54,74,72,58,44,41,32,24,10,4,1,0,F,2011
E01014170,Telford and Wrekin 004D,768,36,32,46,48,14,20,30,43,60,66,43,46,73,75,54,49,15,12,6,F,2011
E01014125,Telford and Wrekin 005A,756,52,46,57,59,43,55,44,52,55,48,45,39,54,40,19,21,8,13,6,F,2011
E01014126,Telford and Wrekin 005B,755,53,51,43,47,31,46,40,44,52,49,43,35,42,60,52,28,16,18,5,F,2011
E01014127,Telford and Wrekin 005C,879,80,62,59,78,55,66,77,64,59,49,58,45,49,28,19,13,10,4,4,F,2011
E01014128,Telford and Wrekin 005D,1086,100,62,58,72,62,80,94,83,84,55,42,56,44,35,34,36,25,39,25,F,2011
E01014169,Telford and Wrekin 005E,909,92,75,53,53,82,99,98,74,85,48,44,33,28,14,11,11,5,2,2,F,2011
E01014129,Telford and Wrekin 006A,505,27,16,23,23,19,17,23,24,30,45,24,33,28,55,52,28,23,8,7,F,2011
E01014130,Telford and Wrekin 006B,726,34,29,52,54,38,49,40,45,52,57,60,41,54,36,29,25,16,11,4,F,2011
E01014179,Telford and Wrekin 006C,598,26,26,39,37,20,18,21,31,63,45,39,46,46,44,45,24,15,8,5,F,2011
E01014180,Telford and Wrekin 006D,694,34,29,31,38,28,36,25,30,48,55,35,47,44,47,48,38,36,31,14,F,2011
E01014189,Telford and Wrekin 006E,775,43,48,48,57,58,51,52,59,74,58,50,48,39,31,24,19,7,7,2,F,2011
E01014190,Telford and Wrekin 006F,871,38,58,87,68,42,34,40,56,107,93,77,50,49,34,16,12,9,0,1,F,2011
E01014102,Telford and Wrekin 007A,938,44,75,60,63,45,37,46,72,90,84,84,66,67,34,29,20,13,7,2,F,2011
E01014103,Telford and Wrekin 007B,625,34,37,39,39,32,30,30,35,52,58,54,51,44,23,25,12,16,7,7,F,2011
E01014138,Telford and Wrekin 007C,772,55,59,45,39,48,51,39,46,68,44,64,58,40,32,21,33,12,13,5,F,2011
E01014140,Telford and Wrekin 007D,747,62,45,44,56,42,66,49,50,67,40,47,50,39,30,17,19,13,5,6,F,2011
E01014205,Telford and Wrekin 008A,717,29,38,32,37,39,32,35,38,38,48,50,58,68,43,52,40,20,14,6,F,2011
E01014206,Telford and Wrekin 008B,666,41,46,37,48,46,42,36,40,58,48,41,42,36,30,31,20,11,10,3,F,2011
E01014207,Telford and Wrekin 008C,648,40,39,45,38,36,44,39,38,56,45,40,54,45,30,22,21,9,5,2,F,2011
E01014208,Telford and Wrekin 008D,649,35,50,44,37,38,37,43,42,41,44,38,34,41,50,20,19,16,13,7,F,2011
E01014209,Telford and Wrekin 008E,726,39,37,43,44,39,45,40,39,62,50,46,44,40,46,43,27,23,17,2,F,2011
E01014137,Telford and Wrekin 009A,777,52,56,67,61,42,31,51,76,75,70,50,34,36,24,19,14,11,4,4,F,2011
E01014139,Telford and Wrekin 009B,720,65,51,41,53,41,49,60,51,45,44,32,38,36,33,28,19,24,8,2,F,2011
E01014141,Telford and Wrekin 009C,1415,154,105,87,78,134,187,131,109,99,75,63,51,30,34,28,13,12,16,9,F,2011
E01014142,Telford and Wrekin 009D,746,86,67,74,69,41,67,58,55,39,38,37,26,28,12,11,13,16,8,1,F,2011
E01014143,Telford and Wrekin 009E,750,66,43,54,48,42,64,45,45,54,48,39,37,35,34,38,16,30,6,6,F,2011
E01014136,Telford and Wrekin 010A,817,35,36,31,30,24,30,34,40,50,63,61,58,67,66,50,46,41,26,29,F,2011
E01014148,Telford and Wrekin 010B,722,31,27,39,36,26,29,31,61,47,81,70,68,62,47,24,16,19,7,1,F,2011
E01014149,Telford and Wrekin 010C,540,31,25,18,34,20,23,33,36,42,56,45,47,44,33,12,23,9,9,0,F,2011
E01014202,Telford and Wrekin 010D,1160,65,66,87,50,72,61,88,81,105,96,83,64,80,58,49,22,18,9,6,F,2011
E01014203,Telford and Wrekin 010E,770,31,41,52,51,24,14,32,47,74,78,60,40,55,60,40,34,22,10,5,F,2011
E01014204,Telford and Wrekin 010F,983,41,75,66,73,38,41,45,67,95,104,69,65,66,53,31,28,18,4,4,F,2011
E01014104,Telford and Wrekin 011A,855,65,62,67,61,40,56,54,75,46,60,66,45,39,34,32,20,21,10,2,F,2011
E01014105,Telford and Wrekin 011B,988,90,92,72,71,68,79,76,72,57,50,69,41,37,24,30,17,15,20,8,F,2011
E01014113,Telford and Wrekin 011C,801,65,69,41,56,77,66,57,44,54,45,53,33,37,28,20,16,22,12,6,F,2011
E01014114,Telford and Wrekin 011D,707,24,27,35,56,34,34,15,28,44,55,55,63,76,37,29,38,31,17,9,F,2011
E01014133,Telford and Wrekin 012A,927,40,41,45,60,42,46,58,43,61,83,56,66,70,56,35,44,37,30,14,F,2011
E01014134,Telford and Wrekin 012B,688,31,30,29,29,19,24,33,27,50,39,44,51,60,71,49,39,32,16,15,F,2011
E01014144,Telford and Wrekin 012C,787,36,53,44,53,33,41,37,59,48,48,52,46,51,47,37,31,30,26,15,F,2011
E01014145,Telford and Wrekin 012D,883,57,45,40,46,79,72,74,63,67,54,60,49,40,26,20,39,18,20,14,F,2011
E01014185,Telford and Wrekin 013A,872,37,39,49,62,61,54,40,55,45,66,50,42,45,45,77,41,31,18,15,F,2011
E01014186,Telford and Wrekin 013B,742,52,40,52,39,63,55,39,52,56,56,42,48,30,30,31,22,18,12,5,F,2011
E01014187,Telford and Wrekin 013C,733,50,29,32,46,42,49,49,56,44,56,45,42,59,45,37,27,13,11,1,F,2011
E01014188,Telford and Wrekin 013D,763,54,31,37,42,54,63,68,51,61,66,47,37,42,26,20,28,14,12,10,F,2011
E01014150,Telford and Wrekin 014A,821,43,47,40,50,39,44,60,58,71,79,61,61,39,52,32,18,10,13,4,F,2011
E01014151,Telford and Wrekin 014B,756,48,53,60,43,50,54,60,44,46,63,39,33,30,39,23,18,29,13,11,F,2011
E01014152,Telford and Wrekin 014C,700,31,35,38,39,30,34,36,38,48,48,33,42,60,63,46,26,24,20,9,F,2011
E01014153,Telford and Wrekin 014D,882,58,38,40,44,48,61,42,58,53,75,58,53,57,44,35,32,41,22,23,F,2011
E01014154,Telford and Wrekin 014E,824,50,48,47,51,58,68,70,57,61,77,49,49,41,36,27,18,7,7,3,F,2011
E01014155,Telford and Wrekin 014F,832,56,51,47,61,47,56,55,44,72,60,58,41,41,43,41,25,20,11,3,F,2011
E01014181,Telford and Wrekin 015A,976,69,81,95,75,32,53,55,79,117,106,88,43,44,13,13,4,6,2,1,F,2011
E01014182,Telford and Wrekin 015B,633,40,36,42,45,31,32,17,31,60,62,71,45,50,25,14,17,8,3,4,F,2011
E01014183,Telford and Wrekin 015C,769,32,36,44,44,40,33,33,41,51,68,75,64,74,43,38,23,15,12,3,F,2011
E01014184,Telford and Wrekin 015D,758,55,51,50,50,44,51,51,46,53,54,44,44,42,29,30,29,8,18,9,F,2011
E01014146,Telford and Wrekin 016A,1141,107,76,77,54,58,94,96,98,98,70,45,53,62,42,24,25,25,21,16,F,2011
E01014147,Telford and Wrekin 016B,1050,90,71,62,56,63,79,85,94,109,90,65,50,32,33,34,19,10,3,5,F,2011
E01014156,Telford and Wrekin 016C,1108,109,114,73,81,77,120,100,81,94,72,54,40,37,16,19,10,6,3,2,F,2011
E01014157,Telford and Wrekin 016D,722,37,42,46,58,38,43,52,60,94,54,61,45,42,21,11,7,4,4,3,F,2011
E01014158,Telford and Wrekin 016E,784,76,57,36,44,48,65,65,68,58,58,45,50,35,31,18,15,11,2,2,F,2011
E01014124,Telford and Wrekin 017A,840,61,55,41,45,78,70,51,48,48,57,46,44,40,50,30,30,19,16,11,F,2011
E01014163,Telford and Wrekin 017B,746,68,52,56,61,49,54,48,53,50,62,32,29,42,34,19,14,14,4,5,F,2011
E01014164,Telford and Wrekin 017C,829,93,58,43,57,61,77,53,37,48,51,56,54,34,35,28,19,13,6,6,F,2011
E01014165,Telford and Wrekin 017D,701,55,51,41,45,56,60,55,44,37,49,47,43,34,30,17,18,12,6,1,F,2011
E01014166,Telford and Wrekin 017E,807,66,45,44,47,58,56,48,43,63,58,57,56,44,41,33,21,16,6,5,F,2011
E01014191,Telford and Wrekin 018A,813,64,59,47,35,71,97,78,51,46,53,44,61,30,34,15,11,8,5,4,F,2011
E01014192,Telford and Wrekin 018B,711,63,56,56,49,41,65,59,40,61,40,41,35,47,27,12,11,4,4,0,F,2011
E01014193,Telford and Wrekin 018C,876,79,57,70,64,37,69,50,66,62,65,64,59,50,36,21,17,5,3,2,F,2011
E01014194,Telford and Wrekin 018D,768,57,46,42,61,51,63,60,55,64,54,42,47,39,28,21,16,13,4,5,F,2011
E01014195,Telford and Wrekin 018E,724,36,50,40,49,39,38,38,56,49,72,51,59,53,40,19,18,14,3,0,F,2011
E01014196,Telford and Wrekin 018F,800,50,38,48,44,43,58,67,52,52,40,45,58,54,45,23,31,25,19,8,F,2011
E01014119,Telford and Wrekin 019A,852,43,51,46,60,57,44,48,52,81,73,53,43,59,36,36,34,14,12,10,F,2011
E01014120,Telford and Wrekin 019B,878,64,53,59,47,52,61,44,48,75,49,56,60,52,42,35,29,28,16,8,F,2011
E01014121,Telford and Wrekin 019C,725,31,23,40,56,49,34,24,38,51,72,50,41,48,48,50,44,19,6,1,F,2011
E01014122,Telford and Wrekin 019D,780,53,32,43,53,70,84,74,54,64,68,48,39,35,19,14,15,9,3,3,F,2011
E01014123,Telford and Wrekin 019E,758,49,41,34,54,52,52,54,56,65,69,70,49,46,25,19,16,5,2,0,F,2011
E01014106,Telford and Wrekin 020A,806,66,74,40,55,46,54,70,59,50,58,46,37,50,42,26,19,9,3,2,F,2011
E01014107,Telford and Wrekin 020B,574,29,21,31,29,20,26,24,35,37,49,47,63,64,46,18,17,10,7,1,F,2011
E01014108,Telford and Wrekin 020C,713,72,64,44,67,71,66,39,47,52,36,28,49,28,18,12,10,4,4,2,F,2011
E01014109,Telford and Wrekin 020D,617,42,46,49,44,37,65,39,28,41,48,50,38,45,22,7,11,4,1,0,F,2011
E01014110,Telford and Wrekin 020E,781,94,62,71,76,67,65,60,49,45,57,47,30,23,18,8,7,1,0,1,F,2011
E01014197,Telford and Wrekin 021A,780,50,64,64,62,49,48,51,49,56,48,41,34,48,32,28,15,15,16,10,F,2011
E01014198,Telford and Wrekin 021B,570,49,53,38,45,47,36,40,43,42,28,32,19,32,21,17,12,8,5,3,F,2011
E01014199,Telford and Wrekin 021C,894,92,73,76,72,64,91,72,49,68,55,46,45,38,22,12,10,7,2,0,F,2011
E01014200,Telford and Wrekin 021D,697,85,60,76,66,39,51,59,36,36,48,38,22,29,16,16,6,7,5,2,F,2011
E01014201,Telford and Wrekin 021E,692,84,71,63,55,49,43,57,49,48,37,34,20,30,23,19,4,4,2,0,F,2011
E01014159,Telford and Wrekin 022A,632,22,21,35,37,31,33,42,33,41,41,35,50,54,45,32,31,18,20,11,F,2011
E01014160,Telford and Wrekin 022B,666,32,28,37,51,35,27,23,30,58,53,57,66,73,33,27,16,13,5,2,F,2011
E01014161,Telford and Wrekin 022C,557,37,24,23,26,20,27,31,27,44,48,45,46,64,23,22,23,18,7,2,F,2011
E01014162,Telford and Wrekin 022D,826,40,43,43,42,45,51,40,49,60,49,41,46,52,48,58,47,36,27,9,F,2011
E01014115,Telford and Wrekin 023A,666,64,35,33,43,53,59,37,26,49,53,30,39,42,30,25,23,17,6,2,F,2011
E01014116,Telford and Wrekin 023B,882,75,45,52,50,53,71,47,32,47,49,40,50,59,57,61,38,24,20,12,F,2011
E01014117,Telford and Wrekin 023C,598,19,21,34,37,26,28,22,31,28,50,49,49,82,56,34,14,11,4,3,F,2011
E01014118,Telford and Wrekin 023D,607,69,55,49,40,62,45,44,25,41,35,31,27,25,24,19,10,3,1,2,F,2011
E07000192,,49392,2898,2571,2869,3009,2922,3152,2946,3279,3928,3919,3178,2947,3100,2537,2074,1560,1266,799,438,F,2011
E01029368,Cannock Chase 001A,604,12,21,21,33,18,18,16,27,32,63,45,60,78,63,40,19,19,14,5,F,2011
E01029369,Cannock Chase 001B,628,29,50,34,28,23,33,47,49,49,46,39,48,59,36,26,18,7,5,2,F,2011
E01029370,Cannock Chase 001C,693,17,31,31,35,25,17,20,46,48,66,48,56,71,69,47,25,17,11,13,F,2011
E01029371,Cannock Chase 001D,760,50,46,43,50,40,45,55,57,65,68,63,46,39,42,24,13,6,7,1,F,2011
E01029402,Cannock Chase 001E,1034,49,51,49,52,47,51,58,46,76,67,61,63,83,83,72,47,46,20,13,F,2011
E01029372,Cannock Chase 002A,691,62,46,44,60,52,45,34,46,62,60,40,36,33,22,21,13,13,1,1,F,2011
E01029373,Cannock Chase 002B,1155,76,58,80,97,68,66,68,94,109,96,61,48,52,47,37,31,24,26,17,F,2011
E01029401,Cannock Chase 002C,829,44,50,56,52,50,49,45,54,76,65,56,50,69,38,26,25,14,7,3,F,2011
E01029403,Cannock Chase 002D,761,53,41,50,35,41,45,43,46,63,64,57,51,49,40,27,22,20,9,5,F,2011
E01029404,Cannock Chase 002E,745,41,23,18,34,50,46,44,33,34,47,47,38,54,40,43,43,34,40,36,F,2011
E01029345,Cannock Chase 003A,856,49,51,53,52,49,58,55,61,76,65,47,48,55,38,29,22,22,18,8,F,2011
E01029346,Cannock Chase 003B,924,82,50,68,58,82,65,61,53,57,62,42,47,38,40,28,30,37,16,8,F,2011
E01029347,Cannock Chase 003C,721,27,30,21,20,44,35,29,35,47,45,56,61,72,75,51,29,27,10,7,F,2011
E01029348,Cannock Chase 003D,872,37,47,54,54,49,55,48,50,58,84,53,53,56,40,38,48,33,11,4,F,2011
E01029374,Cannock Chase 003E,1201,81,70,71,69,88,93,81,84,103,107,74,57,59,47,47,35,27,8,0,F,2011
E01029383,Cannock Chase 004A,776,38,35,40,55,51,63,36,70,74,75,72,41,39,34,17,19,9,7,1,F,2011
E01029385,Cannock Chase 004B,733,31,37,38,33,49,40,49,35,72,59,58,64,59,41,33,21,5,7,2,F,2011
E01029388,Cannock Chase 004C,698,41,39,36,37,35,40,57,48,40,52,43,42,47,31,30,24,24,23,9,F,2011
E01029390,Cannock Chase 004D,560,43,41,30,43,37,30,36,44,35,51,33,34,26,25,17,11,12,9,3,F,2011
E01029384,Cannock Chase 005A,976,52,42,63,49,62,54,74,74,91,73,52,51,55,59,46,37,30,8,4,F,2011
E01029386,Cannock Chase 005B,721,41,39,45,41,54,48,47,42,45,55,55,46,37,43,29,21,13,14,6,F,2011
E01029387,Cannock Chase 005C,722,38,28,30,45,52,37,29,45,71,60,48,53,48,39,30,34,23,8,4,F,2011
E01029389,Cannock Chase 005D,810,47,37,37,39,49,72,77,57,60,51,63,48,47,39,26,27,22,4,8,F,2011
E01029379,Cannock Chase 006A,898,71,70,70,60,50,57,64,102,93,88,51,40,26,19,16,9,4,6,2,F,2011
E01029398,Cannock Chase 006B,845,41,34,52,47,34,30,45,43,70,74,59,65,72,62,29,39,30,14,5,F,2011
E01029399,Cannock Chase 006C,783,47,29,50,58,47,57,45,59,61,64,48,49,51,32,24,11,21,13,17,F,2011
E01029400,Cannock Chase 006D,859,50,52,63,64,35,60,44,47,87,75,64,65,42,30,27,14,11,18,11,F,2011
E01029354,Cannock Chase 007A,791,45,37,59,48,46,49,31,37,75,67,49,34,53,41,41,22,31,19,7,F,2011
E01029355,Cannock Chase 007B,812,63,43,44,51,46,42,49,51,58,56,58,50,48,37,36,30,26,15,9,F,2011
E01029356,Cannock Chase 007C,734,41,42,58,47,31,42,51,40,59,46,35,51,45,26,40,25,26,22,7,F,2011
E01029357,Cannock Chase 007D,669,41,27,39,40,49,33,49,34,48,55,52,48,46,26,26,22,19,11,4,F,2011
E01029358,Cannock Chase 007E,692,65,53,56,54,39,63,63,52,29,44,39,39,29,20,20,12,11,3,1,F,2011
E01029349,Cannock Chase 008A,646,45,21,25,36,30,53,36,24,55,47,33,32,47,40,46,32,25,14,5,F,2011
E01029350,Cannock Chase 008B,775,51,40,43,41,67,52,43,36,56,59,40,34,55,42,40,30,19,20,7,F,2011
E01029351,Cannock Chase 008C,770,62,42,53,55,74,65,52,62,48,38,51,39,34,30,23,22,14,4,2,F,2011
E01029352,Cannock Chase 008D,676,44,29,38,49,62,55,34,50,52,48,42,47,47,35,16,9,12,4,3,F,2011
E01029393,Cannock Chase 008E,829,31,35,44,47,45,38,40,46,71,64,82,57,54,56,41,30,20,19,9,F,2011
E01029380,Cannock Chase 009A,764,50,49,51,54,40,49,41,67,80,72,54,50,47,23,14,11,6,4,2,F,2011
E01029381,Cannock Chase 009B,741,33,33,34,40,44,45,45,44,53,42,44,52,55,54,48,27,27,15,6,F,2011
E01029382,Cannock Chase 009C,845,36,37,44,39,50,62,37,45,60,77,41,51,51,54,48,34,35,23,21,F,2011
E01029391,Cannock Chase 009D,837,36,36,51,53,46,33,43,51,72,79,53,60,55,59,44,22,27,12,5,F,2011
E01029392,Cannock Chase 009E,1000,66,80,71,63,44,59,78,88,92,87,61,45,62,35,23,23,14,3,6,F,2011
E01029375,Cannock Chase 010A,1259,112,97,78,74,66,141,112,119,121,87,75,71,55,23,9,6,5,7,1,F,2011
E01029376,Cannock Chase 010B,1036,78,55,69,62,69,97,89,80,91,104,61,38,26,16,25,16,11,26,23,F,2011
E01029377,Cannock Chase 010C,753,37,66,63,61,57,48,38,74,86,80,67,36,18,13,5,2,2,0,0,F,2011
E01029378,Cannock Chase 010D,858,64,49,56,59,49,62,64,62,88,72,71,59,33,24,21,11,10,4,0,F,2011
E01029353,Cannock Chase 011A,724,23,26,37,33,36,38,37,32,37,52,41,46,72,64,51,41,28,17,13,F,2011
E01029364,Cannock Chase 011B,842,32,33,43,49,37,40,40,49,52,55,55,52,71,65,46,40,41,31,11,F,2011
E01029365,Cannock Chase 011C,782,38,39,39,45,46,44,34,55,66,64,45,61,56,31,39,28,25,15,12,F,2011
E01029366,Cannock Chase 011D,872,30,25,26,50,29,24,20,37,58,67,64,65,99,81,79,45,46,18,9,F,2011
E01029367,Cannock Chase 011E,1133,72,44,71,77,55,64,68,70,87,73,73,58,85,53,57,53,36,25,12,F,2011
E01029359,Cannock Chase 012A,824,56,41,44,45,85,98,67,67,56,54,40,33,28,35,15,14,17,17,12,F,2011
E01029360,Cannock Chase 012B,813,42,34,57,71,48,52,48,46,50,57,41,33,49,23,36,32,35,40,19,F,2011
E01029361,Cannock Chase 012C,775,59,35,47,50,45,52,48,44,55,57,39,47,43,51,41,23,22,13,4,F,2011
E01029362,Cannock Chase 012D,812,66,54,35,63,74,66,52,66,64,53,48,33,32,26,27,25,15,8,5,F,2011
E01029363,Cannock Chase 012E,697,28,25,29,35,25,37,37,47,53,50,49,30,46,49,60,41,28,22,6,F,2011
E01029394,Cannock Chase 013A,743,24,36,30,37,38,30,26,39,54,70,47,55,65,67,55,37,16,9,8,F,2011
E01029395,Cannock Chase 013B,775,23,27,38,44,49,37,32,44,59,61,66,58,66,63,48,31,16,10,3,F,2011
E01029396,Cannock Chase 013C,864,58,33,32,43,48,63,37,66,66,88,67,59,54,51,37,29,22,5,6,F,2011
E01029397,Cannock Chase 013D,1394,98,100,118,94,72,110,98,108,123,112,60,64,58,50,37,48,29,10,5,F,2011
E07000193,,57285,3456,3205,3317,3477,3239,3582,3285,3578,4287,4448,3889,3308,3509,2952,2422,2086,1665,1016,564,F,2011
E01029405,East Staffordshire 001A,819,34,42,40,52,23,39,32,45,62,63,69,59,65,62,33,34,23,25,17,F,2011
E01029406,East Staffordshire 001B,603,15,29,41,50,23,14,18,33,60,59,53,67,44,36,20,19,7,10,5,F,2011
E01029422,East Staffordshire 001C,648,20,31,42,64,15,16,23,41,48,61,42,46,47,48,39,24,21,12,8,F,2011
E01029423,East Staffordshire 001D,813,62,48,58,52,56,47,52,52,66,72,53,36,37,38,30,30,13,7,4,F,2011
E01029467,East Staffordshire 001E,1047,49,48,50,48,47,39,53,69,87,76,83,72,90,70,57,44,36,21,8,F,2011
E01029430,East Staffordshire 002A,760,46,32,35,42,45,46,36,43,55,76,50,51,58,42,23,30,19,16,15,F,2011
E01029431,East Staffordshire 002B,843,61,53,55,52,49,68,53,57,59,65,52,50,31,32,34,39,21,9,3,F,2011
E01029432,East Staffordshire 002C,763,32,33,41,41,43,37,34,28,49,61,62,51,66,60,49,39,21,11,5,F,2011
E01029433,East Staffordshire 002D,801,45,53,54,41,63,57,55,53,56,64,56,38,38,30,16,25,24,19,14,F,2011
E01029459,East Staffordshire 003A,798,52,63,52,56,46,53,53,64,70,73,65,39,34,26,20,20,8,4,0,F,2011
E01029460,East Staffordshire 003B,863,37,47,45,50,38,36,38,56,76,86,61,48,50,50,31,43,28,29,14,F,2011
E01029461,East Staffordshire 003C,965,54,59,52,62,63,54,43,72,73,86,68,41,53,40,38,42,30,20,15,F,2011
E01029462,East Staffordshire 003D,844,38,43,49,42,44,36,42,64,60,64,42,52,59,42,42,37,34,37,17,F,2011
E01029443,East Staffordshire 004A,853,42,42,56,45,22,17,39,59,63,56,64,61,73,60,59,47,33,13,2,F,2011
E01029444,East Staffordshire 004B,824,36,31,44,36,18,21,37,45,61,57,56,54,75,74,52,54,35,26,12,F,2011
E01029463,East Staffordshire 004C,653,32,38,33,47,21,19,25,50,48,51,44,43,43,39,38,32,23,15,12,F,2011
E01029464,East Staffordshire 004D,806,32,46,45,48,38,38,42,50,61,63,62,50,55,44,47,29,37,12,7,F,2011
E01029465,East Staffordshire 004E,754,36,38,22,33,34,40,35,54,55,56,60,69,44,53,56,46,16,3,4,F,2011
E01029466,East Staffordshire 004F,778,34,46,50,62,24,15,39,49,58,79,69,60,40,45,30,30,20,12,16,F,2011
E01029454,East Staffordshire 005A,828,28,39,43,64,38,26,21,33,66,92,84,50,63,51,47,38,27,11,7,F,2011
E01029455,East Staffordshire 005B,939,44,64,59,56,37,32,49,73,94,67,78,44,50,69,40,43,25,10,5,F,2011
E01029456,East Staffordshire 005C,808,49,38,27,26,41,44,40,51,48,60,43,57,54,49,45,47,48,22,19,F,2011
E01029457,East Staffordshire 005D,712,45,47,49,53,51,34,36,46,69,81,63,37,25,26,18,17,9,3,3,F,2011
E01029458,East Staffordshire 005E,768,30,41,46,40,41,25,28,34,63,68,68,50,59,48,42,24,37,16,8,F,2011
E01029411,East Staffordshire 006A,631,23,38,33,30,19,32,20,33,57,58,45,46,63,53,38,14,20,6,3,F,2011
E01029412,East Staffordshire 006B,724,28,32,56,80,26,18,16,33,50,59,60,51,61,49,38,29,17,13,8,F,2011
E01029424,East Staffordshire 006C,549,17,24,30,31,11,23,21,29,38,39,48,34,55,44,27,26,26,15,11,F,2011
E01029425,East Staffordshire 006D,761,30,36,38,35,33,24,29,26,69,69,67,61,63,57,43,25,29,19,8,F,2011
E01029473,East Staffordshire 006E,713,28,35,55,42,13,14,23,31,65,75,65,41,56,55,29,37,21,16,12,F,2011
E01029474,East Staffordshire 006F,639,26,44,44,30,11,7,22,39,55,51,47,39,52,48,38,31,28,18,9,F,2011
E01029434,East Staffordshire 007A,814,58,55,67,61,58,57,59,65,66,66,54,31,30,15,23,17,22,8,2,F,2011
E01029435,East Staffordshire 007B,781,34,38,44,53,36,32,31,54,51,63,46,41,42,44,51,46,44,20,11,F,2011
E01029436,East Staffordshire 007C,925,66,45,54,79,55,79,54,59,63,71,51,41,44,32,42,32,26,20,12,F,2011
E01029437,East Staffordshire 007D,1241,100,85,73,72,78,113,114,89,87,82,50,46,54,56,30,23,34,35,20,F,2011
E01029438,East Staffordshire 007E,794,42,43,41,45,39,39,25,45,55,59,64,44,59,58,47,37,35,13,4,F,2011
E01029426,East Staffordshire 008A,896,95,51,62,64,67,93,86,59,60,46,49,31,40,24,23,14,20,5,7,F,2011
E01029427,East Staffordshire 008B,786,56,60,54,48,61,74,44,54,56,42,44,49,37,31,27,15,17,12,5,F,2011
E01029428,East Staffordshire 008C,799,59,57,59,50,64,80,54,69,70,62,42,26,38,23,12,18,11,2,3,F,2011
E01029429,East Staffordshire 008D,662,53,45,42,32,58,63,46,47,45,43,48,26,37,19,19,21,9,7,2,F,2011
E01029445,East Staffordshire 009A,949,102,56,38,68,106,132,76,45,57,58,45,35,34,22,27,17,21,8,2,F,2011
E01029446,East Staffordshire 009B,882,52,42,44,48,50,74,47,44,63,70,65,45,70,43,37,24,34,19,11,F,2011
E01029447,East Staffordshire 009C,858,117,56,65,53,90,94,86,62,51,47,37,31,14,8,20,15,6,2,4,F,2011
E01029448,East Staffordshire 009D,882,59,58,43,38,62,90,57,42,47,46,51,46,42,36,36,46,38,28,17,F,2011
E01029468,East Staffordshire 010A,841,83,56,59,54,63,71,73,54,50,49,48,39,39,24,24,27,12,8,8,F,2011
E01029469,East Staffordshire 010B,954,44,46,51,60,48,37,49,53,67,78,64,66,58,69,50,50,43,11,10,F,2011
E01029470,East Staffordshire 010C,784,56,47,57,48,49,48,50,66,63,50,51,34,48,30,30,27,17,8,5,F,2011
E01029471,East Staffordshire 010D,915,53,54,53,56,47,42,49,45,75,69,63,67,61,46,33,28,25,33,16,F,2011
E01029472,East Staffordshire 010E,841,53,38,53,54,46,61,41,39,58,72,52,56,70,52,37,17,25,11,6,F,2011
E01029407,East Staffordshire 011A,711,65,58,42,41,50,82,64,34,33,56,42,25,26,25,16,27,12,8,5,F,2011
E01029408,East Staffordshire 011B,1034,109,67,67,73,112,133,99,78,63,62,47,31,27,24,18,12,8,3,1,F,2011
E01029409,East Staffordshire 011C,783,75,61,44,43,74,104,69,49,44,31,42,33,28,27,22,15,6,9,7,F,2011
E01029410,East Staffordshire 011D,778,78,50,37,56,72,77,63,47,45,38,47,28,36,15,26,28,17,11,7,F,2011
E01032896,East Staffordshire 011F,491,28,19,14,27,65,84,61,26,27,28,26,26,29,8,9,6,3,4,1,F,2011
E01032897,East Staffordshire 011G,584,43,28,17,24,48,70,72,33,37,27,37,27,24,25,20,16,25,9,2,F,2011
E01032898,East Staffordshire 011H,603,60,35,26,32,60,84,57,38,27,20,23,29,23,18,22,21,16,7,5,F,2011
E01029418,East Staffordshire 012A,1047,43,46,67,81,42,38,64,81,98,106,89,91,71,53,37,21,16,3,0,F,2011
E01029419,East Staffordshire 012B,789,39,38,57,45,25,38,33,53,68,82,50,50,59,46,48,26,18,10,4,F,2011
E01029420,East Staffordshire 012C,918,42,38,51,53,40,40,47,59,62,87,53,51,53,55,49,42,43,33,20,F,2011
E01029413,East Staffordshire 013A,742,35,35,38,45,40,41,33,49,52,77,61,55,50,33,41,26,15,13,3,F,2011
E01029414,East Staffordshire 013B,833,55,40,41,52,54,58,53,82,75,66,60,49,41,33,22,18,19,10,5,F,2011
E01029415,East Staffordshire 013C,825,55,66,52,58,41,62,76,69,105,76,50,38,22,19,15,13,6,1,1,F,2011
E01029416,East Staffordshire 013D,629,23,30,37,32,27,16,37,41,56,46,40,30,52,62,37,31,14,14,4,F,2011
E01029417,East Staffordshire 013E,627,30,39,38,25,19,30,41,43,42,46,37,39,52,35,28,42,20,11,10,F,2011
E01029449,East Staffordshire 014A,853,34,46,35,54,51,62,48,46,49,64,65,69,61,48,31,32,25,25,8,F,2011
E01029450,East Staffordshire 014B,729,41,45,44,62,44,46,29,63,65,54,34,41,37,39,39,17,17,8,4,F,2011
E01029451,East Staffordshire 014C,937,71,45,46,43,63,56,52,52,66,61,55,50,61,48,40,41,35,33,19,F,2011
E01029452,East Staffordshire 014D,784,48,28,45,39,46,59,45,31,53,59,55,52,54,30,44,33,36,20,7,F,2011
E01029453,East Staffordshire 014E,791,73,41,43,47,58,56,45,37,61,55,51,42,48,31,30,31,23,15,4,F,2011
E01029439,East Staffordshire 015A,739,36,29,29,40,29,25,38,34,41,69,48,49,69,72,37,40,25,22,7,F,2011
E01029440,East Staffordshire 015B,644,30,45,42,22,22,15,24,52,67,48,63,43,58,40,24,16,19,6,8,F,2011
E01029441,East Staffordshire 015C,803,34,40,53,48,26,30,24,38,72,67,58,57,58,57,40,31,41,25,4,F,2011
E01029442,East Staffordshire 015D,700,22,44,49,42,21,26,16,40,54,63,53,52,50,37,40,32,31,16,12,F,2011
E07000194,,50888,2572,2596,2771,2856,2294,2502,2739,3168,3861,3948,3396,3319,3806,3536,2634,1903,1413,970,604,F,2011
E01029480,Lichfield 001A,888,70,51,41,52,43,48,63,76,78,74,64,50,57,50,32,24,10,3,2,F,2011
E01029481,Lichfield 001B,966,40,36,48,33,39,58,40,49,74,67,53,59,82,81,66,47,45,27,22,F,2011
E01029482,Lichfield 001C,856,43,64,54,69,40,50,35,58,70,70,64,45,47,45,41,24,23,8,6,F,2011
E01029498,Lichfield 001D,902,37,42,42,52,39,35,29,39,73,63,76,78,91,74,45,35,26,14,12,F,2011
E01029477,Lichfield 002A,782,29,49,50,40,20,13,20,46,70,82,62,54,59,67,55,30,23,8,5,F,2011
E01029478,Lichfield 002B,825,31,54,66,56,28,24,32,44,69,62,53,43,66,45,54,38,33,21,6,F,2011
E01029479,Lichfield 002C,1458,133,103,104,96,57,87,120,142,140,107,98,63,70,58,39,24,9,6,2,F,2011
E01029509,Lichfield 002D,863,31,24,55,36,29,21,20,46,73,63,62,88,71,73,40,47,32,31,21,F,2011
E01029486,Lichfield 003A,684,23,20,29,37,19,22,37,29,46,66,48,63,60,74,48,27,16,10,10,F,2011
E01029507,Lichfield 003B,841,32,44,51,54,42,33,29,44,68,90,71,76,81,65,27,21,7,4,2,F,2011
E01029508,Lichfield 003C,1156,63,76,64,68,42,29,76,91,112,100,66,74,101,81,46,29,18,13,7,F,2011
E01029515,Lichfield 003D,944,24,37,57,62,30,20,28,37,63,95,71,72,87,102,64,44,29,16,6,F,2011
E01029492,Lichfield 004A,1043,102,67,82,77,75,67,78,68,77,74,53,55,41,37,37,23,14,14,2,F,2011
E01029499,Lichfield 004B,877,46,44,41,67,54,56,48,54,63,76,55,47,38,43,50,35,33,16,11,F,2011
E01029501,Lichfield 004C,809,41,38,58,49,36,44,39,61,67,54,40,53,43,55,41,38,28,17,7,F,2011
E01029526,Lichfield 004E,806,34,23,26,39,38,57,46,44,35,61,48,57,60,52,45,39,43,36,23,F,2011
E01032899,Lichfield 004F,815,21,15,26,27,29,41,30,25,41,40,35,45,52,62,63,68,81,66,48,F,2011
E01032900,Lichfield 004G,1062,111,92,74,51,47,111,134,133,90,68,58,34,26,12,9,9,2,1,0,F,2011
E01029483,Lichfield 005A,791,28,38,39,42,36,33,27,39,39,63,77,70,103,59,33,22,21,14,8,F,2011
E01029484,Lichfield 005B,906,45,39,38,42,61,61,59,51,64,54,51,61,66,50,44,35,34,21,30,F,2011
E01029485,Lichfield 005C,757,19,24,36,43,26,41,47,38,59,74,72,69,66,41,38,32,10,18,4,F,2011
E01029500,Lichfield 005D,853,30,33,45,52,40,26,43,43,65,71,72,75,83,52,51,36,18,14,4,F,2011
E01029520,Lichfield 005E,794,22,48,59,41,20,20,20,33,63,69,75,84,85,48,43,19,22,16,7,F,2011
E01029524,Lichfield 005F,852,49,38,37,54,49,57,48,47,69,62,63,53,60,43,48,34,23,12,6,F,2011
E01029525,Lichfield 005G,884,25,32,41,44,36,43,39,46,71,63,56,52,63,89,72,67,26,15,4,F,2011
E01029487,Lichfield 006A,844,63,40,36,50,45,51,46,54,54,61,51,55,62,61,46,26,15,22,6,F,2011
E01029493,Lichfield 006B,992,50,55,65,62,53,55,61,62,97,99,70,50,56,71,40,22,12,11,1,F,2011
E01029494,Lichfield 006C,793,45,42,39,39,51,39,47,38,60,55,53,46,50,48,31,31,27,23,29,F,2011
E01029495,Lichfield 006D,857,38,44,44,50,42,46,60,61,66,56,72,66,71,49,33,26,20,9,4,F,2011
E01029497,Lichfield 006E,1008,53,62,54,59,34,46,60,70,74,73,73,67,60,61,45,52,24,23,18,F,2011
E01029491,Lichfield 007A,924,63,46,38,47,63,56,55,61,59,60,60,47,62,69,56,33,28,16,5,F,2011
E01029511,Lichfield 007B,830,46,40,47,43,29,35,44,61,59,59,49,35,70,70,58,36,28,13,8,F,2011
E01029512,Lichfield 007C,1009,66,70,50,58,47,44,57,73,109,71,66,40,62,66,51,19,25,22,13,F,2011
E01029518,Lichfield 007D,1415,104,90,73,55,59,108,121,116,118,95,84,73,80,63,59,46,34,28,9,F,2011
E01029519,Lichfield 007E,1076,77,49,52,59,57,83,80,96,71,72,60,63,68,63,43,39,24,13,7,F,2011
E01029516,Lichfield 008A,994,45,55,48,51,32,31,46,53,74,87,85,77,71,78,51,27,32,34,17,F,2011
E01029517,Lichfield 008B,819,28,48,42,50,29,26,28,45,76,72,65,65,80,57,47,29,16,14,2,F,2011
E01029530,Lichfield 008C,864,55,53,54,40,32,59,66,77,65,62,66,51,52,43,33,29,17,5,5,F,2011
E01029531,Lichfield 008D,883,27,55,53,45,20,23,25,51,68,83,55,57,74,81,67,40,29,21,9,F,2011
E01029475,Lichfield 009A,1036,42,41,51,49,42,49,52,69,69,83,61,64,98,95,65,34,34,23,15,F,2011
E01029476,Lichfield 009B,717,26,25,34,38,33,22,37,44,42,52,45,43,69,70,54,32,28,12,11,F,2011
E01029489,Lichfield 009C,804,25,36,37,46,34,25,38,39,54,53,49,63,78,93,51,49,17,12,5,F,2011
E01029490,Lichfield 009D,723,25,33,50,45,38,39,42,40,60,58,38,57,64,53,29,25,18,4,5,F,2011
E01029505,Lichfield 009E,783,36,34,34,34,25,25,42,44,46,57,55,62,82,69,49,39,18,17,15,F,2011
E01029506,Lichfield 009F,902,24,34,29,53,43,26,47,38,64,47,51,63,104,141,77,30,18,9,4,F,2011
E01029496,Lichfield 010A,984,51,51,74,78,66,53,66,74,72,62,47,58,52,40,35,33,36,23,13,F,2011
E01029527,Lichfield 010B,646,43,33,29,38,37,54,43,32,46,57,38,27,39,35,29,27,17,13,9,F,2011
E01029528,Lichfield 010C,649,41,29,46,42,48,30,39,47,53,55,40,28,36,42,30,17,15,6,5,F,2011
E01029529,Lichfield 010D,626,50,33,47,36,33,80,52,46,51,42,38,22,36,36,9,6,6,3,0,F,2011
E01029513,Lichfield 011A,699,28,50,44,45,25,17,20,37,44,63,34,64,68,51,39,31,27,6,6,F,2011
E01029514,Lichfield 011B,809,23,34,39,45,39,25,24,36,46,68,59,53,57,59,59,54,41,30,18,F,2011
E01029521,Lichfield 011C,855,31,41,56,45,30,21,33,36,67,84,54,53,83,76,54,33,30,15,13,F,2011
E01029522,Lichfield 011D,865,29,27,45,52,28,26,31,43,60,71,54,53,68,59,54,37,41,45,42,F,2011
E01029523,Lichfield 011E,794,32,42,43,40,32,27,26,42,67,65,66,54,60,68,57,35,24,7,7,F,2011
E01029488,Lichfield 012A,835,33,48,52,48,24,35,31,44,72,81,76,73,70,49,39,27,14,11,8,F,2011
E01029502,Lichfield 012B,846,50,51,38,52,54,57,48,59,63,65,45,62,58,40,27,30,25,12,10,F,2011
E01029503,Lichfield 012C,815,37,42,35,47,28,36,42,43,51,55,43,60,63,63,50,42,26,33,19,F,2011
E01029504,Lichfield 012D,778,57,32,30,32,67,56,43,54,45,57,51,48,45,59,36,20,21,14,11,F,2011
E07000195,,62648,3117,3101,3349,4073,4637,3465,3342,3806,4380,4616,4117,3841,4250,3338,2883,2449,1934,1261,689,F,2011
E01029562,Newcastle-under-Lyme 001A,708,41,37,59,61,35,36,33,59,57,73,63,35,33,38,18,17,1,10,2,F,2011
E01029565,Newcastle-under-Lyme 001B,627,45,36,31,43,34,31,40,50,54,70,55,55,35,25,12,5,4,1,1,F,2011
E01029581,Newcastle-under-Lyme 001C,767,41,32,48,37,42,40,36,55,58,62,60,50,47,61,33,30,24,9,2,F,2011
E01029582,Newcastle-under-Lyme 001D,900,41,36,52,39,33,37,57,59,72,64,66,65,84,75,47,25,32,12,4,F,2011
E01029586,Newcastle-under-Lyme 001E,614,16,23,18,29,19,18,27,46,37,53,46,56,80,65,34,21,14,6,6,F,2011
E01029587,Newcastle-under-Lyme 001F,629,39,35,27,27,34,33,37,51,42,44,39,36,45,51,32,26,21,7,3,F,2011
E01029561,Newcastle-under-Lyme 002A,777,43,51,50,54,35,39,59,46,57,49,40,46,45,39,42,31,32,15,4,F,2011
E01029563,Newcastle-under-Lyme 002B,697,33,37,28,34,47,44,42,24,52,53,51,44,57,47,42,29,16,9,8,F,2011
E01029564,Newcastle-under-Lyme 002C,662,48,38,45,41,50,53,36,42,48,56,43,34,31,27,22,22,17,4,5,F,2011
E01029588,Newcastle-under-Lyme 002D,757,35,34,39,34,53,44,49,53,54,58,58,61,58,42,15,27,25,12,6,F,2011
E01029540,Newcastle-under-Lyme 003A,742,24,31,36,43,31,25,23,41,57,51,35,46,72,61,49,39,38,20,20,F,2011
E01029541,Newcastle-under-Lyme 003B,827,59,57,56,59,56,58,45,55,54,62,55,53,42,29,22,21,23,12,9,F,2011
E01029542,Newcastle-under-Lyme 003C,684,18,31,41,41,44,45,44,32,53,48,43,49,61,39,37,22,23,8,5,F,2011
E01029543,Newcastle-under-Lyme 003D,654,27,39,48,52,40,34,36,43,52,55,37,34,36,29,25,18,19,14,16,F,2011
E01029595,Newcastle-under-Lyme 003E,605,24,19,18,26,19,21,27,36,36,38,45,67,75,68,32,21,23,5,5,F,2011
E01029597,Newcastle-under-Lyme 003F,732,40,37,46,50,45,50,52,49,52,62,39,42,40,36,31,24,21,10,6,F,2011
E01029536,Newcastle-under-Lyme 004A,754,24,36,55,36,32,23,25,48,62,64,52,41,69,65,44,38,21,12,7,F,2011
E01029544,Newcastle-under-Lyme 004B,681,28,33,48,55,38,28,28,52,61,80,59,46,33,18,22,15,15,9,13,F,2011
E01029545,Newcastle-under-Lyme 004C,760,47,51,44,34,51,47,57,59,55,58,66,49,37,41,28,18,8,8,2,F,2011
E01029546,Newcastle-under-Lyme 004D,708,49,41,56,69,44,33,41,63,72,79,55,41,27,15,12,7,3,1,0,F,2011
E01029596,Newcastle-under-Lyme 004E,589,11,16,27,29,23,18,16,28,26,39,47,40,61,52,63,49,28,15,1,F,2011
E01029532,Newcastle-under-Lyme 005A,734,35,32,39,45,41,33,32,43,58,61,54,44,58,45,42,18,23,21,10,F,2011
E01029533,Newcastle-under-Lyme 005B,772,30,30,43,42,36,37,33,43,56,62,60,65,82,42,40,26,23,14,8,F,2011
E01029534,Newcastle-under-Lyme 005C,772,37,37,34,37,22,43,50,56,46,40,53,69,77,57,41,34,14,19,6,F,2011
E01029535,Newcastle-under-Lyme 005D,715,46,41,46,37,40,53,49,48,54,64,53,32,37,29,24,24,21,9,8,F,2011
E01029556,Newcastle-under-Lyme 005E,1260,60,49,78,53,54,54,81,73,96,86,98,73,95,81,65,55,49,34,26,F,2011
E01029537,Newcastle-under-Lyme 006A,803,49,52,61,49,38,37,49,66,65,57,46,47,38,44,33,28,22,14,8,F,2011
E01029538,Newcastle-under-Lyme 006B,919,63,55,43,43,36,53,61,65,54,51,45,60,44,47,38,39,35,50,37,F,2011
E01029539,Newcastle-under-Lyme 006C,774,35,48,61,47,39,33,44,54,65,61,52,44,45,42,40,24,22,14,4,F,2011
E01029552,Newcastle-under-Lyme 006D,738,37,34,39,48,36,46,41,40,48,65,51,42,50,38,36,32,36,13,6,F,2011
E01029558,Newcastle-under-Lyme 006E,846,66,54,71,70,46,58,67,74,62,52,41,44,36,26,28,28,9,7,7,F,2011
E01029547,Newcastle-under-Lyme 007A,761,54,71,44,33,59,77,60,42,51,39,39,44,28,34,20,21,22,16,7,F,2011
E01029548,Newcastle-under-Lyme 007B,787,62,51,42,44,61,61,47,49,41,56,39,58,36,30,18,35,28,23,6,F,2011
E01029559,Newcastle-under-Lyme 007C,682,34,37,29,47,49,65,43,38,57,52,70,39,39,34,20,12,12,3,2,F,2011
E01029560,Newcastle-under-Lyme 007D,832,56,61,56,57,49,77,51,57,49,52,50,37,42,25,24,25,22,25,17,F,2011
E01029568,Newcastle-under-Lyme 007E,726,42,45,36,46,49,58,36,37,48,53,54,42,48,30,35,32,18,10,7,F,2011
E01029583,Newcastle-under-Lyme 008A,754,32,40,45,44,33,43,45,50,59,59,48,30,54,42,31,33,24,25,17,F,2011
E01029584,Newcastle-under-Lyme 008B,595,32,33,34,23,27,37,39,49,48,29,47,29,44,28,38,16,23,13,6,F,2011
E01029585,Newcastle-under-Lyme 008C,713,43,28,37,43,45,53,51,50,49,61,42,33,59,31,41,23,17,5,2,F,2011
E01029609,Newcastle-under-Lyme 008D,844,59,38,29,54,70,85,60,69,43,60,47,39,62,26,35,27,27,8,6,F,2011
E01029611,Newcastle-under-Lyme 008E,825,67,40,42,38,43,84,88,63,41,52,55,33,44,37,32,28,21,14,3,F,2011
E01029577,Newcastle-under-Lyme 009A,775,38,34,39,29,48,37,42,33,79,64,44,59,52,33,37,40,37,17,13,F,2011
E01029579,Newcastle-under-Lyme 009B,840,38,43,39,31,40,52,53,65,66,58,50,59,53,52,47,40,29,16,9,F,2011
E01029580,Newcastle-under-Lyme 009C,709,49,41,37,36,48,31,37,54,59,55,53,50,55,42,21,17,10,9,5,F,2011
E01029610,Newcastle-under-Lyme 009D,664,35,30,37,43,31,36,41,43,54,46,65,48,44,31,17,28,18,11,6,F,2011
E01029612,Newcastle-under-Lyme 009E,636,24,35,42,35,17,21,30,44,54,43,41,44,50,34,35,36,18,23,10,F,2011
E01029553,Newcastle-under-Lyme 010A,737,35,44,56,55,46,53,42,36,53,55,47,50,40,31,31,24,21,15,3,F,2011
E01029554,Newcastle-under-Lyme 010B,598,37,22,23,39,43,43,38,30,31,29,33,37,45,34,28,24,26,21,15,F,2011
E01029566,Newcastle-under-Lyme 010C,660,85,49,40,43,53,61,48,46,36,37,37,28,25,23,20,16,6,5,2,F,2011
E01029567,Newcastle-under-Lyme 010D,816,48,39,43,32,58,58,58,63,59,55,49,35,44,46,38,31,27,19,14,F,2011
E01029598,Newcastle-under-Lyme 010E,934,67,50,53,75,112,74,78,72,78,55,45,36,39,20,29,16,17,9,9,F,2011
E01029599,Newcastle-under-Lyme 010F,745,26,31,38,42,43,44,43,35,49,55,43,44,44,40,46,43,34,25,20,F,2011
E01029555,Newcastle-under-Lyme 011A,893,59,45,30,66,109,73,44,39,60,71,60,48,51,29,45,32,15,10,7,F,2011
E01029578,Newcastle-under-Lyme 011B,775,34,34,38,29,45,32,36,47,47,58,59,52,57,49,45,44,27,27,15,F,2011
E01029602,Newcastle-under-Lyme 011C,966,41,35,21,86,206,76,57,50,48,40,38,42,30,26,44,35,37,34,20,F,2011
E01029603,Newcastle-under-Lyme 011D,699,33,30,37,47,84,67,36,34,39,40,37,31,43,24,34,32,24,19,8,F,2011
E01029604,Newcastle-under-Lyme 011E,800,39,9,29,40,112,74,43,38,41,54,49,45,37,32,31,38,35,26,28,F,2011
E01029576,Newcastle-under-Lyme 012A,2206,29,35,29,555,1030,79,47,41,50,67,38,40,46,41,24,26,14,7,8,F,2011
E01029593,Newcastle-under-Lyme 012B,889,50,61,49,57,97,61,47,51,71,48,52,59,50,31,30,29,28,12,6,F,2011
E01029594,Newcastle-under-Lyme 012C,939,52,38,33,47,67,58,52,53,50,54,68,66,80,56,61,38,29,28,9,F,2011
E01029557,Newcastle-under-Lyme 013A,639,14,27,20,36,29,16,21,39,50,50,51,46,68,50,30,34,26,19,13,F,2011
E01029573,Newcastle-under-Lyme 013B,770,32,40,49,32,31,46,32,48,60,59,43,55,57,47,46,31,25,28,9,F,2011
E01029574,Newcastle-under-Lyme 013C,717,32,36,32,40,26,24,22,42,47,66,51,45,62,51,44,40,30,19,8,F,2011
E01029575,Newcastle-under-Lyme 013D,538,34,36,25,34,24,37,27,32,39,40,40,30,38,26,27,18,10,16,5,F,2011
E01029549,Newcastle-under-Lyme 014A,851,38,47,36,32,41,36,31,47,57,62,50,51,52,69,57,56,45,30,14,F,2011
E01029551,Newcastle-under-Lyme 014B,826,60,49,42,35,48,55,57,73,63,68,51,47,37,33,37,27,24,12,8,F,2011
E01029591,Newcastle-under-Lyme 014C,796,47,29,44,55,55,40,41,41,56,56,46,37,41,44,43,45,47,22,7,F,2011
E01029600,Newcastle-under-Lyme 014D,730,25,36,48,35,38,24,40,31,56,52,52,43,56,53,45,40,36,14,6,F,2011
E01029605,Newcastle-under-Lyme 014E,633,33,33,32,32,20,20,28,35,61,59,44,42,62,32,32,20,24,18,6,F,2011
E01029607,Newcastle-under-Lyme 014F,737,36,36,40,43,40,33,35,37,62,55,46,45,42,43,33,30,43,27,11,F,2011
E01029589,Newcastle-under-Lyme 015B,636,16,24,37,37,27,27,24,36,28,57,52,66,68,36,26,41,17,13,4,F,2011
E01029590,Newcastle-under-Lyme 015C,719,23,27,40,42,26,15,28,22,44,64,52,61,54,51,52,59,34,21,4,F,2011
E01029601,Newcastle-under-Lyme 015E,775,21,25,30,48,42,30,25,38,48,49,40,48,61,54,60,68,44,29,15,F,2011
E01029606,Newcastle-under-Lyme 015F,763,28,42,57,63,27,14,28,45,64,80,62,45,57,33,31,42,25,13,7,F,2011
E01029608,Newcastle-under-Lyme 015G,749,18,31,29,53,21,17,22,33,43,63,54,65,77,60,62,36,39,20,6,F,2011
E01033257,Newcastle-under-Lyme 015H,1290,47,70,91,78,52,60,75,76,110,121,110,80,89,56,56,53,32,25,9,F,2011
E01029569,Newcastle-under-Lyme 016A,704,24,30,32,40,35,35,22,32,59,65,60,60,64,45,47,26,18,7,3,F,2011
E01029570,Newcastle-under-Lyme 016B,1239,45,68,63,63,39,32,33,66,90,109,91,88,124,98,69,76,40,28,17,F,2011
E01029571,Newcastle-under-Lyme 016C,698,18,30,54,47,25,15,17,35,47,53,61,56,63,44,46,39,26,16,6,F,2011
E01029572,Newcastle-under-Lyme 016D,831,35,54,54,48,24,15,25,67,71,74,55,64,107,48,34,14,21,15,6,F,2011
E07000196,,54998,2380,2540,3070,3208,2742,2391,2456,3170,4105,4500,4143,3766,4163,3648,2857,2305,1709,1166,679,F,2011
E01029655,South Staffordshire 001A,1025,49,48,43,36,45,42,58,58,52,66,56,77,97,85,56,62,41,32,22,F,2011
E01029656,South Staffordshire 001B,902,26,38,34,48,39,23,24,67,67,67,60,84,88,86,41,42,29,21,18,F,2011
E01029657,South Staffordshire 001C,903,36,66,63,81,47,33,57,73,85,88,90,56,64,23,10,15,11,3,2,F,2011
E01029658,South Staffordshire 001D,700,29,41,51,38,28,28,36,47,43,61,38,45,56,47,35,34,24,16,3,F,2011
E01029659,South Staffordshire 001E,714,25,29,43,29,24,31,28,34,58,50,52,67,86,55,40,32,19,9,3,F,2011
E01029660,South Staffordshire 001F,1016,31,42,46,65,62,45,42,55,89,84,71,73,86,86,57,32,28,10,12,F,2011
E01029621,South Staffordshire 002A,746,30,41,45,45,35,38,30,48,53,77,61,55,57,50,34,25,11,6,5,F,2011
E01029646,South Staffordshire 002B,725,40,36,43,42,50,35,45,58,58,59,48,43,37,42,25,19,20,13,12,F,2011
E01029647,South Staffordshire 002C,1153,90,75,85,73,88,106,77,96,107,87,77,38,42,39,26,15,13,15,4,F,2011
E01029648,South Staffordshire 002D,746,45,33,43,60,51,40,45,38,72,64,43,41,48,45,39,19,9,10,1,F,2011
E01029617,South Staffordshire 003A,834,40,29,53,42,27,25,33,30,74,80,64,60,82,63,51,41,18,18,4,F,2011
E01029618,South Staffordshire 003B,852,31,42,38,62,32,29,33,43,53,71,44,37,72,64,63,69,40,16,13,F,2011
E01029668,South Staffordshire 003C,651,19,22,59,33,18,12,17,38,45,48,55,54,67,58,39,27,14,10,16,F,2011
E01029669,South Staffordshire 003D,662,23,20,44,35,28,24,28,41,39,52,41,56,62,61,36,28,16,21,7,F,2011
E01029670,South Staffordshire 003E,784,28,44,40,50,30,37,30,46,65,61,71,61,63,57,38,27,15,18,3,F,2011
E01029620,South Staffordshire 004A,660,34,40,42,37,38,38,37,39,51,49,38,49,49,46,29,14,16,8,6,F,2011
E01029622,South Staffordshire 004B,760,27,48,47,43,36,41,28,48,62,52,66,46,58,62,33,32,17,7,7,F,2011
E01029623,South Staffordshire 004C,608,20,18,35,44,37,26,23,34,46,54,57,58,43,31,25,18,12,13,14,F,2011
E01029624,South Staffordshire 004D,770,29,52,45,59,50,38,28,52,75,76,73,64,52,28,24,19,5,0,1,F,2011
E01029625,South Staffordshire 004E,564,27,23,30,28,12,24,17,37,38,38,37,36,62,61,39,33,13,6,3,F,2011
E01029641,South Staffordshire 004F,839,42,36,43,53,62,60,38,51,58,63,56,55,73,67,32,23,15,11,1,F,2011
E01029642,South Staffordshire 004G,751,23,25,40,34,35,21,32,36,42,59,58,57,53,69,59,51,30,19,8,F,2011
E01029638,South Staffordshire 005A,1038,44,32,55,53,56,40,52,54,66,85,71,54,91,76,73,52,43,31,10,F,2011
E01029639,South Staffordshire 005B,721,24,34,56,61,42,19,17,43,78,84,52,54,56,45,23,20,5,5,3,F,2011
E01029640,South Staffordshire 005C,750,65,40,42,46,56,65,54,55,75,53,55,35,51,29,15,12,1,1,0,F,2011
E01029643,South Staffordshire 005D,786,37,34,50,44,39,30,41,43,56,57,41,38,44,64,50,39,38,23,18,F,2011
E01029644,South Staffordshire 005E,731,21,24,34,45,43,28,28,34,57,45,48,55,85,76,52,19,14,14,9,F,2011
E01029616,South Staffordshire 006A,759,28,33,37,29,35,22,34,39,55,57,61,55,73,74,55,44,19,7,2,F,2011
E01029619,South Staffordshire 006B,935,43,29,50,48,24,24,37,64,68,78,70,57,82,89,66,44,25,30,7,F,2011
E01029636,South Staffordshire 006C,725,29,38,34,52,42,30,26,41,57,65,70,47,42,47,36,33,18,14,4,F,2011
E01029637,South Staffordshire 006D,895,51,47,66,66,54,48,65,68,86,95,73,45,36,42,18,14,13,5,3,F,2011
E01029632,South Staffordshire 007A,936,23,31,38,53,47,37,40,52,66,73,73,59,51,47,46,51,40,56,53,F,2011
E01029633,South Staffordshire 007B,878,33,53,53,42,53,27,40,61,76,64,83,54,58,69,51,33,17,9,2,F,2011
E01029634,South Staffordshire 007C,726,41,41,34,52,48,44,28,36,53,65,59,46,39,32,39,28,22,15,4,F,2011
E01029635,South Staffordshire 007D,921,55,52,59,66,52,58,43,69,66,63,69,54,65,45,27,28,26,16,8,F,2011
E01029613,South Staffordshire 008A,691,31,26,28,45,27,41,21,46,54,56,44,34,52,51,57,31,24,17,6,F,2011
E01029614,South Staffordshire 008B,917,55,51,56,62,44,37,49,62,66,73,68,58,56,46,35,42,34,17,6,F,2011
E01029615,South Staffordshire 008C,655,46,28,33,43,38,40,36,30,39,44,50,39,30,31,30,28,40,21,9,F,2011
E01029627,South Staffordshire 008D,774,33,34,33,39,38,40,48,37,45,45,42,44,57,37,46,53,34,41,28,F,2011
E01029626,South Staffordshire 009A,733,29,28,28,43,30,24,27,36,47,63,70,45,55,60,48,38,34,19,9,F,2011
E01029628,South Staffordshire 009B,635,28,25,31,34,20,23,21,41,41,48,42,46,54,61,36,29,33,14,8,F,2011
E01029629,South Staffordshire 009C,644,22,32,48,26,22,24,19,29,48,42,58,47,41,54,42,36,21,27,6,F,2011
E01029630,South Staffordshire 009D,749,24,39,37,32,20,20,26,29,55,53,47,48,78,55,38,39,45,27,37,F,2011
E01029631,South Staffordshire 009E,734,32,36,38,46,38,36,45,45,69,67,43,33,59,42,34,37,25,5,4,F,2011
E01029654,South Staffordshire 010A,1141,56,40,67,60,56,40,43,51,91,103,70,85,103,91,69,51,35,17,13,F,2011
E01029661,South Staffordshire 010B,1013,28,41,50,57,71,60,39,54,89,74,85,88,71,60,50,27,28,18,23,F,2011
E01029663,South Staffordshire 010C,750,38,44,41,45,36,39,42,38,67,73,72,79,33,26,15,33,12,15,2,F,2011
E01029665,South Staffordshire 010D,915,40,39,50,67,59,48,58,46,72,88,86,90,56,31,36,22,16,9,2,F,2011
E01029662,South Staffordshire 011A,1151,62,54,82,78,64,51,60,76,76,106,117,100,88,48,32,19,22,14,2,F,2011
E01029664,South Staffordshire 011B,820,42,43,45,48,54,65,37,51,51,75,71,78,55,28,24,12,23,13,5,F,2011
E01029666,South Staffordshire 011C,829,54,37,34,41,72,68,51,55,49,50,58,61,56,21,24,15,44,20,19,F,2011
E01029671,South Staffordshire 012A,749,20,27,35,36,20,28,29,41,52,53,64,47,47,57,58,52,38,30,15,F,2011
E01029673,South Staffordshire 012B,870,39,41,46,65,37,28,49,55,59,67,51,53,62,38,38,38,46,37,21,F,2011
E01029676,South Staffordshire 012C,562,13,17,33,30,24,9,16,25,33,41,31,39,47,38,45,47,33,23,18,F,2011
E01029679,South Staffordshire 012D,774,53,48,40,51,70,55,38,40,44,68,62,42,28,37,32,25,27,9,5,F,2011
E01029680,South Staffordshire 012E,790,37,48,40,45,37,43,38,43,53,77,68,44,47,47,47,29,23,20,4,F,2011
E01029645,South Staffordshire 013A,1050,34,26,45,40,27,31,31,44,69,71,69,88,112,86,87,76,51,33,30,F,2011
E01029667,South Staffordshire 013B,1109,36,54,68,63,53,31,32,61,75,102,105,73,85,72,76,64,26,16,17,F,2011
E01029672,South Staffordshire 013C,782,27,29,60,33,28,17,47,38,53,70,57,77,65,44,31,33,31,27,15,F,2011
E01029674,South Staffordshire 013D,906,32,49,69,72,33,27,31,56,94,107,71,51,55,47,47,26,29,10,0,F,2011
E01029675,South Staffordshire 013E,787,18,30,35,44,35,21,22,23,38,65,42,37,75,64,80,64,63,22,9,F,2011
E01029677,South Staffordshire 013F,680,36,35,35,33,23,30,40,36,48,50,46,37,43,43,65,32,34,7,7,F,2011
E01029678,South Staffordshire 013G,863,44,53,52,37,45,35,35,61,88,83,84,78,54,52,24,22,6,8,2,F,2011
E01029649,South Staffordshire 014A,623,27,15,28,24,17,19,22,30,28,51,49,42,66,61,50,33,27,19,15,F,2011
E01029650,South Staffordshire 014B,768,22,32,33,45,29,23,30,35,48,68,68,60,72,71,52,40,26,10,4,F,2011
E01029651,South Staffordshire 014C,824,17,34,44,34,36,18,19,34,59,61,59,46,75,70,50,51,32,48,37,F,2011
E01029652,South Staffordshire 014D,885,31,37,33,49,46,42,36,44,59,71,73,72,63,75,47,40,32,29,6,F,2011
E01029653,South Staffordshire 014E,659,36,32,53,47,28,10,28,50,55,45,40,40,53,44,30,27,18,16,7,F,2011
E07000197,,65363,3464,3226,3456,3719,3328,3388,3519,4031,5019,5068,4501,4139,4614,4064,3134,2461,1975,1349,908,F,2011
E01029702,Stafford 001A,776,25,26,43,39,32,23,31,45,61,57,51,54,58,62,42,34,42,29,22,F,2011
E01029703,Stafford 001B,798,40,39,50,43,43,26,35,48,79,73,70,43,52,58,29,24,18,13,15,F,2011
E01029704,Stafford 001C,719,34,38,38,26,25,30,31,35,56,52,49,37,55,66,63,33,28,14,9,F,2011
E01029705,Stafford 001D,722,28,23,32,28,33,16,30,36,48,51,42,69,59,73,59,37,35,18,5,F,2011
E01029681,Stafford 002A,616,39,32,44,30,28,34,44,25,53,46,39,45,60,32,21,18,12,11,3,F,2011
E01029682,Stafford 002B,867,32,35,25,40,18,38,28,34,49,49,51,67,70,76,51,58,67,43,36,F,2011
E01029683,Stafford 002C,701,30,39,44,46,18,20,28,30,54,57,66,47,54,48,38,33,21,19,9,F,2011
E01029748,Stafford 002D,660,21,26,28,29,27,25,25,30,58,63,62,59,43,53,44,24,22,15,6,F,2011
E01029749,Stafford 002E,846,43,48,33,37,32,25,34,47,54,65,64,73,59,70,62,49,25,15,11,F,2011
E01029740,Stafford 003A,886,67,55,55,55,39,41,47,67,72,65,43,50,46,41,34,42,29,27,11,F,2011
E01029744,Stafford 003B,1233,89,66,71,76,66,56,84,98,117,97,71,63,64,58,35,26,34,22,40,F,2011
E01029745,Stafford 003C,846,43,23,33,36,48,48,52,52,48,46,45,47,49,61,46,54,45,43,27,F,2011
E01029746,Stafford 003D,784,42,50,38,44,37,38,41,53,55,47,67,48,57,41,45,30,22,20,9,F,2011
E01029753,Stafford 003E,664,26,29,30,26,31,31,26,30,41,42,49,38,57,50,46,44,37,18,13,F,2011
E01029756,Stafford 003F,897,61,40,48,60,48,71,57,63,86,64,38,38,51,31,23,27,25,26,40,F,2011
E01029733,Stafford 004A,992,38,36,64,63,42,29,33,46,85,78,77,69,85,76,42,33,36,28,32,F,2011
E01029739,Stafford 004B,816,38,38,53,58,35,32,39,52,79,95,72,56,53,44,23,25,15,7,2,F,2011
E01029741,Stafford 004C,869,51,43,69,59,37,52,52,66,90,90,68,51,47,35,21,17,12,4,5,F,2011
E01029754,Stafford 004D,676,36,34,31,35,17,31,32,45,45,73,39,58,69,54,28,26,13,5,5,F,2011
E01029755,Stafford 004E,740,32,15,36,42,22,24,28,33,37,58,53,58,72,76,63,43,22,22,4,F,2011
E01029695,Stafford 005A,1033,42,40,40,53,33,33,36,60,69,69,85,78,95,81,63,45,43,39,29,F,2011
E01029696,Stafford 005B,740,17,26,52,59,21,15,17,40,72,67,58,66,58,65,45,26,16,13,7,F,2011
E01029697,Stafford 005C,914,45,41,32,44,66,63,54,66,86,101,70,47,51,42,41,17,19,18,11,F,2011
E01029698,Stafford 005D,794,33,34,40,33,22,28,30,47,59,65,59,65,67,59,54,33,33,24,9,F,2011
E01029747,Stafford 005E,707,22,35,44,53,30,27,28,44,54,56,89,60,52,48,25,14,17,6,3,F,2011
E01029690,Stafford 006A,776,50,34,48,53,38,54,55,68,76,56,55,32,38,35,26,23,19,13,3,F,2011
E01029718,Stafford 006B,970,47,53,42,73,41,34,56,67,69,68,71,61,82,71,58,36,28,8,5,F,2011
E01029743,Stafford 006C,713,34,24,28,31,35,28,21,44,51,48,53,50,56,68,52,31,28,24,7,F,2011
E01029751,Stafford 006D,793,30,28,30,47,19,21,38,44,42,54,69,51,67,68,71,50,42,16,6,F,2011
E01029719,Stafford 007A,803,33,32,37,41,21,46,43,33,56,51,52,39,60,59,55,60,54,17,14,F,2011
E01029720,Stafford 007B,826,63,60,46,61,71,81,67,54,70,61,43,32,28,25,27,16,14,5,2,F,2011
E01029721,Stafford 007C,845,43,39,41,44,45,47,41,52,77,72,52,40,65,42,32,33,25,29,26,F,2011
E01029750,Stafford 007D,800,67,53,36,47,26,59,66,65,78,47,38,61,36,40,31,17,11,16,6,F,2011
E01029752,Stafford 007E,704,65,46,48,53,53,52,39,60,52,42,34,29,41,38,25,11,13,2,1,F,2011
E01029687,Stafford 008A,941,30,51,37,40,33,37,41,39,73,78,78,84,97,71,61,45,31,10,5,F,2011
E01029710,Stafford 008B,731,20,36,35,29,16,17,24,40,48,57,66,62,96,71,43,30,19,16,6,F,2011
E01029711,Stafford 008C,772,30,45,45,42,30,24,28,62,69,73,70,54,74,53,31,15,17,4,6,F,2011
E01029712,Stafford 008D,988,42,52,70,58,34,34,44,70,100,83,70,72,73,61,39,29,21,26,10,F,2011
E01029713,Stafford 008E,806,33,43,31,47,32,33,32,61,58,53,55,58,91,68,40,21,27,13,10,F,2011
E01029692,Stafford 009A,823,60,52,59,50,52,52,62,52,51,58,59,38,39,38,26,22,24,21,8,F,2011
E01029693,Stafford 009B,678,87,51,33,22,106,89,86,53,44,21,36,14,7,7,8,9,2,1,2,F,2011
E01029722,Stafford 009C,798,44,42,36,50,67,64,42,59,69,74,55,42,41,37,24,19,22,7,4,F,2011
E01029725,Stafford 009D,615,36,22,17,29,62,47,42,33,39,39,38,33,36,31,35,28,29,12,7,F,2011
E01029689,Stafford 010A,779,60,25,16,41,84,107,75,61,59,44,36,42,25,20,20,16,19,16,13,F,2011
E01029691,Stafford 010B,562,26,18,21,19,52,54,48,32,36,30,19,33,29,32,29,33,26,19,6,F,2011
E01029694,Stafford 010C,654,64,30,35,35,60,97,71,54,44,36,37,21,18,16,14,9,8,2,3,F,2011
E01029699,Stafford 010D,976,63,47,25,47,71,116,77,74,60,65,37,46,38,35,26,37,37,33,42,F,2011
E01029701,Stafford 010E,872,54,31,27,32,105,119,99,54,48,54,42,24,37,23,17,27,32,21,26,F,2011
E01029686,Stafford 011A,748,37,40,48,42,29,30,38,39,71,59,33,36,47,47,56,41,28,18,9,F,2011
E01029700,Stafford 011B,668,32,39,37,41,35,46,36,52,63,67,49,46,35,26,22,23,12,4,3,F,2011
E01029723,Stafford 011C,747,34,39,27,44,31,33,38,43,67,57,69,49,59,50,39,33,12,15,8,F,2011
E01029724,Stafford 011D,889,31,46,43,59,55,32,39,55,64,86,88,52,47,52,44,39,25,17,15,F,2011
E01029732,Stafford 011E,923,36,50,49,90,85,35,37,49,70,68,61,60,66,37,48,24,16,27,15,F,2011
E01029714,Stafford 012A,806,42,35,48,46,47,53,45,45,64,84,81,52,62,43,22,16,12,5,4,F,2011
E01029736,Stafford 012B,826,59,36,38,55,29,37,60,54,74,66,62,55,48,30,24,24,25,31,19,F,2011
E01029737,Stafford 012C,803,27,44,52,47,44,27,30,42,54,57,67,55,40,46,38,36,39,29,29,F,2011
E01029738,Stafford 012D,709,35,31,54,35,30,29,37,41,52,62,47,53,53,35,36,32,19,18,10,F,2011
E01029742,Stafford 012E,994,32,37,46,42,33,21,40,45,76,83,67,88,97,91,65,50,31,32,18,F,2011
E01029715,Stafford 013A,872,61,41,34,61,68,83,65,55,84,60,59,46,42,31,28,21,13,10,10,F,2011
E01029716,Stafford 013B,810,49,41,56,48,47,54,46,47,45,63,49,52,40,49,45,43,19,8,9,F,2011
E01029717,Stafford 013C,937,73,60,57,71,66,71,54,55,80,63,54,55,53,51,24,16,19,13,2,F,2011
E01029727,Stafford 013D,785,52,48,51,48,63,51,38,50,50,52,38,49,48,38,41,18,18,15,17,F,2011
E01029728,Stafford 013E,742,47,39,31,43,39,46,45,43,51,48,39,49,51,49,24,40,26,22,10,F,2011
E01029684,Stafford 014A,763,42,47,41,56,27,31,51,40,63,72,40,36,55,32,35,34,32,20,9,F,2011
E01029685,Stafford 014B,825,38,36,62,50,31,20,24,46,57,68,50,35,79,67,62,41,36,21,2,F,2011
E01029730,Stafford 014C,549,16,28,31,27,23,8,12,21,42,47,55,42,33,43,40,41,17,17,6,F,2011
E01029731,Stafford 014D,827,43,56,42,58,22,14,33,60,74,73,59,46,68,57,43,32,26,10,11,F,2011
E01029757,Stafford 014E,811,42,51,58,46,30,34,54,72,64,58,59,58,59,48,24,22,18,10,4,F,2011
E01029758,Stafford 014F,786,24,36,50,48,18,28,29,38,51,64,54,72,67,69,60,32,31,12,3,F,2011
E01029759,Stafford 014G,864,38,38,48,43,34,21,37,54,55,78,63,67,90,65,43,30,25,18,17,F,2011
E01029760,Stafford 014H,805,25,31,53,51,27,6,27,35,45,61,53,61,72,68,62,52,36,21,19,F,2011
E01029688,Stafford 015A,1135,52,55,81,64,47,27,46,63,94,84,74,80,110,82,75,50,32,9,10,F,2011
E01029706,Stafford 015B,762,24,27,46,40,20,21,23,51,54,71,72,64,82,64,42,26,15,13,7,F,2011
E01029707,Stafford 015C,742,41,46,38,28,36,30,41,49,49,52,46,46,54,56,31,30,36,21,12,F,2011
E01029708,Stafford 015D,942,52,55,39,50,38,30,34,55,95,108,72,67,66,69,44,33,21,11,3,F,2011
E01029709,Stafford 015E,759,27,36,36,51,29,31,35,33,56,66,68,59,77,49,32,23,32,14,5,F,2011
E01029726,Stafford 016A,871,53,43,63,49,39,38,40,69,74,67,42,43,69,69,36,37,22,8,10,F,2011
E01029729,Stafford 016B,793,42,34,32,34,43,64,61,43,47,61,51,55,65,45,36,37,15,19,9,F,2011
E01029734,Stafford 016C,1165,112,91,78,84,82,96,89,91,78,89,64,30,38,40,39,21,14,16,13,F,2011
E01029735,Stafford 016D,1184,91,65,71,63,78,73,96,73,80,84,74,77,85,57,41,35,17,15,9,F,2011
E07000198,,49382,2285,2357,2617,2786,2249,2171,2365,2918,3790,3853,3489,3378,3951,3215,2534,2086,1586,1079,673,F,2011
E01029797,Staffordshire Moorlands 001A,771,39,26,38,53,40,23,30,37,56,75,66,71,85,47,31,22,12,13,7,F,2011
E01029806,Staffordshire Moorlands 001B,780,29,38,35,43,24,24,23,51,60,60,61,39,82,47,44,43,47,18,12,F,2011
E01029808,Staffordshire Moorlands 001C,734,38,41,40,30,42,43,36,51,47,55,50,36,59,43,39,32,28,18,6,F,2011
E01029809,Staffordshire Moorlands 001D,775,53,44,39,52,56,44,45,44,48,58,58,36,44,32,29,31,36,20,6,F,2011
E01029810,Staffordshire Moorlands 001E,694,51,41,49,41,31,39,58,50,55,48,34,36,33,29,28,26,12,18,15,F,2011
E01029767,Staffordshire Moorlands 002A,809,17,38,36,42,26,24,27,44,70,69,61,66,90,60,51,33,24,21,10,F,2011
E01029769,Staffordshire Moorlands 002B,836,18,29,35,26,25,20,18,45,58,62,66,70,89,92,63,59,33,17,11,F,2011
E01029770,Staffordshire Moorlands 002C,945,43,36,41,36,36,47,53,56,74,79,72,85,94,69,45,33,28,10,8,F,2011
E01029802,Staffordshire Moorlands 002D,890,32,30,47,60,33,16,24,50,82,82,71,72,91,78,48,31,25,14,4,F,2011
E01029763,Staffordshire Moorlands 003A,877,59,62,61,55,43,60,50,61,62,62,50,34,44,41,28,30,20,27,28,F,2011
E01029764,Staffordshire Moorlands 003B,978,66,91,77,83,58,57,58,93,111,87,56,33,25,15,21,20,11,6,10,F,2011
E01029765,Staffordshire Moorlands 003C,725,44,39,54,63,46,35,38,52,57,49,44,41,33,26,24,33,33,13,1,F,2011
E01029766,Staffordshire Moorlands 003D,785,53,44,38,65,55,41,48,58,48,58,44,45,51,30,33,31,21,16,6,F,2011
E01029774,Staffordshire Moorlands 003E,1029,83,47,48,59,62,82,77,75,79,73,62,49,58,41,50,39,26,9,10,F,2011
E01029768,Staffordshire Moorlands 004A,703,34,27,23,29,28,28,24,25,48,48,43,60,92,73,41,28,27,16,9,F,2011
E01029771,Staffordshire Moorlands 004B,886,34,30,44,42,35,16,32,35,42,56,63,57,64,75,82,68,56,33,22,F,2011
E01029772,Staffordshire Moorlands 004C,870,49,27,42,41,38,44,44,49,57,66,61,79,92,64,40,40,18,10,9,F,2011
E01029773,Staffordshire Moorlands 004D,767,36,26,25,35,35,31,26,51,44,50,57,63,93,75,48,29,21,15,7,F,2011
E01029804,Staffordshire Moorlands 005A,894,61,42,44,57,63,77,65,69,68,58,65,59,53,29,25,18,16,15,10,F,2011
E01029807,Staffordshire Moorlands 005B,608,28,27,25,21,30,32,21,38,45,47,33,20,45,35,22,48,36,27,28,F,2011
E01029811,Staffordshire Moorlands 005C,790,43,40,44,38,40,39,50,58,60,57,49,49,55,42,27,29,30,26,14,F,2011
E01029812,Staffordshire Moorlands 005D,1018,64,59,59,63,68,92,69,72,61,69,66,41,69,36,30,32,27,27,14,F,2011
E01029814,Staffordshire Moorlands 005E,851,40,49,57,50,43,69,57,39,83,73,56,63,38,30,31,32,23,13,5,F,2011
E01029792,Staffordshire Moorlands 006A,1215,56,82,59,75,46,52,60,90,99,103,72,83,103,60,53,30,38,25,29,F,2011
E01029793,Staffordshire Moorlands 006B,815,37,48,48,36,25,34,49,55,63,61,68,47,50,71,38,38,30,9,8,F,2011
E01029805,Staffordshire Moorlands 006C,914,34,49,55,47,32,41,35,43,72,80,58,41,71,57,47,51,41,37,23,F,2011
E01029813,Staffordshire Moorlands 006D,1094,63,70,62,55,49,50,50,87,89,66,63,102,72,70,44,46,23,18,15,F,2011
E01029815,Staffordshire Moorlands 006E,791,23,34,33,46,30,24,29,38,66,51,54,66,61,63,49,39,41,31,13,F,2011
E01029816,Staffordshire Moorlands 006F,756,27,41,42,41,33,27,35,36,50,60,54,53,73,58,42,38,17,22,7,F,2011
E01029801,Staffordshire Moorlands 007A,894,32,45,38,40,41,33,38,60,58,81,81,71,84,68,33,37,28,14,12,F,2011
E01029803,Staffordshire Moorlands 007B,899,28,32,46,49,48,37,36,50,59,84,81,60,87,67,60,30,18,13,14,F,2011
E01029817,Staffordshire Moorlands 007C,922,28,48,51,38,43,36,35,46,67,86,82,87,80,62,42,27,32,20,12,F,2011
E01029762,Staffordshire Moorlands 008A,810,37,36,44,42,23,19,27,37,70,68,60,65,72,51,66,42,31,13,7,F,2011
E01029775,Staffordshire Moorlands 008B,777,25,32,34,37,22,21,22,43,59,69,39,50,66,72,58,61,39,20,8,F,2011
E01029776,Staffordshire Moorlands 008C,927,37,39,54,62,29,21,20,44,69,66,74,58,76,87,61,56,35,28,11,F,2011
E01029777,Staffordshire Moorlands 008D,793,30,45,57,42,33,26,36,43,73,66,48,45,51,50,31,33,36,27,21,F,2011
E01029779,Staffordshire Moorlands 009A,847,32,29,37,38,24,29,38,34,63,50,56,62,68,73,70,66,45,22,11,F,2011
E01029780,Staffordshire Moorlands 009B,822,36,41,54,41,31,28,37,41,76,64,50,52,61,56,51,30,35,17,21,F,2011
E01029794,Staffordshire Moorlands 009C,715,34,27,34,46,31,25,24,39,55,56,61,51,58,51,46,30,18,15,14,F,2011
E01029818,Staffordshire Moorlands 009D,795,41,31,51,33,21,26,40,54,64,59,76,77,65,42,31,25,22,20,17,F,2011
E01029819,Staffordshire Moorlands 009E,830,33,26,36,37,29,26,34,39,69,62,64,65,82,58,52,58,35,19,6,F,2011
E01029761,Staffordshire Moorlands 010A,690,21,21,35,43,27,24,18,43,51,46,46,52,76,68,46,31,21,13,8,F,2011
E01029782,Staffordshire Moorlands 010B,1000,50,50,65,66,60,62,55,57,82,83,60,60,74,45,47,28,26,16,14,F,2011
E01029795,Staffordshire Moorlands 010C,831,32,32,39,52,35,21,32,61,76,64,67,62,56,61,53,35,24,17,12,F,2011
E01029796,Staffordshire Moorlands 010D,762,40,32,44,44,38,31,38,45,61,68,55,58,58,53,30,23,26,13,5,F,2011
E01029781,Staffordshire Moorlands 011A,761,38,43,34,48,42,38,44,35,48,58,54,60,62,53,38,27,19,17,3,F,2011
E01029783,Staffordshire Moorlands 011B,741,38,30,45,50,39,53,45,45,50,38,39,39,44,38,42,40,22,33,11,F,2011
E01029786,Staffordshire Moorlands 011C,740,31,28,35,48,28,35,48,45,53,68,58,55,55,48,31,24,18,21,11,F,2011
E01029787,Staffordshire Moorlands 011D,880,42,38,34,43,50,58,43,42,63,55,56,53,75,53,53,39,37,32,14,F,2011
E01029778,Staffordshire Moorlands 012A,853,28,21,48,52,37,22,38,42,76,70,74,72,69,60,44,37,28,22,13,F,2011
E01029789,Staffordshire Moorlands 012B,514,16,21,21,34,22,17,30,22,40,43,45,39,34,35,36,28,16,8,7,F,2011
E01029798,Staffordshire Moorlands 012C,862,39,41,43,55,37,29,53,53,68,73,55,55,76,49,51,31,24,19,11,F,2011
E01029799,Staffordshire Moorlands 012D,914,37,32,55,43,33,30,36,47,70,73,67,66,91,76,62,50,27,12,7,F,2011
E01029800,Staffordshire Moorlands 012E,813,25,44,46,47,34,22,37,35,69,73,72,59,70,57,36,33,23,16,15,F,2011
E01029784,Staffordshire Moorlands 013A,1092,41,62,68,53,58,30,68,59,70,96,70,82,86,83,60,41,29,22,14,F,2011
E01029785,Staffordshire Moorlands 013B,938,41,56,68,65,51,34,38,60,87,91,62,47,74,55,45,31,16,13,4,F,2011
E01029788,Staffordshire Moorlands 013C,660,24,34,31,30,27,23,34,31,48,61,56,55,77,53,32,13,19,6,6,F,2011
E01029790,Staffordshire Moorlands 013D,983,64,54,34,69,41,52,48,72,84,67,73,67,71,57,42,33,24,20,11,F,2011
E01029791,Staffordshire Moorlands 013E,717,31,30,36,55,43,52,42,42,58,53,51,58,44,46,32,18,13,7,6,F,2011
E07000199,,39169,2441,2182,2320,2391,2384,2698,2450,2697,2951,2832,2619,2439,2536,1933,1467,1144,847,547,291,F,2011
E01029846,Tamworth 001A,646,21,28,40,38,21,31,23,39,48,45,53,41,68,44,35,39,17,11,4,F,2011
E01029847,Tamworth 001B,678,25,16,40,35,33,17,21,33,45,63,62,65,50,57,35,27,19,17,18,F,2011
E01029848,Tamworth 001C,619,16,29,37,28,31,26,25,38,44,56,39,57,53,46,34,27,18,7,8,F,2011
E01029852,Tamworth 001D,925,38,57,70,52,40,36,40,50,77,55,48,64,60,53,50,46,47,32,10,F,2011
E01029853,Tamworth 001E,925,50,34,53,51,42,51,47,56,61,56,49,46,55,49,56,49,39,34,47,F,2011
E01029854,Tamworth 001F,764,33,21,34,40,24,31,28,43,56,58,49,61,85,70,46,34,31,13,7,F,2011
E01029835,Tamworth 002A,860,33,14,16,25,56,57,49,30,38,41,34,36,79,60,72,72,73,51,24,F,2011
E01029836,Tamworth 002B,654,47,39,32,21,43,55,42,63,49,50,36,33,39,30,26,20,15,8,6,F,2011
E01029849,Tamworth 002C,769,48,36,47,46,65,49,40,52,41,49,43,34,38,42,50,35,27,18,9,F,2011
E01029850,Tamworth 002D,672,40,41,52,24,32,49,45,41,53,47,29,33,40,43,26,34,20,18,5,F,2011
E01029851,Tamworth 002E,1105,57,52,47,64,63,106,73,75,78,71,70,59,54,52,43,62,39,29,11,F,2011
E01029820,Tamworth 003A,776,45,47,53,66,41,46,57,53,43,53,67,66,52,39,27,12,4,4,1,F,2011
E01029821,Tamworth 003B,746,33,26,50,45,42,52,32,37,50,64,43,57,71,47,41,28,13,8,7,F,2011
E01029822,Tamworth 003C,789,55,64,70,68,41,41,55,70,99,79,52,35,26,18,2,4,4,3,3,F,2011
E01029824,Tamworth 003D,965,82,74,70,83,64,97,74,55,73,57,68,47,41,29,22,10,9,7,3,F,2011
E01029841,Tamworth 003E,719,36,26,40,43,45,42,38,50,51,39,64,51,72,49,37,19,10,4,3,F,2011
E01029823,Tamworth 004A,767,33,24,35,37,43,35,23,46,69,47,54,39,58,78,69,36,26,8,7,F,2011
E01029831,Tamworth 004B,757,51,45,41,41,57,46,40,61,58,50,44,57,45,48,26,18,13,12,4,F,2011
E01029832,Tamworth 004C,846,52,31,36,50,41,61,40,46,61,68,46,37,45,52,66,50,25,26,13,F,2011
E01029834,Tamworth 004D,790,44,34,44,33,58,58,38,51,50,49,42,49,61,48,35,31,36,17,12,F,2011
E01029844,Tamworth 004E,627,35,29,31,33,38,37,30,51,56,49,57,47,48,36,16,11,13,9,1,F,2011
E01029833,Tamworth 005A,832,41,48,43,60,58,72,65,73,88,60,67,40,48,40,12,7,7,3,0,F,2011
E01029837,Tamworth 005B,799,48,51,45,30,56,59,63,64,67,64,34,54,49,31,20,27,23,12,2,F,2011
E01029838,Tamworth 005C,766,43,38,35,47,68,72,55,57,66,53,53,33,34,38,27,22,15,7,3,F,2011
E01029839,Tamworth 005D,614,24,50,49,39,36,19,34,53,68,67,55,43,33,11,15,8,5,4,1,F,2011
E01029825,Tamworth 006A,670,40,37,36,45,37,40,42,40,53,54,54,62,59,39,18,5,5,4,0,F,2011
E01029826,Tamworth 006B,780,42,43,40,50,38,37,34,47,56,55,59,54,55,64,40,26,23,15,2,F,2011
E01029827,Tamworth 006C,749,67,49,45,41,50,51,55,47,51,50,37,40,41,33,18,17,19,28,10,F,2011
E01029828,Tamworth 006D,694,58,63,51,75,54,57,44,55,42,32,39,34,37,24,18,5,6,0,0,F,2011
E01029830,Tamworth 006E,623,41,33,28,37,43,42,40,58,43,36,36,46,38,36,26,13,7,12,8,F,2011
E01029840,Tamworth 007A,688,64,75,60,49,38,57,68,53,45,30,34,28,40,18,17,9,1,0,2,F,2011
E01029842,Tamworth 007B,712,61,61,60,61,46,58,57,57,43,61,29,44,29,24,13,6,2,0,0,F,2011
E01029843,Tamworth 007C,768,51,62,69,48,34,71,61,63,40,48,33,42,63,36,16,18,6,5,2,F,2011
E01029845,Tamworth 007D,610,54,43,45,50,46,34,26,39,31,29,31,36,48,31,19,18,19,7,4,F,2011
E01029859,Tamworth 007E,943,85,76,49,71,79,95,67,61,68,57,49,48,50,15,21,20,19,4,9,F,2011
E01029855,Tamworth 008A,805,48,61,67,58,48,43,56,51,66,75,73,49,42,27,14,10,9,6,2,F,2011
E01029856,Tamworth 008B,727,42,35,34,50,43,73,57,67,51,64,57,55,42,19,10,12,9,6,1,F,2011
E01029857,Tamworth 008C,707,57,34,48,45,51,68,59,49,47,55,55,38,38,20,13,12,11,4,3,F,2011
E01029858,Tamworth 008D,818,48,45,55,58,43,54,39,53,71,66,76,80,57,25,22,12,10,4,0,F,2011
E01029865,Tamworth 008E,850,55,47,50,69,54,59,42,57,89,77,79,63,46,28,17,7,6,4,1,F,2011
E01029860,Tamworth 009A,651,39,28,28,35,30,33,53,41,46,55,51,57,46,46,20,16,15,8,4,F,2011
E01029861,Tamworth 009B,708,30,26,36,45,32,35,23,27,61,49,42,45,59,50,55,36,27,25,5,F,2011
E01029862,Tamworth 009C,685,51,50,41,50,39,30,33,49,80,74,59,48,31,12,21,8,5,3,1,F,2011
E01029863,Tamworth 009D,869,65,43,39,32,43,44,58,80,83,54,60,54,67,47,39,30,18,8,5,F,2011
E01029864,Tamworth 009E,805,44,42,40,41,38,42,48,49,68,60,71,66,74,56,28,19,10,6,3,F,2011
E01029829,Tamworth 010A,1003,93,68,61,60,99,81,94,84,57,57,57,42,62,39,22,18,4,5,0,F,2011
E01029867,Tamworth 010C,845,63,43,58,37,50,72,66,51,51,70,49,57,44,38,35,30,15,12,4,F,2011
E01029868,Tamworth 010D,719,40,35,47,59,40,40,38,49,59,84,90,45,46,15,13,14,2,1,2,F,2011
E01029869,Tamworth 010E,814,49,51,40,38,61,54,37,57,54,62,66,58,52,33,30,36,26,7,3,F,2011
E01032901,Tamworth 010F,821,84,53,54,50,61,106,120,81,64,41,29,23,17,14,10,6,5,0,3,F,2011
E01032902,Tamworth 010G,695,40,25,29,38,49,77,56,45,43,47,46,41,49,34,24,13,20,11,8,F,2011
E07000218,,31500,1682,1552,1776,1771,1592,1624,1666,2034,2488,2500,2276,2066,2277,1877,1413,1117,891,574,324,F,2011
E01031035,North Warwickshire 001A,1012,48,50,51,68,50,41,45,62,91,92,66,69,58,68,53,25,28,25,22,F,2011
E01031036,North Warwickshire 001B,769,28,37,54,40,27,22,12,50,69,79,67,66,73,58,36,16,10,21,4,F,2011
E01031037,North Warwickshire 001C,760,42,41,41,40,27,46,38,55,54,65,47,45,48,50,43,34,25,15,4,F,2011
E01031038,North Warwickshire 001D,1028,56,60,74,61,45,43,56,80,82,69,77,62,85,56,48,31,29,11,3,F,2011
E01031039,North Warwickshire 001E,846,38,41,50,56,44,32,38,44,84,77,66,55,64,69,34,21,17,10,6,F,2011
E01031040,North Warwickshire 001F,897,57,38,51,46,38,81,57,70,65,68,74,58,62,50,33,15,19,11,4,F,2011
E01031016,North Warwickshire 002A,810,38,38,48,37,45,31,47,44,61,52,59,56,61,54,44,34,29,26,6,F,2011
E01031025,North Warwickshire 002B,820,51,33,39,36,50,45,41,54,44,68,58,44,68,53,38,27,33,25,13,F,2011
E01031026,North Warwickshire 002C,823,40,39,73,47,63,57,46,52,67,78,56,45,50,32,22,22,21,10,3,F,2011
E01031031,North Warwickshire 002D,1289,100,106,75,62,62,85,90,83,108,110,93,61,57,65,46,33,27,15,11,F,2011
E01031032,North Warwickshire 002E,674,40,43,46,39,24,48,39,40,53,50,55,44,37,35,30,20,20,9,2,F,2011
E01031009,North Warwickshire 003A,1113,65,56,44,45,82,93,93,84,80,77,68,64,71,53,45,32,43,14,4,F,2011
E01031010,North Warwickshire 003B,873,71,50,59,47,75,71,68,76,57,52,50,44,51,31,16,22,13,15,5,F,2011
E01031011,North Warwickshire 003C,1008,50,55,65,58,52,40,44,54,99,71,72,75,66,64,55,41,26,16,5,F,2011
E01031012,North Warwickshire 003D,765,36,43,33,54,36,46,36,42,51,43,40,39,50,47,55,51,38,11,14,F,2011
E01031013,North Warwickshire 003E,540,24,20,16,28,25,20,17,30,42,35,38,46,40,37,39,32,25,19,7,F,2011
E01031014,North Warwickshire 003F,596,22,26,29,37,17,20,26,23,45,49,60,54,49,44,27,32,19,13,4,F,2011
E01031015,North Warwickshire 003G,711,43,44,47,55,32,39,49,49,49,54,38,39,39,38,31,20,21,12,12,F,2011
E01031023,North Warwickshire 004A,778,33,36,40,46,29,19,31,42,64,65,58,53,75,57,53,34,29,5,9,F,2011
E01031024,North Warwickshire 004B,802,25,28,41,45,35,31,25,39,59,64,89,79,74,56,35,30,25,18,4,F,2011
E01031033,North Warwickshire 004C,964,38,47,49,65,47,43,37,65,77,62,55,64,95,85,41,39,30,13,12,F,2011
E01031034,North Warwickshire 004D,933,44,50,47,42,38,59,53,59,69,86,92,80,83,44,30,29,18,9,1,F,2011
E01031005,North Warwickshire 005A,720,55,43,35,55,52,37,42,56,61,48,38,38,42,39,16,20,26,15,2,F,2011
E01031008,North Warwickshire 005B,691,55,31,46,41,52,39,37,44,63,60,41,33,48,43,18,10,18,8,4,F,2011
E01031017,North Warwickshire 005C,637,32,30,42,38,22,26,28,51,47,43,53,46,56,40,33,26,11,8,5,F,2011
E01031018,North Warwickshire 005D,581,35,25,34,21,19,22,28,34,50,41,37,43,44,40,26,18,26,22,16,F,2011
E01031029,North Warwickshire 005E,785,42,46,62,39,42,34,42,61,69,67,51,43,46,41,34,19,9,21,17,F,2011
E01031030,North Warwickshire 005F,1161,56,47,65,70,57,61,79,80,83,82,85,94,82,78,50,39,25,11,17,F,2011
E01031019,North Warwickshire 006A,877,64,37,53,53,46,46,72,61,83,72,63,44,55,37,42,26,16,5,2,F,2011
E01031020,North Warwickshire 006B,797,45,31,41,44,56,52,45,61,58,59,41,47,66,48,21,43,17,15,7,F,2011
E01031021,North Warwickshire 006C,834,31,35,34,34,52,42,38,44,52,73,58,53,61,55,45,44,28,27,28,F,2011
E01031022,North Warwickshire 006D,862,31,34,43,48,32,44,31,48,63,72,62,53,56,52,53,45,42,28,25,F,2011
E01031041,North Warwickshire 006E,880,35,33,37,67,54,48,56,59,70,73,70,53,58,39,36,32,31,21,8,F,2011
E01031042,North Warwickshire 006F,884,39,41,42,58,39,40,39,50,75,69,72,59,76,39,37,43,27,21,18,F,2011
E01031006,North Warwickshire 007A,743,65,50,42,45,31,49,53,62,54,57,47,51,41,22,33,15,12,10,4,F,2011
E01031007,North Warwickshire 007B,607,26,33,35,30,25,14,29,37,53,55,48,59,51,38,31,20,12,9,2,F,2011
E01031027,North Warwickshire 007C,722,33,22,38,31,28,28,15,42,61,70,51,58,59,62,33,37,27,16,11,F,2011
E01031028,North Warwickshire 007D,908,49,33,55,43,42,30,44,47,76,93,81,50,80,58,51,40,19,14,3,F,2011
E07000219,,63893,3852,3499,3688,3886,3746,4144,3948,4040,4711,4724,4101,3752,4061,3455,2746,2143,1700,1108,589,F,2011
E01031110,Nuneaton and Bedworth 001A,804,26,39,56,37,34,19,22,40,36,65,56,54,85,56,54,54,35,19,17,F,2011
E01031111,Nuneaton and Bedworth 001B,554,10,28,35,42,34,21,20,32,40,48,60,48,50,24,27,19,7,7,2,F,2011
E01031112,Nuneaton and Bedworth 001C,843,37,44,52,49,38,37,46,54,80,73,46,46,53,39,55,36,31,19,8,F,2011
E01031113,Nuneaton and Bedworth 001D,754,45,25,36,42,42,28,38,49,52,55,60,41,53,47,47,38,23,25,8,F,2011
E01031114,Nuneaton and Bedworth 001E,787,31,26,42,58,29,34,33,39,61,57,54,55,56,55,47,35,32,22,21,F,2011
E01031073,Nuneaton and Bedworth 002C,962,64,51,43,57,53,73,64,44,70,71,57,47,57,58,44,47,33,24,5,F,2011
E01031074,Nuneaton and Bedworth 002D,766,77,29,41,31,56,61,64,48,38,59,48,49,46,34,24,25,27,7,2,F,2011
E01031075,Nuneaton and Bedworth 002E,874,68,66,48,65,53,86,61,57,59,66,57,34,42,31,20,30,21,5,5,F,2011
E01032890,Nuneaton and Bedworth 002F,1200,103,101,87,111,100,86,93,72,77,72,60,49,51,38,32,19,23,12,14,F,2011
E01031100,Nuneaton and Bedworth 003A,663,27,38,31,52,38,31,19,34,57,73,69,69,47,18,16,17,17,9,1,F,2011
E01031101,Nuneaton and Bedworth 003B,723,30,44,50,62,43,22,25,42,66,92,68,37,37,33,23,20,18,7,4,F,2011
E01031102,Nuneaton and Bedworth 003C,681,35,33,47,42,43,44,44,44,41,53,52,51,42,27,25,24,17,12,5,F,2011
E01031103,Nuneaton and Bedworth 003D,648,20,31,36,43,17,16,19,40,61,57,53,45,64,53,29,21,15,12,16,F,2011
E01031104,Nuneaton and Bedworth 003E,774,10,28,37,46,26,20,12,26,45,51,56,46,67,85,65,64,48,29,13,F,2011
E01031081,Nuneaton and Bedworth 004A,867,78,68,51,58,64,82,68,55,82,62,47,48,33,23,21,11,10,4,2,F,2011
E01031082,Nuneaton and Bedworth 004B,664,30,44,52,50,45,35,33,59,67,82,61,45,28,18,8,4,3,0,0,F,2011
E01031083,Nuneaton and Bedworth 004C,773,55,43,49,40,39,37,38,65,62,67,53,43,47,47,41,14,20,9,4,F,2011
E01031084,Nuneaton and Bedworth 004D,1144,109,73,68,60,82,114,94,104,95,82,59,63,49,36,23,17,10,4,2,F,2011
E01031085,Nuneaton and Bedworth 004E,687,37,34,41,39,27,34,43,38,73,74,54,63,59,34,22,9,3,2,1,F,2011
E01031043,Nuneaton and Bedworth 005A,785,52,26,50,33,81,72,65,35,46,64,47,38,38,33,25,23,33,16,8,F,2011
E01031044,Nuneaton and Bedworth 005B,866,87,43,40,62,91,78,62,48,59,69,44,34,33,44,25,20,13,10,4,F,2011
E01031045,Nuneaton and Bedworth 005C,878,60,37,39,52,62,75,49,52,67,63,37,47,48,49,39,25,37,20,20,F,2011
E01031046,Nuneaton and Bedworth 005D,869,52,61,56,64,72,100,81,69,58,46,44,42,33,24,27,23,7,4,6,F,2011
E01031047,Nuneaton and Bedworth 005E,974,87,76,54,51,78,141,81,72,61,54,55,31,31,26,26,24,14,9,3,F,2011
E01031057,Nuneaton and Bedworth 006A,788,92,58,52,42,59,79,47,53,40,51,48,22,30,29,33,19,16,11,7,F,2011
E01031058,Nuneaton and Bedworth 006B,751,42,43,43,42,40,40,50,48,47,59,54,48,69,48,25,26,14,6,7,F,2011
E01031059,Nuneaton and Bedworth 006C,733,53,45,37,55,33,49,59,52,56,56,43,30,36,35,26,27,15,19,7,F,2011
E01031060,Nuneaton and Bedworth 006D,721,37,34,46,41,39,36,38,48,50,50,48,53,57,57,30,35,14,5,3,F,2011
E01031061,Nuneaton and Bedworth 006E,773,42,51,55,59,40,52,47,62,77,79,49,55,31,22,18,16,9,4,5,F,2011
E01031090,Nuneaton and Bedworth 007A,748,49,65,50,44,59,61,55,46,54,45,48,46,34,40,20,13,10,4,5,F,2011
E01031091,Nuneaton and Bedworth 007B,766,38,51,51,49,36,45,42,57,54,44,44,47,56,57,39,25,15,8,8,F,2011
E01031092,Nuneaton and Bedworth 007C,731,49,41,62,45,42,58,63,49,48,56,38,32,45,37,25,17,10,11,3,F,2011
E01031093,Nuneaton and Bedworth 007D,666,32,26,37,47,32,35,39,40,51,53,44,47,54,56,32,21,11,7,2,F,2011
E01031094,Nuneaton and Bedworth 007E,589,51,32,34,38,34,64,47,47,46,38,27,26,26,23,13,20,7,10,6,F,2011
E01031048,Nuneaton and Bedworth 008A,645,37,31,34,44,66,46,31,35,58,56,41,50,49,30,11,11,8,4,3,F,2011
E01031049,Nuneaton and Bedworth 008B,1149,71,58,87,53,54,85,96,81,102,63,63,70,74,35,30,45,41,26,15,F,2011
E01031050,Nuneaton and Bedworth 008C,899,73,56,45,53,74,92,99,58,67,60,42,48,43,30,24,12,9,10,4,F,2011
E01031051,Nuneaton and Bedworth 008D,724,35,33,40,34,29,38,29,41,52,59,60,43,71,53,44,17,25,14,7,F,2011
E01031115,Nuneaton and Bedworth 009A,897,68,39,41,74,56,67,65,58,61,54,51,46,59,37,40,33,21,14,13,F,2011
E01031116,Nuneaton and Bedworth 009B,895,70,65,61,85,54,59,61,51,60,58,33,37,50,42,25,24,25,28,7,F,2011
E01031117,Nuneaton and Bedworth 009C,800,71,49,53,49,53,60,41,45,66,50,46,45,30,33,27,22,23,21,16,F,2011
E01031118,Nuneaton and Bedworth 009D,635,40,30,53,55,28,32,34,38,57,46,42,26,44,34,27,19,11,14,5,F,2011
E01031119,Nuneaton and Bedworth 009E,788,46,46,52,46,57,53,53,66,45,56,38,36,38,35,38,30,24,19,10,F,2011
E01031052,Nuneaton and Bedworth 010A,789,59,54,55,66,75,67,57,54,74,52,41,25,33,21,24,13,12,5,2,F,2011
E01031053,Nuneaton and Bedworth 010B,766,29,21,27,54,33,38,28,34,39,64,49,35,34,42,45,51,55,65,23,F,2011
E01031054,Nuneaton and Bedworth 010C,804,37,49,38,59,50,58,46,60,54,69,49,40,44,46,34,34,21,12,4,F,2011
E01031055,Nuneaton and Bedworth 010D,838,71,62,50,42,42,63,90,93,76,78,42,41,34,23,18,8,2,1,2,F,2011
E01031056,Nuneaton and Bedworth 010E,771,42,43,41,53,40,44,42,48,60,49,57,60,54,33,42,27,21,10,5,F,2011
E01031120,Nuneaton and Bedworth 011A,718,40,27,39,41,32,32,39,39,63,63,70,68,62,41,24,15,11,9,3,F,2011
E01031121,Nuneaton and Bedworth 011B,609,21,24,36,43,26,22,29,31,39,73,54,53,49,43,25,18,17,6,0,F,2011
E01031122,Nuneaton and Bedworth 011C,763,27,27,39,35,32,33,31,41,46,68,52,66,70,55,50,36,30,16,9,F,2011
E01031123,Nuneaton and Bedworth 011D,617,20,23,38,29,30,10,19,33,40,51,66,56,66,40,41,21,23,10,1,F,2011
E01031124,Nuneaton and Bedworth 011E,772,25,35,38,37,27,20,21,47,60,61,45,63,52,80,65,44,32,14,6,F,2011
E01031105,Nuneaton and Bedworth 012A,737,34,35,47,58,40,33,37,45,62,55,34,41,48,44,42,29,22,17,14,F,2011
E01031106,Nuneaton and Bedworth 012B,722,38,26,35,30,48,29,40,27,49,54,63,48,64,46,49,40,24,10,2,F,2011
E01031107,Nuneaton and Bedworth 012C,580,42,41,36,35,34,41,36,49,37,45,40,43,43,32,15,5,3,3,0,F,2011
E01031108,Nuneaton and Bedworth 012D,683,39,33,39,41,46,44,36,49,64,71,61,50,33,40,11,11,10,3,2,F,2011
E01031109,Nuneaton and Bedworth 012E,822,44,58,46,54,56,47,45,58,66,53,58,37,48,42,40,27,18,21,4,F,2011
E01031062,Nuneaton and Bedworth 013A,633,23,33,43,37,21,16,26,41,45,43,38,43,60,84,37,22,14,6,1,F,2011
E01031063,Nuneaton and Bedworth 013B,664,36,25,29,45,50,32,28,46,32,37,46,49,54,48,33,25,20,22,7,F,2011
E01031064,Nuneaton and Bedworth 013C,632,30,19,33,32,41,25,29,33,41,34,39,38,37,46,23,47,33,35,17,F,2011
E01031065,Nuneaton and Bedworth 013D,795,51,45,53,58,43,50,39,47,67,48,56,47,45,43,27,20,24,16,16,F,2011
E01031066,Nuneaton and Bedworth 013E,742,41,39,61,49,36,48,44,45,51,42,43,35,36,42,39,28,31,24,8,F,2011
E01031067,Nuneaton and Bedworth 014A,755,24,26,29,35,40,33,23,37,47,44,55,49,76,58,65,44,29,22,19,F,2011
E01031068,Nuneaton and Bedworth 014B,861,37,43,42,40,28,27,42,39,48,76,64,47,72,67,63,58,45,14,9,F,2011
E01031069,Nuneaton and Bedworth 014C,756,30,34,29,20,25,21,30,42,49,33,44,41,75,80,91,54,34,20,4,F,2011
E01031070,Nuneaton and Bedworth 014D,774,23,28,23,34,45,27,34,32,47,57,59,57,87,88,63,29,22,14,5,F,2011
E01031095,Nuneaton and Bedworth 015A,625,46,37,43,33,38,53,49,39,45,43,23,39,37,45,28,13,12,2,0,F,2011
E01031096,Nuneaton and Bedworth 015B,700,38,29,41,30,48,86,56,45,41,53,54,48,50,26,25,10,9,5,6,F,2011
E01031097,Nuneaton and Bedworth 015C,841,57,52,40,46,46,61,70,53,53,63,42,57,55,51,26,23,22,15,9,F,2011
E01031098,Nuneaton and Bedworth 015D,758,65,53,41,48,40,71,70,50,58,41,33,40,53,39,27,10,10,7,2,F,2011
E01031099,Nuneaton and Bedworth 015E,1127,84,65,57,59,70,110,114,101,101,76,74,50,63,47,21,14,10,8,3,F,2011
E01031086,Nuneaton and Bedworth 016A,930,50,51,66,36,54,66,57,56,61,62,58,50,42,47,45,37,38,31,23,F,2011
E01031087,Nuneaton and Bedworth 016B,1130,78,85,73,80,71,57,84,87,115,78,63,42,72,43,37,35,16,12,2,F,2011
E01031088,Nuneaton and Bedworth 016C,1011,71,63,67,70,52,69,95,72,92,57,63,56,59,35,43,24,8,10,5,F,2011
E01031089,Nuneaton and Bedworth 016D,776,30,38,29,31,37,39,32,35,50,62,52,53,67,54,49,50,39,18,11,F,2011
E01031077,Nuneaton and Bedworth 018A,763,68,52,43,42,39,70,69,51,54,58,40,42,25,21,19,28,25,14,3,F,2011
E01031078,Nuneaton and Bedworth 018B,1059,54,64,64,50,58,56,62,73,93,68,72,56,63,51,47,39,37,30,22,F,2011
E01031079,Nuneaton and Bedworth 018C,743,37,36,24,38,47,48,42,30,36,50,53,62,54,41,52,35,39,11,8,F,2011
E01031080,Nuneaton and Bedworth 018D,874,56,49,41,43,44,64,52,40,56,48,43,54,53,59,32,35,43,38,24,F,2011
E01032588,Nuneaton and Bedworth 018E,715,29,34,39,52,30,37,35,45,56,57,50,39,47,47,37,33,34,10,4,F,2011
E07000220,,50424,3122,2665,2953,2996,2544,3250,3222,3402,3756,3948,3214,2852,3034,2760,2039,1667,1374,1004,622,F,2011
E01031129,Rugby 001B,598,27,24,37,26,23,28,27,34,50,44,32,34,47,49,27,27,31,18,13,F,2011
E01031159,Rugby 001C,824,37,40,42,48,26,36,27,42,68,81,58,56,72,74,32,38,25,16,6,F,2011
E01031160,Rugby 001D,1043,45,46,48,73,36,34,44,60,84,101,87,84,81,84,40,36,29,18,13,F,2011
E01031182,Rugby 001E,1101,83,70,55,52,47,85,89,79,62,71,68,78,65,67,38,39,28,14,11,F,2011
E01032891,Rugby 001F,835,78,58,46,44,62,92,125,117,69,53,31,25,17,7,5,2,3,1,0,F,2011
E01032892,Rugby 001G,1073,63,69,63,61,27,36,50,78,116,94,66,65,69,44,30,25,31,41,45,F,2011
E01031137,Rugby 002A,588,40,17,32,26,40,68,57,39,33,40,43,39,36,27,13,18,9,8,3,F,2011
E01031138,Rugby 002B,621,32,36,50,50,37,40,40,43,60,75,50,37,26,20,13,7,2,2,1,F,2011
E01031139,Rugby 002C,932,51,43,65,79,42,47,75,50,98,111,93,61,46,34,20,10,1,4,2,F,2011
E01031140,Rugby 002D,694,47,38,38,47,20,34,43,45,40,51,44,66,65,39,24,26,17,10,0,F,2011
E01031141,Rugby 002E,927,96,66,48,48,72,102,107,92,68,60,34,30,28,28,23,14,2,5,4,F,2011
E01031142,Rugby 002F,856,92,75,59,57,77,93,75,63,54,77,35,36,29,14,6,3,11,0,0,F,2011
E01031171,Rugby 003A,747,43,54,59,43,41,44,40,52,63,66,53,48,39,34,20,19,12,10,7,F,2011
E01031172,Rugby 003B,862,68,53,49,42,53,79,55,48,62,61,49,47,46,46,27,31,24,15,7,F,2011
E01031173,Rugby 003C,897,65,43,30,41,82,97,53,45,36,57,40,43,38,31,52,39,44,43,18,F,2011
E01031174,Rugby 003D,844,70,38,50,59,70,92,74,75,52,58,38,37,26,27,24,24,12,12,6,F,2011
E01031151,Rugby 004A,759,33,37,30,38,45,29,32,39,58,64,58,43,59,66,36,39,28,19,6,F,2011
E01031152,Rugby 004B,555,19,23,19,27,31,27,25,31,41,33,43,45,60,47,33,26,11,10,4,F,2011
E01031153,Rugby 004C,744,39,47,47,40,23,34,50,47,62,56,57,46,48,43,29,22,21,22,11,F,2011
E01031154,Rugby 004D,888,39,46,37,51,31,52,50,73,69,70,70,55,76,61,49,26,15,14,4,F,2011
E01031181,Rugby 004E,896,47,49,49,46,41,42,42,69,84,79,61,51,50,60,55,31,23,13,4,F,2011
E01031130,Rugby 005A,873,88,52,39,40,76,105,98,70,59,65,57,34,31,17,18,7,3,10,4,F,2011
E01031131,Rugby 005B,771,62,45,51,42,63,95,74,60,40,49,43,30,33,34,19,16,6,6,3,F,2011
E01031132,Rugby 005C,952,59,35,53,55,90,106,75,69,78,75,53,41,40,30,27,14,16,23,13,F,2011
E01031133,Rugby 005D,768,52,43,44,65,55,59,68,50,51,73,48,39,26,29,12,23,17,9,5,F,2011
E01031167,Rugby 006A,692,30,27,53,42,35,43,34,52,58,56,68,39,36,26,35,18,18,13,9,F,2011
E01031168,Rugby 006B,1463,169,94,82,72,115,217,133,115,92,78,67,49,41,39,26,34,21,9,10,F,2011
E01031169,Rugby 006C,978,91,39,44,38,96,161,102,66,59,54,46,45,40,31,29,17,12,5,3,F,2011
E01031170,Rugby 006D,797,53,45,45,45,60,82,57,64,46,50,50,32,43,26,33,22,24,12,8,F,2011
E01031125,Rugby 007A,726,51,32,35,29,41,46,51,41,45,52,56,53,54,64,29,18,14,12,3,F,2011
E01031127,Rugby 007C,797,51,78,58,49,37,75,46,60,63,60,37,34,53,32,18,13,17,10,6,F,2011
E01031164,Rugby 007D,1014,58,50,62,49,43,72,91,70,91,78,86,51,62,51,43,18,23,6,10,F,2011
E01031165,Rugby 007E,798,54,44,53,41,30,58,63,47,59,55,52,49,54,35,35,24,26,13,6,F,2011
E01032893,Rugby 007F,954,92,90,94,84,30,33,65,97,109,118,55,27,21,13,8,4,11,2,1,F,2011
E01032894,Rugby 007G,700,79,59,57,43,32,48,72,92,80,47,25,23,20,13,6,2,2,0,0,F,2011
E01032895,Rugby 007H,722,67,36,45,41,44,40,46,64,62,49,53,39,55,39,21,12,3,4,2,F,2011
E01031155,Rugby 008A,716,45,37,48,45,25,23,30,43,68,67,60,53,49,42,25,20,18,11,7,F,2011
E01031156,Rugby 008B,748,54,33,35,41,23,38,64,58,59,70,47,45,45,34,28,18,27,20,9,F,2011
E01031157,Rugby 008C,986,60,63,74,58,55,61,65,76,92,92,51,48,43,40,25,31,24,18,10,F,2011
E01031158,Rugby 008D,531,25,19,22,22,19,12,20,37,39,40,28,32,44,38,42,39,29,17,7,F,2011
E01031143,Rugby 009A,748,26,23,35,38,32,22,39,36,57,53,74,50,76,75,50,31,13,13,5,F,2011
E01031144,Rugby 009B,657,41,25,34,37,45,39,46,48,41,45,36,37,40,23,23,18,24,30,25,F,2011
E01031145,Rugby 009C,740,26,11,75,240,20,29,30,23,30,27,37,20,25,28,28,29,23,23,16,F,2011
E01031146,Rugby 009D,788,40,37,49,37,27,45,40,39,47,53,51,53,49,50,39,39,38,39,16,F,2011
E01031161,Rugby 010A,986,35,45,50,40,38,45,45,52,69,62,62,68,77,82,72,51,48,26,19,F,2011
E01031162,Rugby 010B,874,33,37,54,48,53,36,47,55,74,65,68,56,52,63,55,32,24,15,7,F,2011
E01031163,Rugby 010C,784,46,35,43,35,35,38,37,52,43,45,42,49,59,74,42,41,28,20,20,F,2011
E01031179,Rugby 010D,869,36,51,60,53,31,27,54,55,98,89,51,50,44,42,40,29,21,23,15,F,2011
E01031180,Rugby 010E,1016,57,57,73,56,37,38,66,63,95,80,67,48,56,66,36,49,43,22,7,F,2011
E01031134,Rugby 011A,887,37,32,42,49,26,26,28,42,50,65,58,52,70,78,66,57,55,36,18,F,2011
E01031135,Rugby 011B,842,19,24,36,35,21,26,24,37,53,58,48,55,92,100,67,58,47,27,15,F,2011
E01031136,Rugby 011C,922,45,49,51,37,36,37,39,58,47,73,58,66,51,57,46,36,41,29,66,F,2011
E01031175,Rugby 011D,761,24,30,32,35,19,24,28,37,32,47,44,32,58,77,74,54,40,42,32,F,2011
E01031176,Rugby 011E,762,64,45,56,53,36,41,50,66,62,59,43,47,38,32,25,11,17,15,2,F,2011
E01031177,Rugby 011F,759,46,63,58,45,37,63,62,52,58,64,41,40,38,20,24,23,14,4,7,F,2011
E01031178,Rugby 011G,715,30,31,21,39,35,30,28,37,44,49,46,45,68,43,54,46,36,22,11,F,2011
E01031147,Rugby 012A,821,24,36,38,44,18,19,19,36,55,65,35,55,64,89,55,58,56,41,14,F,2011
E01031148,Rugby 012B,890,45,38,47,55,31,36,29,53,44,77,67,45,63,59,47,60,38,38,18,F,2011
E01031149,Rugby 012C,752,26,34,43,38,32,21,30,37,46,77,68,62,63,55,36,32,24,18,10,F,2011
E01031150,Rugby 012D,590,26,14,34,38,15,19,23,27,40,58,44,52,52,38,36,28,29,9,8,F,2011
E01031166,Rugby 012E,991,42,55,75,45,25,24,24,45,92,107,82,81,86,74,49,33,25,17,10,F,2011
E07000221,,62147,2835,3089,3267,3394,2621,2756,2801,3771,4656,4929,4524,4041,4700,4257,3150,2619,2214,1526,997,F,2011
E01031213,Stratford-on-Avon 001A,929,39,47,45,54,34,30,32,56,74,80,81,76,76,69,38,36,26,21,15,F,2011
E01031243,Stratford-on-Avon 001B,981,39,47,62,53,35,14,26,34,88,80,72,73,91,89,74,43,31,24,6,F,2011
E01031244,Stratford-on-Avon 001C,969,43,46,49,59,40,24,33,44,70,70,95,69,84,76,54,26,51,22,14,F,2011
E01031195,Stratford-on-Avon 002A,1196,35,76,90,56,34,27,32,50,97,98,79,96,91,105,77,49,41,36,27,F,2011
E01031202,Stratford-on-Avon 002B,808,28,26,25,27,22,34,39,51,63,57,50,46,58,59,53,62,53,30,25,F,2011
E01031203,Stratford-on-Avon 002C,796,33,37,29,53,26,31,30,53,55,75,64,40,49,55,48,39,37,29,13,F,2011
E01031204,Stratford-on-Avon 002D,683,25,32,24,28,18,8,14,23,39,45,39,43,71,96,68,51,34,14,11,F,2011
E01031239,Stratford-on-Avon 003A,797,46,32,40,46,42,44,50,55,53,64,52,56,66,50,38,19,23,16,5,F,2011
E01031240,Stratford-on-Avon 003B,714,33,30,43,43,29,36,29,33,51,58,41,43,51,53,33,37,21,28,22,F,2011
E01031241,Stratford-on-Avon 003C,727,22,41,52,41,27,35,27,50,56,64,50,50,65,46,38,21,18,17,7,F,2011
E01031242,Stratford-on-Avon 003D,782,36,46,32,48,40,37,36,47,45,64,58,42,50,50,41,38,37,20,15,F,2011
E01031219,Stratford-on-Avon 004A,764,38,51,58,59,24,24,35,56,68,73,60,33,52,34,41,17,17,14,10,F,2011
E01031220,Stratford-on-Avon 004B,786,33,53,49,57,51,35,27,53,61,70,57,39,58,55,34,24,16,10,4,F,2011
E01031221,Stratford-on-Avon 004C,825,48,48,47,57,48,36,58,55,48,54,46,47,57,49,36,41,18,17,15,F,2011
E01031222,Stratford-on-Avon 004D,987,39,38,47,49,56,45,50,58,75,77,89,56,67,63,53,32,41,30,22,F,2011
E01031223,Stratford-on-Avon 004E,655,34,51,40,42,21,29,36,51,56,53,54,46,36,48,25,15,7,6,5,F,2011
E01031224,Stratford-on-Avon 004F,577,24,33,39,43,14,29,19,40,50,46,53,40,48,37,19,20,12,4,7,F,2011
E01031197,Stratford-on-Avon 005A,610,26,24,35,39,31,26,18,33,39,53,56,41,59,43,30,26,16,10,5,F,2011
E01031198,Stratford-on-Avon 005B,659,33,46,55,31,21,22,26,50,65,61,55,32,40,39,24,25,17,12,5,F,2011
E01031199,Stratford-on-Avon 005C,740,38,29,56,47,30,25,29,36,64,76,48,51,65,46,37,20,16,17,10,F,2011
E01031200,Stratford-on-Avon 005D,797,49,40,45,32,37,39,48,66,69,78,59,55,60,49,25,20,13,9,4,F,2011
E01031201,Stratford-on-Avon 005E,822,43,43,43,44,19,21,30,57,47,70,48,62,59,97,50,29,30,24,6,F,2011
E01031210,Stratford-on-Avon 005F,649,30,37,49,35,20,18,27,38,57,65,46,41,47,45,41,27,16,7,3,F,2011
E01031211,Stratford-on-Avon 005G,557,37,30,36,35,17,25,35,42,40,43,35,27,36,35,20,16,19,12,17,F,2011
E01031183,Stratford-on-Avon 006A,849,33,32,29,38,47,44,49,49,76,57,65,48,56,69,51,45,30,20,11,F,2011
E01031184,Stratford-on-Avon 006B,762,23,35,51,55,30,21,25,35,65,82,51,46,55,56,37,38,31,14,12,F,2011
E01031185,Stratford-on-Avon 006C,724,31,36,50,53,35,37,39,45,47,61,44,45,68,34,22,28,30,13,6,F,2011
E01031186,Stratford-on-Avon 006D,818,32,37,43,43,38,39,32,41,56,56,53,49,65,47,36,38,29,53,31,F,2011
E01031187,Stratford-on-Avon 007A,974,44,58,42,63,27,29,37,48,69,88,70,77,94,74,60,49,19,18,8,F,2011
E01031188,Stratford-on-Avon 007B,1136,50,50,57,75,43,32,46,50,71,99,97,84,98,97,65,56,35,13,18,F,2011
E01031208,Stratford-on-Avon 007C,1055,34,45,47,55,39,29,43,53,70,74,83,90,92,96,75,51,34,27,18,F,2011
E01031217,Stratford-on-Avon 008A,619,25,27,30,36,18,11,18,31,55,46,45,54,68,48,28,30,25,11,13,F,2011
E01031218,Stratford-on-Avon 008B,588,27,37,28,37,23,26,26,38,46,56,60,48,41,26,29,19,14,6,1,F,2011
E01031249,Stratford-on-Avon 008C,654,33,39,39,37,36,42,36,46,50,52,38,49,54,30,27,17,18,7,4,F,2011
E01031250,Stratford-on-Avon 008D,767,32,26,33,34,28,21,39,35,52,66,44,58,78,61,51,45,34,14,16,F,2011
E01031251,Stratford-on-Avon 008E,623,18,38,32,30,22,15,16,37,51,35,56,51,56,55,32,28,29,8,14,F,2011
E01031252,Stratford-on-Avon 008F,724,26,27,36,74,68,28,23,27,59,51,48,49,42,36,38,25,25,21,21,F,2011
E01031253,Stratford-on-Avon 008G,793,44,46,45,32,25,43,34,50,66,60,62,37,60,59,41,44,25,14,6,F,2011
E01031228,Stratford-on-Avon 009A,802,21,32,30,24,36,41,29,35,46,54,57,61,83,87,51,40,33,26,16,F,2011
E01031229,Stratford-on-Avon 009B,974,31,25,19,29,68,96,66,40,57,51,66,40,61,58,48,59,69,50,41,F,2011
E01031230,Stratford-on-Avon 009C,1214,88,62,81,56,62,98,98,106,105,88,87,53,70,53,29,35,22,15,6,F,2011
E01031231,Stratford-on-Avon 009D,1098,66,58,54,64,70,129,92,94,79,73,68,51,45,41,32,30,24,19,9,F,2011
E01031236,Stratford-on-Avon 009E,810,31,39,43,45,39,55,44,57,67,68,59,57,65,41,41,24,13,9,13,F,2011
E01031238,Stratford-on-Avon 009F,665,31,27,32,30,46,37,33,40,39,54,51,47,37,38,43,29,31,12,8,F,2011
E01031225,Stratford-on-Avon 010A,856,33,35,38,42,35,31,36,36,55,72,65,64,69,46,49,61,43,33,13,F,2011
E01031227,Stratford-on-Avon 010C,1064,37,55,49,57,29,28,35,56,85,82,74,56,79,64,52,60,52,68,46,F,2011
E01033250,Stratford-on-Avon 010D,700,68,46,52,33,35,61,69,84,57,47,47,26,20,15,14,11,9,2,4,F,2011
E01033251,Stratford-on-Avon 010E,578,50,42,38,30,22,52,62,53,55,44,39,23,27,18,11,5,3,4,0,F,2011
E01033252,Stratford-on-Avon 010F,668,32,31,31,30,15,18,12,28,42,58,47,44,58,67,58,36,27,23,11,F,2011
E01031232,Stratford-on-Avon 011A,1288,57,64,67,118,112,63,74,83,76,85,89,91,94,71,50,39,28,19,8,F,2011
E01031233,Stratford-on-Avon 011B,854,36,30,46,67,36,60,38,46,63,74,58,65,50,43,31,32,45,23,11,F,2011
E01031234,Stratford-on-Avon 011C,995,39,34,26,23,53,48,45,51,56,60,37,61,63,65,56,67,81,74,56,F,2011
E01031235,Stratford-on-Avon 011D,997,47,40,22,25,33,58,41,52,66,52,54,65,82,66,59,73,61,70,31,F,2011
E01031237,Stratford-on-Avon 011E,718,25,28,18,45,40,32,27,35,53,57,63,50,53,63,43,34,30,15,7,F,2011
E01031189,Stratford-on-Avon 012A,784,26,31,37,51,22,29,34,40,66,75,50,54,57,48,49,35,36,27,17,F,2011
E01031190,Stratford-on-Avon 012B,895,48,56,60,58,36,54,52,69,75,58,69,60,48,41,30,28,22,16,15,F,2011
E01031191,Stratford-on-Avon 012C,929,38,56,56,56,35,24,27,53,82,88,71,64,70,67,45,30,29,24,14,F,2011
E01031192,Stratford-on-Avon 012D,996,48,53,48,36,45,41,57,66,85,94,71,54,69,70,45,46,29,22,17,F,2011
E01031248,Stratford-on-Avon 012E,1116,43,62,75,57,32,21,27,60,74,99,89,75,103,91,67,63,45,27,6,F,2011
E01031194,Stratford-on-Avon 013A,1227,77,79,66,52,58,89,78,92,80,97,96,79,80,63,47,39,31,14,10,F,2011
E01031205,Stratford-on-Avon 013B,794,31,39,45,33,31,22,36,53,83,58,72,45,65,55,35,26,31,18,16,F,2011
E01031206,Stratford-on-Avon 013C,758,51,37,36,48,35,27,26,56,59,70,53,33,47,45,35,29,29,19,23,F,2011
E01031207,Stratford-on-Avon 013D,638,40,27,34,32,40,41,41,38,46,47,42,54,53,35,32,15,11,4,6,F,2011
E01031247,Stratford-on-Avon 013E,1178,42,58,65,71,44,24,39,73,104,95,88,77,113,107,55,50,43,17,13,F,2011
E01031196,Stratford-on-Avon 014A,1210,48,69,94,61,35,41,43,81,124,103,93,83,88,90,50,45,31,18,13,F,2011
E01031212,Stratford-on-Avon 014B,1395,97,79,83,64,50,80,91,91,118,100,100,90,92,84,48,40,39,29,20,F,2011
E01031245,Stratford-on-Avon 014C,651,28,28,33,47,23,22,18,36,32,52,50,34,63,61,42,33,30,14,5,F,2011
E01031246,Stratford-on-Avon 014D,547,19,26,32,26,22,17,19,39,35,45,57,49,44,31,26,22,18,14,6,F,2011
E01031193,Stratford-on-Avon 015A,1111,47,48,61,58,27,36,29,52,83,105,96,83,104,80,65,53,49,19,16,F,2011
E01031209,Stratford-on-Avon 015B,1094,43,54,41,49,31,30,29,82,67,79,84,88,110,100,67,61,41,25,13,F,2011
E01031214,Stratford-on-Avon 015C,937,50,53,50,48,29,29,32,74,70,82,59,50,66,76,50,37,49,23,10,F,2011
E01031215,Stratford-on-Avon 015D,928,38,34,30,46,36,72,50,67,60,56,59,65,67,54,54,47,42,29,22,F,2011
E01031216,Stratford-on-Avon 015E,782,26,36,23,43,44,39,23,37,49,50,61,61,42,47,52,39,50,37,23,F,2011
E07000222,,69004,3892,3483,3415,3587,5602,4549,4537,4622,5091,5047,4261,3913,4075,3479,2705,2334,2067,1450,895,F,2011
E01031254,Warwick 001A,769,33,33,48,43,19,33,26,49,54,85,51,50,75,55,43,24,24,17,7,F,2011
E01031255,Warwick 001B,755,31,49,48,39,14,22,37,49,51,62,50,56,65,60,54,24,19,17,8,F,2011
E01031256,Warwick 001C,827,17,28,41,26,37,22,31,53,44,64,66,55,68,64,61,48,48,35,19,F,2011
E01031257,Warwick 001D,745,46,27,26,42,48,57,72,40,56,60,46,46,46,25,20,25,21,21,21,F,2011
E01031258,Warwick 001E,800,34,36,27,31,36,51,54,48,45,47,48,48,44,49,50,41,54,31,26,F,2011
E01031296,Warwick 002A,852,35,53,78,42,29,42,49,60,72,87,63,60,68,40,16,14,20,13,11,F,2011
E01031297,Warwick 002B,950,72,55,59,47,35,49,67,70,85,74,67,56,56,48,29,33,24,16,8,F,2011
E01031298,Warwick 002C,872,34,27,45,44,37,41,50,51,53,69,58,45,55,50,40,53,50,47,23,F,2011
E01031299,Warwick 002D,721,22,47,57,37,20,13,14,29,56,63,69,63,62,50,52,33,15,14,5,F,2011
E01031300,Warwick 002E,877,49,40,61,49,36,33,44,58,81,83,62,63,59,55,40,23,17,14,10,F,2011
E01031303,Warwick 003A,783,39,46,33,34,29,36,46,42,54,56,47,50,58,43,42,33,41,30,24,F,2011
E01031304,Warwick 003B,754,40,38,50,36,34,31,24,36,66,65,56,31,48,50,52,41,37,14,5,F,2011
E01031305,Warwick 003C,781,19,39,38,36,21,11,13,27,52,60,57,53,63,72,42,66,45,42,25,F,2011
E01031306,Warwick 003D,739,47,40,35,39,25,34,44,47,56,65,51,55,54,36,38,22,22,16,13,F,2011
E01031307,Warwick 003E,729,28,22,34,42,29,26,27,35,48,67,52,44,44,51,38,52,54,19,17,F,2011
E01031281,Warwick 004A,734,31,32,47,42,19,28,28,52,51,72,65,50,74,55,31,27,19,9,2,F,2011
E01031282,Warwick 004B,730,38,33,29,34,28,28,36,41,58,64,61,46,68,48,45,29,26,14,4,F,2011
E01031283,Warwick 004C,645,22,36,31,37,25,21,33,48,63,49,54,47,57,42,34,24,13,6,3,F,2011
E01031284,Warwick 004D,628,29,38,34,28,20,14,23,35,56,56,52,56,52,45,32,25,19,11,3,F,2011
E01031277,Warwick 005A,796,52,44,44,43,32,41,46,52,67,58,53,41,54,36,36,36,39,13,9,F,2011
E01031278,Warwick 005B,750,45,46,39,47,28,22,30,46,75,67,54,50,54,46,30,31,20,12,8,F,2011
E01031279,Warwick 005C,713,22,18,37,30,24,27,34,37,34,49,40,44,49,63,60,50,43,40,12,F,2011
E01031280,Warwick 005D,676,26,36,34,35,28,26,28,40,69,67,61,54,55,44,29,20,12,9,3,F,2011
E01031301,Warwick 005E,719,30,39,41,33,32,24,28,39,47,58,57,62,60,56,50,22,23,9,9,F,2011
E01031302,Warwick 005F,517,35,17,24,32,27,30,37,39,37,38,47,29,30,22,24,23,12,8,6,F,2011
E01031308,Warwick 005G,1729,50,46,44,210,582,124,75,66,74,68,61,61,60,64,38,39,23,34,10,F,2011
E01031273,Warwick 006A,620,49,32,31,51,64,46,51,32,45,54,37,35,27,24,10,14,13,3,2,F,2011
E01031274,Warwick 006B,803,59,61,43,44,56,49,53,56,44,57,50,41,29,27,16,30,33,31,24,F,2011
E01031275,Warwick 006C,645,24,26,38,39,13,28,28,33,48,45,39,36,75,51,48,24,28,18,4,F,2011
E01031276,Warwick 006D,781,48,48,44,47,55,66,52,50,49,62,58,40,39,33,26,26,19,9,10,F,2011
E01031272,Warwick 007B,905,46,37,37,46,124,97,73,79,57,44,45,45,35,39,30,20,23,21,7,F,2011
E01031285,Warwick 007C,1064,40,31,27,40,70,94,70,56,68,66,49,57,74,69,54,43,59,57,40,F,2011
E01031286,Warwick 007D,763,58,35,27,25,51,48,55,55,57,59,35,41,39,41,36,29,35,23,14,F,2011
E01031287,Warwick 007E,799,59,57,40,50,35,25,48,49,67,65,59,48,46,41,29,25,27,21,8,F,2011
E01031288,Warwick 007F,883,42,41,37,37,43,34,37,54,68,62,51,44,65,66,50,40,45,34,33,F,2011
E01031289,Warwick 007G,794,60,51,44,42,36,29,44,55,77,73,56,54,39,40,22,25,22,15,10,F,2011
E01033253,Warwick 007H,665,17,17,11,34,184,113,56,43,33,22,18,24,13,7,9,11,18,18,17,F,2011
E01033256,Warwick 007I,556,18,12,9,24,128,90,47,40,30,27,19,16,14,16,13,12,16,15,10,F,2011
E01031309,Warwick 008A,846,75,47,46,40,41,69,69,65,62,60,54,33,49,39,22,24,33,15,3,F,2011
E01031310,Warwick 008B,669,35,36,33,32,28,35,42,35,36,57,50,54,44,34,38,25,30,14,11,F,2011
E01031311,Warwick 008C,709,38,41,44,34,35,43,44,57,45,49,45,33,25,46,27,37,33,20,13,F,2011
E01031312,Warwick 008D,621,53,33,35,25,37,58,54,34,45,41,42,37,46,30,11,17,13,5,5,F,2011
E01031313,Warwick 008E,668,36,20,31,24,31,22,40,25,40,51,62,70,65,50,33,23,22,14,9,F,2011
E01031314,Warwick 008F,680,36,38,31,21,28,50,54,36,61,43,47,66,56,32,29,21,17,12,2,F,2011
E01031290,Warwick 009A,790,35,32,44,36,71,96,63,59,49,59,44,46,43,44,23,20,13,11,2,F,2011
E01031291,Warwick 009B,727,22,26,9,34,158,77,58,47,35,36,23,30,49,15,23,18,20,22,25,F,2011
E01031292,Warwick 009C,774,60,45,39,27,37,60,57,62,70,53,49,48,42,35,23,33,19,8,7,F,2011
E01031293,Warwick 009D,876,41,56,49,71,61,61,81,69,59,49,51,32,41,44,31,22,18,23,17,F,2011
E01031294,Warwick 009E,803,50,36,44,40,61,43,43,53,59,46,45,30,45,38,28,27,37,33,45,F,2011
E01031295,Warwick 009F,601,26,27,23,30,25,14,19,23,40,40,38,52,63,53,39,37,27,23,2,F,2011
E01031271,Warwick 010A,900,34,31,27,36,102,91,73,50,47,51,38,49,53,44,46,39,39,31,19,F,2011
E01031332,Warwick 010B,703,51,50,38,30,53,63,47,48,46,40,40,47,42,35,28,16,9,8,12,F,2011
E01031333,Warwick 010C,679,65,41,32,32,42,61,66,45,47,41,29,39,50,30,24,13,10,8,4,F,2011
E01031334,Warwick 010D,819,65,47,42,44,61,69,70,60,56,69,43,60,37,28,19,21,15,8,5,F,2011
E01031335,Warwick 010E,703,40,27,29,33,136,87,62,48,45,37,37,35,30,13,16,12,6,3,7,F,2011
E01031336,Warwick 010F,998,34,14,16,43,443,116,69,39,42,36,33,23,14,20,10,15,12,6,13,F,2011
E01031337,Warwick 010G,709,43,30,28,26,91,72,84,73,41,52,32,31,30,24,14,20,7,9,2,F,2011
E01031321,Warwick 011A,652,64,37,33,47,49,47,65,57,57,40,36,39,23,19,14,10,9,4,2,F,2011
E01031322,Warwick 011B,919,67,41,47,34,49,88,83,76,70,60,44,47,50,57,32,26,22,20,6,F,2011
E01031323,Warwick 011C,809,43,22,31,30,39,47,61,45,62,48,63,56,61,38,38,42,24,27,32,F,2011
E01031324,Warwick 011D,988,41,26,23,30,79,117,112,76,61,57,64,47,62,55,38,30,38,19,13,F,2011
E01031325,Warwick 011E,745,48,37,43,47,32,49,45,62,68,50,51,38,45,23,30,36,17,14,10,F,2011
E01033254,Warwick 011G,722,100,59,27,27,38,86,111,93,60,51,20,18,20,8,3,1,0,0,0,F,2011
E01033255,Warwick 011H,825,60,62,45,56,24,51,57,74,89,76,51,52,38,29,20,13,16,8,4,F,2011
E01031315,Warwick 012A,1087,76,65,90,67,63,53,89,87,118,126,49,48,52,46,17,18,12,7,4,F,2011
E01031316,Warwick 012B,764,42,30,31,27,22,37,66,39,49,46,36,41,51,56,39,39,45,40,28,F,2011
E01031317,Warwick 012C,783,29,37,39,27,27,36,37,56,46,49,48,50,64,62,56,62,29,21,8,F,2011
E01031318,Warwick 012D,963,67,103,71,53,32,46,67,101,113,87,57,28,32,22,29,30,18,5,2,F,2011
E01031319,Warwick 012E,1008,57,57,49,50,51,68,71,93,73,77,81,59,53,46,37,23,34,25,4,F,2011
E01031320,Warwick 012F,674,28,36,34,39,42,61,33,50,49,61,50,48,46,36,19,18,11,10,3,F,2011
E01031261,Warwick 013A,706,40,32,35,52,120,67,41,30,45,52,45,30,21,29,21,21,18,5,2,F,2011
E01031262,Warwick 013B,671,54,39,26,38,71,79,47,64,51,44,37,28,21,18,15,13,17,3,6,F,2011
E01031263,Warwick 013C,853,39,38,30,45,247,86,59,47,53,37,43,34,25,17,18,14,15,3,3,F,2011
E01031264,Warwick 013D,850,83,52,55,56,97,70,68,41,59,44,42,32,40,22,17,24,22,20,6,F,2011
E01031265,Warwick 013E,709,49,37,44,57,83,56,50,61,52,35,47,39,19,24,20,14,7,11,4,F,2011
E01031266,Warwick 013F,845,32,21,16,48,303,121,66,41,39,29,22,23,24,12,11,10,14,7,6,F,2011
E01031259,Warwick 014A,691,41,60,48,40,22,25,37,63,79,74,50,42,28,35,22,8,9,4,4,F,2011
E01031260,Warwick 014B,596,24,33,38,30,23,23,20,41,54,51,48,27,44,43,36,25,19,11,6,F,2011
E01031267,Warwick 014C,892,30,45,39,37,30,31,43,49,66,69,80,69,85,84,41,37,28,18,11,F,2011
E01031268,Warwick 014D,1382,110,117,97,62,36,63,99,154,147,133,84,71,71,56,35,16,17,10,4,F,2011
E01031269,Warwick 014E,862,52,33,52,53,30,35,44,54,63,69,53,62,76,53,51,31,26,18,7,F,2011
E01031327,Warwick 015A,794,55,44,41,49,56,58,55,49,53,69,38,44,32,40,33,37,24,8,9,F,2011
E01031328,Warwick 015B,1134,75,45,54,56,80,88,81,87,82,88,63,64,60,58,56,35,32,16,14,F,2011
E01031329,Warwick 015C,1247,107,83,72,62,67,90,128,112,108,94,66,53,45,43,31,33,30,18,5,F,2011
E01031330,Warwick 015D,757,44,50,43,29,35,35,55,44,67,53,53,60,35,28,34,29,28,23,12,F,2011
E01031331,Warwick 015E,932,50,52,50,44,61,44,42,57,86,79,74,53,55,43,39,42,28,26,7,F,2011
E08000025,,545438,39735,36314,35643,39380,48444,42991,40100,35426,36472,34786,29596,24984,23630,19731,17273,15396,12420,8252,4865,F,2011
E01009417,Birmingham 001A,739,41,44,47,35,28,26,36,42,67,60,46,47,41,52,38,25,27,22,15,F,2011
E01009418,Birmingham 001B,801,48,38,46,50,28,29,41,47,69,61,63,44,45,50,46,35,36,15,10,F,2011
E01009419,Birmingham 001C,678,23,41,48,32,17,23,28,37,49,69,42,35,50,41,37,48,32,19,7,F,2011
E01009433,Birmingham 001D,923,51,39,43,53,34,42,44,48,59,64,62,78,74,60,45,48,33,31,15,F,2011
E01009415,Birmingham 002A,839,38,40,55,39,39,33,36,48,48,73,62,51,50,51,51,43,44,25,13,F,2011
E01009422,Birmingham 002B,985,46,50,60,49,30,24,52,57,84,76,58,49,56,72,55,67,38,30,32,F,2011
E01009423,Birmingham 002C,905,32,50,51,59,54,49,53,38,55,67,57,47,58,52,48,47,42,28,18,F,2011
E01009425,Birmingham 002D,894,26,46,54,37,24,47,25,39,65,57,57,41,55,66,51,74,70,38,22,F,2011
E01009416,Birmingham 003A,1364,137,106,79,86,41,75,98,134,128,119,71,70,60,61,38,29,21,8,3,F,2011
E01009420,Birmingham 003B,785,58,45,40,44,26,37,37,62,71,62,48,49,44,41,31,44,28,8,10,F,2011
E01009426,Birmingham 003C,752,30,43,41,49,18,21,20,35,62,52,54,38,63,54,43,55,48,18,8,F,2011
E01009429,Birmingham 003D,763,43,44,64,32,22,16,33,48,62,58,45,49,56,58,46,36,35,8,8,F,2011
E01009431,Birmingham 003E,794,34,47,51,60,22,22,37,43,73,72,43,48,54,44,56,40,30,14,4,F,2011
E01009421,Birmingham 004A,841,30,40,54,50,31,16,22,34,56,77,70,65,75,67,47,47,25,24,11,F,2011
E01009424,Birmingham 004B,783,37,28,44,40,32,50,53,47,56,67,60,34,50,35,19,32,33,34,32,F,2011
E01009427,Birmingham 004C,761,20,32,37,34,48,50,49,29,53,44,49,67,61,46,34,33,33,24,18,F,2011
E01009428,Birmingham 004D,849,32,51,36,61,28,21,23,43,61,64,60,70,73,66,56,43,40,15,6,F,2011
E01009430,Birmingham 004E,836,23,45,58,44,36,32,37,28,51,64,68,63,62,64,48,33,34,33,13,F,2011
E01009468,Birmingham 004F,792,17,32,54,52,26,23,28,27,47,74,61,52,49,56,47,56,43,28,20,F,2011
E01009445,Birmingham 005A,910,82,73,54,79,68,74,67,62,56,63,45,36,33,30,22,19,28,11,8,F,2011
E01009446,Birmingham 005B,1255,88,64,68,69,78,79,99,98,106,97,94,59,65,46,34,40,34,20,17,F,2011
E01009447,Birmingham 005C,812,40,46,65,58,32,42,45,59,65,71,44,37,41,42,22,25,39,27,12,F,2011
E01009448,Birmingham 005D,859,51,49,52,63,47,45,53,60,63,65,52,43,51,40,48,26,31,17,3,F,2011
E01009452,Birmingham 005E,891,49,53,48,51,43,52,52,52,58,68,56,54,45,52,45,42,35,25,11,F,2011
E01009455,Birmingham 005F,682,26,25,37,30,26,45,34,43,64,50,42,57,37,43,40,30,17,25,11,F,2011
E01009432,Birmingham 006A,759,47,33,60,41,57,35,30,53,63,58,35,51,50,44,34,27,21,12,8,F,2011
E01009435,Birmingham 006B,942,50,50,66,62,44,55,65,64,94,92,79,68,58,33,22,18,16,4,2,F,2011
E01009437,Birmingham 006C,934,43,47,49,42,32,46,41,60,71,85,62,44,57,60,59,58,40,24,14,F,2011
E01009444,Birmingham 006D,776,36,39,43,44,31,23,31,26,57,71,56,52,60,47,50,48,29,26,7,F,2011
E01009454,Birmingham 006E,744,34,41,44,38,37,32,41,57,47,82,77,57,44,41,33,15,16,8,0,F,2011
E01009221,Birmingham 007A,753,39,45,57,51,37,42,50,34,68,66,45,41,43,44,24,32,17,11,7,F,2011
E01009464,Birmingham 007B,683,24,28,40,52,41,32,22,35,53,64,51,45,37,43,31,30,32,19,4,F,2011
E01009465,Birmingham 007C,690,32,43,46,42,37,31,36,50,58,63,52,43,42,43,26,20,14,10,2,F,2011
E01009467,Birmingham 007D,823,30,40,41,47,39,33,48,54,60,61,53,69,60,46,42,42,31,18,9,F,2011
E01009220,Birmingham 008A,806,68,54,52,51,52,72,57,49,75,54,43,34,36,33,19,23,19,10,5,F,2011
E01009222,Birmingham 008B,836,70,63,68,58,55,68,61,53,80,69,43,33,25,26,20,23,12,5,4,F,2011
E01009224,Birmingham 008C,796,47,42,54,47,53,32,39,34,64,58,52,31,42,42,39,42,40,27,11,F,2011
E01009233,Birmingham 008D,813,76,57,62,53,64,55,57,55,58,62,46,24,44,28,21,16,14,11,10,F,2011
E01009449,Birmingham 009A,941,43,31,37,37,61,112,67,62,52,71,65,45,45,49,36,53,38,19,18,F,2011
E01009451,Birmingham 009B,718,53,46,32,43,39,62,52,49,54,54,47,31,30,28,24,22,18,22,12,F,2011
E01009453,Birmingham 009C,733,55,44,42,66,34,29,42,52,65,63,58,45,41,35,21,16,11,8,6,F,2011
E01009466,Birmingham 009D,821,44,38,38,40,32,43,40,48,53,68,74,62,67,49,45,17,27,18,18,F,2011
E01009471,Birmingham 009E,955,33,46,48,68,57,54,41,50,63,79,79,58,50,44,35,37,49,35,29,F,2011
E01009135,Birmingham 010A,732,32,26,32,31,48,38,41,37,40,63,73,62,60,45,30,29,21,16,8,F,2011
E01009469,Birmingham 010B,711,27,37,34,30,32,32,35,41,49,53,54,58,64,49,46,34,18,16,2,F,2011
E01009470,Birmingham 010C,732,30,43,39,37,49,30,23,37,40,66,63,61,54,46,36,34,31,12,1,F,2011
E01009472,Birmingham 010D,846,57,56,58,50,29,35,34,62,73,59,66,42,52,47,47,36,21,11,11,F,2011
E01009473,Birmingham 010E,828,47,43,58,48,41,44,63,55,73,63,48,46,41,36,38,33,24,14,13,F,2011
E01009474,Birmingham 010F,845,48,49,56,67,38,39,39,61,59,78,57,57,41,35,32,34,25,17,13,F,2011
E01009127,Birmingham 011A,838,61,66,83,78,66,61,59,50,55,72,42,38,33,23,19,17,6,6,3,F,2011
E01009128,Birmingham 011B,698,51,53,59,40,52,46,42,44,60,53,44,33,33,30,20,15,18,5,0,F,2011
E01009130,Birmingham 011C,769,67,40,55,70,53,66,44,41,53,57,45,45,38,26,23,20,8,14,4,F,2011
E01009131,Birmingham 011D,731,56,64,59,62,45,56,47,55,48,52,52,38,31,15,14,18,13,2,4,F,2011
E01009133,Birmingham 011E,781,54,56,54,65,55,40,47,66,65,54,47,26,25,46,27,17,29,5,3,F,2011
E01009134,Birmingham 011F,848,66,47,60,56,46,44,62,41,61,68,56,27,35,44,36,34,37,19,9,F,2011
E01009137,Birmingham 011G,837,72,70,69,59,67,63,57,58,64,54,43,33,29,36,25,15,14,4,5,F,2011
E01009434,Birmingham 012A,801,49,62,45,49,38,43,44,67,85,79,57,43,51,34,21,15,9,7,3,F,2011
E01009436,Birmingham 012B,711,26,33,47,39,34,20,31,34,50,60,62,71,57,43,29,25,24,21,5,F,2011
E01009438,Birmingham 012C,761,52,40,39,40,34,39,54,47,53,63,55,66,77,42,18,16,17,7,2,F,2011
E01009440,Birmingham 012D,839,39,37,44,33,39,36,34,39,51,54,77,70,59,40,34,42,43,39,29,F,2011
E01009450,Birmingham 012E,825,27,32,44,58,41,37,33,53,71,84,50,52,46,44,43,43,49,11,7,F,2011
E01009223,Birmingham 013A,805,54,49,40,36,44,64,42,57,67,47,55,51,48,53,37,25,18,8,10,F,2011
E01009225,Birmingham 013B,892,58,41,56,37,41,40,48,54,65,55,28,42,50,48,53,58,47,39,32,F,2011
E01009227,Birmingham 013C,827,49,42,47,54,53,61,45,42,69,71,58,36,45,38,42,29,20,18,8,F,2011
E01009228,Birmingham 013D,846,54,49,47,50,57,54,54,61,63,73,44,46,41,45,35,27,18,16,12,F,2011
E01009121,Birmingham 014A,1245,106,92,85,97,56,94,93,97,102,87,58,47,45,48,52,33,16,27,10,F,2011
E01009122,Birmingham 014B,841,64,75,59,60,46,61,51,55,59,57,48,36,30,30,28,24,23,17,18,F,2011
E01009129,Birmingham 014C,857,89,76,75,82,54,47,64,48,69,58,55,40,19,23,23,10,12,9,4,F,2011
E01009132,Birmingham 014D,829,67,58,78,60,65,59,65,47,49,64,44,45,24,18,33,18,17,10,8,F,2011
E01009136,Birmingham 014E,868,39,39,30,38,59,56,56,59,44,48,46,56,62,43,43,47,53,22,28,F,2011
E01009457,Birmingham 015A,747,25,23,50,46,32,11,27,34,32,67,58,50,98,54,41,50,27,16,6,F,2011
E01009459,Birmingham 015B,853,55,38,49,40,42,46,51,32,58,73,62,72,70,53,40,30,22,10,10,F,2011
E01009461,Birmingham 015C,687,25,42,37,43,29,19,33,40,46,57,47,58,70,49,30,25,20,12,5,F,2011
E01009463,Birmingham 015D,769,29,36,31,44,36,28,34,30,45,54,48,51,84,55,44,38,31,26,25,F,2011
E01009235,Birmingham 016A,839,42,47,41,69,57,41,49,59,57,84,55,50,51,48,29,24,20,9,7,F,2011
E01009243,Birmingham 016B,780,45,42,40,41,43,40,53,51,69,55,56,37,49,41,31,28,27,21,11,F,2011
E01009245,Birmingham 016C,746,52,40,39,47,38,41,38,63,55,64,47,38,57,29,30,33,19,15,1,F,2011
E01009246,Birmingham 016D,805,42,34,59,44,55,48,56,39,61,68,55,44,45,60,31,28,17,9,10,F,2011
E01009247,Birmingham 016E,788,42,51,58,64,45,39,43,52,69,74,60,35,39,31,25,25,20,12,4,F,2011
E01009226,Birmingham 017A,766,50,27,31,43,62,69,64,39,47,65,49,30,37,37,29,30,27,21,9,F,2011
E01009229,Birmingham 017B,820,56,50,37,49,62,61,53,63,52,57,57,46,33,44,39,31,18,7,5,F,2011
E01009230,Birmingham 017C,754,42,32,41,44,43,54,40,45,56,72,42,49,43,44,31,31,26,16,3,F,2011
E01009231,Birmingham 017D,948,44,62,58,50,54,42,57,58,50,92,67,50,55,60,36,45,35,15,18,F,2011
E01009001,Birmingham 018A,771,53,37,35,44,41,50,57,56,44,73,58,49,46,39,38,24,14,9,4,F,2011
E01009003,Birmingham 018B,823,42,23,17,51,67,46,49,31,52,59,57,49,42,54,48,36,37,33,30,F,2011
E01009456,Birmingham 018C,878,53,63,49,61,35,35,46,60,70,79,64,48,51,31,31,35,23,26,18,F,2011
E01009458,Birmingham 018D,786,23,25,32,34,23,33,22,46,41,46,53,34,46,78,59,67,54,40,30,F,2011
E01009460,Birmingham 018E,834,51,34,30,36,47,72,85,68,50,60,38,49,53,33,40,28,22,28,10,F,2011
E01009462,Birmingham 018F,857,38,35,35,49,52,78,68,58,62,62,56,41,53,30,27,42,26,28,17,F,2011
E01009234,Birmingham 019A,789,59,39,48,53,62,70,67,61,70,61,49,31,34,27,28,9,9,6,6,F,2011
E01009236,Birmingham 019B,803,50,48,54,44,43,56,66,57,55,69,38,49,47,45,29,18,19,11,5,F,2011
E01009244,Birmingham 019C,764,62,49,48,48,30,53,64,58,57,65,37,43,30,39,31,18,13,7,12,F,2011
E01009248,Birmingham 019D,924,65,58,52,60,60,69,61,69,94,88,51,42,42,45,29,18,10,7,4,F,2011
E01009403,Birmingham 020A,796,55,50,53,76,50,45,63,65,54,66,38,36,31,34,25,23,14,13,5,F,2011
E01009404,Birmingham 020B,778,39,57,45,50,43,60,64,64,59,69,65,33,27,30,16,27,19,6,5,F,2011
E01009405,Birmingham 020C,714,46,34,50,40,41,50,53,40,53,60,58,35,33,32,30,27,19,10,3,F,2011
E01009406,Birmingham 020D,836,57,41,49,46,55,75,56,54,59,45,62,31,40,42,30,32,33,20,9,F,2011
E01009407,Birmingham 020E,882,72,59,47,64,68,51,53,68,65,62,65,47,35,35,34,16,24,10,7,F,2011
E01009439,Birmingham 021A,687,30,31,24,29,25,30,31,50,37,54,40,43,62,52,37,44,45,12,11,F,2011
E01009441,Birmingham 021B,740,34,30,33,40,41,44,37,47,59,46,58,56,65,40,26,28,28,17,11,F,2011
E01009442,Birmingham 021C,750,47,32,26,37,29,38,35,34,48,62,55,43,45,37,44,44,49,33,12,F,2011
E01009443,Birmingham 021D,649,31,36,35,29,35,33,44,42,35,55,60,53,56,41,24,14,13,10,3,F,2011
E01009123,Birmingham 022A,767,50,51,55,58,41,62,56,54,62,57,36,31,37,24,31,21,23,12,6,F,2011
E01009124,Birmingham 022B,894,104,82,74,75,84,89,81,56,59,51,36,25,16,12,19,17,3,6,5,F,2011
E01009125,Birmingham 022C,931,65,81,66,65,43,65,62,65,64,87,49,40,49,27,36,21,23,14,9,F,2011
E01009232,Birmingham 022D,823,54,40,45,50,44,41,54,46,62,62,55,42,42,45,30,29,36,25,21,F,2011
E01009002,Birmingham 023A,798,91,68,34,54,67,72,65,40,57,36,43,29,35,28,18,19,19,17,6,F,2011
E01009006,Birmingham 023C,768,53,46,31,26,46,89,94,69,48,54,48,41,40,24,20,19,9,10,1,F,2011
E01009007,Birmingham 023D,789,69,48,26,60,72,90,74,60,51,55,42,31,26,26,17,16,11,7,8,F,2011
E01033632,Birmingham 023F,1170,111,62,70,62,93,105,82,60,78,78,70,53,46,41,36,40,38,22,23,F,2011
E01009237,Birmingham 024A,756,54,51,43,52,54,29,56,49,61,62,43,22,38,38,35,30,17,12,10,F,2011
E01009238,Birmingham 024B,841,34,57,49,45,48,46,52,36,47,66,56,50,50,55,32,44,20,39,15,F,2011
E01009240,Birmingham 024C,812,53,73,46,57,45,41,64,56,65,57,50,38,43,37,27,23,23,8,6,F,2011
E01009241,Birmingham 024D,884,60,69,53,71,67,74,82,54,64,57,59,27,25,27,28,28,20,10,9,F,2011
E01009242,Birmingham 024E,914,50,55,56,68,138,82,67,57,57,51,42,33,27,33,29,24,24,14,7,F,2011
E01009005,Birmingham 025A,665,41,28,32,28,36,53,47,42,45,54,33,40,35,35,31,24,31,22,8,F,2011
E01009009,Birmingham 025B,755,40,33,38,50,44,39,43,34,65,56,68,50,52,37,33,33,22,15,3,F,2011
E01009098,Birmingham 025C,1077,77,78,50,57,59,94,88,77,77,73,63,59,55,42,32,38,30,17,11,F,2011
E01009100,Birmingham 025D,1116,71,76,71,94,83,82,66,68,93,85,72,41,44,39,32,30,36,19,14,F,2011
E01009105,Birmingham 025E,834,63,56,48,38,40,57,59,56,54,67,51,48,52,46,29,28,24,10,8,F,2011
E01009126,Birmingham 026A,718,44,44,40,40,42,46,36,58,53,70,40,43,51,23,22,23,20,10,13,F,2011
E01009408,Birmingham 026B,882,70,58,52,65,52,64,62,45,68,89,65,37,37,28,32,29,15,10,4,F,2011
E01009409,Birmingham 026C,837,70,35,42,37,64,95,88,53,59,52,39,31,33,25,34,28,27,19,6,F,2011
E01009410,Birmingham 026D,906,51,51,45,56,63,73,52,59,52,68,56,41,51,31,36,36,46,20,19,F,2011
E01009008,Birmingham 028A,786,42,37,48,55,41,46,35,44,58,58,56,45,49,36,31,39,26,28,12,F,2011
E01009011,Birmingham 028B,862,49,31,47,49,38,54,61,45,64,72,58,48,58,45,45,43,29,14,12,F,2011
E01009012,Birmingham 028C,722,40,36,44,45,40,43,46,47,70,73,49,29,40,32,34,23,23,7,1,F,2011
E01009102,Birmingham 028D,760,54,43,49,57,52,60,53,46,54,57,56,31,33,33,22,24,20,13,3,F,2011
E01009104,Birmingham 028E,841,79,54,60,54,66,64,67,56,58,52,46,37,21,31,16,12,23,22,23,F,2011
E01009096,Birmingham 029A,873,51,44,57,60,37,61,43,54,71,64,48,45,52,42,43,45,35,18,3,F,2011
E01009097,Birmingham 029B,1118,69,78,92,97,62,76,79,75,83,76,41,59,46,43,45,39,25,23,10,F,2011
E01009099,Birmingham 029C,980,83,75,74,72,83,94,78,57,72,71,50,35,32,26,28,27,12,8,3,F,2011
E01009101,Birmingham 029D,901,41,48,72,71,42,40,40,75,76,60,39,43,47,38,36,37,38,41,17,F,2011
E01009103,Birmingham 029E,817,45,47,83,39,39,44,61,59,68,64,38,43,27,49,41,31,31,6,2,F,2011
E01009106,Birmingham 029F,693,34,35,47,50,34,30,26,32,56,84,42,37,34,28,41,38,25,16,4,F,2011
E01008915,Birmingham 030A,695,72,61,46,52,52,67,73,54,32,44,44,16,16,22,16,10,9,7,2,F,2011
E01009411,Birmingham 030B,946,76,45,45,53,68,87,83,71,75,75,76,61,49,26,18,13,15,7,3,F,2011
E01009412,Birmingham 030C,890,59,52,57,61,111,88,56,57,60,66,34,27,25,22,32,25,23,13,22,F,2011
E01009413,Birmingham 030D,803,61,47,46,49,74,76,66,52,63,65,49,28,29,34,21,27,7,6,3,F,2011
E01009414,Birmingham 030E,947,80,51,57,57,94,99,82,74,79,73,54,41,31,27,17,17,7,1,6,F,2011
E01008998,Birmingham 031A,952,73,93,74,91,55,72,68,64,70,58,57,33,37,26,31,29,11,9,1,F,2011
E01008999,Birmingham 031B,803,60,50,63,79,53,64,49,56,56,62,48,38,37,26,24,13,11,9,5,F,2011
E01009000,Birmingham 031C,859,58,25,44,64,69,78,73,51,57,53,62,36,43,28,32,24,22,18,22,F,2011
E01009013,Birmingham 031D,963,68,57,62,56,85,96,92,69,71,65,47,46,43,27,21,20,13,21,4,F,2011
E01009400,Birmingham 031E,750,45,56,52,46,80,65,46,37,57,57,55,29,32,23,28,22,12,4,4,F,2011
E01009401,Birmingham 031F,828,72,62,67,60,76,70,64,55,62,58,42,24,30,22,19,21,20,2,2,F,2011
E01033630,Birmingham 031H,554,44,22,21,28,79,110,74,57,27,34,26,9,9,5,3,5,0,0,1,F,2011
E01033646,Birmingham 031I,769,45,40,40,45,75,74,70,65,64,57,35,33,24,17,16,17,16,18,18,F,2011
E01009049,Birmingham 032A,805,52,51,52,72,53,70,56,48,52,67,50,43,27,26,32,23,18,12,1,F,2011
E01009056,Birmingham 032B,993,88,69,64,75,113,90,90,58,66,80,58,47,17,22,18,16,11,7,4,F,2011
E01009263,Birmingham 032C,831,43,45,53,60,80,63,75,59,51,67,60,34,36,28,20,25,12,15,5,F,2011
E01009264,Birmingham 032D,752,44,16,15,115,167,115,71,38,26,25,20,31,15,9,12,13,9,7,4,F,2011
E01009265,Birmingham 032E,883,71,42,45,65,64,87,70,56,68,53,48,58,37,30,31,23,14,12,9,F,2011
E01009051,Birmingham 033A,768,64,73,61,46,100,73,65,54,34,42,39,26,25,20,17,17,4,5,3,F,2011
E01009053,Birmingham 033B,712,76,62,62,51,78,47,65,42,47,41,38,24,13,16,16,19,10,2,3,F,2011
E01009054,Birmingham 033C,836,76,81,52,69,76,73,65,54,44,38,46,41,26,27,23,19,16,4,6,F,2011
E01009058,Birmingham 033D,810,103,77,60,58,76,74,70,53,57,41,35,21,16,11,18,16,11,5,8,F,2011
E01009061,Birmingham 033E,893,80,80,80,88,75,88,72,55,53,39,28,34,41,18,20,20,12,7,3,F,2011
E01009239,Birmingham 033F,1013,37,33,28,241,325,70,42,39,27,37,26,18,20,12,16,16,13,5,8,F,2011
E01009266,Birmingham 034A,857,54,63,63,50,71,81,79,50,54,75,59,36,27,26,25,21,13,9,1,F,2011
E01009269,Birmingham 034B,778,85,55,60,48,50,75,67,55,59,58,36,23,24,14,24,19,12,9,5,F,2011
E01009270,Birmingham 034C,949,79,97,73,77,82,73,65,73,61,83,47,29,28,27,19,17,11,6,2,F,2011
E01009271,Birmingham 034D,785,63,57,60,56,67,64,56,66,65,54,30,32,11,31,25,18,18,6,6,F,2011
E01009273,Birmingham 034E,779,41,63,56,61,52,65,64,56,63,37,45,33,33,25,30,23,22,5,5,F,2011
E01009050,Birmingham 035A,853,69,53,62,55,87,89,64,69,53,63,44,29,22,31,26,20,12,3,2,F,2011
E01009057,Birmingham 035D,976,99,106,85,74,78,79,81,81,48,45,43,38,25,31,18,22,17,5,1,F,2011
E01009059,Birmingham 035E,859,82,90,71,76,77,69,77,59,53,48,40,33,17,19,12,16,11,6,3,F,2011
E01009060,Birmingham 035F,787,94,83,61,55,83,66,65,57,46,37,25,26,27,21,14,9,10,7,1,F,2011
E01033621,Birmingham 035G,1440,122,122,137,111,154,133,104,85,79,96,68,56,33,35,45,27,20,5,8,F,2011
E01009268,Birmingham 036A,767,46,47,60,55,50,50,63,55,48,53,47,57,39,22,26,25,13,10,1,F,2011
E01009272,Birmingham 036B,760,53,69,54,81,45,50,51,60,49,78,45,33,18,15,18,16,19,5,1,F,2011
E01009274,Birmingham 036C,1058,73,74,72,85,92,100,69,83,69,85,58,37,31,33,26,32,21,13,5,F,2011
E01009349,Birmingham 036D,867,76,86,71,63,61,73,77,77,70,58,45,28,19,14,19,14,7,7,2,F,2011
E01009351,Birmingham 036E,861,76,79,56,64,73,89,77,58,63,50,29,32,23,23,18,27,6,12,6,F,2011
E01009354,Birmingham 036F,751,49,54,64,61,57,57,61,43,46,56,47,42,23,16,21,28,11,10,5,F,2011
E01008899,Birmingham 037A,633,73,56,48,53,36,52,57,51,42,22,27,28,27,12,21,8,13,6,1,F,2011
E01008901,Birmingham 037C,839,69,74,49,69,56,78,58,68,44,41,45,43,37,21,35,22,21,5,4,F,2011
E01008916,Birmingham 037E,769,96,92,81,50,56,70,94,61,27,32,29,19,15,10,11,11,7,6,2,F,2011
E01033636,Birmingham 037F,1649,160,159,149,146,121,175,120,126,95,67,56,61,47,37,49,30,32,12,7,F,2011
E01009079,Birmingham 038A,815,92,56,66,63,78,62,56,45,55,55,53,27,27,26,19,16,12,5,2,F,2011
E01009080,Birmingham 038B,607,56,72,58,41,35,49,55,52,41,40,28,24,18,7,12,7,5,3,4,F,2011
E01009081,Birmingham 038C,647,59,55,33,42,52,50,47,38,44,36,43,31,16,23,28,24,15,7,4,F,2011
E01009083,Birmingham 038D,835,78,79,79,57,45,67,58,63,60,48,33,25,26,30,20,21,21,16,9,F,2011
E01009275,Birmingham 039A,758,52,57,71,64,66,81,58,61,46,45,38,18,22,21,22,22,8,5,1,F,2011
E01009350,Birmingham 039B,766,62,68,54,69,66,67,64,50,46,55,32,30,24,17,23,13,21,4,1,F,2011
E01009352,Birmingham 039C,821,65,71,71,65,59,65,62,63,51,52,37,44,30,19,29,13,14,8,3,F,2011
E01009353,Birmingham 039D,807,72,69,65,62,77,72,53,46,54,50,43,28,29,22,22,18,14,6,5,F,2011
E01009355,Birmingham 039E,766,53,64,63,55,77,71,66,66,49,41,35,29,26,22,16,18,7,5,3,F,2011
E01033635,Birmingham 039H,1404,119,109,103,105,117,131,119,102,89,100,64,58,41,38,37,33,21,10,8,F,2011
E01008905,Birmingham 040A,873,91,79,96,82,81,70,88,54,53,33,34,26,27,14,22,16,3,4,0,F,2011
E01008907,Birmingham 040B,799,67,67,59,64,68,85,84,64,51,38,26,24,29,19,19,12,11,7,5,F,2011
E01009047,Birmingham 040C,867,79,87,61,76,83,70,63,58,55,52,40,38,19,22,27,16,10,8,3,F,2011
E01009048,Birmingham 040D,799,61,61,58,60,79,69,58,72,50,53,51,35,17,16,27,21,4,2,5,F,2011
E01009062,Birmingham 040E,894,82,106,82,75,73,77,78,61,63,35,40,39,19,13,19,15,10,5,2,F,2011
E01008909,Birmingham 041D,880,95,95,96,98,47,54,54,60,83,51,40,31,23,21,13,10,5,3,1,F,2011
E01033628,Birmingham 041F,1197,139,117,96,89,97,98,103,79,70,48,50,50,34,29,41,29,21,4,3,F,2011
E01033637,Birmingham 041G,1460,146,111,148,129,109,109,117,104,82,78,65,53,50,35,46,36,25,10,7,F,2011
E01009084,Birmingham 042A,927,79,76,107,83,63,64,55,58,77,41,37,43,22,24,29,25,18,19,7,F,2011
E01009085,Birmingham 042B,1037,67,106,124,103,75,70,57,67,74,43,38,44,47,25,31,27,23,13,3,F,2011
E01009087,Birmingham 042C,749,59,43,44,51,36,45,53,31,60,54,38,39,42,31,41,34,22,19,7,F,2011
E01009089,Birmingham 042D,769,57,64,49,48,43,50,63,60,48,40,49,40,28,25,32,26,27,14,6,F,2011
E01009090,Birmingham 042E,976,83,77,84,66,72,73,63,71,53,59,42,48,35,31,28,34,24,16,17,F,2011
E01009201,Birmingham 043A,900,77,76,71,51,60,59,65,55,53,53,60,46,26,34,36,36,25,9,8,F,2011
E01009202,Birmingham 043B,792,87,73,63,50,51,80,55,49,52,50,36,33,26,30,24,14,10,8,1,F,2011
E01009203,Birmingham 043C,1430,192,144,94,119,105,139,134,122,84,90,53,35,28,24,23,21,9,10,4,F,2011
E01009082,Birmingham 044A,738,46,55,57,76,37,52,32,39,66,65,43,24,28,32,37,22,12,9,6,F,2011
E01009086,Birmingham 044B,947,80,71,76,62,62,78,73,60,56,54,49,37,33,32,30,27,33,20,14,F,2011
E01009480,Birmingham 044C,894,85,103,92,63,59,75,75,53,56,49,36,31,28,19,25,20,8,10,7,F,2011
E01009481,Birmingham 044D,1175,120,118,102,93,76,90,93,76,76,47,51,45,41,37,30,42,22,10,6,F,2011
E01009486,Birmingham 044E,1004,132,99,95,71,72,83,97,78,58,45,38,24,23,26,27,19,10,5,2,F,2011
E01009487,Birmingham 044F,1144,122,135,114,98,77,80,107,69,73,46,43,36,30,21,29,23,21,11,9,F,2011
E01009088,Birmingham 045A,857,54,35,54,39,45,50,52,45,59,51,39,48,52,55,47,48,40,30,14,F,2011
E01009091,Birmingham 045B,831,60,48,36,53,52,78,50,46,55,56,54,52,39,39,23,25,23,24,18,F,2011
E01009305,Birmingham 045C,811,80,66,49,33,73,69,69,46,56,55,50,29,33,20,13,19,13,28,10,F,2011
E01009307,Birmingham 045D,824,56,63,35,44,49,68,49,44,60,53,60,31,32,47,33,18,34,27,21,F,2011
E01009309,Birmingham 045E,782,58,40,53,42,50,61,60,42,48,40,36,39,45,38,21,24,38,27,20,F,2011
E01009304,Birmingham 046A,941,78,46,44,60,83,67,62,65,74,55,54,45,37,37,37,21,28,31,17,F,2011
E01009306,Birmingham 046B,800,39,56,49,43,45,46,41,39,58,60,59,43,54,40,31,33,28,27,9,F,2011
E01009308,Birmingham 046C,1072,104,101,63,81,71,99,95,62,61,75,36,43,36,34,21,19,33,26,12,F,2011
E01009310,Birmingham 046D,1007,73,64,59,79,77,79,59,60,82,84,36,52,41,33,21,27,31,39,11,F,2011
E01009348,Birmingham 047A,1017,82,76,62,61,81,104,80,71,75,79,55,42,43,35,28,14,14,12,3,F,2011
E01009358,Birmingham 047B,966,84,72,76,76,84,105,88,63,65,60,55,33,30,22,24,13,12,2,2,F,2011
E01009359,Birmingham 047C,954,88,92,46,76,76,76,103,66,65,67,46,35,31,22,20,27,11,7,0,F,2011
E01009360,Birmingham 047D,1282,132,98,106,87,95,112,132,101,98,85,64,48,32,22,32,15,12,8,3,F,2011
E01009361,Birmingham 047E,1064,117,90,59,72,101,114,103,71,61,62,52,48,26,18,23,20,14,7,6,F,2011
E01009478,Birmingham 048A,931,112,104,86,42,68,85,75,58,67,55,49,35,20,16,18,17,12,8,4,F,2011
E01009479,Birmingham 048B,1094,124,101,113,103,99,98,82,72,62,50,44,37,24,27,18,16,16,3,5,F,2011
E01009482,Birmingham 048C,875,111,94,84,72,69,85,78,53,44,36,35,25,21,20,11,11,14,8,4,F,2011
E01009484,Birmingham 048D,857,96,92,79,63,84,80,64,62,52,36,36,31,8,21,19,17,12,4,1,F,2011
E01009485,Birmingham 048E,917,79,95,105,88,82,68,77,64,50,43,35,33,18,24,24,16,10,4,2,F,2011
E01008906,Birmingham 049A,893,109,93,93,88,60,74,76,78,55,36,21,23,24,17,18,14,9,5,0,F,2011
E01008911,Birmingham 049B,832,104,89,84,67,70,63,79,56,67,56,35,19,9,6,11,7,6,3,1,F,2011
E01009347,Birmingham 049D,927,85,67,57,72,76,84,71,68,72,75,45,32,39,21,27,17,13,4,2,F,2011
E01033559,Birmingham 049E,536,27,6,5,8,150,170,80,35,15,19,10,4,3,1,2,0,1,0,0,F,2011
E01033638,Birmingham 049F,887,117,94,89,59,71,77,71,63,66,41,28,22,18,20,15,15,8,8,5,F,2011
E01008910,Birmingham 050A,879,88,92,84,71,59,92,69,73,57,60,31,26,24,16,16,4,8,4,5,F,2011
E01008913,Birmingham 050B,718,66,59,56,50,57,46,62,57,36,68,44,26,14,15,39,9,10,4,0,F,2011
E01008914,Birmingham 050C,1280,124,76,46,98,436,123,95,65,55,55,24,14,17,7,16,9,15,3,2,F,2011
E01033561,Birmingham 050E,1465,47,44,27,406,650,97,45,23,31,18,14,14,20,4,14,4,4,2,1,F,2011
E01033617,Birmingham 050F,1559,14,2,1,371,1027,87,25,7,7,5,4,1,4,2,1,1,0,0,0,F,2011
E01009194,Birmingham 051A,1391,127,144,147,133,121,125,113,70,116,58,57,50,34,20,17,24,18,14,3,F,2011
E01009483,Birmingham 051B,912,92,107,105,84,71,81,72,77,60,31,25,29,19,11,15,18,7,6,2,F,2011
E01009488,Birmingham 051C,1112,114,132,90,72,85,89,99,78,49,53,61,41,39,24,24,20,23,10,9,F,2011
E01009489,Birmingham 051D,996,129,107,107,79,80,82,92,88,50,30,27,44,17,13,19,13,8,6,5,F,2011
E01009491,Birmingham 051E,887,90,108,85,75,65,70,77,63,46,38,31,34,21,29,16,17,14,4,4,F,2011
E01009192,Birmingham 052B,1369,146,147,143,124,106,101,99,102,91,57,48,45,28,27,34,40,18,7,6,F,2011
E01009199,Birmingham 052D,717,89,52,46,47,65,104,77,55,48,36,31,13,13,9,13,9,3,5,2,F,2011
E01009204,Birmingham 052E,886,96,96,62,73,77,85,72,66,56,45,35,34,24,21,16,12,13,3,0,F,2011
E01033644,Birmingham 052F,1488,150,144,142,117,130,145,113,114,102,55,67,51,43,19,33,31,20,6,6,F,2011
E01009151,Birmingham 053A,1061,118,106,95,80,78,96,97,84,63,52,45,33,26,25,20,18,14,8,3,F,2011
E01009152,Birmingham 053B,1015,96,88,66,85,141,92,69,69,56,54,46,32,23,22,25,26,12,6,7,F,2011
E01009153,Birmingham 053C,1075,72,89,67,68,172,113,78,66,70,57,53,34,30,26,20,25,20,11,4,F,2011
E01009345,Birmingham 053D,891,82,85,58,52,68,73,84,62,55,53,33,26,19,16,28,30,19,24,24,F,2011
E01009346,Birmingham 053E,890,101,100,61,76,78,75,83,62,61,52,43,34,15,14,14,13,6,1,1,F,2011
E01009092,Birmingham 054A,937,94,95,74,74,60,76,81,84,66,58,30,37,26,27,13,19,9,8,6,F,2011
E01009093,Birmingham 054B,869,93,74,56,53,56,75,84,60,54,53,60,33,34,21,21,18,8,14,2,F,2011
E01009094,Birmingham 054C,756,71,61,62,51,69,49,51,60,50,55,38,27,33,24,22,13,12,5,3,F,2011
E01009298,Birmingham 054D,819,77,65,69,60,67,70,63,80,63,55,35,25,22,19,10,21,10,3,5,F,2011
E01009311,Birmingham 054E,857,79,80,76,61,50,76,66,57,64,57,43,42,34,25,21,12,10,4,0,F,2011
E01009511,Birmingham 054F,763,63,52,81,72,47,55,42,42,51,58,42,35,22,22,23,24,16,10,6,F,2011
E01009475,Birmingham 055A,1096,111,134,122,96,65,83,93,71,73,56,45,31,24,15,33,22,8,9,5,F,2011
E01009476,Birmingham 055B,908,91,88,110,70,63,59,80,75,62,29,34,28,26,20,23,19,15,10,6,F,2011
E01009477,Birmingham 055C,889,97,91,55,69,51,81,71,53,76,49,46,37,35,16,15,21,17,8,1,F,2011
E01009490,Birmingham 055D,970,99,100,85,83,60,85,71,54,74,44,49,38,33,17,21,24,15,12,6,F,2011
E01009492,Birmingham 055E,872,96,101,76,69,55,74,75,62,49,43,33,37,24,21,22,24,6,2,3,F,2011
E01009095,Birmingham 056A,855,68,68,59,57,67,64,59,58,64,55,42,32,45,35,36,21,17,2,6,F,2011
E01009507,Birmingham 056B,745,57,53,45,61,54,61,65,32,47,29,38,27,28,29,26,23,24,25,21,F,2011
E01009508,Birmingham 056C,807,68,52,52,57,51,45,60,50,41,61,56,37,54,40,22,25,20,13,3,F,2011
E01009509,Birmingham 056D,888,76,73,61,70,71,78,80,65,56,49,46,44,22,28,24,19,12,13,1,F,2011
E01009510,Birmingham 056E,836,46,67,47,50,64,54,54,48,36,48,34,32,35,39,31,50,45,34,22,F,2011
E01009297,Birmingham 057A,844,50,39,40,63,51,48,44,51,60,55,48,47,68,58,37,39,15,25,6,F,2011
E01009299,Birmingham 057B,867,67,63,61,61,63,60,42,72,64,57,45,39,44,28,20,26,26,22,7,F,2011
E01009300,Birmingham 057C,946,80,65,75,87,65,80,77,69,56,64,53,39,39,25,29,7,14,14,8,F,2011
E01009301,Birmingham 057D,858,68,53,45,57,68,74,61,43,63,43,54,41,39,19,33,26,32,26,13,F,2011
E01009303,Birmingham 057E,751,60,30,39,41,59,64,58,36,49,46,45,28,48,29,33,38,25,18,5,F,2011
E01009195,Birmingham 058A,1258,133,140,123,125,95,101,100,86,96,71,37,26,31,31,16,22,15,5,5,F,2011
E01009197,Birmingham 058C,878,103,95,103,82,55,73,74,69,57,39,34,15,18,17,16,12,7,3,6,F,2011
E01009198,Birmingham 058D,871,93,119,118,93,73,68,74,65,43,37,24,8,17,10,10,8,7,2,2,F,2011
E01033647,Birmingham 058E,726,87,92,71,60,51,60,59,65,40,28,24,17,23,9,10,15,10,3,2,F,2011
E01033649,Birmingham 058F,927,114,120,111,84,61,71,89,65,57,24,30,28,14,14,11,14,14,4,2,F,2011
E01009138,Birmingham 060A,824,59,51,56,58,93,85,66,69,49,33,47,33,39,24,25,15,6,10,6,F,2011
E01009139,Birmingham 060B,773,55,40,45,46,81,82,76,56,52,48,34,39,35,23,25,14,7,11,4,F,2011
E01009140,Birmingham 060C,899,43,48,53,63,102,99,64,47,59,54,44,51,41,46,37,27,12,5,4,F,2011
E01009145,Birmingham 060D,947,79,53,57,60,93,93,104,84,69,48,34,42,42,27,27,11,14,6,4,F,2011
E01009147,Birmingham 060E,770,51,35,35,29,99,104,73,64,41,38,35,32,27,18,17,13,24,21,14,F,2011
E01009512,Birmingham 062A,833,53,47,56,64,61,67,59,42,70,64,60,35,40,33,26,17,19,13,7,F,2011
E01009514,Birmingham 062B,801,57,51,56,57,54,63,46,42,50,56,57,28,31,23,22,27,21,29,31,F,2011
E01009516,Birmingham 062C,724,65,54,49,48,45,40,52,39,51,47,48,35,44,29,30,23,12,10,3,F,2011
E01009517,Birmingham 062D,869,62,60,60,67,50,55,62,56,74,72,53,33,31,32,26,24,14,22,16,F,2011
E01009325,Birmingham 063A,886,74,98,105,91,54,57,73,66,73,44,38,31,13,22,12,21,11,2,1,F,2011
E01009342,Birmingham 063D,880,70,70,83,71,71,74,66,60,55,34,31,44,27,14,27,24,25,20,14,F,2011
E01009343,Birmingham 063E,866,123,76,65,70,74,79,68,56,55,43,31,34,25,12,19,15,8,10,3,F,2011
E01033642,Birmingham 063F,1548,168,160,144,157,123,125,129,102,96,69,68,49,32,22,33,34,19,11,7,F,2011
E01008986,Birmingham 064A,830,51,31,38,41,107,137,100,76,43,48,27,27,17,20,18,11,10,16,12,F,2011
E01008987,Birmingham 064B,788,27,28,25,44,282,65,36,37,44,37,27,26,26,28,15,21,9,5,6,F,2011
E01008988,Birmingham 064C,901,36,38,35,50,137,152,119,55,61,63,39,29,19,21,16,13,12,4,2,F,2011
E01008989,Birmingham 064D,810,45,25,25,38,103,104,86,65,39,40,37,22,34,31,24,14,30,28,20,F,2011
E01008990,Birmingham 064E,642,35,22,24,75,96,60,45,34,34,32,32,28,35,19,21,9,18,17,6,F,2011
E01008991,Birmingham 064F,784,52,44,34,34,29,48,59,37,55,52,46,50,69,46,45,35,26,18,5,F,2011
E01008882,Birmingham 066A,908,81,81,65,49,65,75,88,63,57,62,40,33,33,32,32,23,15,12,2,F,2011
E01008896,Birmingham 066B,818,89,62,67,61,59,70,62,61,51,54,39,20,34,26,25,9,16,10,3,F,2011
E01008898,Birmingham 066C,883,86,72,87,77,60,61,68,70,47,56,42,31,32,24,26,15,20,6,3,F,2011
E01009326,Birmingham 066D,971,106,91,103,75,66,77,86,64,57,47,46,32,31,25,24,22,10,5,4,F,2011
E01009341,Birmingham 066E,797,81,80,69,53,72,81,62,58,54,34,23,27,17,25,26,19,10,3,3,F,2011
E01009513,Birmingham 066F,890,88,85,69,71,57,66,70,65,53,53,56,32,30,16,22,29,17,6,5,F,2011
E01008881,Birmingham 067A,822,74,50,58,42,67,51,50,52,44,63,50,38,32,38,22,26,33,22,10,F,2011
E01008897,Birmingham 067B,844,65,62,46,63,49,56,55,68,47,63,48,53,54,24,37,20,18,10,6,F,2011
E01009515,Birmingham 067C,801,44,33,56,51,50,49,33,43,50,56,38,39,52,53,34,34,39,26,21,F,2011
E01009518,Birmingham 067D,814,50,30,40,59,48,42,45,45,68,57,54,53,40,40,44,35,34,18,12,F,2011
E01009521,Birmingham 067E,814,50,49,47,44,66,55,46,45,72,58,68,39,45,29,40,23,24,9,5,F,2011
E01009302,Birmingham 069A,768,36,28,30,45,39,28,43,43,50,41,52,49,72,52,38,41,36,23,22,F,2011
E01009314,Birmingham 069B,834,39,59,54,46,58,48,40,49,53,61,45,46,44,33,41,29,29,42,18,F,2011
E01009321,Birmingham 069C,990,88,73,70,52,69,91,62,67,63,61,46,45,39,33,29,34,20,28,20,F,2011
E01009322,Birmingham 069D,702,47,37,61,59,47,51,40,54,64,45,35,35,27,22,20,12,13,24,9,F,2011
E01009323,Birmingham 069E,764,50,52,55,59,34,35,54,54,57,63,36,46,41,22,32,20,24,19,11,F,2011
E01009329,Birmingham 070A,1133,112,102,108,102,104,113,87,64,71,65,47,40,30,19,19,26,19,4,1,F,2011
E01009334,Birmingham 070B,959,91,89,81,96,86,83,62,61,60,43,29,35,34,23,32,31,9,6,8,F,2011
E01009337,Birmingham 070C,887,106,96,93,71,80,69,80,57,48,34,30,29,27,21,12,15,15,2,2,F,2011
E01009338,Birmingham 070D,783,87,74,65,66,77,66,61,57,38,39,32,25,19,14,26,18,16,1,2,F,2011
E01009380,Birmingham 070E,832,114,83,75,51,69,87,78,60,50,23,29,34,21,11,16,17,6,6,2,F,2011
E01009362,Birmingham 071A,638,69,63,58,66,51,45,42,45,56,35,13,29,24,13,12,12,4,1,0,F,2011
E01009363,Birmingham 071B,754,64,78,51,56,47,65,63,43,39,45,49,33,31,24,27,25,8,4,2,F,2011
E01009364,Birmingham 071C,659,83,58,58,56,58,64,72,37,35,31,36,20,12,10,11,8,7,1,2,F,2011
E01009365,Birmingham 071D,793,65,80,63,69,84,71,63,38,47,44,32,41,29,24,11,14,13,4,1,F,2011
E01009379,Birmingham 071E,809,77,66,60,63,55,53,52,52,54,43,29,25,31,27,48,36,23,13,2,F,2011
E01009312,Birmingham 072A,821,28,44,56,50,51,37,46,44,57,94,51,41,40,51,35,42,27,20,7,F,2011
E01009324,Birmingham 072B,860,58,42,48,47,44,40,58,47,60,68,54,38,50,50,47,45,23,24,17,F,2011
E01009519,Birmingham 072C,758,47,38,51,43,32,32,45,48,69,63,56,40,33,50,44,29,24,7,7,F,2011
E01009520,Birmingham 072D,864,37,28,48,67,43,54,38,47,74,80,67,39,46,45,46,40,33,22,10,F,2011
E01009066,Birmingham 073A,763,35,36,40,56,29,31,50,48,48,69,55,52,59,41,37,27,25,18,7,F,2011
E01009070,Birmingham 073B,914,66,58,39,37,54,62,78,68,73,47,54,43,46,40,30,31,27,29,32,F,2011
E01009252,Birmingham 073C,773,37,32,42,35,64,73,53,60,59,59,38,48,52,42,25,28,12,11,3,F,2011
E01009260,Birmingham 073D,786,35,35,29,47,34,54,41,53,43,41,42,57,57,52,52,40,36,22,16,F,2011
E01009261,Birmingham 073E,840,51,42,50,38,35,63,71,49,58,51,46,56,55,44,33,47,28,16,7,F,2011
E01008984,Birmingham 074A,1043,60,32,26,319,200,61,46,34,31,35,38,26,29,29,30,15,19,8,5,F,2011
E01008994,Birmingham 074B,850,35,26,29,171,105,47,56,44,46,48,37,38,40,37,22,25,14,18,12,F,2011
E01008996,Birmingham 074C,802,68,65,68,47,58,58,65,46,51,52,45,28,32,26,33,20,27,8,5,F,2011
E01008997,Birmingham 074D,743,41,35,49,53,54,48,49,59,46,60,48,36,54,29,29,18,22,8,5,F,2011
E01009065,Birmingham 075A,834,68,42,47,52,45,71,63,72,74,56,44,37,50,33,23,17,22,12,6,F,2011
E01009067,Birmingham 075B,791,46,44,42,35,35,61,72,37,70,57,52,46,51,30,17,27,29,21,19,F,2011
E01009068,Birmingham 075C,840,33,35,38,29,100,140,92,70,50,35,36,33,19,22,19,18,21,31,19,F,2011
E01009069,Birmingham 075D,811,36,29,19,18,57,157,104,49,52,57,39,33,39,29,32,26,19,11,5,F,2011
E01009072,Birmingham 075E,851,39,35,28,26,87,138,91,67,41,56,40,47,36,31,14,21,19,21,14,F,2011
E01008885,Birmingham 076A,680,45,36,39,45,48,47,38,38,46,73,48,40,28,31,24,26,13,8,7,F,2011
E01008886,Birmingham 076B,803,60,53,50,36,53,83,57,53,45,44,38,51,46,44,30,13,26,13,8,F,2011
E01008888,Birmingham 076C,810,60,53,42,52,45,54,70,59,66,58,72,38,33,31,23,23,16,5,10,F,2011
E01009313,Birmingham 076D,804,43,42,52,58,49,44,45,38,63,67,60,32,38,44,43,37,18,18,13,F,2011
E01009368,Birmingham 077A,700,72,62,55,64,57,75,58,31,32,43,44,34,14,12,20,19,3,2,3,F,2011
E01009371,Birmingham 077D,822,69,75,81,73,70,78,74,53,74,35,39,26,21,11,10,18,7,4,4,F,2011
E01009397,Birmingham 077E,900,90,96,102,91,70,73,54,60,60,51,45,35,17,19,16,13,4,2,2,F,2011
E01033650,Birmingham 077F,1295,126,136,132,115,98,121,101,88,64,55,50,43,51,37,29,27,13,7,2,F,2011
E01008883,Birmingham 078A,927,90,75,66,62,86,62,67,63,62,69,57,35,22,31,27,24,14,12,3,F,2011
E01008884,Birmingham 078B,964,98,99,78,57,62,92,92,91,58,53,51,29,22,17,16,23,15,7,4,F,2011
E01008887,Birmingham 078C,761,77,52,33,46,43,89,67,39,51,40,52,45,34,24,22,18,14,8,7,F,2011
E01008889,Birmingham 078D,860,56,49,54,42,59,90,66,64,60,50,51,33,43,39,39,25,21,12,7,F,2011
E01008982,Birmingham 079A,734,25,27,61,88,83,94,75,38,41,39,23,35,31,26,16,7,11,7,7,F,2011
E01008992,Birmingham 079C,943,27,33,30,320,120,53,46,42,44,33,36,28,33,32,19,17,12,12,6,F,2011
E01009283,Birmingham 079E,733,44,41,45,37,97,54,60,51,68,47,43,35,27,22,25,20,11,4,2,F,2011
E01033631,Birmingham 079F,2528,48,27,39,1034,655,107,78,66,58,57,69,58,48,47,35,26,22,29,25,F,2011
E01009249,Birmingham 080A,847,48,59,69,47,42,45,49,71,70,69,54,24,38,37,35,29,32,16,13,F,2011
E01009250,Birmingham 080B,823,44,39,47,44,54,39,57,66,58,65,50,41,75,51,39,24,13,13,4,F,2011
E01009251,Birmingham 080C,757,32,45,40,36,35,42,60,65,55,57,55,49,41,31,35,35,20,16,8,F,2011
E01009253,Birmingham 080D,818,36,48,64,47,42,39,59,59,64,69,41,51,41,37,44,32,22,13,10,F,2011
E01009255,Birmingham 080E,814,65,58,56,53,39,43,66,55,61,68,46,44,36,32,27,21,22,9,13,F,2011
E01009257,Birmingham 080F,794,73,62,49,55,48,61,58,50,47,56,46,37,40,31,27,20,18,9,7,F,2011
E01009315,Birmingham 081A,774,37,25,23,32,48,53,45,41,43,35,54,54,55,64,43,45,39,23,15,F,2011
E01009316,Birmingham 081B,869,44,52,63,58,36,66,51,45,62,59,70,62,44,40,26,29,25,28,9,F,2011
E01009317,Birmingham 081C,849,63,49,48,55,46,69,61,69,51,45,42,46,47,43,29,35,20,19,12,F,2011
E01009318,Birmingham 081D,773,52,32,45,31,37,57,69,51,50,62,48,40,46,47,35,32,22,9,8,F,2011
E01009319,Birmingham 081E,779,40,36,37,44,44,36,39,63,72,67,61,55,50,34,36,28,17,17,3,F,2011
E01009320,Birmingham 081F,761,49,33,55,33,32,52,50,41,53,71,54,30,53,40,40,22,23,17,13,F,2011
E01009372,Birmingham 082A,919,104,89,92,104,86,84,79,48,60,46,31,23,20,15,13,13,6,4,2,F,2011
E01009373,Birmingham 082B,948,120,95,82,96,93,81,73,63,59,40,28,33,28,16,10,16,12,1,2,F,2011
E01009396,Birmingham 082D,1041,105,93,103,84,91,106,90,63,60,44,39,46,39,23,19,16,13,4,3,F,2011
E01033643,Birmingham 082F,1517,145,162,137,120,125,133,138,105,91,81,49,58,40,35,33,31,24,8,2,F,2011
E01009367,Birmingham 083A,783,73,71,65,63,71,84,48,49,42,47,44,30,18,14,22,23,9,8,2,F,2011
E01009375,Birmingham 083B,963,100,96,106,93,66,80,96,58,60,40,42,36,18,24,18,13,10,5,2,F,2011
E01009377,Birmingham 083C,688,97,73,54,52,68,58,65,33,36,37,18,26,24,14,12,15,4,2,0,F,2011
E01009383,Birmingham 083D,689,52,52,59,65,80,48,43,49,53,26,51,26,16,22,15,23,7,0,2,F,2011
E01009399,Birmingham 083E,786,94,92,60,68,67,73,74,77,39,32,25,19,11,12,17,10,10,3,3,F,2011
E01009366,Birmingham 084A,793,80,69,87,59,57,69,62,44,51,43,33,25,32,26,24,16,10,4,2,F,2011
E01009374,Birmingham 084B,585,51,56,51,45,38,42,37,53,32,29,24,37,28,16,18,18,7,3,0,F,2011
E01009376,Birmingham 084C,814,61,64,86,84,64,72,72,50,45,53,43,24,18,16,23,18,12,8,1,F,2011
E01033648,Birmingham 084F,1340,129,129,100,131,144,129,100,85,74,60,68,48,38,31,22,29,20,3,0,F,2011
E01009073,Birmingham 085A,878,125,78,47,61,83,78,79,69,54,57,38,24,20,19,11,12,11,10,2,F,2011
E01009074,Birmingham 085B,857,69,69,77,71,50,79,75,72,64,56,37,46,22,25,13,12,14,5,1,F,2011
E01009254,Birmingham 085C,812,48,46,50,54,64,62,53,47,62,54,41,40,39,29,35,34,29,11,14,F,2011
E01009256,Birmingham 085D,820,62,49,44,52,44,67,62,68,61,44,66,34,37,30,21,23,24,25,7,F,2011
E01009258,Birmingham 085E,813,80,50,51,47,50,64,52,58,55,50,52,29,37,40,37,25,16,13,7,F,2011
E01009071,Birmingham 087B,806,39,23,34,28,73,71,54,54,47,43,52,39,44,37,42,39,29,32,26,F,2011
E01009075,Birmingham 087C,825,34,24,35,31,174,88,58,43,34,44,43,28,34,30,23,30,38,22,12,F,2011
E01009078,Birmingham 087E,721,39,32,20,43,146,80,66,47,36,32,35,27,27,22,26,14,11,14,4,F,2011
E01033562,Birmingham 087F,1238,67,44,59,50,227,141,97,79,77,64,53,61,48,46,41,21,30,20,13,F,2011
E01009183,Birmingham 088C,790,50,45,31,56,62,72,47,65,39,53,54,54,53,31,21,24,15,13,5,F,2011
E01009186,Birmingham 088D,812,48,38,32,49,40,76,90,56,58,48,52,49,43,27,20,30,24,18,14,F,2011
E01033645,Birmingham 088E,1703,140,134,162,170,174,179,124,96,110,80,75,69,43,37,33,37,27,10,3,F,2011
E01008890,Birmingham 089A,871,68,63,61,49,52,75,90,76,69,43,48,40,30,28,24,16,18,11,10,F,2011
E01008891,Birmingham 089B,773,45,42,36,47,45,54,50,56,63,66,55,41,41,37,28,25,18,13,11,F,2011
E01008892,Birmingham 089C,798,79,62,37,60,77,67,71,58,48,64,39,33,31,24,20,10,10,4,4,F,2011
E01008893,Birmingham 089D,805,48,39,61,53,38,73,87,72,63,57,54,38,41,26,16,15,16,6,2,F,2011
E01008894,Birmingham 089E,723,31,26,29,34,52,51,46,36,47,45,42,34,40,34,30,41,38,37,30,F,2011
E01008895,Birmingham 089F,929,94,42,46,45,76,96,102,78,63,66,54,49,29,30,26,16,8,6,3,F,2011
E01009015,Birmingham 089G,887,65,42,38,54,64,94,67,73,52,55,37,38,33,37,35,39,31,17,16,F,2011
E01009014,Birmingham 090A,1033,90,100,100,77,65,92,86,81,66,55,44,49,26,24,37,18,14,7,2,F,2011
E01009018,Birmingham 090B,821,46,35,43,62,63,55,46,39,58,56,48,47,40,48,35,30,32,21,17,F,2011
E01009026,Birmingham 090C,807,102,70,55,51,68,78,79,59,48,42,29,27,24,21,17,16,10,8,3,F,2011
E01009028,Birmingham 090D,940,105,83,97,62,61,69,72,68,70,39,45,37,34,20,16,24,25,4,9,F,2011
E01009029,Birmingham 090E,821,75,90,49,48,65,70,64,53,55,42,46,26,22,31,14,17,16,14,24,F,2011
E01009182,Birmingham 092A,758,39,47,40,54,78,68,62,49,47,53,59,38,31,23,23,13,18,12,4,F,2011
E01009184,Birmingham 092B,736,40,27,30,44,50,105,85,52,48,42,40,46,31,18,16,19,16,17,10,F,2011
E01009187,Birmingham 092C,785,41,40,40,65,45,59,50,47,58,64,39,39,58,43,31,17,22,14,13,F,2011
E01009188,Birmingham 092D,797,48,47,43,51,42,61,62,57,69,72,46,49,50,31,24,21,7,10,7,F,2011
E01009384,Birmingham 092E,630,34,33,27,44,70,77,61,44,40,37,37,36,16,20,14,20,13,5,2,F,2011
E01009385,Birmingham 092F,593,35,24,18,17,46,90,62,58,37,29,24,29,21,22,21,18,12,16,14,F,2011
E01009185,Birmingham 093A,843,34,39,29,40,46,82,68,55,50,46,53,56,54,33,34,36,23,24,41,F,2011
E01009389,Birmingham 093B,884,58,42,77,84,82,81,56,39,56,65,48,35,32,36,29,25,21,14,4,F,2011
E01009390,Birmingham 093C,694,52,36,33,50,81,92,55,48,46,44,40,24,28,16,18,14,5,6,6,F,2011
E01009394,Birmingham 093D,847,61,48,44,47,61,91,98,69,53,43,48,51,32,25,26,18,17,8,7,F,2011
E01008918,Birmingham 094A,938,91,66,63,65,71,51,51,70,57,57,43,34,59,46,44,24,28,15,3,F,2011
E01008920,Birmingham 094B,724,50,37,47,32,55,43,46,56,53,38,57,45,44,46,29,24,13,7,2,F,2011
E01008921,Birmingham 094C,731,28,33,52,45,42,46,53,53,46,40,53,61,66,32,19,24,19,10,9,F,2011
E01008931,Birmingham 094D,780,63,55,55,38,51,61,55,60,61,51,33,43,42,40,18,15,25,12,2,F,2011
E01009259,Birmingham 094E,870,70,59,73,60,63,62,60,61,56,57,42,43,43,34,32,29,8,13,5,F,2011
E01008919,Birmingham 095A,821,56,42,40,47,50,62,80,47,54,53,40,46,48,61,23,28,23,17,4,F,2011
E01009064,Birmingham 095B,760,56,61,48,50,38,56,59,65,50,47,46,41,38,34,22,24,15,5,5,F,2011
E01009077,Birmingham 095C,898,51,62,48,38,55,55,91,54,59,51,43,48,48,41,40,39,26,31,18,F,2011
E01009291,Birmingham 095D,826,62,47,61,62,71,68,68,67,58,49,44,21,42,33,17,23,19,6,8,F,2011
E01009500,Birmingham 095E,830,55,70,54,69,53,59,62,59,71,57,55,35,34,23,26,22,10,10,6,F,2011
E01009284,Birmingham 096A,1242,33,24,24,61,639,129,63,40,34,29,36,23,22,28,12,23,8,9,5,F,2011
E01009286,Birmingham 096C,1138,11,11,6,74,883,31,19,12,6,8,14,8,9,7,6,7,6,10,10,F,2011
E01009289,Birmingham 096E,1149,18,8,12,79,880,33,21,18,15,10,12,5,5,10,9,4,3,6,1,F,2011
E01009290,Birmingham 096F,1047,7,7,4,68,848,36,14,5,9,8,3,6,6,3,7,12,2,2,0,F,2011
E01033634,Birmingham 096G,2164,23,17,25,241,1637,81,34,26,25,10,10,10,10,3,1,5,3,2,1,F,2011
E01009017,Birmingham 097A,884,60,76,83,80,70,74,61,51,49,51,45,45,29,22,21,30,19,12,6,F,2011
E01009043,Birmingham 097B,1021,66,81,78,76,83,76,70,65,68,65,59,44,37,44,31,28,24,14,12,F,2011
E01009044,Birmingham 097C,814,76,75,64,74,70,57,70,53,63,46,26,20,37,21,20,15,20,6,1,F,2011
E01009045,Birmingham 097D,876,54,51,81,72,57,48,56,64,40,58,54,46,36,35,22,31,38,22,11,F,2011
E01009046,Birmingham 097E,927,42,79,62,59,52,54,66,57,58,50,63,51,45,49,40,32,37,11,20,F,2011
E01009395,Birmingham 097F,825,67,55,70,52,74,83,61,39,54,55,45,44,33,20,35,12,14,12,0,F,2011
E01009016,Birmingham 098A,783,49,43,43,49,51,38,46,45,50,51,54,50,41,25,35,30,38,27,18,F,2011
E01009022,Birmingham 098B,899,60,65,46,88,72,62,63,43,70,78,55,45,47,19,24,20,20,12,10,F,2011
E01009023,Birmingham 098C,842,73,59,62,44,43,67,61,62,59,68,54,43,27,40,27,28,12,8,5,F,2011
E01009030,Birmingham 098D,753,50,42,61,53,45,51,45,30,74,48,43,57,30,23,24,33,22,13,9,F,2011
E01009281,Birmingham 099A,800,31,49,36,30,38,42,37,65,53,42,40,51,68,44,34,34,34,35,37,F,2011
E01009292,Birmingham 099B,820,57,50,24,33,83,79,92,62,43,45,49,48,38,33,32,20,16,13,3,F,2011
E01009294,Birmingham 099C,930,89,58,36,33,88,77,69,48,59,62,61,42,51,45,33,28,19,21,11,F,2011
E01009295,Birmingham 099D,949,32,44,31,63,217,82,54,33,47,37,44,51,33,40,35,44,29,19,14,F,2011
E01009280,Birmingham 100A,670,45,38,27,30,78,46,47,46,43,50,49,34,27,29,18,29,21,11,2,F,2011
E01009282,Birmingham 100B,756,40,44,29,41,125,82,59,42,58,45,37,32,27,26,20,25,11,11,2,F,2011
E01009288,Birmingham 100C,626,18,18,23,18,70,36,30,24,22,18,35,31,40,40,47,26,44,48,38,F,2011
E01009293,Birmingham 100D,740,38,26,24,46,179,78,58,38,27,32,38,31,27,18,21,25,13,14,7,F,2011
E01009296,Birmingham 100E,739,39,27,36,64,129,101,85,53,45,26,24,26,20,15,22,7,12,5,3,F,2011
E01008924,Birmingham 101A,731,34,33,48,34,32,30,69,45,50,57,28,47,52,31,28,34,34,26,19,F,2011
E01009501,Birmingham 101B,850,72,64,53,73,66,65,53,49,73,52,55,35,33,29,32,24,11,9,2,F,2011
E01009502,Birmingham 101C,798,62,53,53,55,55,59,56,41,66,57,45,32,31,28,31,18,23,21,12,F,2011
E01009503,Birmingham 101D,805,56,60,56,65,54,52,59,54,74,56,51,41,37,32,20,16,10,9,3,F,2011
E01009505,Birmingham 101E,857,53,47,62,61,47,55,66,61,44,70,61,40,31,27,28,47,29,15,13,F,2011
E01008917,Birmingham 102A,677,35,38,54,35,49,32,51,46,42,48,62,46,48,30,20,17,7,13,4,F,2011
E01008923,Birmingham 102B,712,53,52,32,44,56,52,62,41,39,38,41,42,41,20,20,25,30,13,11,F,2011
E01008925,Birmingham 102C,658,20,37,46,43,43,24,36,39,42,59,51,59,84,38,13,14,6,2,2,F,2011
E01008927,Birmingham 102D,722,51,33,47,49,42,54,52,45,57,61,44,38,52,27,24,18,13,11,4,F,2011
E01008928,Birmingham 102E,833,47,40,55,55,57,44,61,55,53,60,55,42,53,40,29,24,28,27,8,F,2011
E01009019,Birmingham 103A,817,54,58,72,64,66,63,69,47,70,57,45,27,39,15,27,19,11,8,6,F,2011
E01009020,Birmingham 103B,804,43,61,62,70,51,55,59,61,55,59,50,34,28,31,31,19,24,8,3,F,2011
E01009021,Birmingham 103C,865,86,63,66,64,55,78,77,67,65,59,36,23,32,26,26,19,5,10,8,F,2011
E01009024,Birmingham 103D,851,79,68,48,63,56,71,64,58,63,51,52,26,29,22,25,26,24,18,8,F,2011
E01009025,Birmingham 103E,807,57,42,71,71,51,57,63,66,74,60,36,37,28,20,23,18,21,7,5,F,2011
E01009033,Birmingham 103F,888,77,73,50,55,66,88,81,53,62,74,46,40,32,23,19,25,11,12,1,F,2011
E01009175,Birmingham 104A,716,37,44,43,37,35,65,65,61,83,62,44,38,28,18,21,16,10,4,5,F,2011
E01009177,Birmingham 104B,807,72,52,34,40,50,86,74,88,75,57,38,31,31,27,26,9,5,7,5,F,2011
E01009178,Birmingham 104C,800,68,46,41,32,41,98,90,62,81,45,36,39,31,22,25,16,16,8,3,F,2011
E01009179,Birmingham 104D,874,39,53,68,56,49,45,47,54,63,67,78,55,55,44,32,32,22,12,3,F,2011
E01009189,Birmingham 104E,778,64,52,45,42,40,57,48,54,63,57,63,55,43,32,20,16,13,9,5,F,2011
E01008933,Birmingham 105A,792,59,52,50,58,58,47,56,44,70,59,60,39,41,30,16,23,18,6,6,F,2011
E01008934,Birmingham 105B,732,31,42,51,35,36,50,48,45,43,49,55,55,47,45,19,25,17,26,13,F,2011
E01009031,Birmingham 105C,827,45,47,56,63,51,41,51,48,59,71,53,44,43,43,34,26,27,16,9,F,2011
E01009037,Birmingham 105D,840,50,49,40,41,34,35,61,58,57,47,64,45,70,44,43,38,29,21,14,F,2011
E01009176,Birmingham 105E,851,52,38,54,45,53,60,54,60,54,55,41,53,52,40,42,39,26,22,11,F,2011
E01008929,Birmingham 106C,784,56,46,47,49,55,55,53,57,60,47,44,47,20,26,22,27,35,22,16,F,2011
E01008930,Birmingham 106D,802,77,55,51,54,74,91,82,47,41,55,42,41,32,18,8,14,11,4,5,F,2011
E01009495,Birmingham 106E,654,55,41,34,53,41,41,46,45,49,43,28,41,28,24,23,30,21,7,4,F,2011
E01033629,Birmingham 106F,1375,79,79,75,131,171,84,96,79,80,81,63,51,72,55,57,34,45,27,16,F,2011
E01008953,Birmingham 107A,811,74,51,42,43,44,58,82,55,66,56,52,38,45,31,31,25,9,5,4,F,2011
E01008963,Birmingham 107B,714,47,45,47,54,47,48,53,53,50,57,41,42,31,32,23,14,18,9,3,F,2011
E01008964,Birmingham 107C,785,55,35,41,54,36,40,60,57,53,56,44,45,33,37,28,37,27,23,24,F,2011
E01008965,Birmingham 107D,793,47,40,43,41,37,48,56,69,68,57,59,42,51,37,20,18,32,16,12,F,2011
E01008966,Birmingham 107E,867,64,56,66,72,48,59,77,69,82,53,47,38,29,26,22,21,16,13,9,F,2011
E01009032,Birmingham 108A,896,45,57,62,63,59,57,52,62,56,56,76,49,49,38,32,36,26,17,4,F,2011
E01009034,Birmingham 108B,861,40,68,62,65,47,48,38,57,63,53,58,57,50,33,25,32,30,16,19,F,2011
E01009035,Birmingham 108C,925,74,54,48,59,64,72,84,62,66,59,61,44,47,35,32,24,18,18,4,F,2011
E01009036,Birmingham 108D,759,35,37,54,43,37,42,52,47,49,54,58,49,40,59,38,27,23,13,2,F,2011
E01009494,Birmingham 109A,913,89,77,64,71,55,61,56,57,61,67,49,36,30,18,20,23,43,28,8,F,2011
E01009496,Birmingham 109B,764,34,21,28,44,51,37,35,41,47,49,62,62,45,44,40,48,46,22,8,F,2011
E01009497,Birmingham 109C,919,70,59,61,59,51,60,75,67,69,69,57,36,39,26,28,31,31,17,14,F,2011
E01009504,Birmingham 109D,762,40,39,32,55,22,32,37,40,41,44,57,35,62,54,33,41,44,33,21,F,2011
E01009506,Birmingham 109E,741,32,39,35,25,38,26,39,44,52,45,38,47,65,67,55,36,36,17,5,F,2011
E01008967,Birmingham 110A,865,47,60,66,52,34,30,53,51,60,71,67,39,47,60,52,29,28,13,6,F,2011
E01008968,Birmingham 110B,861,43,61,38,51,44,37,37,54,70,79,50,57,56,33,38,31,34,37,11,F,2011
E01008970,Birmingham 110C,802,64,61,55,49,36,56,66,62,66,53,34,38,56,45,29,17,9,5,1,F,2011
E01008981,Birmingham 110D,796,43,38,51,41,38,34,45,49,65,57,73,51,57,45,31,18,36,10,14,F,2011
E01008932,Birmingham 111A,818,48,62,54,59,39,75,58,65,49,56,42,34,47,35,30,28,18,11,8,F,2011
E01008935,Birmingham 111B,874,58,69,69,50,65,65,73,47,65,47,56,34,29,39,30,23,21,21,13,F,2011
E01008936,Birmingham 111C,819,53,48,56,46,65,56,39,36,37,71,54,59,50,27,28,34,24,27,9,F,2011
E01008938,Birmingham 111D,821,62,68,59,61,64,56,67,48,55,56,40,36,37,32,29,21,16,9,5,F,2011
E01008939,Birmingham 111E,823,64,52,55,40,47,69,61,49,58,53,54,38,35,32,44,23,23,18,8,F,2011
E01008951,Birmingham 112A,746,45,54,51,40,22,30,38,57,82,55,58,48,35,40,26,14,25,14,12,F,2011
E01008952,Birmingham 112B,815,53,45,29,44,72,87,100,80,85,56,45,32,27,20,16,7,8,9,0,F,2011
E01008955,Birmingham 112C,765,42,30,37,42,64,88,74,54,60,57,52,41,25,24,27,18,22,6,2,F,2011
E01008956,Birmingham 112D,811,53,55,50,59,25,37,43,44,84,54,57,45,31,34,25,18,28,37,32,F,2011
E01008957,Birmingham 112E,874,74,43,46,57,70,94,89,70,59,73,42,49,34,20,19,21,7,4,3,F,2011
E01008950,Birmingham 113A,766,29,39,35,42,28,30,32,38,44,59,49,60,80,53,44,40,35,21,8,F,2011
E01008954,Birmingham 113B,686,22,24,29,41,40,22,21,31,41,61,62,56,62,45,41,30,28,18,12,F,2011
E01008958,Birmingham 113C,869,30,35,46,45,46,32,61,44,56,62,59,45,59,47,49,49,41,38,25,F,2011
E01009493,Birmingham 113D,672,78,30,22,35,82,80,72,42,52,48,38,33,20,9,13,6,6,6,0,F,2011
E01008937,Birmingham 115A,752,42,37,43,54,53,39,42,49,50,57,56,47,32,33,35,33,25,14,11,F,2011
E01008940,Birmingham 115B,802,49,47,74,56,50,46,58,47,64,55,31,37,28,29,26,24,34,26,21,F,2011
E01008941,Birmingham 115C,786,61,46,64,50,54,57,45,58,57,54,43,35,34,27,35,29,16,18,3,F,2011
E01008944,Birmingham 115D,893,79,53,38,69,65,60,63,73,59,48,57,48,47,42,30,23,19,12,8,F,2011
E01008959,Birmingham 116A,969,45,59,66,49,54,56,52,53,54,53,57,57,54,43,50,54,40,51,22,F,2011
E01008960,Birmingham 116B,826,60,56,70,63,40,45,50,53,81,80,73,45,37,19,16,11,13,7,7,F,2011
E01008961,Birmingham 116C,740,34,29,27,34,39,70,60,50,42,58,51,36,53,36,31,32,26,22,10,F,2011
E01008962,Birmingham 116D,1008,106,59,76,84,75,90,67,64,64,64,56,45,44,45,30,20,12,5,2,F,2011
E01008942,Birmingham 117A,814,60,52,53,64,60,63,68,59,51,79,53,30,32,24,22,20,9,10,5,F,2011
E01008943,Birmingham 117B,765,44,50,53,61,47,64,54,56,55,59,45,41,41,23,25,21,17,3,6,F,2011
E01008969,Birmingham 117C,851,63,40,42,37,34,48,87,77,70,59,56,50,43,24,36,28,30,15,12,F,2011
E01008971,Birmingham 117D,893,50,53,41,58,62,53,65,55,65,79,62,42,54,41,31,26,30,13,13,F,2011
E01008972,Birmingham 118A,967,70,66,72,67,57,66,72,67,87,63,39,43,56,46,30,26,19,13,8,F,2011
E01008973,Birmingham 118B,987,57,38,50,63,64,74,83,68,90,73,67,49,56,44,33,29,22,12,15,F,2011
E01008974,Birmingham 118C,1420,130,97,78,68,95,134,140,125,133,84,73,59,51,51,34,30,23,11,4,F,2011
E01008975,Birmingham 118D,775,30,25,49,41,40,40,43,53,56,63,66,53,50,44,34,30,28,19,11,F,2011
E01009172,Birmingham 119A,749,42,43,56,60,51,58,42,62,44,64,38,43,29,32,30,16,24,10,5,F,2011
E01009173,Birmingham 119B,866,50,68,76,72,69,61,59,75,73,69,55,40,34,20,14,11,8,4,8,F,2011
E01009174,Birmingham 119C,654,56,49,45,39,36,54,60,54,37,32,42,45,40,19,7,18,10,7,4,F,2011
E01009498,Birmingham 119D,879,72,66,55,69,58,70,53,63,70,61,54,51,32,23,25,24,14,13,6,F,2011
E01009499,Birmingham 119E,931,64,59,78,87,60,57,53,69,68,70,75,43,28,41,32,21,15,7,4,F,2011
E01009205,Birmingham 120A,756,29,54,46,49,38,29,36,50,60,59,54,54,55,53,28,26,12,17,7,F,2011
E01009206,Birmingham 120B,798,36,36,55,51,43,37,37,41,63,75,57,48,52,45,36,38,25,11,12,F,2011
E01009211,Birmingham 120C,701,28,26,26,27,55,47,53,48,53,54,78,53,46,32,33,17,9,13,3,F,2011
E01009218,Birmingham 120D,769,29,51,44,52,32,19,32,45,55,55,55,53,60,36,28,35,35,34,19,F,2011
E01009219,Birmingham 120E,811,60,57,57,46,54,68,57,56,64,59,41,33,49,28,24,18,22,12,6,F,2011
E01008976,Birmingham 121A,823,53,42,49,46,60,50,51,44,64,63,47,38,37,41,54,38,28,13,5,F,2011
E01008978,Birmingham 121B,696,82,38,33,35,89,58,39,31,36,29,22,34,21,23,28,32,27,26,13,F,2011
E01008979,Birmingham 121C,838,51,54,42,53,48,61,56,40,59,48,51,56,52,49,27,26,33,25,7,F,2011
E01008980,Birmingham 121D,829,52,58,52,69,60,55,46,46,59,58,37,31,49,38,37,30,31,15,6,F,2011
E01008945,Birmingham 122A,949,64,67,60,70,71,88,74,65,61,61,57,46,40,34,31,29,18,11,2,F,2011
E01008946,Birmingham 122B,731,42,30,43,48,43,44,38,50,53,64,48,42,34,34,28,36,31,15,8,F,2011
E01008947,Birmingham 122C,713,44,40,36,45,52,53,52,50,60,57,46,23,38,24,27,19,18,18,11,F,2011
E01008948,Birmingham 122D,753,44,38,37,29,42,41,47,52,46,52,48,51,49,37,42,48,29,17,4,F,2011
E01008949,Birmingham 122E,622,21,29,39,38,17,32,24,30,59,69,51,45,38,41,28,24,14,16,7,F,2011
E01008977,Birmingham 123A,833,59,43,55,51,65,55,73,76,62,52,58,36,36,25,29,21,20,9,8,F,2011
E01009109,Birmingham 123B,757,101,71,64,42,77,65,67,48,61,47,34,23,18,13,3,6,9,5,3,F,2011
E01009119,Birmingham 123C,749,37,37,39,44,39,46,48,53,53,39,47,41,50,48,32,32,25,19,20,F,2011
E01009120,Birmingham 123D,761,57,39,45,38,46,64,55,42,39,63,43,43,49,36,38,29,18,12,5,F,2011
E01009162,Birmingham 124A,862,53,53,57,53,73,59,48,49,58,73,45,45,53,36,40,21,19,12,15,F,2011
E01009207,Birmingham 124B,846,49,45,46,39,40,57,61,57,57,56,63,60,49,39,33,45,27,13,10,F,2011
E01009208,Birmingham 124C,781,36,42,50,55,57,39,39,45,75,53,71,39,53,40,27,18,21,13,8,F,2011
E01009209,Birmingham 124D,1064,64,42,49,57,82,88,78,86,79,93,49,59,52,45,41,35,32,20,13,F,2011
E01009213,Birmingham 124E,780,42,36,32,52,47,40,36,49,33,50,55,41,67,58,43,42,25,22,10,F,2011
E01009155,Birmingham 125B,690,27,43,61,36,34,46,58,38,34,48,40,92,41,33,22,15,17,4,1,F,2011
E01009157,Birmingham 125D,778,58,55,44,68,29,58,76,54,38,51,43,47,62,24,27,18,13,8,5,F,2011
E01009160,Birmingham 125E,819,80,44,42,68,89,77,57,49,60,47,44,44,32,24,20,14,12,11,5,F,2011
E01009161,Birmingham 125F,728,44,34,41,40,37,49,44,41,48,56,49,66,62,42,25,19,15,14,2,F,2011
E01033633,Birmingham 125G,1231,81,84,94,89,70,73,105,82,87,78,83,69,80,55,28,32,26,13,2,F,2011
E01009117,Birmingham 126A,1102,138,93,85,78,94,107,78,74,65,65,41,36,32,25,19,14,24,28,6,F,2011
E01009210,Birmingham 126B,961,63,57,55,82,67,72,69,60,67,73,62,51,45,34,33,38,19,9,5,F,2011
E01009212,Birmingham 126C,882,55,55,64,57,55,52,67,65,74,60,38,42,45,36,30,26,27,21,13,F,2011
E01009214,Birmingham 126D,854,58,36,53,74,57,53,66,68,62,71,42,36,31,23,36,25,32,20,11,F,2011
E01009215,Birmingham 126E,843,71,38,41,56,92,58,49,45,44,58,41,55,39,41,31,25,22,24,13,F,2011
E01009108,Birmingham 127A,693,25,33,43,50,20,35,39,31,50,47,36,62,67,43,34,39,20,14,5,F,2011
E01009111,Birmingham 127B,696,43,37,34,43,57,45,53,50,51,50,54,38,39,34,24,19,15,7,3,F,2011
E01009112,Birmingham 127C,780,45,49,51,36,32,43,44,58,58,51,43,39,40,38,34,33,37,27,22,F,2011
E01009116,Birmingham 127D,746,34,33,30,49,33,37,21,33,51,63,47,50,59,54,39,37,40,21,15,F,2011
E01009118,Birmingham 127E,770,37,30,44,54,42,45,43,56,56,45,47,55,66,58,24,28,25,10,5,F,2011
E01009107,Birmingham 128A,927,108,58,64,65,87,83,84,66,45,49,41,32,43,30,19,25,13,9,6,F,2011
E01009110,Birmingham 128B,816,49,45,54,56,74,59,49,54,73,63,39,49,47,27,27,20,19,11,1,F,2011
E01009113,Birmingham 128C,798,62,59,69,60,37,53,55,50,45,41,37,34,52,36,31,21,20,26,10,F,2011
E01009114,Birmingham 128D,822,53,51,52,54,44,51,50,38,75,42,52,46,73,47,30,23,25,11,5,F,2011
E01009115,Birmingham 128E,731,30,42,40,50,40,47,49,47,44,30,46,61,73,35,28,18,22,21,8,F,2011
E01009158,Birmingham 129A,983,76,76,49,54,61,79,99,80,81,61,60,41,35,17,35,32,20,14,13,F,2011
E01009163,Birmingham 129B,783,63,41,39,67,63,55,63,49,46,46,50,32,35,57,28,19,15,10,5,F,2011
E01009165,Birmingham 129C,687,69,37,25,39,48,69,65,54,61,39,43,22,35,17,13,12,18,17,4,F,2011
E01009169,Birmingham 129D,862,62,49,58,63,45,59,73,66,63,56,59,45,30,34,21,34,23,16,6,F,2011
E01009159,Birmingham 130A,919,50,60,58,52,47,60,84,80,73,65,64,41,38,37,28,22,35,15,10,F,2011
E01009164,Birmingham 130B,775,52,38,55,45,49,55,42,58,54,61,49,51,40,44,21,25,23,10,3,F,2011
E01009167,Birmingham 130C,787,47,43,69,52,44,49,67,62,70,70,49,31,33,28,26,18,14,13,2,F,2011
E01009171,Birmingham 130D,843,57,52,54,51,41,54,60,55,74,63,49,42,47,40,21,29,26,20,8,F,2011
E01009166,Birmingham 131A,684,46,47,43,46,59,53,53,62,43,41,41,32,24,20,27,20,14,10,3,F,2011
E01009168,Birmingham 131B,730,34,35,43,45,54,37,56,36,63,69,45,39,49,39,35,28,10,9,4,F,2011
E01009170,Birmingham 131C,754,33,37,48,49,37,43,53,50,53,66,62,44,41,31,30,32,29,12,4,F,2011
E01009216,Birmingham 131D,1040,78,63,71,57,57,68,68,51,77,82,67,53,54,59,34,35,30,23,13,F,2011
E01009217,Birmingham 131E,812,47,45,46,52,33,41,53,55,68,70,47,39,53,65,32,37,14,8,7,F,2011
E01009039,Birmingham 132A,860,59,59,37,48,42,52,60,70,74,60,54,42,44,43,46,27,20,13,10,F,2011
E01009040,Birmingham 132B,882,53,53,70,68,41,37,49,63,69,79,58,59,47,42,20,28,26,12,8,F,2011
E01009041,Birmingham 132C,832,61,61,47,49,29,48,76,66,73,60,49,51,41,41,21,26,16,12,5,F,2011
E01009042,Birmingham 132D,702,62,46,38,33,38,61,64,59,59,40,39,36,38,30,18,20,12,5,4,F,2011
E01032589,Birmingham 132E,755,54,39,39,43,37,46,59,47,45,50,51,47,33,40,26,35,33,21,10,F,2011
E01009262,Birmingham 133A,909,55,47,53,59,66,102,69,61,64,74,71,41,48,19,31,27,10,7,5,F,2011
E01009267,Birmingham 133B,896,37,40,49,51,76,73,61,44,47,69,60,53,53,32,39,26,38,26,22,F,2011
E01009276,Birmingham 133C,852,39,47,56,61,48,70,65,35,67,52,62,68,42,22,38,32,31,13,4,F,2011
E01009278,Birmingham 133D,889,55,62,52,87,78,50,65,55,59,66,72,49,41,19,26,26,19,6,2,F,2011
E01009279,Birmingham 133E,772,41,49,52,62,50,66,53,48,53,59,58,53,39,18,24,14,16,14,3,F,2011
E01032591,Birmingham 133F,826,46,37,53,54,61,70,50,60,47,57,65,58,31,30,44,31,18,7,7,F,2011
E01008995,Birmingham 134A,895,73,44,26,117,167,84,81,39,48,44,28,25,28,20,28,18,9,10,6,F,2011
E01033557,Birmingham 134B,1029,28,4,2,120,474,207,98,40,15,13,9,7,6,4,0,1,1,0,0,F,2011
E01033624,Birmingham 134C,530,41,24,29,12,100,113,62,35,23,13,6,11,6,8,5,11,7,11,13,F,2011
E01033626,Birmingham 134D,503,35,22,19,16,119,93,52,32,23,20,13,13,10,9,4,10,6,5,2,F,2011
E01033640,Birmingham 134E,633,62,55,50,34,67,72,60,49,45,41,30,15,12,11,11,7,6,3,3,F,2011
E01009378,Birmingham 135A,900,66,41,40,42,123,192,102,58,48,26,26,31,25,23,22,14,13,7,1,F,2011
E01033567,Birmingham 135B,509,19,2,0,15,205,155,56,16,12,9,7,4,0,6,1,1,0,1,0,F,2011
E01033615,Birmingham 135C,395,15,3,4,8,126,117,60,23,13,5,11,4,4,0,1,1,0,0,0,F,2011
E01033616,Birmingham 135D,328,15,4,4,6,84,67,53,17,13,10,9,10,7,13,4,6,3,1,2,F,2011
E01009143,Birmingham 136A,662,85,43,47,46,68,63,60,51,36,32,31,20,8,15,16,13,16,9,3,F,2011
E01009146,Birmingham 136B,826,34,26,10,142,224,95,70,24,39,45,27,18,10,21,17,13,4,6,1,F,2011
E01033564,Birmingham 136C,518,33,13,5,11,112,152,87,39,21,14,8,4,5,2,6,1,2,3,0,F,2011
E01033639,Birmingham 136D,886,70,71,65,46,86,124,99,70,67,52,50,26,15,9,9,12,7,4,4,F,2011
E01009141,Birmingham 137A,884,74,61,76,59,76,74,88,52,63,58,49,31,31,23,32,13,15,5,4,F,2011
E01033565,Birmingham 137B,416,12,1,0,5,103,152,85,23,10,3,9,4,8,1,0,0,0,0,0,F,2011
E01033618,Birmingham 137C,495,28,4,2,4,77,164,96,44,15,19,13,12,10,2,3,1,1,0,0,F,2011
E01033619,Birmingham 137D,531,26,20,13,17,97,136,65,37,22,28,19,16,7,8,7,7,3,2,1,F,2011
E01033627,Birmingham 137E,479,31,33,24,15,59,64,49,42,24,34,26,19,16,14,7,11,8,3,0,F,2011
E01033620,Birmingham 138A,419,8,1,0,10,164,115,57,22,15,6,7,2,1,4,2,0,2,2,1,F,2011
E01033622,Birmingham 138B,749,17,4,9,35,252,193,116,36,24,13,20,10,8,5,1,1,2,1,2,F,2011
E01033623,Birmingham 138C,404,8,5,4,9,102,124,61,24,26,12,11,10,4,1,0,0,2,0,1,F,2011
E01033625,Birmingham 138D,711,25,3,2,16,211,212,119,38,23,21,15,12,10,1,1,0,2,0,0,F,2011
E01009200,Birmingham 139A,846,102,71,69,51,87,76,71,61,70,54,42,26,23,17,7,8,6,4,1,F,2011
E01009327,Birmingham 139B,840,88,100,99,62,64,55,77,62,56,33,20,27,12,19,20,27,9,6,4,F,2011
E01009328,Birmingham 139C,1169,108,130,103,109,98,114,75,86,49,49,55,46,42,23,29,28,18,5,2,F,2011
E01009331,Birmingham 139D,1071,119,122,105,98,80,93,82,78,66,36,41,37,26,24,19,23,16,4,2,F,2011
E01009332,Birmingham 139E,862,76,89,87,64,59,106,53,54,48,50,60,25,20,20,19,15,6,6,5,F,2011
E01009333,Birmingham 139F,849,113,104,109,76,46,67,67,66,51,26,30,24,20,10,14,12,10,4,0,F,2011
E01009335,Birmingham 139G,979,87,101,94,91,81,96,82,60,64,38,37,31,22,22,20,28,21,3,1,F,2011
E01009344,Birmingham 139H,801,85,94,98,67,53,65,64,58,51,39,27,21,12,14,13,24,9,6,1,F,2011
E01009339,Birmingham 140A,754,76,76,68,64,60,68,61,53,38,31,31,25,23,18,15,23,15,7,2,F,2011
E01009340,Birmingham 140B,1345,169,132,108,88,87,162,146,96,81,50,52,43,25,33,29,27,7,5,5,F,2011
E01009382,Birmingham 140C,909,77,85,82,73,91,84,70,53,59,40,38,30,31,33,27,13,13,8,2,F,2011
E01009391,Birmingham 140D,780,89,101,66,42,57,92,89,58,44,32,24,20,18,12,15,10,7,3,1,F,2011
E01009392,Birmingham 140E,882,73,82,74,60,98,78,78,61,62,28,31,43,43,26,15,13,8,6,3,F,2011
E01009393,Birmingham 140F,792,79,92,84,62,50,82,77,65,50,27,38,24,10,10,14,9,11,7,1,F,2011
E01033641,Birmingham 140G,1609,200,167,131,113,122,155,148,130,96,63,64,59,43,33,35,24,11,11,4,F,2011
E08000026,,159084,10862,9252,8863,11468,14550,12075,10752,10188,10722,10149,8815,7771,7722,6853,5698,4905,3951,2788,1700,F,2011
E01009589,Coventry 001A,712,44,41,41,51,56,60,56,53,51,46,37,38,45,41,22,17,7,4,2,F,2011
E01032536,Coventry 001F,950,60,54,44,59,67,94,95,74,71,63,57,45,40,39,26,24,16,13,9,F,2011
E01032537,Coventry 001G,1008,62,54,58,48,62,66,79,66,66,61,54,57,67,69,59,41,24,9,6,F,2011
E01032538,Coventry 001H,1123,90,66,60,70,93,101,83,77,83,72,65,53,64,50,28,26,23,11,8,F,2011
E01009590,Coventry 002A,697,37,37,40,43,24,30,37,41,54,66,38,41,41,40,27,37,24,21,19,F,2011
E01009591,Coventry 002B,783,61,51,55,57,57,55,62,59,71,54,46,30,39,34,17,11,15,5,4,F,2011
E01009593,Coventry 002C,824,50,35,48,51,63,56,38,68,44,70,56,32,51,44,46,35,23,11,3,F,2011
E01009598,Coventry 002D,818,28,35,37,57,47,41,41,43,45,57,65,51,46,46,59,70,31,15,4,F,2011
E01009604,Coventry 004A,728,50,45,46,47,55,49,58,48,57,47,43,35,31,36,21,27,21,5,7,F,2011
E01009605,Coventry 004B,777,69,39,45,55,57,56,47,58,69,50,47,39,31,37,28,17,20,10,3,F,2011
E01009607,Coventry 004C,733,76,33,32,39,79,55,65,44,47,44,50,26,23,28,31,28,14,14,5,F,2011
E01009608,Coventry 004D,811,78,50,60,38,57,55,66,46,64,51,52,38,32,27,32,21,18,17,9,F,2011
E01009610,Coventry 004E,737,48,42,58,56,61,56,38,42,58,44,45,32,42,45,29,15,12,6,8,F,2011
E01009564,Coventry 005A,854,96,83,83,58,63,89,67,58,61,46,32,25,25,18,11,19,12,7,1,F,2011
E01009575,Coventry 005B,702,80,46,48,49,55,77,49,49,53,42,41,30,17,14,17,8,15,4,8,F,2011
E01009606,Coventry 005C,767,61,64,53,40,37,58,61,58,51,36,56,34,30,32,30,28,23,10,5,F,2011
E01009609,Coventry 005D,839,78,61,63,59,44,79,64,51,58,43,42,40,41,25,19,24,31,12,5,F,2011
E01009524,Coventry 006A,809,39,38,43,62,32,32,41,42,65,58,59,45,40,36,32,35,35,40,35,F,2011
E01009525,Coventry 006B,747,48,37,41,41,43,44,51,47,42,45,54,41,47,31,24,42,46,17,6,F,2011
E01009527,Coventry 006C,799,56,57,57,51,50,51,61,55,70,73,43,38,33,26,24,14,16,15,9,F,2011
E01009594,Coventry 006D,699,33,28,39,44,45,29,34,59,46,56,67,52,37,46,26,26,19,9,4,F,2011
E01009577,Coventry 007A,683,72,62,59,38,48,55,44,59,39,41,31,41,20,15,17,20,14,5,3,F,2011
E01009579,Coventry 007B,889,103,59,62,64,72,58,65,59,67,54,44,40,33,29,23,20,23,13,1,F,2011
E01009581,Coventry 007C,849,72,53,62,62,54,57,54,49,54,41,58,40,39,37,34,30,27,22,4,F,2011
E01009584,Coventry 007D,739,49,51,43,44,51,39,36,47,45,49,53,36,31,46,37,24,37,13,8,F,2011
E01009585,Coventry 007E,593,76,58,51,59,46,41,49,38,31,47,27,16,8,12,16,13,3,2,0,F,2011
E01009709,Coventry 007F,570,54,58,46,51,34,38,41,40,36,38,20,30,21,17,18,19,6,0,3,F,2011
E01009576,Coventry 008A,823,57,38,41,48,55,63,61,60,56,58,58,46,42,32,26,29,23,18,12,F,2011
E01009578,Coventry 008B,716,41,35,34,38,37,53,40,38,51,57,66,73,51,40,22,23,13,2,2,F,2011
E01009582,Coventry 008C,927,52,49,52,62,44,75,70,53,59,70,63,58,44,46,37,36,30,15,12,F,2011
E01009583,Coventry 008D,845,52,51,56,48,41,62,50,73,50,58,52,43,53,45,37,31,16,21,6,F,2011
E01009586,Coventry 008E,840,51,53,42,56,48,49,54,37,64,70,63,47,37,48,58,31,16,13,3,F,2011
E01009565,Coventry 009A,862,97,76,72,63,53,73,75,75,47,33,39,27,33,24,23,27,17,7,1,F,2011
E01009566,Coventry 009B,778,97,86,56,42,65,85,78,64,55,42,30,26,16,13,9,7,3,3,1,F,2011
E01009567,Coventry 009C,900,102,79,49,64,76,95,66,69,54,44,36,34,26,27,32,18,17,8,4,F,2011
E01009568,Coventry 009D,884,89,83,72,56,77,67,87,64,61,42,38,35,26,20,22,22,12,5,6,F,2011
E01009523,Coventry 010A,788,22,29,33,49,35,16,21,39,53,68,44,61,73,75,45,41,34,23,27,F,2011
E01009526,Coventry 010B,817,48,50,58,54,30,40,42,53,67,66,47,44,53,41,37,28,16,24,19,F,2011
E01009528,Coventry 010C,800,47,40,35,43,38,38,33,40,59,69,40,54,57,62,43,45,29,16,12,F,2011
E01009531,Coventry 010D,802,32,41,34,42,32,41,28,47,69,52,34,63,62,51,47,39,35,31,22,F,2011
E01009587,Coventry 011A,770,72,58,47,47,58,87,57,52,53,46,31,40,28,28,24,10,17,13,2,F,2011
E01009624,Coventry 011B,858,81,56,54,62,66,83,71,45,62,51,41,49,32,25,29,22,15,11,3,F,2011
E01009625,Coventry 011C,1211,118,101,83,82,77,101,90,84,86,71,62,51,56,38,41,20,17,19,14,F,2011
E01009626,Coventry 011D,834,59,65,60,58,61,69,66,76,62,52,34,31,35,28,27,14,14,13,10,F,2011
E01009622,Coventry 012A,968,76,66,68,78,74,65,64,71,68,51,62,42,46,23,27,28,23,20,16,F,2011
E01009623,Coventry 012B,775,58,50,43,47,77,56,50,55,50,57,47,26,41,31,25,16,17,22,7,F,2011
E01009627,Coventry 012C,799,60,30,41,44,65,74,58,58,59,54,43,35,46,26,33,25,27,15,6,F,2011
E01009628,Coventry 012D,791,47,51,48,52,41,54,60,46,63,51,48,40,32,37,39,25,32,18,7,F,2011
E01009599,Coventry 013A,642,52,21,22,28,37,52,36,36,38,29,33,49,41,58,36,34,20,14,6,F,2011
E01009663,Coventry 013B,748,49,33,38,41,37,50,31,34,40,45,40,36,48,49,65,55,26,18,13,F,2011
E01009710,Coventry 013C,690,39,27,28,38,53,53,37,48,49,38,48,33,35,34,39,35,30,11,15,F,2011
E01009711,Coventry 013D,699,31,24,42,34,43,32,36,34,46,51,41,29,28,40,55,43,45,18,27,F,2011
E01009522,Coventry 014A,766,58,43,45,37,38,42,46,49,46,50,33,34,40,51,50,42,37,15,10,F,2011
E01009529,Coventry 014B,781,49,55,34,67,47,41,47,57,64,71,45,40,44,30,25,25,15,17,8,F,2011
E01009530,Coventry 014C,713,40,44,50,46,39,30,46,53,64,54,57,36,35,35,18,24,11,18,13,F,2011
E01009645,Coventry 014D,753,62,52,54,49,48,58,43,57,66,61,37,33,29,33,26,21,15,6,3,F,2011
E01009569,Coventry 015A,672,62,67,46,49,48,64,70,48,48,29,29,28,26,17,12,8,10,4,7,F,2011
E01009570,Coventry 015B,858,82,63,53,75,70,80,77,63,62,43,43,32,35,29,22,15,7,4,3,F,2011
E01009571,Coventry 015C,772,89,68,62,45,66,64,67,75,45,34,23,24,25,13,23,17,16,12,4,F,2011
E01009572,Coventry 015D,1050,124,115,64,72,101,122,119,81,58,48,38,33,21,19,15,8,6,4,2,F,2011
E01009573,Coventry 015E,745,76,71,39,56,74,87,63,51,47,27,44,29,15,12,18,15,11,6,4,F,2011
E01009574,Coventry 015F,788,101,64,49,66,65,80,69,55,47,40,28,24,21,16,27,9,10,10,7,F,2011
E01009655,Coventry 016A,942,83,76,51,53,78,117,85,57,61,65,37,33,34,27,26,23,11,15,10,F,2011
E01009656,Coventry 016B,796,62,35,43,47,66,75,60,55,50,51,35,37,43,20,22,39,22,17,17,F,2011
E01009659,Coventry 016C,844,75,80,44,59,92,101,77,55,46,57,34,26,29,20,18,18,9,3,1,F,2011
E01009662,Coventry 016D,693,51,43,24,32,53,72,57,33,47,59,40,44,41,33,18,21,13,7,5,F,2011
E01009664,Coventry 016E,743,79,39,42,57,51,67,59,39,52,54,50,35,26,30,20,21,8,12,2,F,2011
E01009643,Coventry 017A,769,60,47,50,44,39,50,62,60,63,70,38,37,43,37,17,21,14,11,6,F,2011
E01009644,Coventry 017B,873,63,57,50,53,60,58,58,69,53,70,59,29,56,40,30,27,18,10,13,F,2011
E01009647,Coventry 017C,934,60,47,40,49,90,72,60,63,65,50,48,47,36,48,37,38,32,35,17,F,2011
E01009648,Coventry 017D,787,75,41,48,41,43,37,57,74,82,47,51,36,40,41,20,21,15,12,6,F,2011
E01009652,Coventry 017E,737,30,44,39,38,40,39,27,42,57,56,51,38,42,35,47,34,33,32,13,F,2011
E01009653,Coventry 017F,812,46,49,57,43,40,39,44,59,60,60,67,35,31,37,39,42,34,20,10,F,2011
E01009613,Coventry 018A,671,28,30,44,56,38,39,34,48,62,62,48,33,32,33,27,17,14,15,11,F,2011
E01009657,Coventry 018B,857,62,50,49,59,60,59,60,60,71,66,56,49,43,25,36,22,17,10,3,F,2011
E01009712,Coventry 018C,820,55,51,54,59,56,51,54,68,57,63,52,36,28,37,23,26,18,17,15,F,2011
E01009714,Coventry 018D,796,55,53,63,59,48,49,54,51,71,58,51,40,30,35,22,22,19,14,2,F,2011
E01009716,Coventry 018E,892,54,73,66,64,45,58,56,72,64,73,59,36,40,40,23,26,19,15,9,F,2011
E01009580,Coventry 019A,631,36,32,28,25,36,35,37,45,38,37,29,38,56,39,38,33,28,14,7,F,2011
E01009713,Coventry 019B,729,53,37,48,61,54,52,37,57,61,47,38,38,44,25,21,22,14,10,10,F,2011
E01009715,Coventry 019C,714,49,53,31,48,44,50,53,67,43,40,42,50,41,29,25,14,16,15,4,F,2011
E01009717,Coventry 019D,721,46,40,38,44,23,43,58,44,50,53,53,64,61,34,25,16,19,9,1,F,2011
E01009718,Coventry 019E,829,48,41,46,40,76,72,47,46,48,53,47,42,31,46,49,31,34,22,10,F,2011
E01009629,Coventry 020A,1312,130,69,63,82,139,165,149,87,90,67,55,43,38,28,33,20,22,17,15,F,2011
E01009630,Coventry 020B,899,66,57,69,66,88,84,73,65,59,55,44,31,41,22,22,23,13,11,10,F,2011
E01009631,Coventry 020C,701,55,54,40,42,47,77,61,47,50,42,37,31,24,24,22,10,14,13,11,F,2011
E01009632,Coventry 020D,690,45,18,12,26,135,101,71,45,28,35,23,21,21,20,25,16,21,18,9,F,2011
E01009650,Coventry 020E,684,31,14,13,77,180,68,49,38,41,38,22,24,35,18,7,12,7,6,4,F,2011
E01009614,Coventry 021A,774,38,57,61,51,42,39,52,63,59,58,51,43,44,38,16,30,18,5,9,F,2011
E01009654,Coventry 021B,907,71,67,62,42,66,77,69,67,70,67,55,51,29,35,30,15,15,15,4,F,2011
E01009658,Coventry 021C,734,45,50,29,47,64,47,58,52,56,60,45,37,42,27,20,23,16,10,6,F,2011
E01009660,Coventry 021D,820,56,61,53,48,57,90,72,43,50,50,46,45,40,30,26,16,24,7,6,F,2011
E01009646,Coventry 022A,768,55,45,41,52,37,49,77,62,62,58,52,43,30,30,23,17,11,17,7,F,2011
E01009692,Coventry 022B,683,17,31,37,35,23,21,32,28,40,52,38,29,40,61,65,61,39,27,7,F,2011
E01009693,Coventry 022C,783,33,57,33,24,42,44,59,55,61,44,47,35,44,45,47,52,38,19,4,F,2011
E01009694,Coventry 022D,734,45,43,27,39,29,46,37,50,40,58,47,34,45,44,33,48,35,17,17,F,2011
E01009695,Coventry 023A,774,26,24,42,18,32,26,29,30,54,52,42,44,76,67,72,52,42,34,12,F,2011
E01009696,Coventry 023B,763,30,46,38,32,28,35,39,41,47,50,49,41,67,49,57,44,32,19,19,F,2011
E01009704,Coventry 023C,758,28,35,50,60,32,37,33,43,64,67,68,55,73,64,27,12,8,2,0,F,2011
E01009705,Coventry 023D,741,31,39,42,51,43,33,20,38,57,66,50,56,47,64,56,21,10,14,3,F,2011
E01009636,Coventry 024A,1061,89,44,52,56,240,154,91,72,52,59,42,25,22,17,19,5,13,5,4,F,2011
E01009637,Coventry 024B,741,81,79,67,56,60,65,69,63,36,38,27,26,22,17,18,12,5,0,0,F,2011
E01009638,Coventry 024C,670,89,49,33,51,49,71,58,53,57,43,31,22,17,18,9,6,11,3,0,F,2011
E01009639,Coventry 024D,859,105,72,54,58,78,85,73,48,61,30,34,31,40,30,20,18,12,8,2,F,2011
E01009640,Coventry 024E,915,121,87,63,71,82,113,81,82,51,36,32,18,25,16,12,12,9,4,0,F,2011
E01009641,Coventry 024F,1347,68,48,33,356,425,99,57,39,34,31,41,24,26,16,15,15,12,5,3,F,2011
E01009697,Coventry 025A,713,40,26,31,37,41,40,43,38,52,49,42,52,54,56,38,27,25,14,8,F,2011
E01009698,Coventry 025B,770,30,41,36,49,40,36,35,45,56,59,66,39,59,51,48,35,23,18,4,F,2011
E01009703,Coventry 025C,1334,99,73,84,91,119,160,123,104,112,90,70,55,44,33,18,20,15,15,9,F,2011
E01009706,Coventry 025D,757,36,40,42,35,41,42,53,39,55,51,48,45,45,52,52,39,26,13,3,F,2011
E01009649,Coventry 026A,707,46,41,35,41,44,40,60,55,51,48,42,43,45,18,22,25,23,17,11,F,2011
E01009684,Coventry 026B,732,52,35,29,44,51,56,51,52,47,55,27,48,36,32,39,21,20,18,19,F,2011
E01009685,Coventry 026C,850,41,45,50,38,57,59,53,60,72,60,53,47,59,39,37,19,25,26,10,F,2011
E01009686,Coventry 026D,861,46,36,50,48,61,62,64,53,66,66,57,65,36,33,32,26,20,19,21,F,2011
E01009687,Coventry 026E,693,53,35,32,37,48,66,67,51,44,45,35,52,37,25,18,15,18,8,7,F,2011
E01009615,Coventry 027A,864,54,40,57,56,126,65,64,43,52,52,40,37,44,39,24,19,22,16,14,F,2011
E01009616,Coventry 027B,825,52,42,53,66,65,65,61,53,60,66,57,37,31,31,19,28,21,14,4,F,2011
E01009617,Coventry 027C,649,46,42,41,33,36,46,41,45,43,48,45,42,32,24,24,19,18,14,10,F,2011
E01009618,Coventry 027D,770,46,38,49,58,45,39,44,61,74,70,54,43,30,38,19,22,20,12,8,F,2011
E01009620,Coventry 027E,751,45,40,38,38,52,52,50,44,65,46,43,39,32,41,28,26,28,26,18,F,2011
E01009621,Coventry 027F,687,48,38,46,55,48,67,42,54,39,44,42,28,30,27,21,16,10,15,17,F,2011
E01009633,Coventry 028A,829,49,50,46,56,176,95,75,53,39,50,34,14,19,23,22,10,10,4,4,F,2011
E01009634,Coventry 028B,754,44,41,18,30,210,106,46,36,29,40,31,24,26,22,19,12,10,9,1,F,2011
E01009635,Coventry 028C,1371,49,31,28,311,581,95,55,39,24,31,19,30,21,19,10,15,10,0,3,F,2011
E01009661,Coventry 028D,872,63,38,44,64,164,101,58,54,66,51,39,25,23,23,19,18,12,4,6,F,2011
E01009674,Coventry 029A,834,55,49,50,78,92,80,57,50,52,50,38,40,35,29,21,21,19,13,5,F,2011
E01009699,Coventry 029B,716,41,47,31,37,34,45,33,49,49,33,39,46,37,55,51,32,29,20,8,F,2011
E01009700,Coventry 029C,822,62,53,44,46,102,70,60,58,54,47,50,30,35,26,32,18,12,16,7,F,2011
E01009701,Coventry 029D,802,38,48,57,54,57,45,39,46,57,71,61,41,33,37,33,29,28,21,7,F,2011
E01009702,Coventry 029E,744,74,49,30,59,63,80,59,38,48,35,30,30,37,29,20,14,21,17,11,F,2011
E01009688,Coventry 030A,693,39,21,25,47,176,67,55,40,34,41,24,27,28,16,14,12,12,9,6,F,2011
E01009689,Coventry 030B,659,30,22,13,22,199,97,63,38,29,39,19,19,15,16,7,16,2,10,3,F,2011
E01009690,Coventry 030C,736,33,20,26,26,179,99,51,40,48,33,35,34,22,21,18,15,20,9,7,F,2011
E01009691,Coventry 030D,652,31,26,14,19,161,93,71,52,38,24,26,16,26,21,7,7,16,4,0,F,2011
E01009548,Coventry 031A,1067,71,42,29,72,175,127,85,55,68,50,40,40,48,47,25,33,23,17,20,F,2011
E01009553,Coventry 031B,887,18,14,20,172,346,76,43,28,28,27,13,17,17,9,14,12,14,12,7,F,2011
E01009642,Coventry 031C,1082,25,11,11,221,446,123,41,12,25,26,22,21,11,12,13,18,22,12,10,F,2011
E01009651,Coventry 031D,745,64,29,30,81,120,59,52,60,35,46,45,36,30,16,14,15,5,5,3,F,2011
E01009676,Coventry 032A,775,63,34,47,60,65,57,63,45,60,51,43,36,54,25,25,18,11,13,5,F,2011
E01009681,Coventry 032B,632,27,23,39,32,49,38,30,39,47,47,46,38,40,34,32,24,22,13,12,F,2011
E01009682,Coventry 032C,760,54,40,38,43,69,52,55,44,52,44,55,37,47,36,28,27,19,9,11,F,2011
E01009683,Coventry 032D,708,62,42,52,49,58,71,67,44,46,40,33,40,22,25,20,13,12,6,6,F,2011
E01009532,Coventry 033A,702,33,39,38,36,36,36,42,38,51,58,42,40,42,45,30,36,19,21,20,F,2011
E01009535,Coventry 033B,672,28,34,33,34,29,22,34,33,30,37,50,47,66,48,59,45,26,12,5,F,2011
E01009536,Coventry 033C,729,37,26,37,39,38,32,37,43,44,40,46,55,46,56,58,41,25,19,10,F,2011
E01009543,Coventry 033D,873,57,52,64,58,32,54,51,68,88,98,91,51,39,28,14,11,4,4,9,F,2011
E01009707,Coventry 033E,944,66,63,60,58,48,68,75,80,74,61,50,77,46,47,13,19,24,8,7,F,2011
E01009708,Coventry 033F,778,42,34,39,27,43,53,59,40,50,50,54,51,75,36,32,27,26,24,16,F,2011
E01009554,Coventry 034A,651,30,33,23,32,63,47,48,35,46,54,48,35,33,28,19,18,18,22,19,F,2011
E01009555,Coventry 034B,705,20,35,33,42,46,42,30,44,41,58,47,63,45,54,27,22,26,15,15,F,2011
E01009556,Coventry 034C,779,29,38,31,55,84,59,43,40,54,47,53,64,43,42,29,20,15,16,17,F,2011
E01009557,Coventry 034D,673,23,20,20,35,43,27,17,28,36,52,69,57,53,58,41,34,25,25,10,F,2011
E01009558,Coventry 034E,713,38,22,37,50,67,61,59,52,50,58,51,44,43,24,18,14,7,9,9,F,2011
E01009559,Coventry 034F,720,16,27,37,41,49,35,16,28,44,44,54,37,55,43,39,39,55,32,29,F,2011
E01009537,Coventry 035C,773,63,42,43,53,52,48,50,39,52,61,36,36,44,43,22,30,19,21,19,F,2011
E01009538,Coventry 035D,760,47,49,49,50,42,45,48,48,50,64,52,43,37,47,32,35,15,5,2,F,2011
E01009611,Coventry 035E,1110,121,110,95,77,78,107,114,94,80,59,45,27,24,23,13,17,12,13,1,F,2011
E01009612,Coventry 035F,724,68,59,51,48,70,62,43,62,52,31,33,32,35,27,12,21,10,7,1,F,2011
E01032527,Coventry 035G,823,43,61,65,64,53,53,50,51,70,59,54,44,59,42,15,13,9,16,2,F,2011
E01032528,Coventry 035H,807,72,42,29,41,52,57,63,50,33,47,37,58,63,57,31,30,16,22,7,F,2011
E01009679,Coventry 036C,726,36,52,43,59,77,50,38,46,34,46,30,38,38,39,29,23,21,14,13,F,2011
E01032531,Coventry 036E,1342,119,107,85,87,139,102,98,74,102,76,54,55,53,40,28,27,33,32,31,F,2011
E01032532,Coventry 036F,671,20,31,41,50,39,23,20,39,51,54,45,41,53,43,34,28,28,19,12,F,2011
E01032533,Coventry 036G,906,54,63,50,51,69,61,44,61,76,86,82,61,55,29,21,20,11,7,5,F,2011
E01009549,Coventry 037B,823,51,41,45,33,53,38,48,58,67,50,41,57,73,42,45,26,30,14,11,F,2011
E01009550,Coventry 037C,935,73,62,37,37,82,92,78,70,67,51,47,49,50,45,35,19,19,10,12,F,2011
E01009552,Coventry 037E,823,50,62,40,35,35,61,60,51,48,45,44,41,54,49,42,25,30,27,24,F,2011
E01032534,Coventry 037F,1004,76,64,69,66,53,70,62,58,60,63,57,44,49,47,52,33,34,28,19,F,2011
E01032535,Coventry 037G,604,31,33,34,33,40,37,53,35,47,44,34,42,37,27,18,26,13,16,4,F,2011
E01009544,Coventry 038A,749,45,26,34,32,45,55,47,47,55,37,42,42,48,46,46,32,31,25,14,F,2011
E01009619,Coventry 038D,847,70,34,29,55,115,111,77,74,39,51,36,26,23,28,24,25,12,8,10,F,2011
E01032529,Coventry 038E,652,49,25,9,37,50,75,45,27,45,27,37,40,38,37,36,28,16,24,7,F,2011
E01032530,Coventry 038F,917,51,32,38,49,46,75,60,70,65,61,59,44,45,54,26,34,39,36,33,F,2011
E01009539,Coventry 039A,806,68,57,54,61,95,67,46,53,57,40,45,31,28,20,20,23,24,11,6,F,2011
E01009540,Coventry 039B,999,109,92,74,80,71,91,88,88,60,44,48,35,28,24,25,20,16,5,1,F,2011
E01009541,Coventry 039C,791,47,28,29,54,76,64,53,38,35,57,53,25,45,50,48,39,29,16,5,F,2011
E01009542,Coventry 039D,807,61,49,52,45,61,60,60,54,61,50,40,47,36,33,28,25,25,17,3,F,2011
E01009560,Coventry 040A,764,38,49,46,37,34,39,21,45,57,58,57,50,57,49,40,27,27,26,7,F,2011
E01009561,Coventry 040B,823,41,46,37,37,36,40,41,48,54,53,47,58,54,43,41,55,38,35,19,F,2011
E01009562,Coventry 040C,817,42,39,36,36,36,24,47,51,51,59,52,53,57,48,62,49,41,26,8,F,2011
E01009563,Coventry 040D,862,62,58,43,49,33,25,49,64,66,62,48,54,57,49,26,46,36,26,9,F,2011
E01009672,Coventry 040E,1059,35,34,71,77,53,41,31,42,69,84,73,70,80,71,64,63,59,28,14,F,2011
E01009666,Coventry 041A,662,32,34,54,52,23,27,28,43,59,63,42,35,49,36,30,29,13,8,5,F,2011
E01009667,Coventry 041B,708,15,22,35,44,24,21,26,32,43,37,46,42,59,64,61,47,41,37,12,F,2011
E01009668,Coventry 041C,846,40,59,55,65,48,42,45,58,82,82,50,40,46,30,23,20,32,20,9,F,2011
E01009670,Coventry 041D,814,51,52,53,38,34,41,42,63,74,69,52,44,45,42,36,24,22,24,8,F,2011
E01009665,Coventry 042A,587,20,19,30,24,31,26,22,30,34,30,35,51,57,50,40,38,29,13,8,F,2011
E01009669,Coventry 042B,653,20,49,65,48,32,32,37,46,67,63,44,34,25,33,14,19,9,8,8,F,2011
E01009671,Coventry 042C,2075,30,35,53,798,629,96,34,46,53,54,49,50,35,35,27,22,12,12,5,F,2011
E01033058,Coventry 042F,1294,37,39,39,178,256,78,52,39,68,46,63,68,83,60,44,59,34,27,24,F,2011
E01009588,Coventry 043A,803,53,48,50,48,39,65,57,58,56,52,40,36,33,42,35,16,31,25,19,F,2011
E01009592,Coventry 043B,868,85,60,61,54,75,81,94,69,66,44,39,34,31,21,16,21,12,4,1,F,2011
E01009596,Coventry 043C,774,59,57,61,60,62,77,61,42,55,51,52,35,27,22,20,15,7,7,4,F,2011
E01009597,Coventry 043D,935,83,66,61,55,68,67,80,62,80,57,38,46,38,41,25,27,20,13,8,F,2011
E01032587,Coventry 043E,886,83,65,54,57,52,59,85,72,72,77,57,37,27,29,26,14,12,6,2,F,2011
E08000027,,159370,9286,8956,8968,9645,9003,9672,9223,9730,11994,11757,9842,9230,9761,8888,7371,6290,4977,3107,1670,F,2011
E01009763,Dudley 001A,967,77,78,73,72,50,69,74,87,98,71,35,50,40,28,30,21,6,4,4,F,2011
E01009764,Dudley 001B,713,38,31,33,56,34,35,32,45,60,70,55,43,45,39,44,27,19,3,4,F,2011
E01009767,Dudley 001C,767,46,52,48,36,45,42,38,49,49,50,44,44,50,34,45,42,31,15,7,F,2011
E01009769,Dudley 001D,791,63,49,40,51,65,65,57,45,63,42,46,33,34,18,23,44,31,17,5,F,2011
E01009770,Dudley 001E,747,46,34,35,42,51,47,39,51,50,46,51,49,43,37,48,40,22,10,6,F,2011
E01009773,Dudley 002A,803,38,45,59,52,37,46,42,56,53,54,45,41,46,44,40,38,33,25,9,F,2011
E01009777,Dudley 002B,714,40,40,39,51,36,48,31,43,71,54,44,41,32,36,39,25,23,18,3,F,2011
E01009778,Dudley 002C,765,36,41,51,56,39,49,47,50,84,58,42,41,34,38,33,22,23,10,11,F,2011
E01009895,Dudley 002D,731,35,36,47,36,40,38,35,37,66,47,45,36,50,43,41,30,29,27,13,F,2011
E01009896,Dudley 003A,774,26,37,38,59,31,28,33,35,69,56,49,55,48,51,48,51,34,19,7,F,2011
E01009897,Dudley 003B,723,29,29,35,34,23,17,28,36,61,49,43,48,45,47,81,61,37,16,4,F,2011
E01009898,Dudley 003C,766,16,31,40,38,25,35,20,24,56,45,52,58,69,61,52,51,46,28,19,F,2011
E01009901,Dudley 003D,721,21,26,39,39,19,23,23,31,50,42,44,55,68,80,46,34,39,26,16,F,2011
E01009902,Dudley 003E,655,20,33,25,33,31,24,22,34,38,51,36,61,70,78,45,26,19,5,4,F,2011
E01009765,Dudley 004A,807,40,54,46,51,37,42,51,45,73,63,53,50,51,44,50,31,12,9,5,F,2011
E01009766,Dudley 004B,800,46,50,40,40,51,49,42,48,57,69,54,56,45,46,44,34,19,7,3,F,2011
E01009768,Dudley 004C,729,35,32,45,43,31,33,30,45,59,72,49,37,43,35,36,32,29,28,15,F,2011
E01009771,Dudley 004D,721,23,23,25,32,36,30,20,37,40,49,33,32,52,61,54,74,50,33,17,F,2011
E01009775,Dudley 004E,822,40,56,60,71,52,38,38,50,63,74,45,43,34,34,44,29,23,16,12,F,2011
E01009776,Dudley 004F,778,40,40,57,48,31,38,32,58,60,69,39,45,56,45,31,42,33,9,5,F,2011
E01009758,Dudley 005A,878,66,62,43,62,48,84,49,46,50,59,53,43,46,33,46,29,35,20,4,F,2011
E01009760,Dudley 005B,667,42,43,37,49,45,40,37,40,58,43,53,30,32,23,32,30,17,7,9,F,2011
E01009772,Dudley 005C,737,48,56,46,84,52,47,47,47,78,62,40,39,20,18,16,13,5,11,8,F,2011
E01009774,Dudley 005D,814,42,34,60,35,39,35,46,58,46,66,50,50,45,56,40,42,29,23,18,F,2011
E01009788,Dudley 005E,802,32,39,42,62,52,62,47,50,61,62,47,34,48,40,44,31,23,17,9,F,2011
E01009756,Dudley 006B,755,43,52,66,53,49,47,62,49,66,49,43,42,31,26,29,18,20,8,2,F,2011
E01009757,Dudley 006C,849,59,63,53,54,59,62,46,51,77,57,48,43,40,39,28,24,19,16,11,F,2011
E01009759,Dudley 006D,631,22,31,20,33,32,32,20,31,44,50,39,49,42,86,43,23,18,10,6,F,2011
E01009762,Dudley 006F,756,69,76,58,64,60,55,50,52,60,37,43,26,27,23,24,17,7,6,2,F,2011
E01033187,Dudley 006G,1246,131,113,108,86,92,112,78,86,69,62,76,54,47,38,21,36,22,10,5,F,2011
E01009781,Dudley 007A,965,63,62,48,54,71,63,62,70,80,54,59,48,51,50,38,45,27,11,9,F,2011
E01009786,Dudley 007B,764,62,54,37,45,61,70,51,45,50,47,55,40,37,21,21,30,21,9,8,F,2011
E01009789,Dudley 007C,736,30,24,33,47,39,53,36,32,58,84,58,49,47,57,34,27,19,6,3,F,2011
E01009790,Dudley 007D,765,51,25,42,48,54,60,48,45,69,54,49,49,35,28,30,42,20,11,5,F,2011
E01009779,Dudley 008A,699,36,16,27,23,43,30,44,27,48,51,44,51,57,56,46,45,28,18,9,F,2011
E01009782,Dudley 008B,809,63,63,45,48,59,70,60,43,57,61,34,38,39,34,28,31,21,8,7,F,2011
E01009783,Dudley 008C,730,45,37,40,49,37,45,42,44,55,60,40,49,37,30,39,35,27,17,2,F,2011
E01009785,Dudley 008D,732,27,18,32,35,40,24,37,33,50,62,45,34,52,69,66,55,29,17,7,F,2011
E01009899,Dudley 008E,726,23,28,28,35,30,25,26,36,55,55,35,32,71,59,63,68,28,24,5,F,2011
E01009900,Dudley 008F,754,28,34,31,42,20,23,30,29,51,51,31,36,59,83,91,57,41,14,3,F,2011
E01009780,Dudley 009A,1060,64,74,85,80,74,80,88,92,113,107,63,51,23,19,26,8,8,4,1,F,2011
E01009784,Dudley 009B,850,54,58,43,68,38,72,72,66,78,91,73,46,31,19,17,14,8,0,2,F,2011
E01009787,Dudley 009C,787,30,50,51,58,39,31,35,49,82,92,66,54,54,34,26,13,16,5,2,F,2011
E01009880,Dudley 009D,817,49,52,45,41,47,34,56,67,71,79,52,39,29,37,27,27,23,21,21,F,2011
E01009882,Dudley 009E,704,46,43,36,36,54,41,48,47,50,65,41,52,30,33,34,22,15,6,5,F,2011
E01009891,Dudley 010A,898,90,81,61,65,54,72,70,49,75,61,55,42,28,28,21,20,13,9,4,F,2011
E01009892,Dudley 010B,765,47,43,55,63,69,49,60,46,42,61,47,44,30,27,27,25,8,14,8,F,2011
E01009893,Dudley 010C,912,113,92,60,63,71,69,76,61,56,48,40,38,41,28,15,13,13,10,5,F,2011
E01009894,Dudley 010D,925,76,61,43,58,74,71,61,53,74,66,47,39,41,47,39,33,25,11,6,F,2011
E01009844,Dudley 011A,747,65,56,59,45,50,65,53,39,59,56,35,29,28,17,27,24,15,14,11,F,2011
E01009879,Dudley 011B,1061,73,72,53,64,64,92,85,85,88,68,68,44,42,31,33,28,34,25,12,F,2011
E01009881,Dudley 011C,965,49,50,49,40,62,83,77,48,61,73,52,38,28,45,47,48,53,45,17,F,2011
E01009885,Dudley 011D,773,59,38,31,41,61,64,40,33,44,58,40,32,46,45,51,37,34,14,5,F,2011
E01009816,Dudley 012A,750,27,37,33,40,32,32,35,33,68,53,52,59,74,63,26,40,29,9,8,F,2011
E01009817,Dudley 012B,677,23,39,40,37,16,12,18,45,48,49,49,36,63,52,41,38,34,25,12,F,2011
E01009819,Dudley 012C,793,41,54,39,42,47,46,47,50,64,58,66,69,63,44,21,16,17,7,2,F,2011
E01009820,Dudley 012D,802,31,33,43,43,37,35,37,54,56,68,42,53,56,54,39,33,37,31,20,F,2011
E01009748,Dudley 013A,843,75,56,44,67,61,70,51,46,68,49,49,41,38,42,31,28,18,5,4,F,2011
E01009839,Dudley 013B,821,52,58,63,53,51,39,51,43,68,55,51,33,44,42,30,24,32,19,13,F,2011
E01009883,Dudley 013C,697,51,55,43,41,37,37,41,43,58,58,36,25,29,32,34,29,26,11,11,F,2011
E01009884,Dudley 013D,762,58,45,33,47,38,59,74,60,53,63,32,25,28,32,39,32,26,12,6,F,2011
E01009886,Dudley 013E,800,39,49,36,43,41,46,31,36,60,51,39,37,38,52,50,69,46,22,15,F,2011
E01009814,Dudley 014A,694,21,32,41,38,23,14,30,37,51,52,52,35,55,64,48,37,35,18,11,F,2011
E01009815,Dudley 014B,673,19,35,52,55,29,18,17,36,51,74,69,47,54,36,24,22,20,13,2,F,2011
E01009818,Dudley 014C,571,27,38,32,37,21,19,30,30,40,48,38,36,30,42,26,20,30,17,10,F,2011
E01009821,Dudley 014D,720,26,31,33,28,24,20,29,35,50,49,42,49,58,67,69,41,33,24,12,F,2011
E01009822,Dudley 014E,778,21,30,47,36,28,25,32,40,57,56,42,48,49,72,61,54,38,25,17,F,2011
E01009887,Dudley 015A,919,78,49,62,73,53,71,57,60,65,53,59,53,48,44,22,36,18,11,7,F,2011
E01009888,Dudley 015B,818,48,50,45,40,56,68,44,44,64,59,53,31,54,41,27,27,35,22,10,F,2011
E01009889,Dudley 015C,926,80,68,60,75,79,92,70,58,54,55,39,28,44,28,30,29,19,13,5,F,2011
E01009890,Dudley 015D,878,71,66,76,65,64,69,65,58,62,59,53,35,27,20,26,29,21,10,2,F,2011
E01009749,Dudley 016A,721,29,21,30,45,42,39,29,42,48,63,71,44,49,36,45,37,27,16,8,F,2011
E01009750,Dudley 016B,746,38,44,47,34,40,50,41,48,46,67,41,39,52,44,57,20,22,10,6,F,2011
E01009823,Dudley 016C,687,25,37,43,45,28,21,31,47,55,63,61,44,63,45,33,24,10,6,6,F,2011
E01009824,Dudley 016D,835,39,43,48,64,36,51,50,66,50,72,50,34,46,36,27,38,42,26,17,F,2011
E01009751,Dudley 017A,766,49,49,36,43,50,60,41,34,80,51,49,35,32,33,47,38,22,15,2,F,2011
E01009752,Dudley 017B,758,71,48,47,56,53,55,58,58,57,45,35,38,39,34,14,20,14,15,1,F,2011
E01009753,Dudley 017C,827,63,67,54,62,59,56,54,49,69,60,36,30,45,33,27,21,28,12,2,F,2011
E01009754,Dudley 017D,862,73,52,51,53,51,82,46,63,57,59,54,52,42,33,32,33,14,10,5,F,2011
E01009841,Dudley 017E,826,67,58,62,57,53,59,62,51,54,46,44,33,42,33,35,22,30,12,6,F,2011
E01009840,Dudley 018A,743,87,65,39,38,59,71,52,45,40,48,31,31,23,22,27,23,21,13,8,F,2011
E01009842,Dudley 018B,876,62,49,48,53,99,89,50,49,52,49,42,44,47,32,33,23,24,17,14,F,2011
E01009843,Dudley 018C,810,50,43,49,45,40,53,44,50,62,58,50,52,45,56,39,33,26,11,4,F,2011
E01009871,Dudley 018D,895,51,33,41,49,87,88,65,48,72,57,44,51,44,50,35,42,23,11,4,F,2011
E01009875,Dudley 018E,826,65,37,42,61,45,56,46,57,51,54,43,44,34,43,50,29,35,21,13,F,2011
E01009825,Dudley 019A,726,31,38,37,41,46,28,34,44,54,67,48,39,55,43,41,31,25,15,9,F,2011
E01009826,Dudley 019B,743,29,34,30,30,21,25,28,40,41,52,59,41,63,87,70,45,30,13,5,F,2011
E01009827,Dudley 019C,823,27,32,65,64,26,11,28,47,78,73,58,51,52,44,52,55,40,15,5,F,2011
E01009828,Dudley 019D,694,28,28,31,44,40,30,27,37,54,46,50,41,69,50,54,31,18,14,2,F,2011
E01009829,Dudley 019E,781,37,36,34,52,26,25,39,42,64,65,53,46,67,48,55,46,32,10,4,F,2011
E01009830,Dudley 019F,832,30,38,54,55,26,19,29,35,64,69,55,48,73,71,43,48,41,21,13,F,2011
E01009872,Dudley 020A,741,47,62,57,62,37,54,55,46,56,62,51,29,19,31,21,11,17,13,11,F,2011
E01009873,Dudley 020B,775,46,35,36,58,35,32,36,50,43,62,58,61,55,41,44,26,30,22,5,F,2011
E01009874,Dudley 020C,790,44,56,61,57,45,59,53,54,55,67,53,51,34,27,30,17,12,11,4,F,2011
E01009876,Dudley 020D,841,49,51,58,46,31,69,59,51,59,70,45,40,49,55,54,30,15,10,0,F,2011
E01009877,Dudley 020E,808,70,68,50,51,62,66,41,44,65,46,39,38,35,35,26,27,25,18,2,F,2011
E01009911,Dudley 021A,673,17,24,27,33,37,27,40,34,59,52,43,42,73,69,53,19,12,5,7,F,2011
E01009912,Dudley 021B,892,52,46,56,47,49,75,52,70,75,60,57,37,51,48,49,31,19,13,5,F,2011
E01009913,Dudley 021C,767,35,43,42,42,38,33,38,58,68,50,42,38,51,52,62,33,24,11,7,F,2011
E01009914,Dudley 021D,741,29,38,36,33,23,22,34,38,60,53,44,50,79,62,57,32,31,16,4,F,2011
E01009915,Dudley 021E,884,38,39,32,39,56,67,63,62,67,62,56,53,55,61,37,25,24,26,22,F,2011
E01009916,Dudley 021F,851,37,53,55,44,65,60,51,47,69,65,40,46,62,45,35,29,19,18,11,F,2011
E01009741,Dudley 022A,1085,104,53,54,74,141,110,87,73,68,53,45,50,33,39,32,26,19,16,8,F,2011
E01009744,Dudley 022B,958,93,58,45,54,97,100,64,52,71,60,46,47,50,37,29,29,16,7,3,F,2011
E01009746,Dudley 022C,821,54,49,49,45,48,88,55,43,49,51,39,42,40,29,37,31,29,23,20,F,2011
E01009747,Dudley 022D,757,54,40,46,45,55,84,59,54,66,61,34,41,35,21,17,9,14,10,12,F,2011
E01009731,Dudley 023A,783,41,47,46,48,46,61,53,67,80,47,62,48,38,24,26,10,8,18,13,F,2011
E01009740,Dudley 023B,876,73,59,52,71,73,92,66,64,72,55,54,47,26,20,13,20,11,6,2,F,2011
E01009742,Dudley 023C,828,73,54,58,40,51,56,43,50,69,54,31,48,44,30,32,26,41,20,8,F,2011
E01009743,Dudley 023D,938,70,78,68,61,55,62,75,60,68,75,34,37,45,49,39,30,15,11,6,F,2011
E01009745,Dudley 023E,869,45,47,32,53,43,56,56,60,70,63,50,57,66,45,34,39,29,14,10,F,2011
E01009917,Dudley 024A,639,33,37,48,33,26,26,39,38,53,53,39,43,45,66,35,10,10,3,2,F,2011
E01009918,Dudley 024B,761,40,46,48,35,47,54,38,48,66,38,45,44,42,51,30,35,30,16,8,F,2011
E01009919,Dudley 024C,617,20,30,30,34,24,22,20,43,44,52,35,28,57,86,51,21,13,5,2,F,2011
E01009920,Dudley 024D,704,49,31,37,29,29,51,50,60,68,57,44,37,63,40,19,17,12,8,3,F,2011
E01009864,Dudley 025A,843,56,64,57,52,43,61,62,61,56,46,59,56,48,44,22,31,16,7,2,F,2011
E01009865,Dudley 025B,770,52,49,49,41,36,45,41,49,51,35,36,33,45,39,48,35,38,40,8,F,2011
E01009866,Dudley 025C,852,73,42,39,36,68,65,60,54,70,51,52,48,43,38,29,33,27,20,4,F,2011
E01009867,Dudley 025D,877,46,56,55,49,48,52,55,53,69,60,48,50,63,52,36,33,33,11,8,F,2011
E01009878,Dudley 025E,1042,82,71,60,58,51,70,70,83,71,71,62,53,61,45,33,31,34,17,19,F,2011
E01009791,Dudley 026A,744,37,44,44,36,42,44,60,34,57,51,49,60,43,31,24,28,24,29,7,F,2011
E01009792,Dudley 026B,810,46,52,67,59,39,55,50,65,76,59,37,35,37,38,35,26,22,7,5,F,2011
E01009795,Dudley 026C,864,73,60,36,58,75,82,65,48,54,69,67,43,37,34,20,20,14,7,2,F,2011
E01009796,Dudley 026D,774,37,30,45,58,56,45,37,44,50,76,47,55,43,45,29,26,33,11,7,F,2011
E01009798,Dudley 026E,856,54,51,39,49,53,42,54,49,71,78,52,40,53,43,42,31,29,19,7,F,2011
E01009719,Dudley 027A,724,38,47,47,45,33,58,38,53,57,56,54,43,52,47,28,17,7,2,2,F,2011
E01009722,Dudley 027B,705,35,45,33,31,27,48,50,45,53,41,41,43,65,60,44,20,11,9,4,F,2011
E01009727,Dudley 027C,682,38,33,41,48,36,41,43,38,66,60,67,52,57,24,13,11,7,6,1,F,2011
E01009728,Dudley 027D,649,32,30,44,28,34,33,29,55,57,50,47,49,57,35,25,17,14,12,1,F,2011
E01009729,Dudley 027E,784,42,41,40,48,49,48,44,62,51,58,53,41,47,42,49,27,20,19,3,F,2011
E01009720,Dudley 028A,722,30,50,55,43,34,37,39,38,81,73,54,70,48,33,8,17,8,3,1,F,2011
E01009723,Dudley 028B,622,22,40,33,41,37,30,28,35,55,62,58,64,52,24,16,15,5,4,1,F,2011
E01009724,Dudley 028C,768,46,38,38,42,40,49,53,46,56,59,80,65,55,33,25,15,14,13,1,F,2011
E01009730,Dudley 028D,748,42,57,45,45,42,43,55,72,85,67,49,46,45,18,15,11,4,3,4,F,2011
E01009903,Dudley 029A,757,37,41,37,32,20,23,34,38,62,49,45,58,57,66,52,42,26,20,18,F,2011
E01009904,Dudley 029B,752,36,31,27,28,32,31,31,41,54,52,50,52,44,44,37,49,32,39,42,F,2011
E01009909,Dudley 029C,728,30,33,39,33,41,39,25,42,56,51,41,45,44,57,46,46,27,22,11,F,2011
E01009910,Dudley 029D,806,48,48,36,52,51,48,41,47,65,55,31,38,46,39,31,61,40,20,9,F,2011
E01009793,Dudley 030A,703,24,48,61,47,25,37,41,35,63,76,52,46,42,30,27,25,10,9,5,F,2011
E01009794,Dudley 030B,753,32,33,33,34,29,37,38,33,49,43,52,53,61,42,50,67,41,22,4,F,2011
E01009797,Dudley 030C,729,35,35,28,44,34,38,31,34,62,44,40,36,50,74,43,25,42,20,14,F,2011
E01009801,Dudley 030D,848,33,30,39,49,44,35,36,45,60,74,65,61,55,65,43,33,36,28,17,F,2011
E01009721,Dudley 031A,992,60,33,32,43,62,85,78,63,56,86,48,49,66,66,40,34,31,33,27,F,2011
E01009725,Dudley 031B,762,59,45,50,49,66,54,45,53,62,65,45,32,36,36,30,18,12,5,0,F,2011
E01009726,Dudley 031C,651,34,26,34,44,31,31,30,58,45,58,37,56,57,54,28,17,5,6,0,F,2011
E01009834,Dudley 031D,832,61,46,43,46,46,45,54,56,65,52,51,39,44,54,36,36,31,21,6,F,2011
E01009833,Dudley 032A,705,60,67,51,52,50,69,63,51,50,41,29,29,20,16,17,12,15,9,4,F,2011
E01009835,Dudley 032B,799,82,52,54,63,53,62,58,49,60,49,54,50,40,26,15,14,9,7,2,F,2011
E01009869,Dudley 032C,822,44,40,43,51,49,61,60,54,50,70,49,67,60,37,38,24,15,7,3,F,2011
E01009870,Dudley 032D,679,17,23,40,29,58,49,42,39,44,53,67,76,55,28,16,19,6,8,10,F,2011
E01009809,Dudley 033A,851,57,45,53,61,57,68,49,59,63,50,51,34,47,41,36,29,17,23,11,F,2011
E01009813,Dudley 033B,822,58,54,42,61,48,51,68,51,57,60,44,37,44,42,32,33,21,11,8,F,2011
E01009861,Dudley 033C,810,64,61,46,54,42,54,62,59,64,63,40,38,37,42,29,12,22,16,5,F,2011
E01009862,Dudley 033D,918,60,50,68,58,74,67,61,52,64,69,49,35,53,38,32,31,21,19,17,F,2011
E01009863,Dudley 033E,957,85,63,69,75,85,93,79,52,84,61,42,36,40,33,19,18,11,4,8,F,2011
E01009868,Dudley 033F,799,58,43,52,42,62,63,69,66,60,40,36,42,32,33,35,23,19,12,12,F,2011
E01009734,Dudley 034A,775,45,35,32,40,45,48,39,40,49,42,60,47,47,45,38,41,39,26,17,F,2011
E01009735,Dudley 034B,744,34,34,43,48,32,52,32,46,61,59,74,49,58,47,21,21,15,11,7,F,2011
E01009736,Dudley 034C,711,35,28,20,41,34,37,44,36,46,47,47,53,70,58,34,33,31,10,7,F,2011
E01009737,Dudley 034D,768,35,36,39,39,43,46,49,40,55,63,47,57,51,57,27,29,26,21,8,F,2011
E01009738,Dudley 034E,807,54,51,42,68,33,41,41,63,59,58,51,32,49,28,38,26,30,30,13,F,2011
E01009856,Dudley 035A,980,63,58,59,54,61,63,89,65,72,72,51,45,58,43,38,28,34,18,9,F,2011
E01009905,Dudley 035B,718,32,37,31,52,32,44,40,49,37,67,55,51,40,46,41,34,20,7,3,F,2011
E01009906,Dudley 035C,755,41,30,29,42,32,54,52,58,61,56,38,54,40,37,42,36,28,12,13,F,2011
E01009907,Dudley 035D,761,43,30,33,55,56,51,46,39,60,73,46,49,45,29,28,25,19,16,18,F,2011
E01009908,Dudley 035E,836,50,52,48,49,36,38,38,60,71,82,57,63,46,45,38,20,28,12,3,F,2011
E01009800,Dudley 036A,829,30,47,55,44,41,25,44,47,56,47,55,55,50,57,46,34,38,34,24,F,2011
E01009802,Dudley 036B,833,42,49,48,60,36,35,49,53,61,61,52,54,55,40,29,25,43,29,12,F,2011
E01009803,Dudley 036C,826,29,36,34,47,44,21,29,43,49,66,72,55,70,61,39,40,50,29,12,F,2011
E01009804,Dudley 036D,666,19,19,26,35,31,26,31,35,43,65,59,65,60,51,35,16,19,17,14,F,2011
E01009831,Dudley 037A,720,36,32,47,56,40,42,30,33,64,43,42,47,46,43,43,25,32,12,7,F,2011
E01009836,Dudley 037B,937,117,67,46,53,87,99,55,49,56,51,38,57,37,27,19,24,31,13,11,F,2011
E01009837,Dudley 037C,799,57,50,56,48,55,51,70,57,58,53,45,44,48,39,23,18,17,5,5,F,2011
E01009838,Dudley 037D,822,51,51,53,56,35,48,62,56,65,64,35,40,53,50,38,27,21,9,8,F,2011
E01009847,Dudley 038A,741,27,31,42,43,37,19,33,36,74,60,53,46,61,65,33,38,28,10,5,F,2011
E01009848,Dudley 038B,732,43,30,42,48,31,37,38,44,69,66,43,34,44,46,31,25,26,19,16,F,2011
E01009849,Dudley 038C,788,35,30,71,44,49,41,38,49,56,70,45,57,62,35,22,29,20,23,12,F,2011
E01009851,Dudley 038D,748,28,33,49,42,26,28,29,41,49,65,58,57,63,49,42,35,20,24,10,F,2011
E01009732,Dudley 039A,888,58,49,41,61,46,46,55,71,63,59,62,51,59,52,33,38,22,13,9,F,2011
E01009733,Dudley 039B,899,89,50,36,43,87,91,69,39,54,53,35,47,47,45,25,32,26,21,10,F,2011
E01009739,Dudley 039C,782,37,50,42,45,50,37,42,58,81,55,52,38,41,48,42,22,24,13,5,F,2011
E01009799,Dudley 039D,773,38,30,47,39,33,32,42,44,66,54,37,33,62,62,45,41,28,30,10,F,2011
E01009805,Dudley 039E,712,24,25,34,42,33,29,36,52,39,60,73,55,62,68,23,25,17,9,6,F,2011
E01009806,Dudley 039F,735,20,34,25,44,38,59,41,41,48,55,52,61,55,63,28,28,21,12,10,F,2011
E01009854,Dudley 040A,781,32,33,39,39,23,21,27,40,66,59,46,59,69,52,67,46,32,16,15,F,2011
E01009857,Dudley 040B,831,60,44,54,46,39,60,78,51,63,53,45,49,63,35,31,28,10,13,9,F,2011
E01009858,Dudley 040C,652,24,15,15,29,27,42,41,24,40,36,38,45,41,41,26,44,38,51,35,F,2011
E01009859,Dudley 040D,826,44,57,57,47,27,27,41,60,50,64,54,55,53,56,40,35,32,17,10,F,2011
E01009845,Dudley 041A,765,24,35,28,36,29,32,23,29,54,66,56,66,76,53,61,25,33,23,16,F,2011
E01009846,Dudley 041B,754,30,36,33,56,33,17,33,35,41,64,58,53,65,47,35,56,30,26,6,F,2011
E01009850,Dudley 041C,769,42,27,45,34,18,28,40,51,53,51,48,59,67,57,49,30,32,22,16,F,2011
E01009852,Dudley 041D,771,31,41,42,36,20,21,22,40,43,57,65,51,64,64,56,47,36,23,12,F,2011
E01009832,Dudley 042A,873,74,50,53,62,46,47,48,49,64,68,58,37,36,34,34,51,33,21,8,F,2011
E01009853,Dudley 042B,721,28,28,21,27,22,23,27,38,40,35,37,49,65,64,65,70,50,26,6,F,2011
E01009855,Dudley 042C,852,30,52,29,61,33,25,24,43,46,59,59,56,66,73,56,61,36,28,15,F,2011
E01009860,Dudley 042D,763,29,38,31,28,25,25,25,38,47,57,59,58,76,83,55,48,30,9,2,F,2011
E01009807,Dudley 043A,928,29,47,51,55,35,23,41,42,69,69,61,65,72,54,35,67,67,35,11,F,2011
E01009808,Dudley 043B,755,31,34,46,42,39,20,22,53,48,64,63,80,66,48,36,28,24,9,2,F,2011
E01009810,Dudley 043C,901,42,50,40,43,33,47,55,60,55,58,63,54,46,66,68,45,43,20,13,F,2011
E01009811,Dudley 043D,786,33,40,49,39,40,35,29,51,54,62,54,54,61,51,43,43,36,8,4,F,2011
E01009812,Dudley 043E,775,32,40,46,58,29,27,43,40,58,63,66,56,65,45,35,29,21,12,10,F,2011
E08000028,,156900,11239,9832,9233,9889,10414,12052,10867,10251,11433,10994,8872,7741,7583,6898,5949,5096,4198,2700,1659,F,2011
E01010085,Sandwell 001A,826,39,38,54,54,59,49,46,48,44,66,57,60,34,32,28,37,32,31,18,F,2011
E01010086,Sandwell 001B,877,60,53,51,66,71,67,75,54,68,53,51,45,43,30,29,22,23,11,5,F,2011
E01010087,Sandwell 001C,863,51,63,53,67,53,47,43,62,67,76,65,55,35,32,25,31,23,10,5,F,2011
E01010088,Sandwell 001D,774,51,37,53,56,52,70,52,49,47,65,50,48,35,29,28,25,11,11,5,F,2011
E01010089,Sandwell 001E,980,65,74,73,81,56,61,67,64,79,68,47,51,51,37,39,20,19,16,12,F,2011
E01009969,Sandwell 002A,1051,91,70,53,61,93,92,86,93,88,70,49,41,53,30,16,22,28,11,4,F,2011
E01009970,Sandwell 002B,750,33,38,51,50,44,50,45,47,52,48,48,30,41,39,40,30,36,18,10,F,2011
E01009971,Sandwell 002C,872,59,57,55,63,55,61,76,73,64,57,42,29,33,28,23,17,35,28,17,F,2011
E01009973,Sandwell 002D,1256,102,92,83,75,94,103,116,94,97,102,79,60,55,40,28,13,8,9,6,F,2011
E01009960,Sandwell 003A,809,46,57,48,51,43,60,44,48,51,51,57,41,38,33,36,51,37,12,5,F,2011
E01009961,Sandwell 003B,639,33,21,26,28,39,38,27,38,53,53,55,34,29,46,51,28,30,5,5,F,2011
E01009966,Sandwell 003C,629,55,51,43,34,43,43,39,45,45,55,38,25,25,30,15,18,16,8,1,F,2011
E01009967,Sandwell 003D,941,74,51,53,53,60,71,74,61,50,63,61,63,40,30,36,53,38,6,4,F,2011
E01010092,Sandwell 003E,986,68,57,57,62,62,62,65,61,70,79,58,50,43,51,47,31,34,16,13,F,2011
E01009962,Sandwell 004A,725,52,57,55,64,39,42,41,42,45,53,45,51,31,31,21,25,21,8,2,F,2011
E01009963,Sandwell 004B,724,52,41,60,68,48,48,35,46,58,54,48,40,26,28,25,27,11,7,2,F,2011
E01009964,Sandwell 004C,791,64,69,62,59,47,60,56,51,41,59,50,35,44,37,21,20,10,3,3,F,2011
E01009965,Sandwell 004D,707,56,66,49,64,36,65,45,54,53,51,39,38,19,24,19,15,8,5,1,F,2011
E01010090,Sandwell 005A,866,48,59,36,54,65,90,58,55,52,45,39,47,36,46,32,20,23,32,29,F,2011
E01010091,Sandwell 005B,773,43,42,35,49,60,51,44,40,51,65,55,49,42,34,36,28,19,12,18,F,2011
E01010096,Sandwell 005C,766,33,33,40,34,40,40,29,33,65,56,41,47,45,61,49,32,39,26,23,F,2011
E01010097,Sandwell 005D,904,47,33,52,57,45,38,32,50,63,56,55,63,71,74,57,51,43,10,7,F,2011
E01009968,Sandwell 006A,742,31,30,27,49,31,45,32,41,62,53,53,32,65,58,40,33,26,25,9,F,2011
E01009972,Sandwell 006B,920,47,35,55,55,41,47,43,50,70,79,53,48,52,68,55,56,43,17,6,F,2011
E01009974,Sandwell 006C,777,26,31,42,53,38,29,40,45,49,53,56,58,50,50,41,53,29,23,11,F,2011
E01009975,Sandwell 006D,820,29,47,39,43,50,31,39,53,66,73,44,51,52,48,49,46,27,23,10,F,2011
E01010030,Sandwell 007A,766,49,43,38,62,66,58,37,54,48,59,33,27,44,31,39,29,26,14,9,F,2011
E01010034,Sandwell 007B,701,30,33,44,60,61,36,35,40,64,97,72,49,30,23,11,10,4,2,0,F,2011
E01010035,Sandwell 007C,664,20,25,26,36,29,39,28,35,40,58,53,48,65,61,55,34,8,3,1,F,2011
E01010036,Sandwell 007D,838,72,76,64,51,48,82,72,79,67,54,34,33,36,27,17,13,7,4,2,F,2011
E01009982,Sandwell 009A,805,54,70,59,74,51,58,37,44,86,51,51,35,35,30,21,14,20,6,9,F,2011
E01009983,Sandwell 009B,757,51,46,49,51,43,55,45,40,72,53,48,39,43,37,23,26,20,11,5,F,2011
E01010029,Sandwell 009C,737,57,67,49,60,43,62,50,34,53,46,36,34,30,33,31,28,12,10,2,F,2011
E01010037,Sandwell 009D,562,40,49,35,51,32,49,36,36,36,41,29,30,26,23,21,13,11,2,2,F,2011
E01009991,Sandwell 010A,1150,90,72,77,62,89,111,83,68,80,92,57,41,30,39,33,36,39,24,27,F,2011
E01009994,Sandwell 010B,776,31,40,64,70,58,46,50,45,63,60,45,37,33,34,29,32,15,17,7,F,2011
E01009995,Sandwell 010C,826,73,43,42,46,58,63,50,56,53,64,40,43,35,47,29,22,19,17,26,F,2011
E01009996,Sandwell 010D,810,53,54,45,59,49,50,45,41,60,56,60,42,47,37,35,43,24,5,5,F,2011
E01009997,Sandwell 010E,890,82,67,47,56,71,62,64,70,73,60,45,40,47,25,31,17,11,14,8,F,2011
E01009998,Sandwell 010F,1037,88,84,75,66,64,102,81,74,65,71,50,47,41,24,24,31,32,12,6,F,2011
E01010008,Sandwell 011A,809,50,40,48,54,47,51,47,38,67,53,51,43,33,43,37,37,53,13,4,F,2011
E01010010,Sandwell 011B,699,44,47,34,35,37,56,54,41,52,51,50,46,47,38,20,19,15,10,3,F,2011
E01010011,Sandwell 011C,824,51,47,38,46,50,39,61,57,63,55,57,37,36,50,38,49,27,16,7,F,2011
E01010012,Sandwell 011D,719,33,35,27,47,40,33,39,55,46,56,51,39,51,40,31,36,35,22,3,F,2011
E01010007,Sandwell 012A,660,40,38,27,27,41,44,47,40,49,53,53,39,46,40,30,18,9,12,7,F,2011
E01010009,Sandwell 012B,739,38,44,49,56,41,39,42,51,66,59,45,40,45,26,28,15,25,17,13,F,2011
E01010013,Sandwell 012C,638,27,31,39,33,19,40,29,43,45,37,34,39,42,61,49,44,13,9,4,F,2011
E01010014,Sandwell 012D,849,43,45,36,38,50,54,47,50,54,68,49,53,40,58,47,44,41,24,8,F,2011
E01010093,Sandwell 013A,541,30,32,28,37,31,54,44,35,46,35,30,28,14,18,27,21,17,6,8,F,2011
E01010094,Sandwell 013B,754,51,44,50,46,56,51,63,47,53,64,55,41,45,34,19,9,14,7,5,F,2011
E01010095,Sandwell 013C,680,41,46,57,58,35,56,43,51,51,51,40,39,23,27,20,14,19,6,3,F,2011
E01010098,Sandwell 013D,890,55,42,44,45,53,54,52,60,67,52,59,35,44,45,54,43,46,27,13,F,2011
E01010099,Sandwell 013E,834,56,39,48,50,55,53,51,59,50,64,52,54,49,38,41,30,21,18,6,F,2011
E01010100,Sandwell 013F,917,79,46,40,50,73,90,80,55,57,48,63,56,54,42,33,16,19,14,2,F,2011
E01009978,Sandwell 014A,836,40,39,57,78,53,33,31,60,87,56,51,50,62,35,32,34,20,10,8,F,2011
E01010031,Sandwell 014B,775,64,43,28,37,72,76,62,48,49,40,42,27,47,48,34,19,20,8,11,F,2011
E01010032,Sandwell 014C,762,76,90,67,66,47,75,45,62,57,31,37,35,20,14,10,10,15,5,0,F,2011
E01010033,Sandwell 014D,728,43,39,36,30,58,66,49,40,47,53,40,27,39,44,31,21,36,19,10,F,2011
E01010074,Sandwell 014E,1222,103,81,66,47,89,147,113,75,87,58,67,38,53,48,44,31,31,17,27,F,2011
E01010066,Sandwell 015A,776,63,68,34,40,49,44,57,36,45,41,44,38,44,40,36,27,28,26,16,F,2011
E01010067,Sandwell 015B,717,72,55,32,50,60,59,74,42,59,36,38,29,30,22,21,17,6,8,7,F,2011
E01010068,Sandwell 015C,879,58,58,50,43,47,62,59,67,67,47,48,42,44,30,46,25,29,34,23,F,2011
E01010070,Sandwell 015D,831,55,45,35,38,63,59,67,49,63,64,51,42,41,24,37,28,37,17,16,F,2011
E01010075,Sandwell 015E,733,70,49,51,56,51,63,60,69,84,63,29,27,18,11,13,12,6,0,1,F,2011
E01010076,Sandwell 015F,672,49,38,44,38,26,43,33,37,44,49,38,26,36,38,35,40,25,22,11,F,2011
E01009976,Sandwell 016A,1298,116,92,64,67,86,133,140,133,108,96,69,40,56,33,23,19,12,4,7,F,2011
E01009977,Sandwell 016B,875,71,56,38,51,63,86,82,75,81,54,44,37,33,36,17,18,19,12,2,F,2011
E01009979,Sandwell 016C,804,50,53,44,32,63,51,58,36,56,53,44,39,49,33,41,27,30,33,12,F,2011
E01009980,Sandwell 016D,1168,99,70,71,65,73,110,98,85,98,73,54,48,57,34,35,33,20,24,21,F,2011
E01010069,Sandwell 016E,920,76,58,56,66,59,81,92,65,79,60,58,61,41,25,10,13,13,5,2,F,2011
E01010071,Sandwell 016F,863,47,48,57,68,76,73,64,68,68,76,36,40,42,27,24,19,17,9,4,F,2011
E01009947,Sandwell 017A,996,61,65,56,55,64,73,55,61,78,74,73,66,41,38,30,31,33,28,14,F,2011
E01009992,Sandwell 017B,864,48,75,51,63,52,72,56,71,78,60,50,38,29,37,29,28,13,8,6,F,2011
E01009993,Sandwell 017C,982,71,75,64,66,49,73,74,58,66,61,48,44,42,33,45,30,34,24,25,F,2011
E01010103,Sandwell 017D,940,66,61,51,51,93,92,75,63,55,70,48,36,41,35,25,29,25,14,10,F,2011
E01010104,Sandwell 017E,831,52,35,30,34,52,54,28,49,45,63,54,56,56,49,50,49,41,20,14,F,2011
E01010105,Sandwell 017F,737,53,42,26,39,61,84,56,46,29,55,51,48,44,29,28,23,11,7,5,F,2011
E01009981,Sandwell 018A,899,83,53,47,46,64,57,63,59,52,69,71,50,30,36,30,42,33,9,5,F,2011
E01009985,Sandwell 018C,859,67,49,60,62,46,57,55,70,40,58,49,42,41,40,42,34,25,10,12,F,2011
E01032887,Sandwell 018E,1336,113,116,74,79,103,129,91,100,80,99,59,63,44,41,47,44,33,12,9,F,2011
E01009986,Sandwell 019A,672,54,48,40,59,62,61,49,34,50,25,38,28,18,22,30,25,17,10,2,F,2011
E01009987,Sandwell 019B,593,51,54,43,23,29,53,54,32,34,36,30,37,23,24,22,20,18,5,5,F,2011
E01009989,Sandwell 019C,792,69,52,41,40,56,58,48,42,55,49,41,37,42,34,23,24,40,30,11,F,2011
E01010106,Sandwell 019D,751,65,47,47,44,62,76,49,48,37,46,43,45,26,24,27,25,22,8,10,F,2011
E01009988,Sandwell 020A,903,62,54,57,52,56,58,51,55,70,64,42,55,46,36,39,27,32,34,13,F,2011
E01010101,Sandwell 020B,898,64,49,32,41,64,81,59,54,39,60,52,48,51,63,45,39,22,24,11,F,2011
E01010102,Sandwell 020C,863,64,52,46,41,51,63,65,61,60,45,43,56,38,34,48,37,19,27,13,F,2011
E01010107,Sandwell 020D,810,55,48,43,53,72,94,67,57,54,53,49,33,29,24,19,30,14,11,5,F,2011
E01010015,Sandwell 021A,837,58,48,47,45,56,67,69,38,61,57,52,40,34,28,53,47,19,13,5,F,2011
E01010016,Sandwell 021B,841,84,63,76,63,59,85,57,53,62,38,51,39,21,30,17,14,16,9,4,F,2011
E01010018,Sandwell 021C,1059,93,67,45,57,74,135,94,70,82,79,45,36,36,41,34,12,33,10,16,F,2011
E01010072,Sandwell 021D,1168,123,78,63,73,96,116,144,96,82,64,45,39,39,28,23,16,24,13,6,F,2011
E01010073,Sandwell 021E,775,54,44,39,36,45,80,67,38,49,69,60,53,43,29,33,16,10,8,2,F,2011
E01010077,Sandwell 022A,807,54,48,49,58,44,58,56,54,48,60,34,32,50,44,45,35,17,12,9,F,2011
E01010079,Sandwell 022B,758,43,24,45,51,61,45,36,53,64,72,53,46,36,44,36,23,17,7,2,F,2011
E01010080,Sandwell 022C,894,99,78,48,66,84,89,63,57,49,47,48,34,23,31,25,15,21,6,11,F,2011
E01010081,Sandwell 022D,748,31,42,42,43,37,52,49,53,50,59,56,50,69,38,33,17,13,8,6,F,2011
E01010082,Sandwell 022E,1136,80,89,68,77,66,70,98,98,100,104,79,53,47,27,24,20,13,19,4,F,2011
E01010083,Sandwell 022F,878,64,57,66,56,47,76,73,44,62,61,41,35,41,37,26,27,36,21,8,F,2011
E01010084,Sandwell 022G,850,61,86,60,64,59,67,60,58,69,52,35,22,32,21,22,19,31,15,17,F,2011
E01010046,Sandwell 023A,1048,114,94,91,84,90,114,112,57,75,58,38,30,29,24,16,12,4,2,4,F,2011
E01010047,Sandwell 023B,961,100,75,66,70,78,83,83,61,67,50,40,44,39,35,22,21,15,9,3,F,2011
E01010048,Sandwell 023C,803,75,55,42,48,74,89,65,61,56,52,36,23,25,21,30,24,15,7,5,F,2011
E01010049,Sandwell 023D,797,80,37,44,37,65,82,52,40,64,57,40,39,45,31,28,26,16,7,7,F,2011
E01010050,Sandwell 023E,739,49,47,43,51,53,67,61,46,46,52,39,37,39,33,26,23,16,3,8,F,2011
E01010052,Sandwell 023F,729,84,51,54,54,55,60,61,46,38,41,33,28,20,31,22,24,16,8,3,F,2011
E01010053,Sandwell 023G,1012,85,102,84,89,71,78,79,74,71,73,20,32,33,24,17,22,22,23,13,F,2011
E01010017,Sandwell 024A,950,78,52,56,54,69,110,68,64,56,40,38,59,41,44,34,32,29,21,5,F,2011
E01010019,Sandwell 024B,846,94,83,64,49,51,93,93,47,54,50,37,25,35,15,13,17,15,8,3,F,2011
E01010020,Sandwell 024C,966,78,64,63,63,51,74,77,55,59,61,63,51,41,44,39,42,20,18,3,F,2011
E01010021,Sandwell 024D,873,81,47,51,56,65,78,64,54,74,66,48,37,38,31,33,23,17,7,3,F,2011
E01010039,Sandwell 025A,716,57,61,55,51,49,47,46,52,58,44,27,27,39,29,17,17,19,15,6,F,2011
E01010043,Sandwell 025B,725,23,38,31,43,36,34,33,34,72,65,61,42,29,56,63,35,16,11,3,F,2011
E01010044,Sandwell 025C,714,45,41,39,47,35,50,50,44,61,49,37,32,32,65,43,22,13,6,3,F,2011
E01010078,Sandwell 025D,650,23,22,28,25,23,33,19,23,34,40,66,47,52,61,46,47,28,17,16,F,2011
E01010059,Sandwell 026A,978,98,93,83,56,105,91,82,75,59,69,40,39,26,17,20,14,2,7,2,F,2011
E01010061,Sandwell 026B,886,100,73,54,82,87,90,69,62,65,59,35,27,18,12,15,16,13,6,3,F,2011
E01010062,Sandwell 026C,817,60,65,55,51,57,61,57,51,67,54,36,41,33,33,28,34,20,12,2,F,2011
E01010063,Sandwell 026D,1045,110,89,90,104,78,90,87,88,80,64,35,33,25,28,18,13,7,5,1,F,2011
E01010064,Sandwell 026E,955,91,66,77,63,58,101,90,57,55,65,35,33,31,24,29,22,24,20,14,F,2011
E01010065,Sandwell 026F,1393,160,100,115,123,130,186,143,121,91,78,39,30,16,15,20,11,11,2,2,F,2011
E01009934,Sandwell 027A,757,56,47,53,51,40,59,45,66,64,41,39,31,34,33,38,18,26,13,3,F,2011
E01009935,Sandwell 027B,961,90,48,44,63,88,81,66,46,60,69,39,25,34,50,52,52,28,17,9,F,2011
E01009936,Sandwell 027C,825,29,40,46,55,41,29,32,56,63,65,52,62,73,59,48,40,16,16,3,F,2011
E01010004,Sandwell 027D,773,57,32,40,48,54,52,48,51,56,48,53,44,38,41,43,26,16,13,13,F,2011
E01010054,Sandwell 028A,984,92,72,51,42,64,83,65,68,64,64,39,37,29,32,55,43,34,24,26,F,2011
E01010055,Sandwell 028B,842,89,60,40,46,61,77,99,64,62,51,35,36,26,30,14,25,15,8,4,F,2011
E01010056,Sandwell 028C,822,69,58,46,54,45,48,47,47,53,65,43,44,35,44,44,29,25,20,6,F,2011
E01010057,Sandwell 028D,1007,96,69,52,51,67,91,84,62,48,53,48,42,31,39,36,38,47,32,21,F,2011
E01010060,Sandwell 028E,996,101,87,53,66,88,120,77,70,51,58,50,40,30,38,20,25,13,6,3,F,2011
E01010038,Sandwell 029A,931,82,58,66,64,79,73,68,66,66,51,60,35,44,28,23,21,14,15,18,F,2011
E01010040,Sandwell 029B,736,39,28,51,40,51,34,30,42,57,61,49,43,52,58,39,28,16,8,10,F,2011
E01010041,Sandwell 029C,884,68,47,58,60,70,54,51,48,67,48,34,56,50,59,44,24,29,11,6,F,2011
E01010045,Sandwell 029D,844,53,66,72,54,47,53,40,61,69,57,57,41,52,47,15,23,20,13,4,F,2011
E01010000,Sandwell 030A,781,33,36,38,52,42,38,43,54,57,55,53,48,50,45,40,27,35,25,10,F,2011
E01010002,Sandwell 030B,1034,71,76,58,56,71,102,95,82,79,80,56,49,37,38,29,30,17,2,6,F,2011
E01010003,Sandwell 030C,750,50,37,18,37,69,55,41,41,61,67,51,38,51,31,33,24,22,13,11,F,2011
E01010005,Sandwell 030D,751,63,40,63,29,45,45,49,46,67,54,43,46,43,39,26,20,16,15,2,F,2011
E01010006,Sandwell 030E,824,43,49,42,59,69,42,42,58,74,73,52,41,37,42,40,26,17,9,9,F,2011
E01009938,Sandwell 031A,864,51,51,53,63,46,44,57,53,63,78,46,48,56,42,34,31,23,14,11,F,2011
E01009943,Sandwell 031B,774,51,40,67,60,49,35,47,45,65,50,46,30,45,31,28,25,23,19,18,F,2011
E01009944,Sandwell 031C,793,56,59,54,56,50,40,49,60,63,52,42,41,37,42,22,28,17,14,11,F,2011
E01010051,Sandwell 031D,664,38,52,47,39,46,44,48,43,58,36,42,35,33,28,23,18,17,9,8,F,2011
E01010058,Sandwell 031E,851,45,56,62,56,49,42,64,49,75,66,56,32,52,35,35,28,20,21,8,F,2011
E01009937,Sandwell 032A,822,50,59,58,55,37,41,41,56,67,68,60,32,41,36,27,23,20,27,24,F,2011
E01009939,Sandwell 032B,898,52,51,58,60,52,49,64,61,66,75,49,54,38,48,36,31,30,19,5,F,2011
E01009940,Sandwell 032C,768,45,49,41,56,49,44,42,39,62,61,55,37,37,41,34,32,18,17,9,F,2011
E01009941,Sandwell 032D,792,59,56,40,51,40,46,42,63,60,59,44,42,48,43,36,31,16,4,12,F,2011
E01009942,Sandwell 032E,863,58,47,67,62,52,58,33,55,74,77,49,38,59,40,35,23,19,12,5,F,2011
E01009929,Sandwell 033A,883,59,54,57,58,50,56,55,42,86,58,54,34,46,35,40,34,34,20,11,F,2011
E01009930,Sandwell 033B,779,52,45,41,55,43,56,43,54,67,48,41,34,41,31,42,23,28,22,13,F,2011
E01009931,Sandwell 033C,1142,84,58,61,68,73,103,78,75,97,87,60,77,65,38,46,29,20,16,7,F,2011
E01009932,Sandwell 033D,873,50,54,37,44,59,58,69,45,63,50,39,38,51,52,34,30,40,37,23,F,2011
E01009999,Sandwell 033E,694,40,45,45,54,38,53,37,39,70,46,35,30,55,35,28,21,17,4,2,F,2011
E01009921,Sandwell 034A,779,63,41,26,25,70,98,110,58,51,58,43,29,18,19,16,18,18,9,9,F,2011
E01009922,Sandwell 034B,673,41,40,45,49,40,44,41,46,43,59,44,36,30,34,28,21,8,15,9,F,2011
E01009924,Sandwell 034C,723,72,29,29,25,33,80,71,71,60,48,37,32,31,30,25,18,16,12,4,F,2011
E01009925,Sandwell 034D,699,48,36,40,35,38,44,61,58,47,57,46,61,37,20,20,23,15,7,6,F,2011
E01009926,Sandwell 034E,758,71,38,29,43,43,68,80,76,72,55,36,33,26,20,21,13,19,9,6,F,2011
E01009927,Sandwell 034F,771,70,30,25,39,61,93,78,66,49,56,40,26,30,18,25,20,14,23,8,F,2011
E01009928,Sandwell 034G,922,71,48,43,45,76,124,114,75,61,61,41,31,43,23,21,18,14,8,5,F,2011
E01009933,Sandwell 035A,764,69,53,51,46,63,51,53,42,59,57,48,27,38,30,24,23,16,11,3,F,2011
E01009952,Sandwell 035B,964,93,56,52,71,82,103,85,70,66,60,44,33,36,39,24,16,15,8,11,F,2011
E01009955,Sandwell 035C,937,61,65,55,50,61,76,81,66,53,49,39,44,47,41,29,32,37,22,29,F,2011
E01009956,Sandwell 035D,788,59,44,43,47,43,63,48,67,51,49,45,34,49,44,32,26,20,15,9,F,2011
E01009959,Sandwell 035E,716,35,32,37,40,42,31,39,38,58,60,64,66,47,46,28,21,15,9,8,F,2011
E01010042,Sandwell 035F,924,79,52,48,45,70,62,66,45,74,50,51,39,49,44,41,43,24,31,11,F,2011
E01009923,Sandwell 036A,748,36,33,37,61,36,50,45,41,56,71,57,34,36,40,36,33,20,16,10,F,2011
E01010024,Sandwell 036B,796,34,51,41,47,41,43,36,58,49,59,52,47,60,41,42,41,29,17,8,F,2011
E01010026,Sandwell 036C,920,36,46,61,58,38,50,32,60,77,66,64,45,50,67,43,32,47,29,19,F,2011
E01010027,Sandwell 036D,775,44,48,38,46,39,47,38,59,55,65,47,39,55,46,30,34,22,13,10,F,2011
E01010001,Sandwell 037A,919,52,48,53,64,56,52,38,59,73,68,44,44,50,52,24,40,45,37,20,F,2011
E01010022,Sandwell 037B,802,42,62,53,40,38,42,40,50,58,69,52,54,34,46,37,31,32,13,9,F,2011
E01010023,Sandwell 037C,910,37,29,58,50,54,65,34,44,64,81,63,50,55,57,38,45,32,34,20,F,2011
E01010025,Sandwell 037D,795,44,46,53,43,30,53,51,40,53,63,39,47,34,38,34,30,40,43,14,F,2011
E01010028,Sandwell 037E,710,40,39,35,55,42,48,63,43,57,54,37,44,38,27,21,22,25,13,7,F,2011
E01009953,Sandwell 038A,836,55,41,30,51,52,66,52,50,71,54,37,60,59,38,35,22,21,26,16,F,2011
E01009954,Sandwell 038B,914,38,52,43,60,40,62,44,52,68,64,43,46,41,49,38,53,62,30,29,F,2011
E01009957,Sandwell 038C,910,82,79,52,72,70,77,63,56,69,60,39,40,36,26,29,23,17,12,8,F,2011
E01009958,Sandwell 038D,805,34,33,53,63,38,26,30,50,73,71,65,49,63,41,41,29,21,15,10,F,2011
E01009946,Sandwell 039A,879,55,47,51,38,55,53,46,50,57,68,53,46,52,56,38,46,24,17,27,F,2011
E01009948,Sandwell 039B,756,34,30,47,45,49,28,36,31,57,58,53,51,76,59,53,24,14,10,1,F,2011
E01009949,Sandwell 039C,794,39,37,45,46,39,35,44,50,59,48,59,52,51,61,38,41,27,17,6,F,2011
E01009950,Sandwell 039D,827,33,38,39,41,49,42,41,47,71,70,54,58,62,51,48,33,32,13,5,F,2011
E01009951,Sandwell 039E,916,93,47,35,47,117,118,67,49,53,47,49,41,33,34,23,22,18,13,10,F,2011
E01032592,Sandwell 039F,929,46,53,52,53,52,59,52,51,58,71,66,55,58,42,51,42,36,24,8,F,2011
E08000029,,106430,5650,5584,6267,6625,5580,5469,5540,6322,7951,8515,7231,6286,7011,6032,4729,4263,3579,2368,1428,F,2011
E01010118,Solihull 001A,659,26,22,38,45,39,40,25,30,46,58,68,64,59,44,20,16,10,4,5,F,2011
E01010120,Solihull 001B,714,32,23,27,42,35,50,42,32,46,64,54,51,67,44,30,27,22,17,9,F,2011
E01010121,Solihull 001C,699,18,21,32,47,37,25,20,27,45,62,62,50,60,48,19,41,48,23,14,F,2011
E01010122,Solihull 001D,705,19,18,33,33,38,21,21,25,54,50,56,55,76,56,45,39,38,16,12,F,2011
E01010235,Solihull 002A,768,57,44,71,69,53,52,52,54,54,53,36,40,39,41,30,14,7,1,1,F,2011
E01010236,Solihull 002B,821,76,63,39,68,71,63,62,56,57,58,31,39,44,44,14,19,7,9,1,F,2011
E01010239,Solihull 002C,821,49,51,69,53,56,45,43,67,74,67,35,34,63,46,26,19,8,13,3,F,2011
E01010240,Solihull 002D,711,49,38,40,67,51,49,42,55,58,45,38,36,46,41,13,21,9,6,7,F,2011
E01010117,Solihull 003A,700,24,23,35,63,49,24,27,32,58,66,72,50,64,32,21,25,22,8,5,F,2011
E01010119,Solihull 003B,773,23,30,53,44,44,27,32,39,50,75,37,45,52,51,37,53,48,26,7,F,2011
E01010123,Solihull 003C,723,21,35,33,62,33,27,11,30,63,69,60,51,46,41,27,38,44,22,10,F,2011
E01010124,Solihull 003D,756,27,25,22,51,51,22,20,50,46,57,59,64,76,40,32,38,33,30,13,F,2011
E01010146,Solihull 004A,903,42,66,66,91,55,58,42,59,76,80,56,50,38,34,20,30,17,16,7,F,2011
E01010234,Solihull 004B,685,67,41,44,43,66,54,40,33,56,30,19,26,48,39,23,13,13,20,10,F,2011
E01010237,Solihull 004C,990,64,50,56,79,68,63,47,66,72,66,61,63,68,60,37,30,21,10,9,F,2011
E01010238,Solihull 004D,724,53,32,48,48,63,67,37,48,48,54,24,44,45,28,39,18,11,10,7,F,2011
E01010145,Solihull 005A,765,39,39,47,40,43,43,35,33,53,58,45,30,43,44,37,50,56,25,5,F,2011
E01010147,Solihull 005B,757,78,53,46,52,92,66,57,56,41,48,44,31,33,18,14,9,10,5,4,F,2011
E01010148,Solihull 005C,989,83,89,70,84,57,77,66,72,66,65,54,44,40,20,29,26,22,18,7,F,2011
E01010149,Solihull 005D,720,20,28,45,48,34,36,33,35,51,63,64,49,51,50,36,42,28,5,2,F,2011
E01010125,Solihull 006A,758,41,45,38,53,72,45,44,41,46,67,37,42,44,36,42,30,18,8,9,F,2011
E01010129,Solihull 006B,809,65,44,44,55,66,52,55,39,67,62,37,38,56,44,42,18,16,7,2,F,2011
E01010139,Solihull 006C,560,29,25,42,35,33,26,24,25,45,35,28,19,57,46,27,10,25,12,17,F,2011
E01010141,Solihull 006D,642,63,29,41,53,83,51,29,33,53,56,27,35,32,30,10,9,4,2,2,F,2011
E01010140,Solihull 007A,811,59,48,61,44,69,62,45,49,61,65,52,37,42,37,31,24,8,13,4,F,2011
E01010142,Solihull 007B,744,65,47,52,56,83,61,34,42,57,48,39,28,19,29,29,29,20,6,0,F,2011
E01010143,Solihull 007C,742,57,40,51,46,61,62,43,35,74,44,32,26,50,50,28,24,10,8,1,F,2011
E01010144,Solihull 007D,862,57,39,47,45,53,67,54,44,69,68,48,41,39,51,46,52,32,6,4,F,2011
E01010111,Solihull 008A,735,57,51,35,43,70,50,49,61,57,42,36,32,42,41,21,20,16,11,1,F,2011
E01010126,Solihull 008B,764,75,40,42,58,70,55,43,37,64,45,39,30,63,44,29,11,8,8,3,F,2011
E01010127,Solihull 008C,874,82,45,52,50,70,69,81,65,66,61,42,29,45,54,24,16,13,10,0,F,2011
E01010128,Solihull 008D,764,60,42,56,51,52,44,42,44,59,41,54,36,49,43,41,20,15,12,3,F,2011
E01010130,Solihull 008E,928,85,74,44,73,80,88,63,40,58,55,38,36,56,47,45,21,12,6,7,F,2011
E01010131,Solihull 008F,731,53,33,48,44,66,58,51,44,62,56,39,32,33,40,31,14,21,1,5,F,2011
E01010109,Solihull 009A,692,25,33,23,45,35,36,34,43,54,52,61,45,62,47,42,14,16,22,3,F,2011
E01010110,Solihull 009B,817,23,45,58,69,46,34,31,55,73,76,54,53,60,49,28,24,10,23,6,F,2011
E01010112,Solihull 009C,810,46,49,43,64,56,63,60,72,68,70,43,34,38,44,28,17,6,7,2,F,2011
E01010113,Solihull 009D,706,60,42,42,39,31,35,32,38,57,54,44,31,57,54,30,15,18,13,14,F,2011
E01010114,Solihull 009E,951,47,50,54,50,47,38,39,59,64,80,66,50,71,65,56,52,30,21,12,F,2011
E01010157,Solihull 010A,716,62,39,31,33,31,53,70,63,54,64,52,29,30,35,22,24,14,9,1,F,2011
E01010159,Solihull 010B,739,40,57,37,52,39,59,54,46,52,63,50,34,29,33,28,21,25,13,7,F,2011
E01010162,Solihull 010C,772,39,45,33,33,44,32,40,42,64,65,54,45,30,50,48,40,35,26,7,F,2011
E01010163,Solihull 010D,754,39,57,53,47,41,44,45,57,55,69,38,41,36,39,33,26,19,9,6,F,2011
E01010132,Solihull 011A,773,37,46,38,47,47,45,31,50,53,49,54,30,45,49,34,47,37,27,7,F,2011
E01010133,Solihull 011B,778,32,24,36,51,27,30,36,25,59,59,40,38,50,55,49,59,57,37,14,F,2011
E01010134,Solihull 011C,738,44,42,42,42,31,39,43,48,54,57,43,38,36,38,37,34,40,21,9,F,2011
E01010135,Solihull 011D,764,30,35,43,34,40,45,40,45,54,68,51,39,57,37,35,48,35,24,4,F,2011
E01010138,Solihull 011E,678,35,35,29,31,34,45,44,47,57,58,36,43,40,47,33,25,23,15,1,F,2011
E01010136,Solihull 012A,657,37,40,51,36,23,42,39,49,67,40,38,44,32,29,35,14,16,13,12,F,2011
E01010137,Solihull 012B,678,31,26,31,34,38,31,39,28,44,45,43,46,37,47,43,39,31,29,16,F,2011
E01010158,Solihull 012C,825,53,33,57,51,47,42,36,64,66,54,50,30,43,35,41,23,43,33,24,F,2011
E01010160,Solihull 012D,771,34,32,39,61,36,27,40,38,66,50,59,69,42,53,43,26,27,16,13,F,2011
E01010161,Solihull 012E,758,39,35,37,55,33,35,43,48,47,76,48,40,44,44,43,30,34,17,10,F,2011
E01010174,Solihull 013A,846,50,39,51,59,52,65,45,48,65,79,46,53,47,50,42,17,17,16,5,F,2011
E01010175,Solihull 013B,865,34,45,41,53,38,39,48,39,57,70,57,54,62,62,44,44,26,34,18,F,2011
E01010177,Solihull 013C,694,30,40,36,41,36,38,45,60,55,51,41,37,33,26,27,46,32,14,6,F,2011
E01010178,Solihull 013D,931,37,45,46,47,51,61,57,43,65,64,52,32,52,45,44,38,54,47,51,F,2011
E01010172,Solihull 014A,782,29,42,46,53,35,25,24,43,69,72,63,54,62,41,32,31,31,22,8,F,2011
E01010173,Solihull 014B,739,42,47,40,51,26,20,29,51,54,76,62,48,42,54,22,39,16,16,4,F,2011
E01010176,Solihull 014C,716,38,46,48,41,32,39,32,33,49,55,44,55,47,38,37,25,15,14,28,F,2011
E01010179,Solihull 014D,848,24,29,31,46,35,41,46,46,49,48,56,34,65,48,43,58,63,47,39,F,2011
E01010115,Solihull 015A,767,36,38,48,42,28,40,42,42,54,69,60,63,63,46,36,22,19,14,5,F,2011
E01010116,Solihull 015B,744,28,37,44,59,30,35,34,43,54,60,64,82,72,46,33,13,6,4,0,F,2011
E01010227,Solihull 015C,991,32,41,52,44,40,45,45,54,58,76,82,87,65,55,58,53,31,37,36,F,2011
E01010228,Solihull 015D,847,53,49,64,44,46,38,65,59,53,56,56,34,65,39,37,31,37,15,6,F,2011
E01010232,Solihull 015E,1094,93,71,64,41,72,103,102,91,70,53,60,53,67,51,32,29,22,14,6,F,2011
E01010195,Solihull 016A,813,41,53,62,55,24,19,34,47,55,67,54,43,69,48,43,34,37,20,8,F,2011
E01010226,Solihull 016B,899,53,26,13,24,39,53,54,36,35,39,37,32,49,41,56,74,78,84,76,F,2011
E01010229,Solihull 016C,748,40,41,47,26,31,26,25,53,53,57,56,43,56,44,39,47,31,18,15,F,2011
E01010230,Solihull 016D,958,72,61,45,37,45,67,76,55,66,56,60,47,51,63,39,41,38,26,13,F,2011
E01010231,Solihull 016E,871,51,36,48,64,45,20,39,57,61,61,58,47,59,64,58,38,38,21,6,F,2011
E01010233,Solihull 016F,908,52,60,45,38,48,84,89,63,60,66,48,50,60,36,27,37,25,12,8,F,2011
E01010108,Solihull 017A,1006,47,58,52,58,33,43,38,63,69,81,91,61,81,60,49,44,35,32,11,F,2011
E01010164,Solihull 017B,785,36,34,48,37,30,16,34,42,58,67,73,62,62,70,45,41,16,10,4,F,2011
E01010165,Solihull 017C,779,49,34,39,34,31,35,41,33,54,49,51,68,48,55,39,43,37,24,15,F,2011
E01010167,Solihull 017D,760,28,23,47,42,22,38,37,43,62,68,55,64,77,48,34,18,23,15,16,F,2011
E01010199,Solihull 018A,944,49,72,79,59,28,28,37,67,90,74,62,47,50,36,41,46,47,26,6,F,2011
E01010200,Solihull 018B,785,39,31,42,44,28,36,37,42,53,51,39,35,34,50,47,53,53,33,38,F,2011
E01010201,Solihull 018C,827,37,41,66,62,42,36,29,41,75,80,52,34,61,41,37,35,29,14,15,F,2011
E01010204,Solihull 018D,648,33,28,32,40,41,39,53,42,53,55,49,28,39,26,24,25,21,9,11,F,2011
E01010205,Solihull 018E,773,37,37,47,68,36,30,18,55,60,60,79,46,42,39,32,38,24,20,5,F,2011
E01010206,Solihull 018F,879,51,64,54,56,46,41,50,69,84,75,54,42,45,37,29,38,23,12,9,F,2011
E01010192,Solihull 019A,804,30,11,31,66,50,50,34,38,46,54,57,61,43,51,30,39,42,37,34,F,2011
E01010196,Solihull 019B,848,36,38,64,47,36,19,26,40,60,87,66,59,63,53,46,51,34,16,7,F,2011
E01010197,Solihull 019C,862,27,53,51,62,32,31,25,36,50,83,60,69,57,59,48,53,32,19,15,F,2011
E01010198,Solihull 019D,823,25,42,52,40,26,17,38,37,48,66,55,57,47,49,51,57,48,48,20,F,2011
E01010218,Solihull 021A,684,17,26,38,29,39,35,22,34,39,57,57,38,45,40,45,54,33,16,20,F,2011
E01010219,Solihull 021B,851,40,42,38,49,56,34,48,59,55,71,62,38,52,54,47,22,43,28,13,F,2011
E01010221,Solihull 021C,761,41,32,31,25,48,58,43,43,40,46,63,41,51,46,41,47,32,23,10,F,2011
E01010222,Solihull 021D,765,38,28,44,44,41,47,41,37,58,67,50,57,52,47,52,30,13,16,3,F,2011
E01010191,Solihull 022A,950,29,36,60,60,48,47,36,39,71,85,64,67,73,56,62,45,36,23,13,F,2011
E01010202,Solihull 022B,808,36,34,59,54,41,22,35,56,63,77,53,57,60,35,25,39,40,11,11,F,2011
E01010203,Solihull 022C,892,57,41,47,50,43,67,56,63,64,60,49,52,45,35,45,42,32,31,13,F,2011
E01010209,Solihull 022D,898,60,56,46,58,40,53,67,58,69,71,52,47,50,45,49,29,20,10,18,F,2011
E01010213,Solihull 022E,892,47,49,46,47,42,42,47,59,57,70,57,52,33,50,30,38,45,41,40,F,2011
E01010208,Solihull 023A,805,33,47,47,47,22,24,38,39,55,74,57,38,51,57,42,41,53,26,14,F,2011
E01010210,Solihull 023B,839,27,32,50,50,57,20,26,36,49,74,71,58,76,46,48,31,56,23,9,F,2011
E01010211,Solihull 023C,764,26,25,28,39,39,28,31,25,51,46,62,64,74,53,57,49,33,21,13,F,2011
E01010217,Solihull 023D,755,31,29,33,31,46,32,30,44,57,67,58,42,50,47,39,46,38,27,8,F,2011
E01010190,Solihull 024A,883,41,33,73,72,44,33,38,54,73,98,72,54,51,45,30,33,24,10,5,F,2011
E01010193,Solihull 024B,689,23,41,56,62,29,16,16,37,58,71,84,68,52,30,18,14,9,3,2,F,2011
E01010194,Solihull 024C,849,45,48,66,60,33,27,51,46,80,95,80,52,58,35,29,23,11,8,2,F,2011
E01010207,Solihull 024D,745,27,15,56,46,41,35,34,35,52,61,72,65,49,53,29,29,28,11,7,F,2011
E01010166,Solihull 025A,747,21,51,55,47,20,17,24,33,60,67,51,39,68,56,40,32,36,23,7,F,2011
E01010168,Solihull 025B,939,37,54,57,47,34,31,51,69,95,88,66,61,57,51,31,45,30,23,12,F,2011
E01010169,Solihull 025C,808,32,43,53,53,26,18,29,45,54,69,61,47,63,62,52,39,34,16,12,F,2011
E01010170,Solihull 025D,782,37,60,59,70,21,18,39,42,69,76,59,56,63,48,28,15,12,7,3,F,2011
E01010171,Solihull 025E,694,27,40,48,51,31,19,23,26,56,64,61,61,53,41,34,19,20,11,9,F,2011
E01010151,Solihull 026A,864,28,35,43,37,25,28,48,49,50,59,61,49,63,68,36,44,53,41,47,F,2011
E01010152,Solihull 026B,698,38,45,40,44,26,26,24,39,57,60,67,56,57,54,31,13,16,2,3,F,2011
E01010153,Solihull 026C,800,27,41,63,49,20,21,18,36,51,65,63,66,85,52,46,30,35,16,16,F,2011
E01010154,Solihull 026D,882,24,41,44,42,29,32,30,24,55,61,62,61,67,66,55,60,50,47,32,F,2011
E01010155,Solihull 026E,769,38,43,47,27,16,21,36,48,59,54,46,52,52,59,50,41,35,32,13,F,2011
E01010156,Solihull 026F,808,37,38,53,65,17,30,21,39,65,73,56,58,72,66,32,37,25,16,8,F,2011
E01010212,Solihull 027A,705,21,33,40,51,32,26,25,45,44,69,63,62,57,34,32,21,12,15,23,F,2011
E01010214,Solihull 027B,641,31,41,28,36,29,34,45,37,45,47,58,44,56,38,32,19,14,5,2,F,2011
E01010215,Solihull 027C,830,36,35,50,53,46,49,48,49,63,70,52,64,66,50,45,22,17,9,6,F,2011
E01010216,Solihull 027D,787,42,40,49,51,52,53,49,59,70,62,73,43,47,34,20,24,11,7,1,F,2011
E01010150,Solihull 028A,822,38,49,56,46,23,18,31,56,58,70,52,58,73,65,40,34,32,17,6,F,2011
E01010184,Solihull 028B,741,48,33,51,43,23,29,32,39,62,70,53,52,40,38,34,30,30,27,7,F,2011
E01010185,Solihull 028C,800,30,41,51,55,20,13,19,32,62,74,80,51,60,50,39,49,36,28,10,F,2011
E01010186,Solihull 028D,1016,66,61,65,60,38,48,50,87,88,79,63,52,51,48,37,44,38,23,18,F,2011
E01010187,Solihull 028E,741,33,51,71,67,28,13,20,51,74,89,84,40,37,28,13,26,9,6,1,F,2011
E01010188,Solihull 028F,875,27,47,67,53,30,20,14,42,58,80,66,62,70,62,41,55,46,24,11,F,2011
E01010180,Solihull 029A,645,37,32,36,31,25,23,41,47,50,53,40,47,63,44,35,11,13,8,9,F,2011
E01010181,Solihull 029B,993,70,71,63,58,47,52,71,76,96,87,73,49,57,41,35,21,16,4,6,F,2011
E01010183,Solihull 029D,668,21,41,40,43,19,17,30,50,44,58,59,48,68,47,36,22,13,9,3,F,2011
E01010189,Solihull 029E,805,33,44,43,59,33,19,35,47,73,82,55,55,68,53,36,30,21,9,10,F,2011
E01032885,Solihull 029F,561,53,24,16,14,55,106,96,59,36,41,19,18,11,8,3,1,0,1,0,F,2011
E01032886,Solihull 029G,962,70,92,47,51,46,72,93,93,100,85,66,39,43,26,14,13,5,3,4,F,2011
E01010220,Solihull 030A,841,64,42,40,56,26,57,63,57,71,60,57,46,48,36,36,29,31,10,12,F,2011
E01010223,Solihull 030B,644,36,40,41,40,25,53,36,28,50,53,51,42,38,26,19,29,15,15,7,F,2011
E01010225,Solihull 030C,769,58,41,54,47,32,41,60,63,72,74,48,29,31,37,21,21,20,12,8,F,2011
E01032590,Solihull 030D,895,45,51,60,67,54,54,45,65,69,79,57,52,46,36,34,33,20,15,13,F,2011
E08000030,,137104,8904,8358,8492,8699,8955,8943,8106,8222,9671,9636,8384,7269,7646,7020,6037,5122,3902,2429,1309,F,2011
E01010301,Walsall 001A,755,46,43,52,43,48,53,33,44,62,64,45,42,50,52,32,28,13,3,2,F,2011
E01010303,Walsall 001B,785,46,42,41,42,41,45,38,50,50,63,57,43,56,59,28,39,17,16,12,F,2011
E01010306,Walsall 001C,995,61,57,64,54,64,80,72,72,85,80,67,48,50,45,36,21,20,10,9,F,2011
E01010307,Walsall 001D,907,56,71,85,43,37,42,61,88,100,74,58,37,45,44,21,17,15,10,3,F,2011
E01010302,Walsall 002A,758,57,38,34,47,47,45,32,52,50,67,51,38,39,50,36,26,26,14,9,F,2011
E01010304,Walsall 002B,857,37,42,32,48,36,43,51,66,50,47,50,51,80,80,54,44,27,15,4,F,2011
E01010305,Walsall 002C,703,46,34,46,58,35,36,32,44,71,49,35,36,37,36,39,32,20,13,4,F,2011
E01010308,Walsall 002D,617,26,34,31,29,29,26,31,47,41,55,40,29,38,38,39,23,26,22,13,F,2011
E01010345,Walsall 003A,531,20,19,20,19,19,29,18,21,37,30,54,40,49,48,46,25,22,11,4,F,2011
E01010346,Walsall 003B,694,26,36,62,42,27,26,34,39,74,60,56,49,55,43,27,23,8,3,4,F,2011
E01010347,Walsall 003C,761,48,40,45,54,40,47,38,49,42,48,58,45,42,38,39,40,19,20,9,F,2011
E01010350,Walsall 003D,755,40,59,44,45,33,38,39,67,81,54,69,34,43,31,24,19,20,11,4,F,2011
E01010249,Walsall 004A,885,62,54,60,52,60,64,48,70,81,65,66,49,43,44,37,12,8,7,3,F,2011
E01010250,Walsall 004B,751,35,32,40,41,40,37,22,39,47,56,50,55,49,55,44,35,33,22,19,F,2011
E01010252,Walsall 004C,914,59,59,52,52,49,44,69,66,61,73,44,34,62,59,45,33,33,15,5,F,2011
E01010254,Walsall 004D,747,38,41,46,46,33,41,43,45,69,57,45,39,51,41,37,25,17,16,17,F,2011
E01010348,Walsall 005A,756,37,31,53,40,30,40,38,63,60,54,41,46,47,37,46,44,31,13,5,F,2011
E01010349,Walsall 005B,646,20,35,32,31,29,26,23,29,50,50,28,26,40,56,50,46,35,26,14,F,2011
E01010351,Walsall 005C,864,43,39,40,42,40,41,53,46,58,67,47,40,58,63,66,56,34,23,8,F,2011
E01010352,Walsall 005D,821,19,35,43,47,27,27,35,34,59,77,49,33,66,72,70,52,45,19,12,F,2011
E01010284,Walsall 006A,821,44,47,51,51,39,43,46,42,67,61,39,52,53,38,35,35,39,30,9,F,2011
E01010285,Walsall 006B,857,32,44,43,34,34,37,39,47,69,57,54,44,63,58,62,57,40,29,14,F,2011
E01010286,Walsall 006C,868,53,66,76,59,60,51,47,62,64,57,41,48,46,48,27,24,24,9,6,F,2011
E01010290,Walsall 006D,823,29,25,41,41,60,40,32,35,56,54,42,49,54,56,79,66,33,20,11,F,2011
E01010251,Walsall 007A,704,31,35,52,51,33,26,22,47,62,77,63,64,54,34,22,20,6,5,0,F,2011
E01010253,Walsall 007B,634,23,34,40,36,19,34,32,41,47,42,35,39,51,55,27,25,29,18,7,F,2011
E01010255,Walsall 007C,704,25,33,31,21,16,19,23,27,51,51,52,45,65,64,72,44,46,13,6,F,2011
E01010256,Walsall 007D,791,43,45,43,52,35,33,44,42,60,53,58,50,54,52,35,44,29,10,9,F,2011
E01010257,Walsall 007E,625,25,36,29,28,21,21,19,45,38,44,45,36,69,57,40,32,29,8,3,F,2011
E01010292,Walsall 008A,797,46,26,29,39,50,50,33,46,59,70,62,52,70,45,38,27,27,24,4,F,2011
E01010294,Walsall 008B,787,52,48,46,63,54,51,34,46,47,72,46,36,38,30,35,37,24,18,10,F,2011
E01010296,Walsall 008C,765,31,43,51,59,34,46,50,50,71,95,62,40,56,33,21,8,8,5,2,F,2011
E01010297,Walsall 008D,722,22,29,37,42,28,28,21,23,69,64,75,51,44,43,51,42,27,23,3,F,2011
E01010291,Walsall 009A,754,59,45,62,52,59,30,51,43,61,52,43,41,24,25,33,32,27,13,2,F,2011
E01010293,Walsall 009B,783,36,36,45,37,47,37,45,46,49,40,51,43,59,49,46,39,33,30,15,F,2011
E01010298,Walsall 009C,590,30,29,28,32,32,43,33,33,44,58,49,34,25,29,27,30,24,5,5,F,2011
E01010299,Walsall 009D,842,62,60,63,78,55,47,53,66,55,59,51,42,20,26,20,41,33,9,2,F,2011
E01010300,Walsall 009E,778,51,58,40,40,51,47,44,45,46,50,46,45,36,34,31,50,32,19,13,F,2011
E01010319,Walsall 010A,701,36,21,43,60,55,38,35,25,63,79,60,56,47,36,25,13,7,2,0,F,2011
E01010321,Walsall 010B,815,51,47,45,50,41,35,49,56,56,70,53,40,50,48,38,33,28,14,11,F,2011
E01010353,Walsall 010C,757,36,32,33,43,35,53,28,34,62,55,62,33,44,68,52,36,29,16,6,F,2011
E01010354,Walsall 010D,768,39,37,35,48,36,38,39,32,55,56,50,47,47,58,54,43,30,19,5,F,2011
E01010395,Walsall 011A,695,30,36,50,49,33,41,33,41,54,58,81,64,58,23,19,14,3,6,2,F,2011
E01010397,Walsall 011B,865,57,66,66,58,65,57,45,60,54,67,44,40,44,40,32,19,21,19,11,F,2011
E01010398,Walsall 011C,839,40,33,47,57,55,44,42,44,65,88,87,58,59,35,33,26,17,6,3,F,2011
E01010399,Walsall 011D,802,57,41,48,46,51,59,48,47,74,56,64,71,54,28,31,12,9,6,0,F,2011
E01010282,Walsall 012A,662,57,37,51,46,47,49,40,41,50,51,43,35,25,30,17,19,10,8,6,F,2011
E01010287,Walsall 012B,805,46,38,36,50,49,40,30,43,59,46,50,31,44,47,39,43,34,53,27,F,2011
E01010288,Walsall 012C,882,80,60,66,48,67,71,45,59,47,58,46,32,42,23,39,29,26,19,25,F,2011
E01010289,Walsall 012D,839,64,61,58,61,58,56,42,47,58,70,46,44,50,41,29,18,21,12,3,F,2011
E01010277,Walsall 013B,814,65,47,61,59,49,53,44,57,47,56,51,50,59,29,29,25,20,7,6,F,2011
E01010283,Walsall 013D,965,86,96,67,69,101,88,68,63,64,50,66,36,30,16,32,13,11,7,2,F,2011
E01032889,Walsall 013E,1005,102,98,75,53,69,63,71,57,65,65,59,57,43,31,24,33,20,10,10,F,2011
E01010393,Walsall 014A,751,27,37,48,44,30,43,36,44,43,47,62,42,61,74,52,30,18,9,4,F,2011
E01010394,Walsall 014B,731,46,44,54,42,57,47,37,45,50,52,36,42,54,50,39,20,11,3,2,F,2011
E01010396,Walsall 014C,819,46,51,36,40,44,65,46,52,65,65,49,34,45,36,28,44,28,29,16,F,2011
E01010400,Walsall 014D,983,84,40,32,33,140,87,60,50,46,50,50,29,46,54,49,41,50,28,14,F,2011
E01010241,Walsall 015A,1160,50,50,44,57,47,72,68,54,77,70,78,60,72,93,66,62,59,46,35,F,2011
E01010242,Walsall 015B,831,38,52,55,29,46,55,50,42,62,45,43,32,52,48,47,53,35,31,16,F,2011
E01010243,Walsall 015C,798,27,32,36,44,31,31,19,45,52,47,55,36,61,49,51,71,57,33,21,F,2011
E01010244,Walsall 015D,798,88,48,48,58,64,57,45,40,60,42,50,26,33,25,36,35,33,7,3,F,2011
E01010320,Walsall 016A,704,35,42,43,35,42,45,27,41,48,64,49,40,39,43,36,35,22,12,6,F,2011
E01010322,Walsall 016B,803,57,45,37,44,53,63,47,44,56,60,47,40,44,35,37,40,30,19,5,F,2011
E01010323,Walsall 016C,750,30,30,38,48,33,42,37,55,56,46,49,51,58,55,26,38,29,23,6,F,2011
E01010324,Walsall 016D,812,46,44,42,37,59,57,54,47,63,67,55,34,54,28,14,30,37,23,21,F,2011
E01010271,Walsall 017A,895,74,80,57,47,71,88,64,54,80,67,56,36,36,20,16,17,15,17,0,F,2011
E01010272,Walsall 017B,757,55,48,43,40,66,71,49,44,44,57,46,38,23,42,41,28,10,6,6,F,2011
E01010273,Walsall 017C,783,76,46,46,59,61,65,55,33,45,53,40,34,30,29,28,26,33,14,10,F,2011
E01010295,Walsall 017D,768,48,40,54,54,47,47,38,46,54,58,49,43,43,47,31,25,16,19,9,F,2011
E01010279,Walsall 018B,868,82,78,54,55,57,59,68,61,64,39,49,45,39,36,27,17,14,18,6,F,2011
E01010374,Walsall 018D,911,111,82,47,72,62,63,74,59,61,47,55,40,35,22,24,13,21,11,12,F,2011
E01010375,Walsall 018E,1126,119,112,112,92,109,102,106,78,61,52,41,50,28,20,15,10,8,8,3,F,2011
E01032888,Walsall 018F,1338,94,92,121,88,81,95,66,86,99,83,80,74,57,68,64,39,11,23,17,F,2011
E01010378,Walsall 019A,628,30,38,37,32,37,38,46,42,39,36,46,57,63,52,17,10,4,4,0,F,2011
E01010379,Walsall 019B,671,29,29,28,28,35,23,27,35,40,56,54,44,50,59,54,40,31,5,4,F,2011
E01010382,Walsall 019C,776,37,33,36,54,45,47,47,47,37,63,34,47,63,72,46,25,26,12,5,F,2011
E01010383,Walsall 019D,775,66,47,40,43,58,63,41,42,46,44,35,46,41,34,28,27,44,15,15,F,2011
E01010376,Walsall 020A,663,19,25,40,44,49,43,34,29,52,62,55,82,57,34,12,17,6,2,1,F,2011
E01010377,Walsall 020B,784,40,50,67,44,35,42,48,49,60,50,49,52,38,37,32,30,38,17,6,F,2011
E01010380,Walsall 020C,770,22,22,23,32,31,31,24,29,53,49,46,57,70,96,70,59,32,18,6,F,2011
E01010381,Walsall 020D,728,44,40,34,50,52,46,43,37,53,57,39,53,46,30,42,23,16,17,6,F,2011
E01010267,Walsall 021A,872,71,59,37,31,46,68,68,69,73,62,40,43,56,52,26,29,24,14,4,F,2011
E01010268,Walsall 021B,892,101,83,62,64,74,86,76,61,71,44,37,31,22,24,25,11,12,6,2,F,2011
E01010274,Walsall 021C,835,75,61,55,48,57,66,50,45,53,68,54,40,24,39,40,24,16,14,6,F,2011
E01010275,Walsall 021D,778,54,50,34,39,53,62,46,45,61,45,44,48,43,38,23,34,39,13,7,F,2011
E01010245,Walsall 022A,793,31,29,50,51,25,25,21,44,50,65,59,53,59,63,59,45,37,20,7,F,2011
E01010246,Walsall 022B,780,28,49,43,52,28,33,30,50,64,69,57,52,55,44,43,36,31,9,7,F,2011
E01010247,Walsall 022C,852,29,46,64,48,33,23,38,37,59,61,64,34,58,74,49,58,37,25,15,F,2011
E01010248,Walsall 022D,845,28,37,59,48,38,23,24,42,77,67,73,45,46,66,75,45,31,16,5,F,2011
E01010388,Walsall 022E,731,25,34,41,52,37,24,21,35,50,73,66,59,53,59,33,29,15,18,7,F,2011
E01010258,Walsall 023A,953,90,62,56,70,73,72,61,45,60,49,47,50,50,46,32,31,29,19,11,F,2011
E01010259,Walsall 023B,864,35,42,45,54,52,50,36,47,54,62,48,63,52,41,46,49,42,30,16,F,2011
E01010260,Walsall 023C,844,55,36,47,63,49,46,48,56,68,56,49,41,48,37,26,32,47,30,10,F,2011
E01010266,Walsall 023D,750,54,55,68,60,35,58,43,50,53,52,43,51,49,23,20,18,9,7,2,F,2011
E01010317,Walsall 024A,808,27,30,36,47,34,34,25,30,52,59,66,57,69,62,57,52,43,18,10,F,2011
E01010318,Walsall 024B,788,55,34,58,67,62,63,40,48,54,60,43,45,42,40,21,22,19,10,5,F,2011
E01010325,Walsall 024C,816,45,45,51,52,51,49,45,56,58,57,57,59,47,45,28,17,31,16,7,F,2011
E01010369,Walsall 024D,864,67,39,45,56,103,95,59,48,55,44,52,37,37,33,17,26,20,16,15,F,2011
E01010401,Walsall 025A,762,66,47,36,64,48,61,45,41,42,50,52,41,37,38,32,33,17,8,4,F,2011
E01010403,Walsall 025B,894,75,55,53,74,69,70,65,71,71,77,51,34,27,23,22,14,16,14,13,F,2011
E01010404,Walsall 025C,931,77,51,55,64,77,65,80,45,57,66,64,57,36,33,30,29,19,16,10,F,2011
E01010407,Walsall 025D,879,40,48,60,72,40,57,62,35,66,66,68,46,56,43,47,36,20,9,8,F,2011
E01010408,Walsall 025E,781,72,68,60,34,62,64,55,57,69,55,48,38,28,21,20,10,13,4,3,F,2011
E01010269,Walsall 026A,824,97,82,80,64,70,71,83,50,51,35,33,29,18,21,12,13,11,3,1,F,2011
E01010270,Walsall 026B,899,58,56,67,55,57,62,62,50,89,63,54,46,39,47,29,25,18,15,7,F,2011
E01010362,Walsall 026C,921,61,71,63,80,74,57,76,48,57,59,44,44,48,26,30,34,16,17,16,F,2011
E01010363,Walsall 026D,935,94,51,58,58,100,117,78,58,48,55,48,42,34,22,19,15,13,17,8,F,2011
E01010402,Walsall 027A,844,60,45,50,44,46,69,67,56,65,67,57,49,48,42,24,24,12,11,8,F,2011
E01010405,Walsall 027B,857,54,57,43,57,58,67,55,49,67,73,59,41,45,39,21,31,15,15,11,F,2011
E01010406,Walsall 027C,1289,132,80,65,72,106,126,128,102,78,87,74,60,52,35,38,26,12,15,1,F,2011
E01010409,Walsall 027D,832,55,52,35,60,76,72,58,49,50,63,52,50,56,35,24,17,15,9,4,F,2011
E01010385,Walsall 028A,755,23,28,44,40,33,26,26,40,51,69,64,53,60,63,46,44,27,13,5,F,2011
E01010386,Walsall 028B,836,27,34,38,38,31,26,30,38,64,51,54,39,63,57,53,83,62,35,13,F,2011
E01010387,Walsall 028C,811,29,33,56,61,41,25,22,41,59,79,54,49,56,47,62,41,38,13,5,F,2011
E01010392,Walsall 028D,791,29,26,39,57,25,33,28,38,65,72,55,54,47,53,50,37,38,23,22,F,2011
E01010326,Walsall 029A,837,48,55,48,53,45,43,51,67,60,61,48,51,54,49,30,31,27,9,7,F,2011
E01010327,Walsall 029B,878,89,78,75,65,53,68,75,75,60,64,35,31,24,21,17,26,10,8,4,F,2011
E01010328,Walsall 029C,721,21,33,41,37,34,44,33,34,53,50,53,41,44,60,51,46,29,13,4,F,2011
E01010330,Walsall 029D,749,47,51,54,49,47,49,69,48,34,49,31,43,43,29,26,27,21,17,15,F,2011
E01010368,Walsall 030A,888,81,51,50,61,126,113,63,47,48,54,35,36,33,15,32,17,14,9,3,F,2011
E01010370,Walsall 030B,895,73,61,52,75,92,76,71,70,59,48,47,32,36,31,21,21,11,15,4,F,2011
E01010371,Walsall 030C,1030,84,89,84,128,103,104,87,71,52,47,35,36,24,22,18,18,12,10,6,F,2011
E01010372,Walsall 030D,776,68,56,60,50,56,51,62,34,46,55,43,37,35,41,29,21,20,8,4,F,2011
E01010373,Walsall 030E,1036,34,55,38,113,213,49,40,37,61,66,58,45,60,33,27,27,30,23,27,F,2011
E01010361,Walsall 031A,743,35,55,32,41,52,53,50,43,62,54,49,42,44,26,33,23,16,17,16,F,2011
E01010364,Walsall 031B,791,72,77,64,67,50,69,56,57,62,46,35,16,36,26,19,14,11,10,4,F,2011
E01010365,Walsall 031C,755,86,62,41,42,88,73,58,41,37,30,29,39,29,36,22,17,13,8,4,F,2011
E01010366,Walsall 031D,890,78,73,58,55,72,58,52,68,61,56,38,41,41,32,33,30,18,22,4,F,2011
E01010367,Walsall 031E,875,66,73,56,50,72,73,56,59,44,56,39,52,42,35,26,27,22,19,8,F,2011
E01010384,Walsall 032A,769,46,37,42,42,31,41,46,46,53,73,47,43,48,61,43,35,20,8,7,F,2011
E01010389,Walsall 032B,743,22,33,52,42,37,20,30,45,52,50,62,52,51,56,59,33,22,15,10,F,2011
E01010390,Walsall 032C,914,55,44,44,50,41,50,50,57,75,68,62,54,62,76,49,29,28,15,5,F,2011
E01010391,Walsall 032D,1012,67,44,54,70,42,47,69,72,81,72,75,46,50,63,91,36,18,11,4,F,2011
E01010261,Walsall 033A,838,78,59,53,52,81,76,69,48,59,47,50,44,41,24,19,16,10,5,7,F,2011
E01010263,Walsall 033B,818,81,79,62,58,59,67,64,53,67,51,32,33,39,26,18,11,10,4,4,F,2011
E01010264,Walsall 033C,855,50,54,60,57,57,65,50,37,51,55,63,43,42,34,43,24,22,34,14,F,2011
E01010265,Walsall 033D,918,92,58,57,80,87,97,80,57,59,49,51,39,38,19,20,14,14,4,3,F,2011
E01010336,Walsall 034A,807,69,63,68,52,65,71,56,43,55,29,51,43,32,39,28,20,9,7,7,F,2011
E01010340,Walsall 034B,892,92,74,67,77,76,95,76,57,42,35,34,41,38,28,22,10,15,10,3,F,2011
E01010341,Walsall 034C,866,87,90,81,59,82,71,68,65,44,32,35,28,38,23,26,14,15,5,3,F,2011
E01010342,Walsall 034D,844,93,79,76,53,101,67,73,62,47,49,29,24,17,14,20,17,7,8,8,F,2011
E01010343,Walsall 034E,783,86,71,82,57,73,73,69,47,45,37,30,20,24,27,17,12,7,3,3,F,2011
E01010344,Walsall 034F,870,90,69,79,65,58,65,64,59,48,44,38,36,35,36,30,23,23,6,2,F,2011
E01010331,Walsall 035A,842,29,38,45,42,33,38,29,55,62,44,44,66,78,75,66,45,33,14,6,F,2011
E01010332,Walsall 035B,940,42,67,47,61,47,47,53,51,64,44,70,64,76,53,43,47,35,21,8,F,2011
E01010333,Walsall 035C,817,39,40,35,50,37,40,39,39,49,65,48,59,57,52,62,43,36,19,8,F,2011
E01010334,Walsall 035D,812,43,50,46,47,31,39,44,38,49,62,54,48,63,62,46,35,33,11,11,F,2011
E01010262,Walsall 036A,807,67,60,49,57,53,47,62,58,67,68,52,34,28,33,28,15,14,10,5,F,2011
E01010309,Walsall 036B,955,89,69,56,58,76,82,77,69,69,64,59,51,33,27,26,22,15,10,3,F,2011
E01010311,Walsall 036C,834,72,61,46,39,84,59,54,47,38,53,43,47,38,33,30,34,25,18,13,F,2011
E01010316,Walsall 036D,865,69,70,67,57,69,62,55,63,57,59,42,39,39,34,33,13,19,9,9,F,2011
E01010335,Walsall 037A,891,67,84,75,63,74,71,69,57,69,54,53,34,24,25,19,19,19,8,7,F,2011
E01010337,Walsall 037B,748,49,33,58,42,52,52,55,50,33,49,37,43,51,44,20,28,20,24,8,F,2011
E01010338,Walsall 037C,915,66,55,78,67,79,84,65,50,59,62,38,42,32,19,30,27,19,23,20,F,2011
E01010339,Walsall 037D,802,52,60,58,58,58,45,54,47,61,60,41,45,35,34,37,24,15,14,4,F,2011
E01010310,Walsall 038A,869,65,63,74,81,48,67,50,54,71,61,42,35,37,29,39,28,16,6,3,F,2011
E01010312,Walsall 038B,877,71,66,40,59,81,86,73,56,58,45,36,30,35,31,33,33,17,14,13,F,2011
E01010313,Walsall 038C,784,53,69,53,49,51,72,53,47,57,55,45,39,34,27,25,21,16,7,11,F,2011
E01010314,Walsall 038D,784,53,41,37,60,62,49,40,41,56,45,37,46,56,35,43,26,24,22,11,F,2011
E01010315,Walsall 038E,646,41,33,26,46,55,45,33,42,44,56,33,37,34,36,35,22,16,7,5,F,2011
E01010329,Walsall 039A,818,37,32,41,47,32,26,26,47,62,55,53,62,57,57,47,61,36,29,11,F,2011
E01010355,Walsall 039B,759,22,38,51,36,31,24,27,44,66,62,48,31,40,38,77,68,35,14,7,F,2011
E01010356,Walsall 039C,788,27,54,58,45,30,37,28,47,61,65,52,36,41,57,47,53,31,14,5,F,2011
E01010357,Walsall 039D,951,55,51,46,51,51,75,60,61,78,82,62,31,60,56,51,43,23,13,2,F,2011
E01010358,Walsall 039E,760,28,37,48,54,41,54,44,40,51,60,53,30,49,40,33,37,37,16,8,F,2011
E01010359,Walsall 039F,831,36,49,58,53,39,49,38,51,85,80,50,39,31,59,37,36,20,11,10,F,2011
E01010360,Walsall 039G,768,41,33,55,49,41,35,47,40,45,80,45,30,43,43,44,59,31,4,3,F,2011
E08000031,,126187,8284,7040,7316,8064,9100,8847,8105,7995,9140,8836,7542,6615,6553,5629,5155,4521,3725,2371,1349,F,2011
E01010434,Wolverhampton 001A,877,61,41,50,46,63,64,69,53,66,63,50,53,61,23,40,33,28,6,7,F,2011
E01010436,Wolverhampton 001B,737,29,19,31,51,40,31,35,35,53,59,72,61,46,39,42,46,31,13,4,F,2011
E01010437,Wolverhampton 001C,608,28,26,33,39,38,43,30,42,40,74,58,40,36,38,16,13,9,3,2,F,2011
E01010438,Wolverhampton 001D,697,25,20,33,41,43,37,27,30,54,38,56,43,49,54,56,36,28,18,9,F,2011
E01010439,Wolverhampton 001E,714,42,29,51,62,36,32,34,45,55,50,45,34,37,37,37,26,22,26,14,F,2011
E01010440,Wolverhampton 001F,814,36,33,47,58,50,55,44,47,48,64,42,40,49,40,34,33,31,36,27,F,2011
E01010441,Wolverhampton 001G,727,35,44,38,48,75,54,35,45,43,46,50,47,43,43,29,17,19,8,8,F,2011
E01010495,Wolverhampton 002A,886,53,46,40,51,58,54,66,51,70,49,45,45,35,42,52,44,39,30,16,F,2011
E01010497,Wolverhampton 002B,614,26,27,40,50,30,37,43,38,40,64,57,47,43,20,21,16,8,7,0,F,2011
E01010499,Wolverhampton 002C,724,36,40,64,50,37,44,41,46,56,61,49,39,29,30,30,22,16,22,12,F,2011
E01010500,Wolverhampton 002D,750,68,65,57,67,50,61,51,58,53,44,36,31,27,22,21,16,13,6,4,F,2011
E01010496,Wolverhampton 003A,791,43,45,48,46,44,54,69,46,56,68,61,34,38,26,26,29,27,17,14,F,2011
E01010498,Wolverhampton 003B,726,31,28,35,37,50,58,46,41,64,66,92,58,42,33,18,11,9,7,0,F,2011
E01010541,Wolverhampton 003C,755,58,57,56,56,56,53,57,50,52,51,45,49,42,25,17,7,12,7,5,F,2011
E01010543,Wolverhampton 003D,756,54,71,53,51,53,62,61,54,66,45,36,50,32,22,17,14,8,3,4,F,2011
E01010456,Wolverhampton 004A,802,96,72,65,80,77,84,50,53,52,54,34,21,24,15,13,11,1,0,0,F,2011
E01010457,Wolverhampton 004B,791,55,48,38,49,39,35,47,46,69,59,45,53,38,40,28,46,31,17,8,F,2011
E01010462,Wolverhampton 004C,836,54,56,53,61,77,66,36,50,64,68,41,43,30,37,30,22,25,17,6,F,2011
E01010481,Wolverhampton 004D,838,80,60,53,71,56,61,43,48,56,56,39,39,43,30,25,31,22,14,11,F,2011
E01010555,Wolverhampton 005A,768,48,35,33,42,51,62,43,38,55,52,40,39,38,28,53,48,45,12,6,F,2011
E01010556,Wolverhampton 005B,750,39,31,62,55,39,30,49,50,71,65,56,33,32,37,34,42,16,8,1,F,2011
E01010557,Wolverhampton 005C,714,23,19,33,39,34,26,31,29,58,56,57,35,58,52,78,51,23,10,2,F,2011
E01010559,Wolverhampton 005D,728,40,34,37,32,31,56,39,31,58,53,43,25,34,47,62,61,34,7,4,F,2011
E01010560,Wolverhampton 005E,843,40,37,46,54,50,47,43,43,55,58,59,34,46,32,56,83,51,7,2,F,2011
E01010435,Wolverhampton 006A,731,79,51,43,59,59,57,57,48,44,44,39,27,27,17,23,15,24,12,6,F,2011
E01010501,Wolverhampton 006B,794,50,52,62,42,37,50,51,59,63,66,41,32,39,36,28,27,32,18,9,F,2011
E01010502,Wolverhampton 006C,702,54,45,40,41,46,36,47,39,71,54,56,38,23,27,23,22,27,10,3,F,2011
E01010503,Wolverhampton 006D,677,39,36,40,38,46,46,45,42,61,66,37,45,32,25,30,19,18,11,1,F,2011
E01010482,Wolverhampton 007A,714,62,45,51,60,46,40,51,52,48,28,46,31,39,32,35,25,13,6,4,F,2011
E01010483,Wolverhampton 007B,772,53,75,60,77,50,59,51,55,67,52,32,28,35,19,23,17,10,4,5,F,2011
E01010484,Wolverhampton 007C,722,55,50,56,49,42,57,52,48,56,56,49,42,31,16,24,16,15,6,2,F,2011
E01010485,Wolverhampton 007D,926,138,77,46,65,87,98,77,54,62,54,24,30,32,29,20,13,8,10,2,F,2011
E01010458,Wolverhampton 008A,913,54,44,55,55,57,58,56,61,67,59,54,49,52,38,36,34,49,23,12,F,2011
E01010459,Wolverhampton 008B,823,52,52,41,48,63,48,48,53,59,78,61,40,50,32,23,40,15,12,8,F,2011
E01010460,Wolverhampton 008C,834,52,38,55,64,49,37,51,51,69,71,52,56,36,41,36,25,22,12,17,F,2011
E01010461,Wolverhampton 008D,830,38,57,48,55,53,38,43,57,62,71,56,49,42,37,33,34,32,13,12,F,2011
E01010566,Wolverhampton 008E,956,70,52,57,65,48,47,46,60,85,74,47,50,44,52,40,42,34,28,15,F,2011
E01010539,Wolverhampton 009A,830,60,48,44,62,50,57,61,64,72,74,48,35,40,37,30,21,13,10,4,F,2011
E01010540,Wolverhampton 009B,746,26,29,33,40,26,23,31,25,44,55,47,50,42,59,38,60,50,43,25,F,2011
E01010542,Wolverhampton 009C,781,47,37,45,71,42,49,43,54,85,68,41,44,36,26,29,19,26,13,6,F,2011
E01010544,Wolverhampton 009D,750,29,31,39,41,30,37,28,40,52,59,57,48,46,38,46,63,42,17,7,F,2011
E01010545,Wolverhampton 009E,833,49,51,62,44,54,43,54,60,77,57,61,47,39,42,30,28,17,13,5,F,2011
E01010554,Wolverhampton 010A,727,25,30,33,42,34,41,28,34,47,52,45,37,54,57,52,70,29,11,6,F,2011
E01010558,Wolverhampton 010B,843,31,23,39,40,48,40,34,47,68,60,45,48,53,63,59,47,45,25,28,F,2011
E01010562,Wolverhampton 010C,769,59,39,32,31,47,32,44,50,52,57,40,43,59,38,53,39,30,20,4,F,2011
E01010563,Wolverhampton 010D,764,56,42,35,47,80,70,44,40,47,39,48,39,38,38,36,29,13,19,4,F,2011
E01010567,Wolverhampton 010E,773,43,42,47,48,51,44,42,49,58,52,46,47,42,27,31,28,49,23,4,F,2011
E01010478,Wolverhampton 011A,677,88,45,35,43,85,77,44,46,43,45,27,24,25,14,20,8,2,5,1,F,2011
E01010479,Wolverhampton 011B,858,49,56,57,73,64,66,51,50,68,69,48,49,38,35,26,24,25,7,3,F,2011
E01010480,Wolverhampton 011C,628,55,41,50,36,42,48,47,47,67,51,42,25,20,18,18,12,8,1,0,F,2011
E01010486,Wolverhampton 011D,937,84,106,103,75,49,79,70,56,64,75,48,31,34,24,17,13,4,4,1,F,2011
E01010474,Wolverhampton 012A,859,39,52,56,54,48,46,39,64,72,66,37,50,52,45,36,44,24,23,12,F,2011
E01010561,Wolverhampton 012B,816,41,40,51,37,40,37,42,56,63,65,47,49,53,60,55,41,21,13,5,F,2011
E01010564,Wolverhampton 012C,935,77,67,43,54,82,73,93,75,81,66,56,42,45,22,19,16,17,6,1,F,2011
E01010565,Wolverhampton 012D,968,45,54,64,51,59,54,52,58,66,85,77,51,62,77,37,41,22,8,5,F,2011
E01010522,Wolverhampton 013A,854,90,70,50,71,77,80,74,81,70,57,40,30,22,12,10,7,5,6,2,F,2011
E01010523,Wolverhampton 013B,760,46,51,30,53,62,73,59,53,64,58,48,37,34,25,18,28,10,8,3,F,2011
E01010524,Wolverhampton 013C,731,63,44,54,60,47,51,40,54,71,63,39,34,27,24,20,12,19,7,2,F,2011
E01010525,Wolverhampton 013D,753,83,66,50,35,79,83,60,66,36,50,34,38,18,17,19,11,4,2,2,F,2011
E01010546,Wolverhampton 014A,795,22,31,49,45,32,23,21,42,46,72,68,45,52,47,50,51,32,40,27,F,2011
E01010547,Wolverhampton 014B,795,24,30,20,41,32,36,56,42,40,41,42,46,68,58,57,56,52,34,20,F,2011
E01010548,Wolverhampton 014C,764,27,27,30,32,27,25,34,35,37,47,52,38,49,45,48,54,70,52,35,F,2011
E01010549,Wolverhampton 014D,779,45,34,36,55,39,34,44,53,55,61,50,49,44,51,40,25,40,15,9,F,2011
E01010553,Wolverhampton 014E,810,48,34,42,42,25,26,45,49,64,50,58,46,45,59,56,44,44,22,11,F,2011
E01010471,Wolverhampton 015A,806,75,46,45,41,87,79,68,55,44,40,46,29,35,30,30,12,19,15,10,F,2011
E01010472,Wolverhampton 015B,990,83,60,58,62,96,111,86,73,76,63,63,33,21,28,27,22,14,6,8,F,2011
E01010473,Wolverhampton 015C,1078,137,101,64,75,88,97,87,82,69,64,45,35,31,31,23,27,11,7,4,F,2011
E01010475,Wolverhampton 015D,808,48,51,48,49,61,50,52,58,62,56,48,46,39,37,29,23,24,21,6,F,2011
E01010476,Wolverhampton 015E,879,87,55,44,45,76,82,77,67,72,52,53,47,39,26,27,12,11,4,3,F,2011
E01010477,Wolverhampton 015F,895,82,60,48,52,82,82,61,58,64,61,56,48,48,35,20,21,11,3,3,F,2011
E01010526,Wolverhampton 016A,756,98,70,46,56,75,66,77,64,38,35,45,21,16,17,14,10,5,2,1,F,2011
E01010527,Wolverhampton 016B,847,71,54,46,69,80,85,66,54,63,43,43,39,26,26,35,18,16,12,1,F,2011
E01010528,Wolverhampton 016C,813,47,10,20,133,320,79,37,26,18,14,13,16,16,14,10,11,12,11,6,F,2011
E01010529,Wolverhampton 016D,709,40,27,33,37,174,83,45,34,35,44,24,34,24,17,20,18,9,10,1,F,2011
E01010506,Wolverhampton 017A,700,39,24,27,39,67,93,62,55,52,49,42,46,28,20,17,6,8,9,17,F,2011
E01010508,Wolverhampton 017B,583,31,26,26,29,79,69,58,42,34,42,21,32,21,13,13,18,14,9,6,F,2011
E01010510,Wolverhampton 017C,756,38,33,32,43,66,73,57,59,47,66,59,37,33,27,22,33,10,10,11,F,2011
E01010511,Wolverhampton 017D,773,52,43,48,44,95,79,68,51,48,52,43,32,29,23,20,20,19,7,0,F,2011
E01010512,Wolverhampton 017E,693,37,20,35,41,74,54,33,48,52,47,52,35,26,28,24,19,16,29,23,F,2011
E01010442,Wolverhampton 018A,681,44,44,35,40,40,49,52,47,50,35,42,29,49,38,31,23,8,18,7,F,2011
E01010443,Wolverhampton 018B,879,78,71,76,62,60,68,56,62,76,60,46,40,26,28,31,15,20,4,0,F,2011
E01010444,Wolverhampton 018C,664,30,32,34,40,49,35,39,33,43,53,37,34,46,63,41,22,18,12,3,F,2011
E01010445,Wolverhampton 018D,714,60,57,58,65,46,45,42,42,71,48,47,29,31,23,20,10,13,4,3,F,2011
E01010447,Wolverhampton 018E,882,65,43,37,44,63,78,67,49,70,55,42,45,44,46,44,27,36,20,7,F,2011
E01010448,Wolverhampton 018F,779,50,41,40,49,43,69,51,42,56,51,53,34,25,43,40,31,33,19,9,F,2011
E01010509,Wolverhampton 019A,756,42,27,39,30,32,59,49,48,53,59,42,47,41,47,33,23,34,31,20,F,2011
E01010550,Wolverhampton 019B,824,28,33,52,62,23,27,18,33,64,67,53,57,75,62,73,41,30,19,7,F,2011
E01010551,Wolverhampton 019C,789,34,27,18,31,33,33,36,46,57,63,51,59,73,60,35,50,40,30,13,F,2011
E01010552,Wolverhampton 019D,964,46,40,54,55,36,50,64,54,84,64,65,64,53,39,56,44,52,32,12,F,2011
E01010463,Wolverhampton 020A,798,69,34,56,34,63,78,70,65,60,49,41,48,46,27,13,21,16,5,3,F,2011
E01010464,Wolverhampton 020B,751,51,28,33,46,72,49,36,34,53,55,46,36,33,34,33,39,31,24,18,F,2011
E01010465,Wolverhampton 020C,836,75,62,53,48,61,71,83,51,58,59,44,36,43,16,28,23,13,9,3,F,2011
E01010466,Wolverhampton 020D,801,75,70,54,57,66,69,58,68,62,55,33,33,17,19,22,21,8,10,4,F,2011
E01010470,Wolverhampton 020E,686,49,39,49,42,38,65,49,46,32,53,40,41,34,29,30,20,19,9,2,F,2011
E01010521,Wolverhampton 020F,1138,63,37,30,134,360,145,80,47,49,47,30,20,24,17,23,16,9,4,3,F,2011
E01010487,Wolverhampton 021A,768,46,47,51,33,36,37,46,59,71,67,55,37,46,39,29,22,23,17,7,F,2011
E01010488,Wolverhampton 021B,748,34,32,46,47,30,26,28,42,48,52,47,55,54,41,50,41,32,35,8,F,2011
E01010493,Wolverhampton 021C,784,42,44,61,56,39,29,45,53,61,66,50,61,44,34,27,25,26,14,7,F,2011
E01010504,Wolverhampton 021D,718,23,27,31,31,35,48,27,33,36,39,47,46,55,51,45,37,52,23,32,F,2011
E01010505,Wolverhampton 021E,653,23,23,32,33,33,45,33,31,48,54,44,59,51,54,28,19,23,9,11,F,2011
E01010507,Wolverhampton 021F,764,32,28,29,29,28,37,23,38,43,43,51,49,62,51,49,50,44,38,40,F,2011
E01010418,Wolverhampton 022A,788,46,46,47,43,49,57,48,49,70,70,61,50,41,34,30,24,14,8,1,F,2011
E01010421,Wolverhampton 022B,846,57,41,59,77,59,63,38,54,61,73,48,38,40,39,36,23,22,9,9,F,2011
E01010423,Wolverhampton 022C,830,68,38,69,57,64,47,43,43,60,60,41,47,49,48,36,21,22,10,7,F,2011
E01010424,Wolverhampton 022D,791,43,41,35,52,44,51,59,56,41,60,68,40,47,34,49,36,24,7,4,F,2011
E01010417,Wolverhampton 023A,821,58,50,36,41,56,68,73,44,63,39,30,36,45,46,43,40,25,18,10,F,2011
E01010419,Wolverhampton 023B,722,58,36,45,41,45,41,52,37,51,56,32,41,52,28,34,20,36,10,7,F,2011
E01010420,Wolverhampton 023C,667,41,40,53,35,49,48,41,44,46,41,41,37,43,36,23,24,12,10,3,F,2011
E01010425,Wolverhampton 023D,678,41,31,38,52,40,43,48,40,47,42,53,38,51,34,28,26,14,8,4,F,2011
E01010446,Wolverhampton 023E,800,52,45,27,47,51,48,52,48,50,59,49,51,63,37,32,32,25,23,9,F,2011
E01010467,Wolverhampton 026A,794,26,41,30,40,80,52,31,43,57,63,60,47,51,31,35,45,23,20,19,F,2011
E01010468,Wolverhampton 026B,799,47,46,50,47,40,41,51,47,58,65,58,49,47,36,27,25,36,22,7,F,2011
E01010469,Wolverhampton 026C,731,44,31,36,40,42,51,60,56,57,67,48,38,52,29,26,23,15,9,7,F,2011
E01010516,Wolverhampton 026D,721,36,29,50,52,35,36,34,41,58,62,55,53,60,38,28,21,22,6,5,F,2011
E01010518,Wolverhampton 026E,814,41,33,33,53,40,39,32,46,63,71,53,49,45,45,45,34,40,36,16,F,2011
E01010414,Wolverhampton 027A,975,62,60,49,59,84,74,65,59,71,56,58,44,51,46,28,37,32,24,16,F,2011
E01010415,Wolverhampton 027B,866,88,55,66,82,59,83,60,63,58,55,62,34,39,22,20,8,10,2,0,F,2011
E01010416,Wolverhampton 027C,884,73,61,45,47,59,73,73,59,49,54,34,47,62,48,28,29,21,17,5,F,2011
E01010422,Wolverhampton 027D,828,41,44,43,44,67,43,46,40,69,52,56,45,62,35,26,32,35,27,21,F,2011
E01010489,Wolverhampton 028A,805,33,34,47,53,42,31,38,51,60,47,48,55,77,58,43,42,21,12,13,F,2011
E01010490,Wolverhampton 028B,826,46,39,47,37,60,53,63,56,60,59,46,34,41,38,29,33,32,30,23,F,2011
E01010491,Wolverhampton 028C,816,49,52,59,44,56,42,46,64,61,63,33,42,45,49,28,23,24,28,8,F,2011
E01010492,Wolverhampton 028D,678,40,32,36,47,37,32,45,45,41,68,53,45,57,37,24,15,9,8,7,F,2011
E01010494,Wolverhampton 028E,821,55,41,65,47,26,39,40,58,69,59,64,46,42,49,38,32,24,21,6,F,2011
E01010449,Wolverhampton 029A,1195,97,65,83,63,122,135,97,78,89,72,69,36,51,44,33,26,20,11,4,F,2011
E01010450,Wolverhampton 029B,863,56,57,45,40,56,77,55,54,55,51,40,58,44,30,34,38,31,27,15,F,2011
E01010451,Wolverhampton 029C,776,51,41,55,53,61,80,61,61,68,51,46,41,22,28,20,21,13,3,0,F,2011
E01010452,Wolverhampton 029D,780,53,55,48,38,50,45,79,58,63,60,30,47,36,28,18,19,30,13,10,F,2011
E01010455,Wolverhampton 029E,923,97,60,37,60,108,80,61,49,65,57,54,30,27,34,30,16,26,25,7,F,2011
E01010427,Wolverhampton 030A,855,46,56,35,41,44,78,67,53,52,49,40,60,59,27,29,38,36,22,23,F,2011
E01010431,Wolverhampton 030B,801,31,38,38,72,66,67,49,44,56,63,57,61,41,30,27,27,22,8,4,F,2011
E01010432,Wolverhampton 030C,779,35,31,45,38,48,82,51,40,62,54,53,54,46,32,28,38,24,13,5,F,2011
E01010519,Wolverhampton 030D,814,34,37,43,58,40,45,55,53,53,65,44,53,48,36,27,23,33,35,32,F,2011
E01010520,Wolverhampton 030E,832,33,22,49,48,39,49,43,52,69,59,63,46,53,50,57,47,31,15,7,F,2011
E01010513,Wolverhampton 031A,837,34,32,39,36,24,35,22,44,54,54,53,46,58,56,64,59,64,36,27,F,2011
E01010514,Wolverhampton 031B,795,66,42,40,21,49,55,63,67,65,56,54,50,43,26,32,31,14,13,8,F,2011
E01010515,Wolverhampton 031C,824,53,51,38,40,43,36,48,67,63,68,64,49,53,41,39,26,24,14,7,F,2011
E01010517,Wolverhampton 031D,824,51,44,51,64,45,42,58,56,69,69,46,40,45,40,40,25,23,14,2,F,2011
E01010533,Wolverhampton 032A,878,69,56,46,60,65,73,60,61,73,51,43,32,38,26,27,34,36,15,13,F,2011
E01010535,Wolverhampton 032B,820,46,62,69,54,55,60,51,57,65,43,41,28,35,39,35,30,23,18,9,F,2011
E01010536,Wolverhampton 032C,837,29,38,54,51,29,47,42,37,59,53,50,65,59,46,50,63,34,19,12,F,2011
E01010537,Wolverhampton 032D,753,26,20,51,26,29,28,35,35,51,57,48,61,49,65,63,65,29,10,5,F,2011
E01010410,Wolverhampton 033A,867,74,41,37,54,81,62,52,46,50,54,50,43,53,51,35,35,21,21,7,F,2011
E01010411,Wolverhampton 033B,826,63,70,59,50,58,51,55,52,78,65,40,26,33,36,32,25,21,6,6,F,2011
E01010412,Wolverhampton 033C,1031,77,67,61,73,75,94,83,78,66,71,46,63,45,48,27,14,23,13,7,F,2011
E01010413,Wolverhampton 033D,879,64,51,54,61,53,59,62,51,53,40,47,43,34,51,54,43,27,26,6,F,2011
E01010531,Wolverhampton 034A,952,69,55,66,64,52,61,53,53,64,62,49,52,40,55,40,30,44,25,18,F,2011
E01010532,Wolverhampton 034B,838,52,50,57,54,46,52,44,57,68,61,53,41,47,42,28,23,29,22,12,F,2011
E01010534,Wolverhampton 034C,784,53,41,38,59,47,56,66,61,62,60,72,48,48,25,17,16,10,3,2,F,2011
E01010538,Wolverhampton 034D,846,49,55,66,62,45,42,50,69,61,53,57,38,48,36,37,27,22,15,14,F,2011
E01010426,Wolverhampton 035A,736,30,32,35,80,52,46,47,42,46,46,40,42,33,35,31,32,21,25,21,F,2011
E01010428,Wolverhampton 035B,697,60,36,45,44,48,79,78,56,38,25,45,35,26,23,22,18,12,6,1,F,2011
E01010429,Wolverhampton 035C,653,26,51,51,50,42,32,46,59,47,38,31,33,32,31,29,25,14,9,7,F,2011
E01010430,Wolverhampton 035D,858,72,56,53,68,61,65,70,59,63,57,46,38,37,32,38,13,18,6,6,F,2011
E01010433,Wolverhampton 035E,595,46,41,28,29,45,43,48,35,24,35,32,32,27,19,20,24,27,27,13,F,2011
E01010453,Wolverhampton 035F,1000,73,76,83,63,81,79,77,85,76,58,46,33,37,25,36,24,21,19,8,F,2011
E01010454,Wolverhampton 035G,818,70,53,49,54,57,75,57,56,51,52,60,33,40,22,36,20,9,13,11,F,2011
E01010530,Wolverhampton 035H,682,83,49,36,39,83,64,52,40,46,34,30,31,29,19,13,13,16,5,0,F,2011
E07000234,,47407,2308,2407,2546,2807,2235,2006,2293,2943,3707,3873,3358,3083,3190,2891,2210,1956,1682,1163,749,F,2011
E01032138,Bromsgrove 001A,727,24,44,45,41,26,17,16,44,50,59,48,46,45,51,42,37,33,31,28,F,2011
E01032139,Bromsgrove 001B,859,47,67,58,44,28,19,31,56,79,78,57,41,48,60,42,34,38,19,13,F,2011
E01032140,Bromsgrove 001C,909,43,62,64,63,27,25,34,51,80,83,64,30,52,46,58,55,33,23,16,F,2011
E01032141,Bromsgrove 001D,756,28,48,42,44,30,25,30,37,65,70,47,45,48,43,36,35,30,33,20,F,2011
E01032136,Bromsgrove 002A,650,23,35,45,44,20,19,18,38,56,70,47,45,34,53,30,29,14,13,17,F,2011
E01032137,Bromsgrove 002B,770,45,34,35,42,27,21,30,44,75,70,60,45,45,45,31,36,32,35,18,F,2011
E01032168,Bromsgrove 002C,560,22,22,23,24,28,15,18,34,39,45,39,36,47,33,36,35,29,24,11,F,2011
E01032169,Bromsgrove 002D,562,17,15,29,24,22,12,22,30,35,43,51,55,40,49,32,18,30,18,20,F,2011
E01032176,Bromsgrove 002E,1098,43,49,61,47,37,31,40,56,97,104,77,94,106,85,60,44,25,25,17,F,2011
E01032126,Bromsgrove 003A,1067,42,50,46,59,50,30,36,63,79,79,79,65,93,75,96,46,35,26,18,F,2011
E01032170,Bromsgrove 003B,742,54,40,47,56,39,51,43,61,76,48,49,53,34,23,25,24,13,4,2,F,2011
E01032171,Bromsgrove 003C,762,16,26,43,56,35,19,17,40,57,69,49,55,48,40,43,67,59,16,7,F,2011
E01032172,Bromsgrove 003D,729,28,33,41,39,42,34,39,46,56,50,57,50,58,50,31,24,36,15,0,F,2011
E01032133,Bromsgrove 004A,865,54,46,48,47,44,45,44,36,59,46,61,43,55,63,62,38,44,15,15,F,2011
E01032135,Bromsgrove 004B,846,31,41,56,65,55,31,26,51,76,77,79,66,58,51,40,24,8,7,4,F,2011
E01032145,Bromsgrove 004C,726,32,31,26,34,24,28,38,39,44,66,44,60,62,59,37,48,36,9,9,F,2011
E01032147,Bromsgrove 004D,621,24,17,20,36,21,17,18,24,26,51,38,41,47,51,54,44,43,34,15,F,2011
E01032134,Bromsgrove 005A,852,33,26,26,41,33,24,29,38,49,68,65,65,67,75,31,39,45,45,53,F,2011
E01032146,Bromsgrove 005B,854,25,45,43,45,39,35,35,41,72,66,71,58,74,51,45,56,31,14,8,F,2011
E01032177,Bromsgrove 005C,578,24,32,26,22,21,24,28,37,51,53,37,46,39,39,26,27,19,14,13,F,2011
E01032178,Bromsgrove 005D,668,35,20,25,37,29,20,18,38,41,51,39,43,63,48,61,43,31,21,5,F,2011
E01032142,Bromsgrove 006A,762,39,39,32,34,35,26,50,48,72,68,60,70,42,61,25,27,20,9,5,F,2011
E01032143,Bromsgrove 006B,747,19,25,33,47,28,23,14,37,44,66,66,60,56,60,45,36,38,26,24,F,2011
E01032144,Bromsgrove 006C,935,40,54,52,60,23,25,39,51,60,65,67,63,65,66,49,52,46,37,21,F,2011
E01032149,Bromsgrove 006D,619,27,40,28,42,25,14,20,32,56,56,59,56,53,34,22,17,18,13,7,F,2011
E01032127,Bromsgrove 007A,818,44,33,40,24,51,53,54,50,60,59,63,47,58,50,40,29,36,15,12,F,2011
E01032128,Bromsgrove 007B,724,36,29,44,45,49,43,28,50,60,55,43,46,67,48,27,19,19,12,4,F,2011
E01032129,Bromsgrove 007C,724,35,39,70,53,44,30,35,61,57,79,40,50,38,25,24,20,14,6,4,F,2011
E01032152,Bromsgrove 007D,704,37,38,44,47,34,37,33,56,51,49,32,38,38,49,38,35,25,17,6,F,2011
E01032148,Bromsgrove 008A,570,21,27,38,40,22,22,14,28,42,57,51,42,30,40,19,23,24,12,18,F,2011
E01032150,Bromsgrove 008B,753,27,31,37,49,29,23,20,34,46,82,75,51,70,50,49,38,19,17,6,F,2011
E01032151,Bromsgrove 008C,695,20,27,35,46,24,18,21,48,58,59,56,64,61,37,46,25,19,21,10,F,2011
E01032153,Bromsgrove 008D,769,36,36,48,35,36,35,60,64,66,50,40,52,68,43,36,31,15,9,9,F,2011
E01032155,Bromsgrove 008E,853,49,51,58,53,32,22,57,63,86,81,61,54,51,42,33,29,24,6,1,F,2011
E01032122,Bromsgrove 009A,1032,59,49,46,57,41,33,54,54,77,87,78,71,70,78,37,33,34,40,34,F,2011
E01032123,Bromsgrove 009B,786,29,32,33,46,42,11,28,29,57,65,58,46,76,65,53,49,29,24,14,F,2011
E01032124,Bromsgrove 009C,801,46,51,44,45,30,31,55,51,59,64,43,63,59,60,31,28,20,15,6,F,2011
E01032125,Bromsgrove 009D,762,33,38,41,37,33,20,47,58,54,62,55,42,52,51,38,35,39,17,10,F,2011
E01032154,Bromsgrove 010A,914,54,66,63,61,43,50,52,84,101,93,60,57,44,23,16,15,16,12,4,F,2011
E01032159,Bromsgrove 010B,924,45,47,36,47,37,50,46,62,64,60,58,56,63,60,36,48,43,40,26,F,2011
E01032160,Bromsgrove 010C,875,41,40,32,41,42,67,56,61,59,74,53,48,57,59,47,36,31,23,8,F,2011
E01032161,Bromsgrove 010D,743,45,38,49,46,46,45,40,57,55,66,38,49,33,38,22,28,27,14,7,F,2011
E01032156,Bromsgrove 011A,892,36,30,49,161,58,75,63,38,45,49,46,39,43,33,34,28,32,15,18,F,2011
E01032157,Bromsgrove 011B,967,26,24,21,35,52,38,34,34,45,37,55,42,61,53,59,67,107,100,77,F,2011
E01032173,Bromsgrove 011C,845,41,38,64,60,40,36,40,51,77,79,82,60,44,58,25,21,16,11,2,F,2011
E01032175,Bromsgrove 011D,809,22,38,45,54,33,39,20,51,75,73,78,54,64,48,38,36,18,16,7,F,2011
E01032158,Bromsgrove 012A,771,31,22,34,31,35,21,26,34,51,59,64,60,61,67,60,50,33,20,12,F,2011
E01032162,Bromsgrove 012B,986,75,71,54,52,34,29,48,82,87,70,56,39,70,66,57,32,31,26,7,F,2011
E01033059,Bromsgrove 012D,808,64,72,61,51,41,44,70,90,92,72,53,23,27,21,13,3,8,1,2,F,2011
E01033061,Bromsgrove 012E,1014,80,98,68,54,23,38,64,99,95,83,55,49,65,39,27,27,20,14,16,F,2011
E01032130,Bromsgrove 013A,1365,129,91,48,72,90,136,156,122,112,78,70,60,54,45,28,40,18,13,3,F,2011
E01032131,Bromsgrove 013B,880,73,74,62,60,83,60,61,56,62,59,49,60,32,22,29,12,13,8,5,F,2011
E01032132,Bromsgrove 013C,1122,81,54,52,77,92,65,70,63,77,68,53,57,48,61,38,49,56,44,17,F,2011
E01032174,Bromsgrove 013D,807,49,48,49,48,42,47,49,70,69,66,58,43,40,48,22,31,23,5,0,F,2011
E01032166,Bromsgrove 014C,1035,43,34,61,43,56,44,47,57,72,87,90,78,95,71,50,37,39,27,4,F,2011
E01033060,Bromsgrove 014E,576,14,25,30,39,27,11,25,18,49,60,53,55,46,38,20,18,20,14,14,F,2011
E01033062,Bromsgrove 014F,1190,51,53,60,70,72,46,45,66,116,128,120,108,87,55,35,30,20,15,13,F,2011
E01033243,Bromsgrove 014G,629,21,22,36,35,34,57,42,30,37,62,62,49,39,37,24,19,8,8,7,F,2011
E07000235,,38363,1572,1779,2144,2427,1547,1473,1532,1965,2654,2972,2692,2622,3065,2708,2124,1762,1516,1142,667,F,2011
E01032193,Malvern Hills 001A,1112,39,61,56,66,40,25,48,64,73,105,80,91,114,92,64,46,25,15,8,F,2011
E01032212,Malvern Hills 001B,958,40,49,53,44,27,33,32,50,91,66,76,89,85,66,67,40,19,24,7,F,2011
E01032213,Malvern Hills 001C,765,14,33,41,63,26,15,25,34,41,51,63,64,79,76,44,36,40,15,5,F,2011
E01032214,Malvern Hills 001D,1150,55,45,58,64,62,65,51,35,76,87,64,70,68,77,57,65,60,60,31,F,2011
E01032181,Malvern Hills 002A,1081,36,54,52,41,35,39,49,57,76,73,65,88,107,94,69,47,35,37,27,F,2011
E01032190,Malvern Hills 002B,932,47,48,52,57,38,26,30,42,59,74,85,70,70,67,66,51,22,15,13,F,2011
E01032199,Malvern Hills 002C,888,35,36,73,57,24,26,32,48,72,73,82,63,69,63,37,36,30,20,12,F,2011
E01032223,Malvern Hills 002D,1067,35,53,106,62,34,34,26,51,74,120,73,69,106,76,58,40,28,13,9,F,2011
E01032179,Malvern Hills 003A,832,33,39,48,41,28,24,34,35,72,84,64,65,85,68,37,40,24,5,6,F,2011
E01032180,Malvern Hills 003B,923,36,40,47,37,34,29,35,53,57,86,74,73,96,77,45,42,31,19,12,F,2011
E01032182,Malvern Hills 003C,1018,33,36,57,51,40,27,37,41,66,100,73,74,84,63,58,58,54,45,21,F,2011
E01032183,Malvern Hills 003D,710,23,41,45,47,18,26,21,42,67,59,40,45,59,66,40,28,25,7,11,F,2011
E01032194,Malvern Hills 004A,788,47,42,23,53,52,53,35,37,48,45,73,37,49,49,28,36,34,31,16,F,2011
E01032195,Malvern Hills 004B,830,33,41,48,40,34,45,42,39,60,62,67,36,57,58,39,45,38,33,13,F,2011
E01032196,Malvern Hills 004C,801,30,28,39,37,35,38,32,46,53,68,50,37,57,48,47,47,52,39,18,F,2011
E01032197,Malvern Hills 004D,796,40,38,36,47,33,43,37,50,59,52,54,50,46,53,37,33,37,37,14,F,2011
E01032205,Malvern Hills 005A,536,17,23,29,27,16,15,13,17,31,55,42,42,61,39,33,22,24,21,9,F,2011
E01032206,Malvern Hills 005B,608,26,21,22,27,16,22,19,33,32,44,38,46,55,60,60,44,25,12,6,F,2011
E01032207,Malvern Hills 005C,746,25,49,44,28,21,21,26,39,67,72,57,50,61,51,42,48,29,11,5,F,2011
E01032217,Malvern Hills 005D,812,26,32,45,29,25,25,25,33,59,64,52,54,98,58,51,34,30,41,31,F,2011
E01032188,Malvern Hills 006A,1037,58,72,60,77,52,59,61,74,84,73,66,59,54,50,44,37,32,20,5,F,2011
E01032189,Malvern Hills 006B,1031,73,51,59,56,56,51,51,72,56,70,59,67,68,64,75,43,34,20,6,F,2011
E01032220,Malvern Hills 006C,734,30,27,43,49,37,27,36,39,61,79,60,41,62,40,33,26,19,13,12,F,2011
E01032221,Malvern Hills 006D,668,17,31,39,35,54,27,16,44,51,50,65,48,66,49,20,21,12,11,12,F,2011
E01032222,Malvern Hills 006E,697,43,38,44,47,41,36,48,51,58,55,45,46,45,25,33,22,8,6,6,F,2011
E01032201,Malvern Hills 007A,844,47,50,57,60,53,45,42,54,62,64,55,35,40,53,36,31,34,16,10,F,2011
E01032202,Malvern Hills 007B,908,59,61,69,75,56,47,59,55,56,55,47,45,50,47,37,37,25,21,7,F,2011
E01032203,Malvern Hills 007C,739,27,44,37,45,30,21,36,38,63,61,59,54,53,43,28,37,21,28,14,F,2011
E01032204,Malvern Hills 007D,843,71,73,62,52,82,59,55,68,49,49,41,41,31,27,27,21,16,16,3,F,2011
E01032191,Malvern Hills 008A,1201,50,46,62,51,36,37,54,69,84,99,102,89,97,92,72,50,59,37,15,F,2011
E01032192,Malvern Hills 008B,844,33,54,36,36,24,41,34,45,66,53,60,55,69,63,45,45,31,33,21,F,2011
E01032211,Malvern Hills 008C,937,23,33,42,45,24,29,32,34,55,76,64,82,78,97,67,53,53,26,24,F,2011
E01032184,Malvern Hills 009A,834,18,26,31,33,21,19,17,27,54,54,53,59,74,68,77,61,72,46,24,F,2011
E01032185,Malvern Hills 009B,741,24,26,44,43,21,10,17,20,52,53,53,61,65,77,54,40,38,29,14,F,2011
E01032186,Malvern Hills 009C,842,32,40,50,190,21,28,30,41,52,30,40,41,46,28,36,38,32,35,32,F,2011
E01032187,Malvern Hills 009D,914,58,38,49,47,51,56,44,42,68,60,51,58,48,48,39,32,47,48,30,F,2011
E01032208,Malvern Hills 010A,736,23,19,31,30,39,43,40,34,40,47,39,46,44,60,44,39,41,48,29,F,2011
E01032209,Malvern Hills 010B,733,9,13,47,204,12,31,22,35,23,43,35,35,55,33,47,23,28,29,9,F,2011
E01032210,Malvern Hills 010C,611,22,13,32,26,11,17,30,25,36,35,48,38,57,51,40,26,37,28,39,F,2011
E01032218,Malvern Hills 010D,785,24,33,39,62,27,28,26,29,52,74,54,63,74,64,41,36,27,22,10,F,2011
E01032219,Malvern Hills 010E,803,29,42,38,30,32,23,26,49,50,64,63,72,95,61,50,35,26,12,6,F,2011
E01032198,Malvern Hills 011A,1079,38,35,61,80,47,20,23,53,75,93,86,89,85,80,58,49,38,36,33,F,2011
E01032200,Malvern Hills 011B,1069,36,56,74,57,24,37,28,47,79,91,75,76,115,89,56,51,45,21,12,F,2011
E01032215,Malvern Hills 011C,597,21,24,28,43,23,17,24,29,33,40,41,46,37,35,42,41,42,25,6,F,2011
E01032216,Malvern Hills 011D,783,37,25,36,36,35,34,32,45,62,64,59,63,51,63,44,30,37,16,14,F,2011
E07000236,,42447,2718,2376,2393,2479,2565,3075,2975,2934,3025,2936,2817,2896,2749,2043,1385,1084,947,681,369,F,2011
E01032226,Redditch 001A,1007,59,57,54,39,75,90,74,69,51,71,63,65,87,57,35,35,17,5,4,F,2011
E01032227,Redditch 001B,527,17,11,21,24,13,19,16,26,36,38,33,57,86,42,28,27,20,9,4,F,2011
E01032243,Redditch 001C,725,26,29,35,41,38,44,36,37,36,58,78,84,56,44,23,21,20,13,6,F,2011
E01032244,Redditch 001D,634,28,30,34,33,24,56,41,44,46,41,42,59,46,38,17,20,18,13,4,F,2011
E01032240,Redditch 002A,671,48,49,33,30,50,70,63,46,39,38,53,48,48,21,12,13,8,1,1,F,2011
E01032241,Redditch 002B,704,72,53,44,40,59,56,69,55,47,49,36,48,34,19,9,5,5,4,0,F,2011
E01032242,Redditch 002C,716,60,32,35,43,49,81,66,55,35,49,53,43,41,27,15,9,11,7,5,F,2011
E01032245,Redditch 002D,696,52,36,23,59,57,67,58,42,35,34,40,46,40,25,20,20,14,20,8,F,2011
E01032232,Redditch 003A,853,57,62,49,62,62,88,51,62,74,56,49,38,35,25,15,13,23,19,13,F,2011
E01032233,Redditch 003B,1481,149,111,78,64,55,115,163,190,134,113,82,73,52,45,38,4,8,5,2,F,2011
E01032234,Redditch 003C,972,64,61,52,54,59,71,66,61,61,57,50,46,52,45,29,30,33,51,30,F,2011
E01032235,Redditch 003D,944,81,59,55,63,81,68,65,50,69,53,40,46,37,38,32,42,32,21,12,F,2011
E01032224,Redditch 004A,826,66,49,43,57,86,101,79,68,47,47,42,33,27,19,20,7,18,12,5,F,2011
E01032225,Redditch 004B,593,60,25,35,33,47,62,44,34,33,34,31,23,38,28,22,23,13,1,7,F,2011
E01032239,Redditch 004C,838,85,55,47,45,81,115,88,68,50,37,34,34,23,13,8,11,9,24,11,F,2011
E01032262,Redditch 004D,1051,95,69,68,60,82,87,91,90,66,59,58,58,44,34,26,28,16,14,6,F,2011
E01032273,Redditch 005A,684,32,47,31,36,28,28,36,41,51,54,69,69,71,27,21,14,14,10,5,F,2011
E01032275,Redditch 005B,686,46,33,31,35,35,47,55,57,44,40,53,55,60,30,25,13,16,6,5,F,2011
E01032277,Redditch 005C,653,43,38,51,41,48,57,56,50,49,41,48,59,24,26,8,4,4,3,3,F,2011
E01032278,Redditch 005D,816,88,52,47,49,58,80,84,57,46,48,47,52,42,21,18,12,9,4,2,F,2011
E01032236,Redditch 006A,862,49,52,49,51,82,90,71,64,63,46,42,36,39,34,27,19,22,17,9,F,2011
E01032237,Redditch 006B,782,48,26,45,47,42,44,51,43,62,68,60,57,52,39,26,20,15,23,14,F,2011
E01032238,Redditch 006C,665,32,29,36,41,47,54,48,39,53,42,42,58,26,26,41,23,19,8,1,F,2011
E01032264,Redditch 006D,863,62,60,53,56,54,75,67,59,58,51,42,39,73,48,33,15,7,6,5,F,2011
E01032255,Redditch 007A,695,37,32,41,45,48,41,27,52,58,52,44,34,37,41,34,32,19,13,8,F,2011
E01032263,Redditch 007B,896,45,46,42,59,64,61,54,51,53,55,57,63,62,57,51,33,30,10,3,F,2011
E01032266,Redditch 007C,791,39,36,31,43,45,54,66,50,57,46,59,64,71,47,36,20,20,5,2,F,2011
E01032274,Redditch 007D,647,40,35,37,38,29,22,42,41,56,42,38,77,57,42,25,13,5,7,1,F,2011
E01032259,Redditch 008A,827,34,40,50,43,28,37,39,54,58,64,43,46,49,35,37,30,55,45,40,F,2011
E01032269,Redditch 008B,833,35,39,47,38,38,55,53,49,51,59,66,69,49,45,33,37,32,29,9,F,2011
E01032270,Redditch 008C,700,26,46,40,51,28,24,43,42,56,54,58,57,51,31,31,19,14,17,12,F,2011
E01032271,Redditch 008D,658,29,29,34,57,36,21,25,45,52,78,63,53,45,25,25,16,15,8,2,F,2011
E01032272,Redditch 008E,631,36,33,31,31,34,29,28,35,48,46,42,58,46,43,30,17,22,13,9,F,2011
E01032253,Redditch 009A,640,35,33,43,37,26,30,39,43,53,54,47,53,63,31,19,18,13,2,1,F,2011
E01032265,Redditch 009B,818,63,41,48,65,32,59,65,50,50,55,43,51,59,59,29,20,12,13,4,F,2011
E01032267,Redditch 009C,841,52,51,65,55,45,64,69,70,59,54,48,53,70,34,22,13,11,4,2,F,2011
E01032268,Redditch 009D,619,28,31,25,42,36,30,37,28,52,50,55,59,59,42,15,18,7,3,2,F,2011
E01032276,Redditch 009E,718,32,37,30,29,48,49,58,47,70,37,72,63,57,42,24,2,11,8,2,F,2011
E01032250,Redditch 010A,692,61,57,50,49,42,63,69,59,42,32,36,38,41,22,16,6,5,4,0,F,2011
E01032251,Redditch 010B,894,67,65,57,57,67,98,84,77,66,49,42,40,50,34,18,11,5,5,2,F,2011
E01032252,Redditch 010C,725,62,57,65,56,48,57,60,52,55,34,40,42,35,21,12,12,9,5,3,F,2011
E01032254,Redditch 010D,802,56,50,51,43,36,55,45,56,58,49,44,54,55,44,37,35,20,9,5,F,2011
E01032256,Redditch 011A,794,43,49,46,58,40,45,45,43,60,63,61,53,53,48,27,18,22,14,6,F,2011
E01032257,Redditch 011B,728,48,36,49,43,33,42,48,49,42,65,73,61,47,39,18,15,12,4,4,F,2011
E01032258,Redditch 011C,766,34,34,28,36,51,47,46,38,54,75,49,31,54,54,37,26,34,26,12,F,2011
E01032260,Redditch 011D,751,52,38,31,50,41,64,44,50,51,45,45,39,48,46,29,24,18,21,15,F,2011
E01032246,Redditch 012A,709,42,30,44,31,39,31,33,52,54,50,48,45,66,46,32,30,18,14,4,F,2011
E01032247,Redditch 012B,734,34,29,44,35,58,47,43,57,60,55,44,48,41,36,29,24,25,15,10,F,2011
E01032248,Redditch 012C,723,30,43,57,52,37,20,39,51,82,73,68,63,34,26,20,16,11,1,0,F,2011
E01032249,Redditch 012D,789,52,42,43,43,40,73,52,66,64,53,57,71,41,31,16,16,16,10,3,F,2011
E01032261,Redditch 012E,701,24,31,43,30,23,30,30,29,53,47,60,59,59,50,46,37,28,15,7,F,2011
E01032228,Redditch 013A,688,38,38,38,41,22,25,38,45,42,66,58,58,42,48,20,19,15,22,13,F,2011
E01032229,Redditch 013B,749,44,30,49,36,62,56,39,52,51,68,54,54,48,40,18,20,12,8,8,F,2011
E01032230,Redditch 013C,766,33,42,44,41,31,32,26,39,69,72,57,68,71,50,20,28,25,13,5,F,2011
E01032231,Redditch 013D,873,48,51,41,42,46,49,51,55,64,70,59,46,56,63,31,31,35,22,13,F,2011
E07000237,,50127,3179,2663,2704,3213,3792,3593,3493,3505,3694,3552,2978,2680,2769,2267,1818,1582,1220,882,543,F,2011
E01032296,Worcester 001A,864,54,30,34,42,45,70,68,74,60,52,51,53,40,33,33,36,23,25,41,F,2011
E01032297,Worcester 001B,816,38,47,51,43,26,31,48,64,64,69,54,54,55,44,34,37,26,17,14,F,2011
E01032298,Worcester 001C,923,49,43,38,31,30,26,49,45,74,63,65,47,71,76,60,65,40,27,24,F,2011
E01032299,Worcester 001D,767,41,35,33,48,33,53,52,62,80,55,42,47,44,43,25,23,26,16,9,F,2011
E01032300,Worcester 001E,815,46,45,42,26,22,28,32,49,58,62,48,64,76,54,45,41,38,24,15,F,2011
E01032303,Worcester 002A,621,49,44,43,45,47,55,36,40,33,42,23,35,25,30,25,26,16,5,2,F,2011
E01032304,Worcester 002B,761,69,44,41,41,73,61,53,38,47,47,47,32,25,27,42,35,20,14,5,F,2011
E01032331,Worcester 002C,701,52,27,35,41,38,57,36,42,56,46,46,32,52,54,30,30,15,8,4,F,2011
E01032332,Worcester 002D,612,51,35,23,41,60,57,40,38,32,41,33,27,30,18,20,16,15,19,16,F,2011
E01032330,Worcester 003A,592,40,29,27,21,63,45,51,54,41,44,40,29,24,26,21,16,10,8,3,F,2011
E01032334,Worcester 003B,1173,92,62,84,72,70,105,110,93,134,101,69,59,38,30,23,11,12,7,1,F,2011
E01032335,Worcester 003C,787,68,60,65,31,25,32,58,93,95,73,60,32,27,32,16,7,11,1,1,F,2011
E01032336,Worcester 003D,816,66,54,46,46,49,69,58,77,76,89,50,33,47,25,18,6,5,2,0,F,2011
E01032279,Worcester 004A,660,48,38,42,40,38,60,47,44,56,40,58,34,30,28,24,15,10,4,4,F,2011
E01032312,Worcester 004B,707,38,30,31,38,60,65,85,71,44,49,41,46,34,27,10,14,11,9,4,F,2011
E01032327,Worcester 004C,835,46,44,31,34,47,81,61,61,60,55,43,49,57,50,34,14,31,27,10,F,2011
E01032328,Worcester 004D,798,46,35,49,52,39,48,52,52,59,73,49,40,49,44,29,28,31,9,14,F,2011
E01032329,Worcester 004E,1002,32,56,47,61,53,43,38,69,91,73,76,65,83,71,48,44,32,13,7,F,2011
E01032301,Worcester 005A,726,46,34,37,22,52,50,34,50,36,55,46,55,53,47,41,31,24,9,4,F,2011
E01032302,Worcester 005B,615,58,29,36,40,46,48,48,53,29,45,29,45,34,21,17,13,9,7,8,F,2011
E01032310,Worcester 005C,704,50,38,35,42,42,68,53,50,54,50,47,48,37,24,22,19,13,8,4,F,2011
E01032311,Worcester 005D,774,53,43,67,56,46,46,51,63,51,63,54,31,34,31,31,22,11,19,2,F,2011
E01032313,Worcester 005E,701,64,47,66,69,40,52,51,51,48,52,49,32,16,19,18,13,11,1,2,F,2011
E01032333,Worcester 005F,1031,121,92,61,76,76,129,102,64,75,53,57,34,18,24,20,12,12,5,0,F,2011
E01032314,Worcester 006A,579,26,31,24,35,88,34,32,29,42,37,40,30,37,27,21,18,13,5,10,F,2011
E01032315,Worcester 006B,1103,31,29,27,313,300,37,33,31,28,37,31,32,35,37,31,21,32,13,5,F,2011
E01032316,Worcester 006C,606,16,17,26,21,39,18,24,27,32,44,28,34,49,59,56,34,38,22,22,F,2011
E01032317,Worcester 006D,788,29,32,41,58,66,38,33,40,40,54,48,53,46,58,49,43,24,22,14,F,2011
E01032280,Worcester 007A,822,37,48,35,39,47,81,61,47,61,61,55,38,45,27,26,29,33,29,23,F,2011
E01032281,Worcester 007B,695,47,33,15,25,63,95,69,68,39,42,38,40,32,25,21,17,12,7,7,F,2011
E01032282,Worcester 007C,832,46,34,28,42,111,124,101,72,37,42,29,41,32,23,19,23,15,7,6,F,2011
E01033246,Worcester 007E,580,35,23,17,19,48,49,44,30,31,41,36,31,53,33,19,22,25,17,7,F,2011
E01033247,Worcester 007F,489,20,6,6,57,148,73,46,26,23,23,8,13,10,10,3,5,8,2,2,F,2011
E01032337,Worcester 008A,971,69,56,50,64,68,71,79,70,86,80,73,61,48,28,27,21,8,9,3,F,2011
E01032338,Worcester 008B,1062,83,76,76,82,76,93,103,111,91,82,59,36,31,19,18,14,6,3,3,F,2011
E01032339,Worcester 008C,844,48,74,69,60,21,37,47,82,105,82,59,44,41,24,14,13,16,4,4,F,2011
E01032318,Worcester 009A,842,95,67,61,70,76,55,75,50,52,48,44,29,37,21,13,20,18,11,0,F,2011
E01032319,Worcester 009B,854,44,39,23,39,107,29,37,54,47,55,51,48,63,69,54,40,21,23,11,F,2011
E01032320,Worcester 009C,903,55,45,37,58,189,53,59,67,63,54,51,35,29,29,25,19,22,8,5,F,2011
E01032321,Worcester 009D,743,44,44,44,53,49,45,46,47,56,42,48,55,44,33,29,17,22,19,6,F,2011
E01032322,Worcester 009E,938,44,36,24,42,159,68,61,51,45,34,41,41,48,45,41,48,46,36,28,F,2011
E01032305,Worcester 010A,818,46,40,47,60,52,62,62,50,63,74,40,64,49,35,28,24,15,5,2,F,2011
E01032306,Worcester 010B,794,70,47,53,71,48,54,48,59,59,64,45,48,40,28,14,16,9,16,5,F,2011
E01032307,Worcester 010C,909,86,58,60,69,54,60,77,70,51,62,53,44,51,32,30,21,14,15,2,F,2011
E01032309,Worcester 010D,825,58,62,62,48,41,37,59,64,69,55,32,42,55,25,26,26,33,20,11,F,2011
E01032285,Worcester 011A,863,68,62,49,47,27,55,57,59,77,75,63,45,38,29,27,35,25,15,10,F,2011
E01032292,Worcester 011B,771,69,58,43,48,70,100,63,62,57,40,43,35,29,15,10,15,3,5,6,F,2011
E01032294,Worcester 011D,725,52,48,51,30,52,56,55,48,40,48,32,35,34,29,27,33,12,31,12,F,2011
E01033248,Worcester 011E,481,26,5,7,41,79,62,48,27,19,26,18,20,29,12,14,18,10,13,7,F,2011
E01033249,Worcester 011F,577,35,22,18,29,67,87,57,44,38,24,29,29,21,21,21,10,11,7,7,F,2011
E01032286,Worcester 012A,826,50,43,51,54,44,39,67,51,77,67,53,59,63,37,29,20,11,7,4,F,2011
E01032287,Worcester 012B,818,43,56,49,32,49,45,55,53,70,66,38,46,46,32,37,18,24,30,29,F,2011
E01032288,Worcester 012C,826,50,39,54,46,35,38,48,40,63,60,65,54,51,43,29,45,24,28,14,F,2011
E01032289,Worcester 012D,743,20,23,38,40,33,14,26,28,47,59,53,64,72,66,55,46,25,22,12,F,2011
E01032290,Worcester 012E,790,39,30,36,33,30,32,36,40,62,43,54,49,76,58,66,46,22,24,14,F,2011
E01032283,Worcester 013A,872,48,58,55,51,42,41,54,63,62,59,40,49,56,48,50,35,24,20,17,F,2011
E01032284,Worcester 013B,1004,47,46,56,75,38,59,54,52,70,66,59,59,84,72,58,46,35,16,12,F,2011
E01032295,Worcester 013C,1178,73,39,64,74,87,150,111,99,89,74,69,59,52,44,27,31,18,15,3,F,2011
E01032308,Worcester 013D,821,43,35,53,45,30,32,39,49,71,65,60,52,74,58,23,25,28,22,17,F,2011
E01032323,Worcester 014A,768,48,37,40,53,35,38,44,58,54,67,45,49,54,38,27,28,26,22,5,F,2011
E01032324,Worcester 014B,705,45,26,47,33,44,52,62,64,65,61,55,35,32,27,23,18,8,8,0,F,2011
E01032325,Worcester 014C,827,49,54,61,47,44,62,60,78,99,84,64,27,26,24,18,14,10,6,0,F,2011
E01032326,Worcester 014D,734,28,44,43,52,16,39,48,48,61,63,52,32,58,49,27,34,22,14,4,F,2011
E07000238,,59598,2781,3005,3238,3318,2611,2624,2809,3489,4627,4693,4230,4013,4537,3801,3035,2451,2038,1453,845,F,2011
E01032354,Wychavon 001A,1268,59,64,56,80,45,52,57,93,119,99,92,75,95,69,54,44,39,37,39,F,2011
E01032386,Wychavon 001B,669,18,25,38,46,29,22,25,42,60,71,42,51,58,44,46,29,17,5,1,F,2011
E01032387,Wychavon 001C,694,35,36,36,34,41,26,27,42,55,65,51,40,53,50,29,33,23,8,10,F,2011
E01032401,Wychavon 001D,757,41,36,31,38,14,20,24,36,59,58,55,56,67,59,48,52,33,22,8,F,2011
E01032368,Wychavon 002A,623,45,38,36,47,28,36,43,43,45,40,29,53,41,36,29,13,14,5,2,F,2011
E01032369,Wychavon 002B,818,73,78,42,52,55,92,68,60,54,62,34,27,45,21,24,12,8,8,3,F,2011
E01032370,Wychavon 002C,650,49,45,43,33,33,36,42,40,52,50,38,44,49,41,24,17,8,4,2,F,2011
E01032371,Wychavon 002D,722,40,37,45,33,35,57,40,44,48,56,41,56,57,34,33,15,23,21,7,F,2011
E01032359,Wychavon 003A,965,37,16,26,33,51,62,54,34,51,45,41,48,58,52,63,74,85,76,59,F,2011
E01032360,Wychavon 003B,1000,50,70,63,50,57,54,62,72,69,63,63,61,73,58,52,40,18,16,9,F,2011
E01032361,Wychavon 003C,855,45,31,34,34,49,50,49,39,51,68,78,73,75,50,59,31,20,13,6,F,2011
E01032357,Wychavon 004A,619,37,25,23,33,30,30,30,41,46,39,40,41,50,33,34,19,24,32,12,F,2011
E01032358,Wychavon 004B,735,36,31,42,38,42,45,46,38,73,49,65,41,33,41,35,24,27,18,11,F,2011
E01032365,Wychavon 004C,955,62,58,59,51,37,53,67,43,73,62,62,50,65,69,38,41,30,23,12,F,2011
E01032367,Wychavon 004D,804,35,41,54,37,26,24,20,43,55,61,49,48,64,48,42,30,47,46,34,F,2011
E01032362,Wychavon 005A,1015,57,74,78,57,24,31,55,65,131,97,70,47,81,46,38,31,21,7,5,F,2011
E01032363,Wychavon 005B,756,16,28,44,50,40,28,31,36,61,75,71,65,69,57,37,26,10,7,5,F,2011
E01032364,Wychavon 005C,843,25,55,62,56,27,21,24,50,72,101,70,82,63,42,37,21,16,11,8,F,2011
E01032366,Wychavon 005D,832,33,38,39,37,32,27,48,52,55,48,53,69,56,53,71,45,42,18,16,F,2011
E01032399,Wychavon 006A,861,42,37,43,40,33,36,34,60,65,69,63,67,50,48,52,42,31,34,15,F,2011
E01032400,Wychavon 006B,1113,54,72,70,59,32,33,48,82,116,101,62,77,93,68,57,42,22,22,3,F,2011
E01032404,Wychavon 006C,1162,41,48,57,74,35,32,39,54,78,117,82,113,114,89,61,48,40,19,21,F,2011
E01032345,Wychavon 007A,719,28,40,48,45,20,22,28,55,93,61,41,53,58,51,24,17,20,10,5,F,2011
E01032346,Wychavon 007B,663,37,40,41,30,15,16,32,38,70,57,47,59,56,50,27,22,13,11,2,F,2011
E01032395,Wychavon 007C,616,21,26,41,39,17,19,23,27,47,55,57,56,69,37,31,23,17,8,3,F,2011
E01032417,Wychavon 007D,774,32,39,52,45,24,25,25,37,60,64,59,44,74,76,41,29,21,21,6,F,2011
E01032392,Wychavon 008A,773,22,28,34,48,35,16,15,34,63,61,56,47,86,81,60,38,23,15,11,F,2011
E01032393,Wychavon 008B,781,27,38,41,32,31,17,20,50,55,65,62,64,65,61,54,39,38,17,5,F,2011
E01032394,Wychavon 008C,576,19,23,18,33,23,17,13,31,45,45,64,52,57,50,36,21,16,6,7,F,2011
E01032416,Wychavon 008D,565,13,30,41,35,9,6,20,19,43,63,45,48,52,41,32,25,19,17,7,F,2011
E01032355,Wychavon 009A,661,19,30,32,49,27,31,27,21,44,56,55,50,56,58,28,24,20,14,20,F,2011
E01032356,Wychavon 009B,584,34,32,37,31,14,32,30,39,63,34,40,48,46,35,27,14,16,6,6,F,2011
E01032402,Wychavon 009C,792,54,72,79,56,19,34,44,78,105,87,40,31,27,20,22,11,11,2,0,F,2011
E01032403,Wychavon 009D,734,34,32,50,40,22,36,45,48,60,66,54,53,46,41,30,23,28,15,11,F,2011
E01032375,Wychavon 010A,588,17,28,37,24,14,11,15,29,35,61,45,47,51,48,38,33,24,24,7,F,2011
E01032382,Wychavon 010B,652,22,31,48,33,20,18,14,31,58,64,56,49,49,51,32,29,22,18,7,F,2011
E01032383,Wychavon 010C,748,17,20,28,51,35,20,20,34,50,48,74,51,68,54,49,42,40,28,19,F,2011
E01032410,Wychavon 010D,657,24,24,33,37,21,13,20,27,41,56,66,51,74,74,32,24,23,13,4,F,2011
E01032411,Wychavon 010E,833,30,36,50,56,33,26,20,44,60,71,56,52,59,56,39,47,36,39,23,F,2011
E01032390,Wychavon 011A,689,39,38,47,43,24,29,23,37,68,59,56,49,51,43,28,28,10,12,5,F,2011
E01032391,Wychavon 011B,552,25,30,32,54,23,22,32,37,45,43,52,31,42,33,22,12,8,5,4,F,2011
E01032414,Wychavon 011C,788,38,45,50,44,25,20,25,43,48,77,53,58,71,53,48,35,30,16,9,F,2011
E01032415,Wychavon 011D,639,30,35,38,46,27,31,36,40,51,55,59,44,52,32,23,19,11,5,5,F,2011
E01032405,Wychavon 012A,672,30,27,22,28,31,25,29,37,38,49,47,39,65,68,33,31,34,24,15,F,2011
E01032406,Wychavon 012B,718,30,29,25,33,34,37,38,34,46,38,30,44,50,58,46,36,50,45,15,F,2011
E01032407,Wychavon 012C,713,23,28,37,38,40,29,25,40,50,51,56,55,48,45,41,36,39,23,9,F,2011
E01032408,Wychavon 012D,716,19,31,29,33,27,26,25,29,42,39,45,65,74,70,50,47,29,26,10,F,2011
E01032409,Wychavon 012E,795,42,42,30,46,39,35,38,46,52,53,57,47,57,48,45,26,26,33,33,F,2011
E01032340,Wychavon 013A,727,33,30,35,39,54,21,39,49,47,45,51,49,55,43,26,43,29,26,13,F,2011
E01032341,Wychavon 013B,659,30,30,34,38,34,18,26,29,49,50,65,57,60,48,34,18,18,14,7,F,2011
E01032349,Wychavon 013C,796,30,35,45,56,29,46,26,53,67,61,60,57,59,46,38,25,34,15,14,F,2011
E01032350,Wychavon 013D,528,21,26,25,21,22,27,22,29,48,46,42,39,43,34,22,22,20,10,9,F,2011
E01032388,Wychavon 013E,686,29,30,48,31,16,20,34,51,50,47,46,48,56,52,46,38,20,17,7,F,2011
E01032389,Wychavon 013F,651,34,32,49,34,32,27,29,37,50,42,50,36,45,48,32,30,31,10,3,F,2011
E01032343,Wychavon 014A,1189,86,67,55,57,111,119,123,86,59,77,52,63,63,39,39,39,25,20,9,F,2011
E01032377,Wychavon 014B,917,65,35,30,51,69,86,84,41,51,64,53,47,38,40,34,23,28,45,33,F,2011
E01032378,Wychavon 014C,872,68,39,33,53,66,69,53,69,60,39,49,43,49,35,37,36,28,25,21,F,2011
E01032376,Wychavon 015A,763,25,29,50,50,37,40,29,45,53,62,57,44,59,44,42,35,30,18,14,F,2011
E01032384,Wychavon 015B,659,40,37,42,40,46,36,39,46,41,57,43,46,38,34,26,19,14,8,7,F,2011
E01032385,Wychavon 015C,660,20,20,17,29,25,25,24,30,24,35,28,38,63,71,76,44,57,23,11,F,2011
E01032396,Wychavon 015D,853,58,68,52,48,50,44,75,73,96,73,50,36,31,28,28,22,16,4,1,F,2011
E01032342,Wychavon 016A,798,67,61,56,41,43,62,64,72,62,51,43,36,44,33,24,14,13,9,3,F,2011
E01032344,Wychavon 016B,728,26,46,40,33,30,26,29,41,55,56,59,52,53,46,42,44,35,11,4,F,2011
E01032379,Wychavon 016C,937,45,63,42,67,54,47,46,71,81,94,88,61,51,44,33,19,20,7,4,F,2011
E01032380,Wychavon 016D,817,34,26,34,36,37,35,31,40,63,54,60,53,57,53,48,68,39,35,14,F,2011
E01032381,Wychavon 017A,981,55,59,43,67,78,74,70,52,78,66,62,65,54,42,26,34,34,17,5,F,2011
E01032397,Wychavon 017B,887,42,55,47,46,36,58,58,47,70,61,47,60,65,50,41,33,24,35,12,F,2011
E01032398,Wychavon 017C,894,64,57,61,68,78,67,76,79,83,83,65,26,26,24,12,16,8,1,0,F,2011
E01032351,Wychavon 018A,792,18,19,18,27,18,15,17,23,41,51,57,64,63,59,73,85,68,53,23,F,2011
E01032352,Wychavon 018B,765,23,25,33,35,38,21,37,34,62,63,73,52,75,54,40,40,26,23,11,F,2011
E01032353,Wychavon 018C,845,44,31,47,39,36,37,26,51,52,62,47,57,54,56,62,45,44,30,25,F,2011
E01032374,Wychavon 018D,657,22,27,42,50,21,25,14,49,52,58,49,47,48,57,36,27,17,10,6,F,2011
E01032347,Wychavon 019A,643,24,35,34,41,16,16,24,37,51,64,43,48,55,32,31,36,29,13,14,F,2011
E01032348,Wychavon 019B,628,26,25,41,29,20,16,22,26,62,57,56,40,59,37,42,24,21,19,6,F,2011
E01032372,Wychavon 019C,737,20,54,47,36,15,22,19,40,57,64,70,42,74,60,44,36,19,8,10,F,2011
E01032373,Wychavon 019D,632,28,24,27,41,23,15,17,25,43,49,57,53,65,60,31,31,23,10,10,F,2011
E01032412,Wychavon 019E,635,27,34,30,29,20,19,24,47,50,45,43,43,73,41,34,22,23,22,9,F,2011
E01032413,Wychavon 019F,548,21,29,40,25,13,11,17,23,50,43,42,40,50,49,35,23,23,10,4,F,2011
E07000239,,49705,2540,2364,2589,2619,2552,2643,2575,2972,3793,3620,3132,3195,3918,3428,2523,1963,1534,1094,651,F,2011
E01032431,Wyre Forest 001A,706,18,26,27,29,22,32,18,42,40,64,55,66,74,56,46,36,27,20,8,F,2011
E01032432,Wyre Forest 001B,613,19,22,26,36,33,20,26,26,61,48,51,45,50,36,40,34,21,10,9,F,2011
E01032433,Wyre Forest 001C,671,34,34,57,31,17,20,32,46,59,54,56,37,53,49,27,31,14,13,7,F,2011
E01032439,Wyre Forest 001D,697,33,29,41,26,24,25,29,35,58,51,55,53,65,48,41,40,22,10,12,F,2011
E01032440,Wyre Forest 001E,649,31,21,40,39,34,18,32,52,44,40,39,35,40,40,36,31,36,24,17,F,2011
E01032479,Wyre Forest 001F,1063,30,33,46,56,42,24,40,38,80,80,80,83,98,114,79,47,48,26,19,F,2011
E01032441,Wyre Forest 002A,622,26,23,31,30,41,23,32,49,37,41,47,45,59,59,35,19,12,10,3,F,2011
E01032442,Wyre Forest 002B,740,45,42,42,39,36,42,46,53,72,61,59,51,59,44,29,4,9,6,1,F,2011
E01032443,Wyre Forest 002C,683,24,19,22,23,18,20,31,43,43,38,33,37,89,74,50,49,30,27,13,F,2011
E01032444,Wyre Forest 002D,614,22,44,27,29,36,45,29,43,42,52,46,26,55,31,21,28,10,15,13,F,2011
E01032445,Wyre Forest 002E,797,48,42,45,41,52,30,46,39,70,58,30,50,47,51,38,38,32,28,12,F,2011
E01032436,Wyre Forest 003A,760,36,27,43,51,41,41,33,53,69,63,45,41,46,60,49,37,10,14,1,F,2011
E01032438,Wyre Forest 003B,755,28,33,35,44,36,49,40,47,63,59,54,52,53,62,32,32,18,11,7,F,2011
E01032446,Wyre Forest 003C,756,39,40,43,48,29,36,37,42,65,50,40,46,50,46,42,32,32,24,15,F,2011
E01032447,Wyre Forest 003D,741,56,27,48,32,55,57,68,61,65,60,35,40,38,25,13,18,21,12,10,F,2011
E01032448,Wyre Forest 003E,640,28,40,38,46,33,19,26,44,61,47,42,48,43,37,34,22,21,3,8,F,2011
E01032434,Wyre Forest 004A,830,80,65,55,65,93,73,65,48,65,55,43,29,30,27,21,9,4,2,1,F,2011
E01032435,Wyre Forest 004B,740,57,41,39,50,69,48,37,43,57,55,47,31,45,40,21,15,20,18,7,F,2011
E01032437,Wyre Forest 004C,903,64,58,47,61,60,60,71,68,79,64,50,39,58,39,34,24,12,13,2,F,2011
E01032450,Wyre Forest 004D,1157,87,59,53,47,89,113,102,81,64,78,49,42,58,57,26,37,52,40,23,F,2011
E01032430,Wyre Forest 005A,836,35,38,48,40,25,27,41,49,58,51,65,75,67,74,47,36,31,20,9,F,2011
E01032480,Wyre Forest 005B,911,33,33,46,62,42,35,40,51,72,66,64,70,65,84,64,44,22,10,8,F,2011
E01032481,Wyre Forest 005C,877,30,24,37,58,38,27,31,41,67,73,60,70,79,71,60,38,32,19,22,F,2011
E01032482,Wyre Forest 005D,699,26,23,38,35,23,28,30,34,61,53,54,52,68,54,42,33,24,11,10,F,2011
E01032451,Wyre Forest 006A,775,25,31,34,44,28,26,23,33,67,54,59,54,80,53,55,41,39,21,8,F,2011
E01032452,Wyre Forest 006B,805,29,36,41,29,33,26,22,53,60,62,54,50,75,61,53,39,45,27,10,F,2011
E01032453,Wyre Forest 006C,892,57,52,55,50,43,60,54,54,64,44,42,40,48,35,51,56,44,30,13,F,2011
E01032454,Wyre Forest 006D,860,31,40,30,33,47,54,53,44,62,51,62,56,62,46,40,39,41,37,32,F,2011
E01032449,Wyre Forest 007A,785,65,37,33,52,57,80,72,61,51,67,42,44,48,21,14,21,10,6,4,F,2011
E01032464,Wyre Forest 007B,786,50,34,32,36,42,39,43,48,50,47,37,36,70,66,50,29,38,26,13,F,2011
E01032465,Wyre Forest 007C,781,53,52,68,41,30,40,58,59,60,63,40,43,49,30,23,22,18,24,8,F,2011
E01032466,Wyre Forest 007D,733,18,18,22,33,37,27,31,33,39,46,40,54,69,66,48,44,39,42,27,F,2011
E01032467,Wyre Forest 007E,591,17,26,28,15,21,30,20,32,42,26,41,50,77,57,34,34,21,11,9,F,2011
E01032468,Wyre Forest 007F,605,22,21,22,23,20,26,26,31,36,28,41,48,79,67,39,23,17,24,12,F,2011
E01032474,Wyre Forest 008A,821,72,36,33,49,84,110,66,63,67,54,32,35,35,28,21,18,12,1,5,F,2011
E01032475,Wyre Forest 008B,824,53,36,47,34,54,98,63,64,61,62,52,54,39,39,27,17,6,13,5,F,2011
E01032476,Wyre Forest 008C,704,43,30,33,38,31,35,43,53,57,56,38,48,43,48,32,31,21,15,9,F,2011
E01032477,Wyre Forest 008D,603,17,24,28,29,16,25,23,34,39,40,41,32,69,59,52,28,24,14,9,F,2011
E01032478,Wyre Forest 008E,790,53,62,42,49,43,48,40,56,67,53,34,51,47,44,40,19,14,20,8,F,2011
E01032469,Wyre Forest 009A,856,57,54,66,62,51,65,52,44,64,54,50,51,36,54,32,28,14,15,7,F,2011
E01032470,Wyre Forest 009B,907,50,56,53,59,61,54,46,51,71,61,49,63,49,45,38,37,26,24,14,F,2011
E01032471,Wyre Forest 009C,807,80,62,65,59,57,66,53,60,62,57,39,35,42,31,18,10,3,3,5,F,2011
E01032418,Wyre Forest 010A,637,31,24,27,34,38,49,38,41,53,39,46,49,61,52,18,20,13,4,0,F,2011
E01032419,Wyre Forest 010B,672,12,31,25,26,22,19,18,32,36,51,50,44,83,55,42,27,45,30,24,F,2011
E01032420,Wyre Forest 010C,621,36,29,30,29,29,28,34,39,66,58,65,50,51,37,14,17,6,3,0,F,2011
E01032421,Wyre Forest 010D,621,29,29,40,30,28,27,21,32,50,61,54,65,64,36,18,14,11,9,3,F,2011
E01032422,Wyre Forest 010E,778,70,46,56,59,64,76,59,71,79,63,46,33,24,14,10,6,1,1,0,F,2011
E01032427,Wyre Forest 011A,797,32,31,40,45,28,30,22,47,58,58,43,63,75,77,54,35,28,19,12,F,2011
E01032428,Wyre Forest 011B,794,23,24,22,28,27,32,39,33,59,67,69,75,85,80,56,26,22,17,10,F,2011
E01032429,Wyre Forest 011C,790,29,30,36,37,23,19,34,38,48,53,56,65,86,73,53,35,33,25,17,F,2011
E01032472,Wyre Forest 011D,590,15,26,20,25,19,19,19,24,44,51,48,50,63,62,37,29,23,10,6,F,2011
E01032473,Wyre Forest 011E,638,27,30,41,37,18,31,21,24,43,53,42,49,60,55,38,23,31,8,7,F,2011
E01032455,Wyre Forest 012A,771,26,44,51,51,29,22,26,51,61,55,33,55,62,67,45,42,26,16,9,F,2011
E01032456,Wyre Forest 012B,640,40,32,39,34,32,33,38,37,44,62,35,40,42,27,29,25,18,18,15,F,2011
E01032457,Wyre Forest 012C,713,37,60,41,30,29,27,44,45,60,49,32,25,64,33,33,25,30,27,22,F,2011
E01032458,Wyre Forest 012D,699,25,26,37,26,27,26,24,31,45,47,37,47,82,64,59,34,37,14,11,F,2011
E01032459,Wyre Forest 012E,765,43,30,49,46,36,31,34,45,66,63,45,48,41,49,44,48,24,15,8,F,2011
E01032460,Wyre Forest 013A,912,43,45,38,47,39,54,48,62,71,70,56,37,70,64,57,48,33,20,10,F,2011
E01032461,Wyre Forest 013B,932,53,49,42,49,69,54,61,59,79,104,77,54,69,45,29,19,10,9,1,F,2011
E01032462,Wyre Forest 013C,1136,66,66,65,66,55,79,68,79,107,73,74,70,62,80,38,41,19,16,12,F,2011
E01032463,Wyre Forest 013D,842,33,44,36,28,30,32,29,36,55,61,44,57,87,86,57,51,35,22,19,F,2011
E01032423,Wyre Forest 014A,764,29,32,33,42,40,27,29,30,42,51,60,58,87,72,51,34,26,20,1,F,2011
E01032424,Wyre Forest 014B,739,60,45,47,46,63,52,34,45,47,44,39,45,43,34,28,23,21,14,9,F,2011
E01032425,Wyre Forest 014C,751,32,18,38,28,33,28,32,33,52,44,45,66,72,63,57,46,29,20,15,F,2011
E01032426,Wyre Forest 014D,718,28,23,30,23,31,27,33,37,57,57,44,43,79,75,62,25,21,18,5,F,2011
E06000055,,80348,5000,4585,4714,5037,4880,5243,5400,5355,5915,6022,5173,4452,4700,3693,2895,2779,2178,1488,839,F,2011
E01017540,Bedford 001A,742,26,33,60,50,22,15,16,42,58,83,61,64,62,55,34,30,18,10,3,F,2011
E01017541,Bedford 001B,647,28,27,35,39,33,25,27,38,48,60,52,46,58,50,18,22,19,10,12,F,2011
E01017544,Bedford 001C,762,36,44,42,44,26,18,24,32,66,60,51,58,61,62,36,29,30,22,21,F,2011
E01017545,Bedford 001D,749,27,41,65,56,30,20,21,49,83,86,59,44,41,41,36,28,9,7,6,F,2011
E01017464,Bedford 002A,720,14,36,59,28,18,20,16,34,62,68,56,65,62,59,37,33,33,13,7,F,2011
E01017465,Bedford 002B,734,27,37,40,40,17,19,21,40,37,65,64,59,70,56,36,50,22,25,9,F,2011
E01017503,Bedford 002C,668,38,29,58,54,44,31,20,47,62,47,40,42,39,46,18,20,22,6,5,F,2011
E01017504,Bedford 002D,1033,48,69,102,61,29,31,44,69,110,91,74,53,61,55,39,37,31,15,14,F,2011
E01017546,Bedford 002E,622,27,21,40,39,18,17,19,42,63,62,57,44,51,37,26,19,18,13,9,F,2011
E01017547,Bedford 002F,754,25,37,44,44,29,17,28,38,68,61,79,54,64,61,36,29,24,12,4,F,2011
E01017478,Bedford 003A,884,34,49,52,63,35,31,27,41,73,86,84,44,72,58,43,33,37,14,8,F,2011
E01017479,Bedford 003B,657,23,27,35,37,19,25,21,44,32,61,44,40,50,51,58,32,30,22,6,F,2011
E01017480,Bedford 003C,1131,77,64,66,65,61,105,104,118,95,93,73,44,48,27,26,32,22,9,2,F,2011
E01017481,Bedford 003D,610,39,40,32,43,31,33,45,45,44,43,36,40,33,19,35,27,13,9,3,F,2011
E01017528,Bedford 003E,1279,68,90,91,81,45,38,49,98,116,108,95,90,104,65,58,34,25,18,6,F,2011
E01017495,Bedford 004B,1038,79,50,49,47,41,63,68,87,74,86,62,73,81,62,40,30,18,20,8,F,2011
E01017496,Bedford 004C,751,26,37,36,38,19,24,20,40,63,69,52,68,71,68,38,31,31,11,9,F,2011
E01017542,Bedford 004D,693,31,28,41,33,31,14,19,35,60,68,69,53,65,59,29,22,17,15,4,F,2011
E01017543,Bedford 004E,698,45,35,40,28,18,25,32,46,64,74,57,63,52,45,26,18,13,12,5,F,2011
E01033431,Bedford 004F,781,78,81,72,48,31,86,77,73,49,50,29,15,26,12,6,10,7,20,11,F,2011
E01033432,Bedford 004G,1173,79,59,62,49,56,56,86,67,69,85,85,59,88,75,63,48,41,37,9,F,2011
E01017453,Bedford 005A,667,44,28,34,29,28,41,38,35,43,48,44,40,51,36,27,33,26,21,21,F,2011
E01017454,Bedford 005B,761,31,45,34,46,35,37,40,36,51,60,55,60,66,57,43,30,18,13,4,F,2011
E01017455,Bedford 005C,745,41,25,30,39,30,40,36,40,43,61,41,54,66,46,41,51,35,10,16,F,2011
E01017456,Bedford 005D,741,18,28,36,42,24,22,23,27,47,56,54,50,64,53,60,60,41,21,15,F,2011
E01017457,Bedford 005E,619,31,38,36,51,16,34,31,33,53,60,51,37,33,35,22,26,20,7,5,F,2011
E01017458,Bedford 005F,634,37,32,39,40,26,18,46,49,46,57,54,38,46,49,23,15,13,3,3,F,2011
E01017529,Bedford 006A,667,40,33,43,36,34,27,31,37,50,49,39,52,60,40,26,28,23,12,7,F,2011
E01017530,Bedford 006B,689,19,33,36,30,26,19,28,40,54,47,60,47,73,48,38,52,27,8,4,F,2011
E01017531,Bedford 006C,726,45,41,47,47,42,36,48,43,36,64,45,38,59,37,30,32,22,7,7,F,2011
E01017532,Bedford 006D,634,24,31,48,37,20,7,16,35,46,55,42,42,49,40,42,43,37,13,7,F,2011
E01017533,Bedford 006E,632,18,21,31,33,19,22,23,15,37,43,52,56,67,56,36,35,27,28,13,F,2011
E01017534,Bedford 006F,789,26,37,51,34,43,22,23,40,54,75,53,44,58,56,54,58,40,16,5,F,2011
E01017488,Bedford 007A,750,36,24,39,38,31,18,30,45,41,48,49,43,51,45,60,54,53,30,15,F,2011
E01017489,Bedford 007B,850,51,78,45,71,61,58,84,49,53,67,57,33,31,29,19,28,13,16,7,F,2011
E01017490,Bedford 007C,740,56,59,37,41,40,46,59,50,63,41,50,38,37,31,30,29,12,14,7,F,2011
E01017491,Bedford 007D,767,37,39,41,46,51,39,53,50,50,62,38,39,48,39,39,36,27,23,10,F,2011
E01017492,Bedford 007E,774,56,55,53,50,57,58,75,63,39,45,43,50,46,31,20,13,9,9,2,F,2011
E01017493,Bedford 007F,892,67,74,66,80,54,68,82,73,92,67,50,31,29,29,12,11,3,2,2,F,2011
E01017459,Bedford 008A,866,38,51,63,47,20,30,45,71,62,65,68,63,69,54,49,31,18,15,7,F,2011
E01017460,Bedford 008B,806,37,41,48,51,20,44,40,42,58,86,68,63,61,51,30,21,24,16,5,F,2011
E01017461,Bedford 008C,971,86,58,60,48,55,76,68,62,68,84,78,69,50,47,19,18,15,7,3,F,2011
E01017462,Bedford 008D,811,37,57,61,51,22,20,37,46,78,76,62,46,65,36,35,27,34,18,3,F,2011
E01017463,Bedford 008E,708,24,35,28,42,16,22,15,35,46,57,50,48,59,58,54,57,30,16,16,F,2011
E01017482,Bedford 009A,658,32,23,20,30,53,42,34,38,43,54,39,33,42,34,22,31,31,32,25,F,2011
E01017483,Bedford 009B,1100,34,32,27,279,197,37,41,36,36,49,40,42,66,49,39,35,30,22,9,F,2011
E01017484,Bedford 009C,525,13,7,17,27,23,44,44,27,31,30,28,32,27,18,20,31,29,38,39,F,2011
E01017485,Bedford 009D,648,36,25,33,35,64,71,56,35,58,71,30,45,24,21,12,11,13,7,1,F,2011
E01017497,Bedford 010A,684,34,36,31,44,107,77,73,60,38,42,40,29,21,17,14,11,6,1,3,F,2011
E01017498,Bedford 010B,642,37,24,37,41,56,46,34,50,51,38,56,35,40,36,28,21,4,7,1,F,2011
E01017499,Bedford 010C,677,39,18,27,44,63,85,59,48,46,38,43,27,28,19,17,12,21,25,18,F,2011
E01017500,Bedford 010D,512,29,21,13,19,75,58,47,47,44,26,24,20,15,8,15,19,15,7,10,F,2011
E01017501,Bedford 010E,739,28,16,17,66,58,57,50,33,22,31,22,22,16,20,24,47,47,89,74,F,2011
E01017502,Bedford 010F,740,37,29,29,37,57,77,50,38,32,43,39,33,46,25,42,43,36,33,14,F,2011
E01017524,Bedford 011A,801,39,51,52,55,73,22,46,62,64,71,50,45,38,28,33,17,23,22,10,F,2011
E01017525,Bedford 011B,603,37,37,37,38,44,30,46,46,45,43,44,29,35,29,21,13,17,6,6,F,2011
E01017526,Bedford 011C,765,58,46,47,48,63,54,53,66,74,69,40,45,30,23,19,15,9,4,2,F,2011
E01017527,Bedford 011D,607,31,27,40,35,44,38,43,37,57,46,47,36,33,24,26,17,16,7,3,F,2011
E01017466,Bedford 012A,852,59,55,44,49,118,111,106,70,58,38,29,31,24,14,15,13,8,9,1,F,2011
E01017467,Bedford 012B,682,42,25,30,30,55,53,55,42,58,54,35,36,36,24,19,25,25,23,15,F,2011
E01017468,Bedford 012C,677,50,29,25,31,52,52,60,36,63,56,48,35,44,31,22,10,14,13,6,F,2011
E01017469,Bedford 012D,889,33,46,26,42,127,98,73,54,52,50,59,34,18,32,23,26,33,31,32,F,2011
E01017470,Bedford 012E,663,34,48,33,31,54,41,36,46,64,51,46,46,40,21,18,25,16,9,4,F,2011
E01017471,Bedford 012F,710,58,24,31,42,91,78,76,46,44,36,37,39,29,16,15,20,12,9,7,F,2011
E01017535,Bedford 013A,753,61,55,60,62,46,44,47,45,65,51,53,27,37,16,18,26,29,8,3,F,2011
E01017536,Bedford 013B,1183,142,98,66,64,120,161,152,82,66,60,47,30,25,16,20,18,9,6,1,F,2011
E01017537,Bedford 013C,715,70,57,54,61,50,49,41,60,44,38,35,26,32,16,24,24,20,11,3,F,2011
E01017538,Bedford 013D,894,88,85,63,69,60,85,70,67,54,45,44,44,26,17,15,36,13,11,2,F,2011
E01017539,Bedford 013E,746,82,49,56,50,38,72,77,55,56,43,36,21,29,12,20,26,16,7,1,F,2011
E01017518,Bedford 014A,807,71,43,40,58,45,80,79,62,61,58,33,31,24,22,16,40,11,22,11,F,2011
E01017519,Bedford 014B,836,72,53,41,55,69,71,69,41,51,48,49,33,37,27,30,36,28,19,7,F,2011
E01017520,Bedford 014C,735,42,47,38,46,50,59,68,62,61,47,51,49,29,26,16,15,18,10,1,F,2011
E01017521,Bedford 014D,763,68,44,55,32,48,67,56,66,40,58,52,37,36,27,30,24,17,3,3,F,2011
E01017522,Bedford 014E,891,64,33,39,47,69,97,86,65,56,45,38,40,27,35,25,42,37,28,18,F,2011
E01017523,Bedford 014F,860,104,81,56,55,56,73,87,56,57,53,51,35,22,18,9,13,23,10,1,F,2011
E01017472,Bedford 015A,779,71,57,73,58,69,71,75,49,51,49,46,25,28,18,14,16,4,2,3,F,2011
E01017473,Bedford 015B,1127,106,58,50,58,172,164,118,94,77,62,49,33,32,19,9,16,7,1,2,F,2011
E01017474,Bedford 015C,879,99,48,64,58,68,105,86,83,59,48,42,33,24,15,7,17,13,9,1,F,2011
E01017475,Bedford 015D,776,65,51,54,26,63,67,86,61,62,57,28,37,32,17,16,26,19,4,5,F,2011
E01017476,Bedford 015E,752,44,45,48,45,30,65,53,56,44,55,50,29,31,39,36,23,39,14,6,F,2011
E01017477,Bedford 015F,676,51,58,54,42,26,57,37,42,41,50,40,21,21,32,22,23,23,29,7,F,2011
E01017509,Bedford 016A,654,42,42,42,47,46,36,38,42,60,46,34,29,31,24,19,29,18,14,15,F,2011
E01017510,Bedford 016B,808,52,35,35,52,48,53,48,52,59,58,71,53,53,38,29,29,28,8,7,F,2011
E01017511,Bedford 016C,624,30,26,33,40,38,50,40,41,57,45,57,41,49,34,16,17,9,0,1,F,2011
E01017512,Bedford 016D,733,37,43,56,39,46,62,60,50,72,51,50,41,41,23,19,15,8,13,7,F,2011
E01017505,Bedford 017A,770,44,35,36,36,39,56,71,51,52,64,56,58,57,25,30,26,27,4,3,F,2011
E01017506,Bedford 017B,819,91,47,35,33,65,84,72,61,44,67,50,33,35,20,19,19,17,18,9,F,2011
E01017507,Bedford 017C,708,38,64,42,46,40,46,53,44,60,57,37,49,54,24,16,17,10,8,3,F,2011
E01017508,Bedford 017D,833,60,58,34,55,36,72,84,50,64,56,63,35,40,37,24,26,24,11,4,F,2011
E01017513,Bedford 018A,791,66,43,45,67,45,71,59,64,42,44,51,49,52,40,20,20,9,3,1,F,2011
E01017514,Bedford 018B,849,67,60,55,65,43,51,64,60,62,61,59,35,42,38,20,25,23,13,6,F,2011
E01017515,Bedford 018C,820,46,56,53,65,41,43,58,65,51,69,48,46,39,30,24,27,37,12,10,F,2011
E01017516,Bedford 018D,741,38,43,44,43,45,42,48,42,60,56,49,46,45,42,20,28,27,13,10,F,2011
E01017517,Bedford 018E,808,42,52,52,55,42,55,54,53,74,68,49,52,47,36,36,19,10,9,3,F,2011
E01017486,Bedford 019A,899,66,66,69,62,31,60,74,71,64,68,48,44,50,29,41,18,15,18,5,F,2011
E01017487,Bedford 019B,958,100,69,77,72,49,82,86,88,85,63,45,44,44,27,10,10,3,4,0,F,2011
E01017548,Bedford 019C,978,81,47,48,48,80,89,86,61,62,69,48,55,57,30,32,27,19,25,14,F,2011
E01017549,Bedford 019D,743,41,42,23,32,19,24,29,49,47,53,50,64,68,56,52,39,29,20,6,F,2011
E01017550,Bedford 019E,1395,97,120,84,79,55,96,114,125,135,100,86,85,74,50,31,29,17,12,6,F,2011
E01017551,Bedford 020A,733,37,36,63,52,26,32,34,39,65,82,70,42,41,44,22,23,13,10,2,F,2011
E01017552,Bedford 020B,602,34,44,45,35,31,31,44,48,60,48,40,26,21,16,16,20,20,16,7,F,2011
E01017553,Bedford 020C,640,33,44,43,44,19,14,31,46,53,55,46,48,63,48,28,7,10,4,4,F,2011
E01017554,Bedford 020D,731,24,35,46,45,20,19,29,49,56,60,44,33,56,55,53,44,27,20,16,F,2011
E06000056,,128879,7986,7403,7457,7383,6468,7339,8266,9005,10160,10671,9037,7855,8166,6455,4833,4181,3095,2007,1112,F,2011
E01017433,Central Bedfordshire 001A,809,55,74,42,59,56,60,55,63,69,44,41,40,42,26,21,16,13,16,17,F,2011
E01017434,Central Bedfordshire 001B,830,62,43,41,39,51,63,59,67,76,59,60,49,38,44,27,26,13,10,3,F,2011
E01017436,Central Bedfordshire 001C,1146,81,82,90,55,45,45,88,118,137,93,75,75,63,40,31,6,15,6,1,F,2011
E01017430,Central Bedfordshire 002A,696,56,36,41,32,43,41,44,46,43,59,44,46,42,47,33,19,10,8,6,F,2011
E01017431,Central Bedfordshire 002B,742,53,31,36,41,46,59,52,62,46,46,50,55,54,33,31,21,13,10,3,F,2011
E01017432,Central Bedfordshire 002C,772,32,32,51,47,24,31,32,42,56,54,67,67,76,52,31,22,21,17,18,F,2011
E01017435,Central Bedfordshire 002D,867,65,50,59,47,53,39,69,76,70,55,53,43,51,35,25,32,19,17,9,F,2011
E01017425,Central Bedfordshire 003A,535,18,27,25,32,19,30,27,33,31,57,44,45,41,44,21,17,13,7,4,F,2011
E01017426,Central Bedfordshire 003B,717,29,42,37,34,31,26,26,41,60,56,67,53,67,50,26,28,22,18,4,F,2011
E01017427,Central Bedfordshire 003C,868,48,45,44,46,42,41,58,56,73,72,53,73,61,35,38,34,19,19,11,F,2011
E01017428,Central Bedfordshire 003D,836,46,68,53,56,27,27,57,55,71,73,58,47,55,44,21,26,22,18,12,F,2011
E01017429,Central Bedfordshire 003E,698,43,42,43,38,32,35,46,52,68,53,51,35,53,44,20,14,16,9,4,F,2011
E01017412,Central Bedfordshire 004A,743,35,40,44,67,23,15,23,37,78,70,63,53,54,55,27,27,16,12,4,F,2011
E01017422,Central Bedfordshire 004B,765,34,38,43,40,22,24,32,33,72,62,57,59,69,60,38,36,23,16,7,F,2011
E01017423,Central Bedfordshire 004C,774,36,49,48,34,13,30,43,41,58,55,49,63,80,64,38,26,21,15,11,F,2011
E01017424,Central Bedfordshire 004D,693,22,29,40,46,34,19,35,32,47,76,53,59,59,53,24,32,15,11,7,F,2011
E01017383,Central Bedfordshire 005A,943,78,34,44,51,65,84,80,72,70,92,61,63,43,38,24,21,13,6,4,F,2011
E01017384,Central Bedfordshire 005B,843,66,64,51,58,45,64,63,68,66,57,37,42,35,31,25,16,25,16,14,F,2011
E01017385,Central Bedfordshire 005C,808,43,43,33,27,53,66,70,64,55,39,42,47,36,39,27,32,37,37,18,F,2011
E01017386,Central Bedfordshire 005D,902,70,52,40,53,50,72,90,80,70,62,45,41,56,40,18,21,28,11,3,F,2011
E01017387,Central Bedfordshire 005E,702,38,41,55,55,32,36,38,42,57,61,59,47,50,29,31,12,12,4,3,F,2011
E01017388,Central Bedfordshire 005F,677,43,40,32,53,26,47,38,51,48,39,49,51,55,41,27,22,6,6,3,F,2011
E01017381,Central Bedfordshire 006A,750,38,36,42,35,31,42,40,38,61,45,53,47,54,61,39,37,23,16,12,F,2011
E01017382,Central Bedfordshire 006B,773,39,41,53,60,17,25,33,50,65,58,52,48,35,44,29,41,36,28,19,F,2011
E01017389,Central Bedfordshire 006C,976,64,72,80,51,52,49,55,91,101,98,61,54,41,45,30,20,6,4,2,F,2011
E01017390,Central Bedfordshire 006D,1081,63,77,71,78,69,67,74,76,80,86,72,56,59,32,32,30,29,20,10,F,2011
E01017379,Central Bedfordshire 007A,598,31,26,38,20,18,24,34,40,41,49,48,47,44,44,25,26,25,11,7,F,2011
E01017380,Central Bedfordshire 007B,633,35,30,29,36,18,26,27,42,49,67,36,50,70,34,29,23,25,6,1,F,2011
E01017394,Central Bedfordshire 007C,737,39,48,56,45,22,35,50,55,65,63,59,44,43,42,27,15,13,12,4,F,2011
E01017397,Central Bedfordshire 007F,822,53,48,64,32,34,48,51,54,70,59,50,55,53,54,37,24,18,10,8,F,2011
E01033194,Central Bedfordshire 007G,1167,79,69,71,41,131,128,113,62,74,79,64,41,57,58,41,21,21,11,6,F,2011
E01017410,Central Bedfordshire 008A,596,18,27,35,33,17,22,19,33,42,62,46,49,66,43,43,22,6,8,5,F,2011
E01017411,Central Bedfordshire 008B,760,45,39,36,45,27,30,38,52,64,72,55,50,62,51,31,26,16,14,7,F,2011
E01017419,Central Bedfordshire 008C,822,45,52,58,53,31,17,32,54,71,81,62,41,63,54,33,33,26,12,4,F,2011
E01017420,Central Bedfordshire 008D,796,36,49,53,49,33,41,48,41,66,57,63,55,59,36,41,24,20,18,7,F,2011
E01017421,Central Bedfordshire 008E,874,32,54,58,54,29,26,24,57,92,79,63,69,52,70,41,31,19,14,10,F,2011
E01017416,Central Bedfordshire 009A,984,63,60,55,60,39,47,80,89,83,76,81,58,60,48,30,21,21,9,4,F,2011
E01017417,Central Bedfordshire 009B,1201,71,81,92,84,61,87,96,98,131,116,73,54,53,38,24,25,7,5,5,F,2011
E01017418,Central Bedfordshire 009C,804,39,56,39,46,34,31,58,54,60,61,53,57,53,40,38,28,19,22,16,F,2011
E01017451,Central Bedfordshire 009D,734,47,42,54,37,31,28,38,41,66,63,50,52,64,45,21,16,17,16,6,F,2011
E01017452,Central Bedfordshire 009E,607,23,31,25,22,7,24,20,26,36,54,44,45,55,49,37,33,32,27,17,F,2011
E01017376,Central Bedfordshire 010A,921,70,59,28,52,60,90,90,88,83,69,50,62,40,27,22,12,9,5,5,F,2011
E01017377,Central Bedfordshire 010B,1007,66,49,48,68,58,65,65,72,92,88,83,73,52,34,23,27,15,15,14,F,2011
E01017378,Central Bedfordshire 010C,912,70,42,57,46,63,61,66,75,58,70,60,45,51,41,26,31,23,17,10,F,2011
E01017413,Central Bedfordshire 010D,891,46,45,56,46,31,30,35,51,80,86,80,63,57,54,55,34,24,11,7,F,2011
E01017414,Central Bedfordshire 010E,864,51,44,47,47,44,56,45,52,71,73,56,55,64,56,25,32,27,11,8,F,2011
E01017415,Central Bedfordshire 010F,952,61,60,58,43,39,47,59,72,90,76,66,56,61,39,39,26,35,11,14,F,2011
E01017437,Central Bedfordshire 011A,779,39,37,39,58,51,48,65,47,59,60,57,52,48,29,31,21,21,12,5,F,2011
E01017438,Central Bedfordshire 011B,839,54,56,54,42,55,33,45,63,76,74,59,54,62,37,24,22,17,9,3,F,2011
E01017439,Central Bedfordshire 011C,859,58,59,74,54,38,38,47,63,108,83,52,39,41,27,26,26,13,9,4,F,2011
E01017440,Central Bedfordshire 011D,688,58,31,27,35,46,74,44,60,50,51,38,25,27,28,19,26,19,21,9,F,2011
E01017441,Central Bedfordshire 011E,993,78,77,67,53,71,81,87,85,86,93,62,29,38,30,20,16,9,7,4,F,2011
E01017444,Central Bedfordshire 011F,923,43,53,49,42,28,26,39,54,90,110,75,69,66,52,52,32,27,11,5,F,2011
E01017371,Central Bedfordshire 012A,679,37,47,47,31,15,16,27,44,56,44,40,39,50,51,39,50,32,10,4,F,2011
E01017372,Central Bedfordshire 012B,764,41,43,50,43,30,35,42,67,58,56,47,40,45,38,34,43,26,21,5,F,2011
E01017373,Central Bedfordshire 012C,741,41,52,57,65,20,18,32,64,66,85,63,36,37,41,20,19,15,5,5,F,2011
E01017374,Central Bedfordshire 012D,740,45,43,49,39,30,30,40,65,59,75,59,49,39,46,34,24,7,5,2,F,2011
E01017375,Central Bedfordshire 012E,720,32,50,45,40,23,28,45,42,67,63,45,48,36,31,25,26,27,28,19,F,2011
E01017391,Central Bedfordshire 013A,693,52,44,45,41,23,31,45,55,64,47,53,39,40,42,21,21,22,5,3,F,2011
E01017392,Central Bedfordshire 013B,776,23,20,58,46,22,23,26,47,62,51,70,52,63,49,52,49,30,20,13,F,2011
E01017393,Central Bedfordshire 013C,908,40,50,62,51,43,24,44,52,81,96,64,72,68,27,33,34,28,17,22,F,2011
E01017442,Central Bedfordshire 013D,1036,75,65,54,63,42,40,63,79,97,90,90,74,71,51,28,24,15,8,7,F,2011
E01017443,Central Bedfordshire 013E,872,83,56,40,54,40,78,97,92,86,53,45,38,34,22,16,14,12,9,3,F,2011
E01017446,Central Bedfordshire 014A,872,58,47,53,41,42,51,40,57,87,68,61,52,44,42,39,35,34,12,9,F,2011
E01017447,Central Bedfordshire 014B,1062,75,56,61,57,45,53,52,78,86,94,84,57,77,58,50,34,29,13,3,F,2011
E01017449,Central Bedfordshire 014D,752,44,48,33,34,23,38,41,49,53,57,66,54,58,56,43,29,14,8,4,F,2011
E01033188,Central Bedfordshire 014E,740,52,37,49,44,36,35,51,48,65,52,44,48,49,51,26,21,21,7,4,F,2011
E01033189,Central Bedfordshire 014F,794,95,51,39,22,43,47,96,114,75,50,44,36,27,26,10,12,5,2,0,F,2011
E01033190,Central Bedfordshire 014G,713,107,42,20,12,35,85,114,99,57,33,25,26,29,13,4,8,2,2,0,F,2011
E01017399,Central Bedfordshire 015A,742,52,56,53,47,50,35,54,67,71,67,51,44,26,19,22,9,15,4,0,F,2011
E01017400,Central Bedfordshire 015B,755,42,39,50,58,34,32,55,61,51,59,50,45,42,30,32,18,31,18,8,F,2011
E01017401,Central Bedfordshire 015C,639,31,37,50,35,38,56,35,52,55,61,38,36,31,23,20,14,14,12,1,F,2011
E01017402,Central Bedfordshire 015D,791,35,33,44,52,29,26,31,43,76,61,55,46,56,63,42,33,34,18,14,F,2011
E01017403,Central Bedfordshire 016A,710,52,38,36,47,37,44,50,46,43,79,44,31,43,27,36,21,17,9,10,F,2011
E01017404,Central Bedfordshire 016B,662,33,29,41,39,38,28,32,35,41,71,81,70,52,32,12,11,12,4,1,F,2011
E01017405,Central Bedfordshire 016C,731,40,36,41,33,59,52,61,40,58,67,60,57,38,28,18,16,14,9,4,F,2011
E01017406,Central Bedfordshire 016D,786,46,42,43,67,37,51,48,66,71,88,62,40,41,33,14,9,12,12,4,F,2011
E01017407,Central Bedfordshire 016E,799,55,34,32,43,68,69,60,59,52,79,73,52,38,35,17,12,10,7,4,F,2011
E01017398,Central Bedfordshire 017A,1183,62,67,75,70,46,37,52,81,100,107,101,92,108,68,38,36,22,16,5,F,2011
E01017408,Central Bedfordshire 017B,534,23,16,37,44,20,26,26,30,41,54,51,36,41,21,32,23,8,4,1,F,2011
E01017409,Central Bedfordshire 017C,610,18,22,39,48,24,13,20,29,46,69,50,40,47,34,45,32,12,12,10,F,2011
E01017445,Central Bedfordshire 017D,924,33,51,44,70,48,23,37,50,78,80,85,69,65,54,48,19,33,21,16,F,2011
E01017450,Central Bedfordshire 017E,1137,72,66,62,80,42,44,48,97,84,126,88,73,82,79,33,27,17,12,5,F,2011
E01017558,Central Bedfordshire 018A,917,54,61,72,61,38,49,50,70,94,109,76,45,39,38,29,11,15,5,1,F,2011
E01017559,Central Bedfordshire 018B,883,39,50,65,61,37,17,31,54,71,96,54,47,59,43,46,57,29,18,9,F,2011
E01017560,Central Bedfordshire 018C,748,43,36,33,41,23,24,34,41,55,72,42,49,64,57,50,43,17,15,9,F,2011
E01017616,Central Bedfordshire 018D,1173,82,83,55,63,59,86,106,107,96,117,79,58,48,50,33,26,14,8,3,F,2011
E01017577,Central Bedfordshire 019A,1071,51,41,58,48,44,50,63,66,88,99,99,78,77,68,48,37,34,11,11,F,2011
E01017615,Central Bedfordshire 019B,1058,36,44,57,57,26,31,36,46,85,101,89,80,107,73,74,36,38,22,20,F,2011
E01017620,Central Bedfordshire 019C,903,37,55,49,66,32,42,40,56,97,107,73,52,55,47,37,25,18,12,3,F,2011
E01017621,Central Bedfordshire 019D,819,35,59,56,55,22,23,26,52,57,87,54,46,65,52,49,42,24,8,7,F,2011
E01017622,Central Bedfordshire 019E,843,36,47,55,56,47,44,48,64,71,70,71,35,53,29,28,36,30,16,7,F,2011
E01017603,Central Bedfordshire 020A,743,40,35,34,36,35,38,50,48,60,67,67,49,47,39,29,38,17,8,6,F,2011
E01017604,Central Bedfordshire 020B,832,53,42,52,59,37,36,51,52,67,75,72,74,70,48,15,12,14,3,0,F,2011
E01017605,Central Bedfordshire 020C,735,75,54,59,66,53,55,46,49,53,47,67,33,31,17,8,11,8,3,0,F,2011
E01017606,Central Bedfordshire 020D,770,26,30,34,37,35,33,18,25,42,72,51,83,69,63,51,46,34,14,7,F,2011
E01017607,Central Bedfordshire 020E,706,35,34,20,36,12,19,27,43,35,50,48,63,64,56,42,49,19,24,30,F,2011
E01017555,Central Bedfordshire 021A,973,72,46,31,47,82,90,82,78,54,62,50,46,43,40,29,42,33,33,13,F,2011
E01017556,Central Bedfordshire 021B,789,71,42,36,30,40,63,64,71,60,68,54,45,46,26,24,14,16,11,8,F,2011
E01017557,Central Bedfordshire 021C,948,56,39,34,36,63,65,70,60,67,56,61,50,45,44,32,45,62,39,24,F,2011
E01017608,Central Bedfordshire 021D,899,65,54,41,42,44,59,63,77,53,61,62,49,62,40,20,25,32,27,23,F,2011
E01017609,Central Bedfordshire 021E,894,92,51,62,61,60,65,52,71,57,68,48,39,49,31,26,21,21,12,8,F,2011
E01017589,Central Bedfordshire 022A,814,48,44,36,47,57,69,73,74,69,61,41,41,47,25,26,17,18,15,6,F,2011
E01017590,Central Bedfordshire 022B,741,20,35,33,31,33,23,34,44,50,51,62,56,73,47,35,37,33,19,25,F,2011
E01017591,Central Bedfordshire 022C,865,49,28,48,59,54,56,61,45,67,61,69,65,55,39,43,22,27,13,4,F,2011
E01017610,Central Bedfordshire 022D,579,28,28,35,34,29,19,25,35,36,49,42,46,73,42,28,11,9,6,4,F,2011
E01017611,Central Bedfordshire 023A,647,40,32,37,37,31,39,34,41,49,55,66,46,71,30,14,19,6,0,0,F,2011
E01017612,Central Bedfordshire 023B,682,50,52,47,33,27,29,72,50,47,56,40,50,52,38,15,13,9,1,1,F,2011
E01017613,Central Bedfordshire 023C,706,32,40,36,52,26,32,47,43,54,60,54,41,60,43,27,24,12,15,8,F,2011
E01017614,Central Bedfordshire 023D,729,39,52,34,44,35,35,50,44,62,73,56,51,52,40,27,8,16,5,6,F,2011
E01017573,Central Bedfordshire 024A,708,28,33,28,48,25,35,42,51,35,53,44,55,40,54,49,46,23,13,6,F,2011
E01017575,Central Bedfordshire 024C,1255,96,88,72,59,80,122,137,111,98,86,68,53,51,49,35,28,12,8,2,F,2011
E01017576,Central Bedfordshire 024D,720,44,44,39,39,34,38,40,48,61,59,62,55,47,27,36,18,14,11,4,F,2011
E01033191,Central Bedfordshire 024E,708,84,56,26,28,32,64,114,88,67,38,29,31,22,15,3,3,4,2,2,F,2011
E01033192,Central Bedfordshire 024F,797,138,59,32,31,62,123,144,85,46,23,17,16,7,7,4,2,0,1,0,F,2011
E01033193,Central Bedfordshire 024G,795,73,58,39,42,43,54,77,71,61,73,64,39,32,19,23,14,9,4,0,F,2011
E01017600,Central Bedfordshire 025A,957,101,63,42,47,66,94,114,70,69,78,82,56,38,19,10,5,3,0,0,F,2011
E01017601,Central Bedfordshire 025B,761,68,79,60,60,35,69,51,57,55,43,45,45,33,20,22,13,3,3,0,F,2011
E01017602,Central Bedfordshire 025C,805,68,41,62,62,52,58,50,53,53,41,52,59,48,29,19,22,17,16,3,F,2011
E01017618,Central Bedfordshire 025D,852,71,65,72,61,42,62,64,58,67,60,56,40,26,19,13,30,33,11,2,F,2011
E01017619,Central Bedfordshire 025E,1105,86,109,76,77,58,81,94,79,76,85,60,43,42,37,30,39,23,8,2,F,2011
E01017578,Central Bedfordshire 026A,873,55,44,59,39,54,56,61,63,61,72,70,58,54,34,27,24,20,18,4,F,2011
E01017579,Central Bedfordshire 026B,780,50,52,44,55,50,37,48,44,65,55,66,54,48,35,26,22,16,9,4,F,2011
E01017580,Central Bedfordshire 026C,1158,119,93,76,71,82,117,128,88,102,90,72,50,25,11,14,12,5,2,1,F,2011
E01017581,Central Bedfordshire 026D,956,59,61,53,37,36,69,65,65,67,60,58,65,49,41,40,51,31,35,14,F,2011
E01017617,Central Bedfordshire 026E,652,32,44,41,31,33,29,47,32,35,59,58,39,37,37,34,26,25,8,5,F,2011
E01017582,Central Bedfordshire 027A,751,37,48,42,36,33,57,27,55,59,55,53,45,39,44,44,43,22,9,3,F,2011
E01017583,Central Bedfordshire 027B,935,54,52,64,59,52,58,57,64,73,95,52,53,46,40,38,50,11,14,3,F,2011
E01017584,Central Bedfordshire 027C,1033,61,50,54,60,72,61,52,56,73,87,54,45,55,38,59,63,45,31,17,F,2011
E01017585,Central Bedfordshire 027D,692,27,35,40,44,37,22,29,40,53,62,60,41,47,40,39,38,18,16,4,F,2011
E01017566,Central Bedfordshire 028A,778,24,25,48,45,40,23,31,27,54,66,69,55,80,55,39,34,33,21,9,F,2011
E01017595,Central Bedfordshire 028B,611,28,49,45,40,39,32,27,33,50,56,32,35,44,35,23,19,15,7,2,F,2011
E01017596,Central Bedfordshire 028C,804,57,67,59,44,34,59,49,58,55,67,41,41,36,35,21,31,26,15,9,F,2011
E01017597,Central Bedfordshire 028D,732,45,41,48,38,30,39,57,43,66,50,42,37,52,36,25,36,23,18,6,F,2011
E01017598,Central Bedfordshire 028E,509,33,26,23,28,26,31,39,22,41,49,41,33,45,27,12,18,9,4,2,F,2011
E01017599,Central Bedfordshire 028F,1081,83,83,62,58,76,119,103,82,68,74,72,47,40,31,29,13,18,13,10,F,2011
E01017565,Central Bedfordshire 029A,775,20,33,51,56,43,14,18,38,63,64,52,39,70,63,49,43,29,21,9,F,2011
E01017567,Central Bedfordshire 029B,850,58,51,47,60,55,46,64,62,58,76,57,41,48,35,29,22,19,14,8,F,2011
E01017568,Central Bedfordshire 029C,951,81,50,39,47,59,104,84,70,67,65,42,39,42,27,16,41,37,23,18,F,2011
E01017569,Central Bedfordshire 029D,838,50,46,39,47,57,73,83,61,46,55,56,34,46,20,24,34,30,21,16,F,2011
E01017570,Central Bedfordshire 029E,975,63,43,43,37,89,110,86,81,57,76,57,37,55,31,31,28,24,13,14,F,2011
E01017592,Central Bedfordshire 030A,786,49,34,47,42,53,43,51,43,55,69,56,43,46,32,30,33,21,28,11,F,2011
E01017593,Central Bedfordshire 030B,770,50,26,42,46,38,37,45,47,48,61,49,49,53,50,46,39,24,18,2,F,2011
E01017594,Central Bedfordshire 030C,1135,125,95,87,70,95,119,71,75,63,77,79,35,29,27,28,26,16,15,3,F,2011
E01017623,Central Bedfordshire 031A,841,38,57,59,56,64,62,44,65,65,74,58,37,33,35,34,20,16,16,8,F,2011
E01017624,Central Bedfordshire 031B,990,60,57,63,64,75,66,61,59,79,84,61,57,68,54,36,24,12,8,2,F,2011
E01017625,Central Bedfordshire 031C,809,28,44,37,51,34,19,29,37,62,67,69,44,70,78,48,44,20,16,12,F,2011
E01017626,Central Bedfordshire 031D,850,32,44,50,59,53,41,24,42,63,77,72,55,79,67,49,24,16,1,2,F,2011
E01017571,Central Bedfordshire 032A,641,32,20,33,27,32,35,29,38,37,54,44,49,57,49,31,28,18,16,12,F,2011
E01017572,Central Bedfordshire 032B,675,37,27,37,37,23,15,34,52,51,67,54,55,64,36,25,29,18,9,5,F,2011
E01017586,Central Bedfordshire 032C,738,30,43,38,40,37,23,34,48,52,69,56,70,46,38,37,39,17,18,3,F,2011
E01017587,Central Bedfordshire 032D,765,25,23,37,33,29,24,23,26,49,64,65,73,88,65,49,30,33,20,9,F,2011
E01017588,Central Bedfordshire 032E,612,24,19,30,30,24,19,29,25,38,53,48,46,52,48,42,36,28,14,7,F,2011
E01017561,Central Bedfordshire 033A,732,31,39,33,47,27,25,24,51,60,77,64,50,67,61,31,19,15,7,4,F,2011
E01017562,Central Bedfordshire 033B,765,32,27,38,36,25,24,37,39,62,59,56,52,63,63,44,49,28,23,8,F,2011
E01017563,Central Bedfordshire 033C,818,49,44,46,37,26,29,43,52,68,61,44,49,74,50,50,54,19,17,6,F,2011
E01017564,Central Bedfordshire 033D,714,46,33,32,34,27,43,47,71,44,62,42,56,50,51,28,22,12,8,6,F,2011
E06000032,,101323,8076,6877,6561,6690,7964,9129,7975,6884,6829,6856,5588,4640,4210,3405,3117,2718,1964,1146,694,F,2011
E01015706,Luton 001A,733,49,32,24,35,26,46,48,37,63,57,48,51,44,42,36,39,25,20,11,F,2011
E01015707,Luton 001B,720,39,31,36,34,42,53,52,37,68,65,46,45,53,43,36,23,12,5,0,F,2011
E01015708,Luton 001C,677,32,36,50,39,28,36,35,40,66,66,66,48,50,22,21,20,10,9,3,F,2011
E01015709,Luton 001D,755,47,39,31,45,48,50,53,54,49,52,73,42,38,39,29,24,18,13,11,F,2011
E01015710,Luton 001E,765,45,41,43,33,45,59,61,57,54,65,60,45,57,24,25,23,16,8,4,F,2011
E01015770,Luton 001F,626,20,31,40,29,27,31,42,34,43,53,45,50,58,57,39,15,8,4,0,F,2011
E01015801,Luton 002A,878,92,56,28,47,63,94,77,66,68,53,45,30,39,34,36,28,10,9,3,F,2011
E01015803,Luton 002B,758,43,39,35,35,54,47,40,45,42,67,54,54,49,55,46,31,14,6,2,F,2011
E01015804,Luton 002C,919,86,62,58,51,64,83,72,73,53,71,52,37,33,42,24,22,24,9,3,F,2011
E01015805,Luton 002D,655,26,39,44,40,48,22,34,35,46,58,46,48,31,49,32,27,20,8,2,F,2011
E01015769,Luton 003A,620,38,39,34,47,31,43,54,44,51,38,44,42,46,15,20,14,9,6,5,F,2011
E01015771,Luton 003B,751,70,55,58,49,44,66,56,61,53,47,41,44,29,20,27,16,8,4,3,F,2011
E01015772,Luton 003C,775,64,61,65,72,49,61,58,53,64,53,33,31,35,30,21,17,4,4,0,F,2011
E01015773,Luton 003D,702,65,54,67,43,45,52,81,45,60,45,46,38,17,11,20,8,3,2,0,F,2011
E01015774,Luton 003E,769,74,69,65,68,55,75,61,55,54,51,45,39,24,16,11,2,3,2,0,F,2011
E01015802,Luton 003F,788,69,50,59,49,37,62,69,59,57,44,48,36,38,41,28,23,12,4,3,F,2011
E01015744,Luton 004A,740,46,44,47,50,25,66,55,45,55,71,46,44,30,24,37,24,21,9,1,F,2011
E01015746,Luton 004B,796,47,44,43,35,32,43,37,43,43,54,51,53,42,46,60,45,36,27,15,F,2011
E01015747,Luton 004C,740,26,36,46,67,36,26,31,24,55,68,50,51,53,59,40,28,17,11,16,F,2011
E01015748,Luton 004D,873,39,46,50,43,30,47,45,44,48,65,46,40,55,77,61,57,38,27,15,F,2011
E01015749,Luton 005A,976,82,101,81,53,89,92,70,67,82,73,50,28,27,26,20,23,8,4,0,F,2011
E01015751,Luton 005B,932,70,48,79,64,45,48,63,76,70,57,58,38,52,42,30,29,28,18,17,F,2011
E01015752,Luton 005C,694,50,43,40,51,46,43,45,33,49,59,52,44,34,44,21,16,14,5,5,F,2011
E01015753,Luton 005D,705,45,38,53,33,46,52,65,56,70,55,37,46,49,24,15,8,6,4,3,F,2011
E01015754,Luton 005E,938,71,57,58,56,51,74,77,50,76,63,50,51,55,30,33,36,28,12,10,F,2011
E01015755,Luton 005F,877,36,31,49,56,34,44,47,42,67,52,65,46,50,56,53,47,40,31,31,F,2011
E01015764,Luton 006A,792,26,37,36,45,38,43,30,41,48,51,52,39,55,58,45,57,40,33,18,F,2011
E01015765,Luton 006B,840,70,50,47,60,53,86,50,58,68,56,56,38,38,30,30,23,16,10,1,F,2011
E01015766,Luton 006C,863,64,77,61,74,61,58,58,58,74,63,52,30,26,30,23,24,14,9,7,F,2011
E01015767,Luton 006D,765,60,36,39,57,48,54,51,50,59,58,53,34,40,44,32,22,17,9,2,F,2011
E01015768,Luton 006E,762,41,45,49,45,24,49,38,46,57,54,41,41,44,46,61,44,26,7,4,F,2011
E01015783,Luton 006F,870,83,81,75,70,67,69,80,65,60,43,50,32,22,29,14,18,8,2,2,F,2011
E01015785,Luton 006G,1074,103,64,69,55,75,92,95,79,88,76,53,33,33,30,44,32,19,20,14,F,2011
E01015693,Luton 007A,801,46,59,65,47,37,42,51,37,69,69,74,46,48,36,19,24,15,10,7,F,2011
E01015694,Luton 007B,737,53,43,54,38,39,37,47,51,50,42,48,48,35,29,33,37,26,18,9,F,2011
E01015695,Luton 007C,801,63,75,56,56,47,42,54,59,61,59,62,46,39,26,18,8,17,6,7,F,2011
E01015696,Luton 007D,746,68,58,41,57,36,56,61,66,80,69,33,26,18,19,13,8,14,10,13,F,2011
E01015697,Luton 007E,934,75,65,75,64,34,66,79,72,73,71,42,43,53,24,25,22,23,19,9,F,2011
E01015745,Luton 007F,788,34,37,55,57,45,37,31,44,56,55,63,50,37,51,40,48,33,11,4,F,2011
E01015797,Luton 008A,651,29,31,31,42,27,18,25,36,57,57,41,59,56,48,26,29,27,10,2,F,2011
E01015798,Luton 008B,702,37,39,52,48,40,43,44,36,50,57,49,44,43,34,24,31,13,14,4,F,2011
E01015799,Luton 008C,697,33,30,34,42,41,41,35,47,55,53,40,38,52,53,34,37,20,7,5,F,2011
E01015800,Luton 008D,756,41,51,51,35,53,60,60,45,59,70,38,36,39,35,19,27,19,13,5,F,2011
E01015812,Luton 008E,692,40,34,43,50,38,50,51,46,48,80,57,52,43,21,19,10,5,4,1,F,2011
E01015813,Luton 008F,681,22,24,24,42,34,72,42,30,33,52,37,37,42,51,44,32,24,27,12,F,2011
E01015756,Luton 009A,851,80,54,56,41,51,77,80,69,64,76,61,41,22,20,27,24,5,2,1,F,2011
E01015757,Luton 009B,821,60,52,55,62,63,40,46,42,60,72,46,44,34,35,46,26,16,16,6,F,2011
E01015758,Luton 009C,751,54,54,63,65,56,57,49,59,78,80,57,32,23,11,5,3,3,1,1,F,2011
E01015759,Luton 009D,774,45,59,59,46,48,49,42,51,55,71,51,23,30,35,41,26,29,7,7,F,2011
E01015760,Luton 009E,775,70,53,54,52,41,44,50,56,68,69,46,36,28,29,31,15,19,10,4,F,2011
E01015761,Luton 009F,849,66,64,68,49,52,55,60,69,54,57,49,41,36,22,27,30,34,14,2,F,2011
E01015700,Luton 010A,1201,107,92,97,67,108,116,114,94,80,59,47,48,41,28,32,27,19,12,13,F,2011
E01015701,Luton 010B,1079,125,99,94,86,111,126,101,72,50,32,39,53,24,20,24,13,6,3,1,F,2011
E01015704,Luton 010C,1077,149,131,94,90,88,120,99,78,58,47,31,26,24,10,16,7,3,3,3,F,2011
E01015782,Luton 010D,1018,89,82,91,81,73,68,78,80,67,54,49,33,40,23,35,30,23,15,7,F,2011
E01015784,Luton 010E,1089,128,125,104,79,74,91,109,88,66,50,52,40,21,23,8,11,8,9,3,F,2011
E01015786,Luton 010F,1092,112,116,95,102,100,98,88,72,57,53,47,44,21,26,23,22,6,8,2,F,2011
E01015711,Luton 011A,845,73,70,69,63,69,65,76,58,48,38,40,51,31,21,24,20,14,8,7,F,2011
E01015712,Luton 011B,877,71,61,59,50,48,78,68,70,47,37,41,45,41,28,46,33,31,19,4,F,2011
E01015715,Luton 011C,912,111,80,76,79,79,94,86,61,51,35,45,29,30,22,15,8,4,3,4,F,2011
E01015716,Luton 011D,975,80,64,73,81,49,92,81,86,76,63,49,28,34,22,10,19,25,25,18,F,2011
E01015717,Luton 011E,780,89,71,48,45,50,69,80,51,53,52,38,34,24,28,21,13,9,5,0,F,2011
E01015750,Luton 011F,1073,109,96,76,67,64,119,110,78,84,57,48,32,33,29,22,21,20,4,4,F,2011
E01015740,Luton 012A,786,55,40,46,41,55,88,67,62,51,71,41,27,40,31,15,22,20,5,9,F,2011
E01015775,Luton 012B,822,49,37,42,48,52,75,52,59,70,71,51,40,45,33,39,31,19,6,3,F,2011
E01015776,Luton 012C,986,66,62,63,69,53,68,74,51,73,82,46,43,52,40,45,49,29,17,4,F,2011
E01015777,Luton 012D,871,58,59,51,53,65,85,71,65,68,74,45,39,34,23,23,27,17,11,3,F,2011
E01015778,Luton 012E,856,61,50,58,55,69,66,60,68,78,66,71,29,32,24,23,18,13,9,6,F,2011
E01015796,Luton 012F,728,17,27,40,44,25,36,21,38,44,58,59,44,57,53,52,39,34,27,13,F,2011
E01015713,Luton 013A,700,51,44,39,29,44,57,40,48,27,39,48,30,50,34,27,39,33,14,7,F,2011
E01015714,Luton 013B,858,67,59,58,34,36,76,70,65,54,49,47,40,36,43,43,43,28,4,6,F,2011
E01015718,Luton 013C,845,57,42,48,37,61,67,63,89,49,54,52,38,53,30,42,33,13,14,3,F,2011
E01015762,Luton 013D,856,55,54,49,45,49,53,71,62,71,63,66,30,29,40,46,37,12,16,8,F,2011
E01015763,Luton 013E,802,46,41,41,51,26,53,49,41,54,65,41,47,49,38,55,53,32,12,8,F,2011
E01015721,Luton 014A,766,50,36,44,47,39,47,63,52,52,70,38,42,38,19,31,35,35,18,10,F,2011
E01015722,Luton 014B,657,52,41,45,41,41,47,61,45,51,48,40,33,34,27,22,13,9,6,1,F,2011
E01015806,Luton 014C,668,48,33,34,46,49,63,45,67,54,72,57,31,31,9,12,9,6,2,0,F,2011
E01015808,Luton 014D,734,63,27,36,34,60,75,74,50,64,65,52,41,29,16,9,10,5,11,13,F,2011
E01015809,Luton 014E,677,32,42,33,38,47,30,35,49,57,70,57,61,58,38,13,8,6,0,3,F,2011
E01015810,Luton 014F,737,60,44,58,58,44,53,70,64,66,88,47,33,23,11,8,4,5,0,1,F,2011
E01015811,Luton 014G,708,35,36,35,43,48,64,65,57,59,64,52,47,46,22,19,9,6,1,0,F,2011
E01015703,Luton 015A,1041,107,104,92,85,100,91,87,67,54,26,46,54,35,23,30,23,10,6,1,F,2011
E01015726,Luton 015B,1131,119,97,107,83,125,125,110,71,59,39,58,43,25,22,19,18,11,0,0,F,2011
E01015731,Luton 015C,951,102,87,90,72,75,114,85,73,57,46,31,35,16,17,21,12,4,7,7,F,2011
E01015787,Luton 015D,1005,123,97,77,69,69,118,88,72,52,44,53,36,32,16,24,17,10,4,4,F,2011
E01015788,Luton 015E,994,99,101,72,73,103,97,85,66,48,43,42,43,29,25,29,16,16,2,5,F,2011
E01015719,Luton 016A,701,57,39,27,34,38,45,51,42,48,59,41,46,48,33,32,28,15,13,5,F,2011
E01015720,Luton 016B,769,52,63,63,59,81,63,72,43,56,56,46,33,21,16,17,14,6,6,2,F,2011
E01015723,Luton 016C,657,48,35,45,40,43,45,53,53,42,57,48,48,32,22,16,16,5,4,5,F,2011
E01015779,Luton 016D,765,39,64,68,69,51,56,40,46,60,66,52,36,25,20,22,23,18,7,3,F,2011
E01015780,Luton 016E,836,68,60,47,65,52,60,57,72,67,58,49,50,38,32,17,18,15,4,7,F,2011
E01015781,Luton 016F,793,49,65,64,59,61,51,64,55,57,68,45,29,33,29,26,10,14,8,6,F,2011
E01015807,Luton 016G,716,34,45,43,48,44,45,55,43,54,55,53,47,33,19,24,30,29,11,4,F,2011
E01015698,Luton 017A,876,75,88,53,71,72,105,83,57,44,42,27,25,28,13,20,17,24,19,13,F,2011
E01015699,Luton 017B,919,91,108,53,97,98,106,78,50,33,60,31,24,20,18,15,15,6,5,11,F,2011
E01015702,Luton 017C,895,118,68,72,72,73,90,79,69,46,35,38,39,26,15,15,10,14,10,6,F,2011
E01015705,Luton 017D,801,118,53,38,52,99,147,76,42,43,41,33,25,12,6,7,4,5,0,0,F,2011
E01015725,Luton 017E,864,124,102,77,56,56,99,92,61,31,29,23,27,20,14,17,20,10,2,4,F,2011
E01015727,Luton 017F,860,100,87,80,76,92,89,75,63,39,32,25,27,20,18,17,12,5,1,2,F,2011
E01015739,Luton 018A,852,79,28,19,32,95,169,87,55,53,46,32,25,16,20,20,24,24,11,17,F,2011
E01015741,Luton 018B,1012,87,52,31,47,144,162,99,75,67,58,44,36,32,23,16,21,13,4,1,F,2011
E01015742,Luton 018C,843,60,48,38,43,112,117,92,56,63,64,38,25,29,15,16,8,6,6,7,F,2011
E01015743,Luton 018D,716,60,32,35,48,91,108,62,56,36,46,34,28,19,11,8,12,13,9,8,F,2011
E01015789,Luton 018E,781,63,51,21,26,134,90,77,39,34,33,19,25,22,22,34,28,25,26,12,F,2011
E01015794,Luton 018F,1143,60,17,11,140,350,239,91,59,30,37,35,24,13,5,7,5,7,7,6,F,2011
E01015724,Luton 019A,1116,127,104,87,86,86,124,111,84,57,78,37,37,30,20,12,23,10,2,1,F,2011
E01015728,Luton 019B,883,98,94,77,69,61,85,77,59,46,45,31,25,28,26,24,21,7,5,5,F,2011
E01015729,Luton 019C,861,68,50,78,81,91,93,93,50,52,44,42,33,21,14,16,16,7,8,4,F,2011
E01015730,Luton 019D,1077,150,86,41,64,110,196,110,75,44,39,40,39,18,10,16,18,10,4,7,F,2011
E01015732,Luton 020A,787,52,49,55,76,59,61,54,49,75,60,41,30,32,21,24,18,12,13,6,F,2011
E01015733,Luton 020B,965,80,86,74,62,50,64,67,64,53,70,48,38,27,29,30,36,52,26,9,F,2011
E01015734,Luton 020C,932,64,72,62,70,66,74,70,69,56,56,60,44,55,28,17,30,18,15,6,F,2011
E01015735,Luton 020D,849,73,50,45,52,152,113,92,65,39,44,39,32,19,14,10,3,5,2,0,F,2011
E01015736,Luton 020E,902,61,76,61,55,54,62,58,53,65,63,51,42,44,21,22,40,35,23,16,F,2011
E01015737,Luton 020F,787,52,53,70,54,71,62,62,46,51,66,41,40,28,18,16,24,13,12,8,F,2011
E01015738,Luton 021A,802,61,31,28,54,117,100,69,67,40,45,36,36,35,22,16,21,17,3,4,F,2011
E01015790,Luton 021B,771,56,39,41,50,95,56,53,52,66,53,43,36,29,23,22,21,22,10,4,F,2011
E01015791,Luton 021C,1159,104,45,31,42,250,238,106,70,45,60,30,25,24,19,24,14,23,5,4,F,2011
E01015792,Luton 021D,807,67,46,27,29,111,131,94,65,40,53,43,34,17,12,16,11,8,1,2,F,2011
E01015793,Luton 021E,813,59,28,44,56,71,71,57,57,68,81,54,31,41,33,16,15,15,8,8,F,2011
E01015795,Luton 021F,881,73,22,26,48,198,177,86,67,50,51,25,20,14,16,6,1,1,0,0,F,2011
E06000031,,93102,6833,5572,5548,5665,6142,7697,7030,6253,6579,6501,5578,5083,4672,3625,2970,2826,2289,1421,818,F,2011
E01015629,Peterborough 001A,896,30,68,65,65,29,27,22,44,89,91,69,63,62,57,34,32,28,16,5,F,2011
E01015635,Peterborough 001B,789,26,30,60,44,33,21,24,35,57,74,59,66,66,68,41,35,29,15,6,F,2011
E01015636,Peterborough 001C,578,14,17,45,37,15,15,9,29,58,56,53,51,53,35,29,32,13,7,10,F,2011
E01015679,Peterborough 001D,899,27,51,51,47,59,61,51,61,60,90,80,50,54,42,25,36,27,18,9,F,2011
E01015678,Peterborough 002A,716,47,41,42,49,40,39,55,56,63,65,61,68,39,13,9,11,13,3,2,F,2011
E01015680,Peterborough 002B,791,48,49,58,61,56,57,65,59,58,70,50,41,37,22,17,18,12,10,3,F,2011
E01015681,Peterborough 002C,811,38,43,64,65,40,37,38,63,83,80,73,60,33,28,17,24,14,8,3,F,2011
E01015682,Peterborough 002D,732,31,38,38,48,39,48,56,56,67,74,60,45,28,22,18,27,17,10,10,F,2011
E01015630,Peterborough 003A,750,31,35,49,52,39,31,44,46,83,69,62,51,53,33,34,15,10,9,4,F,2011
E01015631,Peterborough 003B,646,41,39,30,37,18,34,44,45,46,58,44,58,44,37,26,12,15,13,5,F,2011
E01015659,Peterborough 003C,960,55,46,58,63,56,92,74,73,93,81,59,68,46,33,17,22,9,14,1,F,2011
E01015684,Peterborough 003D,767,24,20,34,40,25,21,26,21,51,66,64,69,65,55,58,53,37,18,20,F,2011
E01015685,Peterborough 003E,827,30,41,35,43,33,35,38,47,48,78,76,55,64,68,54,30,30,21,1,F,2011
E01015589,Peterborough 004A,848,44,48,59,58,25,22,27,45,76,78,61,61,70,56,47,34,15,15,7,F,2011
E01015590,Peterborough 004B,619,26,31,34,27,20,14,20,34,47,53,48,43,40,47,48,38,27,13,9,F,2011
E01015626,Peterborough 004C,729,94,64,40,33,72,121,82,57,44,53,23,12,12,12,3,3,3,1,0,F,2011
E01015628,Peterborough 004D,1001,73,43,53,49,77,139,99,70,75,92,50,57,51,29,18,9,6,10,1,F,2011
E01015617,Peterborough 005A,666,40,46,30,27,27,39,43,49,50,50,60,37,52,40,30,15,13,12,6,F,2011
E01015618,Peterborough 005B,561,26,30,41,30,30,23,31,37,40,35,48,39,43,30,27,23,16,9,3,F,2011
E01015619,Peterborough 005C,1090,76,55,65,67,66,81,86,79,72,82,59,55,56,57,35,35,22,32,10,F,2011
E01015620,Peterborough 005D,861,56,48,45,60,23,43,44,65,75,67,59,52,63,62,34,32,22,4,7,F,2011
E01015674,Peterborough 006A,796,46,43,37,48,46,66,50,67,52,65,37,45,33,25,20,44,31,20,21,F,2011
E01015675,Peterborough 006B,806,55,39,58,32,48,42,45,44,69,66,57,46,55,33,26,44,27,15,5,F,2011
E01015676,Peterborough 006C,758,56,29,29,42,55,63,53,42,55,49,59,42,34,49,35,30,16,11,9,F,2011
E01015683,Peterborough 006D,956,30,27,39,39,45,18,30,44,56,76,73,61,76,98,65,73,59,34,13,F,2011
E01015686,Peterborough 006E,776,22,26,29,41,38,20,29,35,53,55,46,58,80,67,72,44,34,20,7,F,2011
E01015607,Peterborough 007A,756,62,44,35,41,64,66,53,55,46,43,34,37,33,29,29,14,36,22,13,F,2011
E01015609,Peterborough 007B,864,89,66,62,76,82,84,75,57,52,68,50,33,28,20,10,9,2,1,0,F,2011
E01015656,Peterborough 007C,786,46,56,35,50,46,65,45,61,53,60,56,48,47,29,30,28,15,16,0,F,2011
E01015657,Peterborough 007D,1019,116,86,73,74,81,118,91,70,73,63,45,32,33,16,17,7,11,7,6,F,2011
E01015658,Peterborough 007E,801,73,62,48,64,43,93,54,48,48,49,44,37,37,18,28,22,15,8,10,F,2011
E01015660,Peterborough 007F,789,52,33,44,48,60,78,67,43,49,60,41,40,29,23,35,42,29,8,8,F,2011
E01015605,Peterborough 008A,841,58,47,49,68,53,53,56,59,58,44,42,46,33,40,24,29,31,36,15,F,2011
E01015608,Peterborough 008B,807,69,49,37,44,66,69,49,47,50,48,51,40,42,31,29,36,33,11,6,F,2011
E01015610,Peterborough 008C,802,63,48,53,55,55,69,63,56,49,50,43,40,36,31,22,32,20,11,6,F,2011
E01015633,Peterborough 008D,1160,103,56,49,53,88,84,76,76,70,69,60,58,55,61,62,51,56,24,9,F,2011
E01015634,Peterborough 008E,959,91,61,58,35,52,90,83,47,62,42,62,38,47,37,31,45,39,27,12,F,2011
E01015593,Peterborough 009A,730,70,44,66,40,60,57,72,51,45,32,39,36,43,22,20,12,16,5,0,F,2011
E01015596,Peterborough 009B,859,76,61,69,62,60,68,67,64,74,48,36,54,34,25,26,20,10,4,1,F,2011
E01015662,Peterborough 009C,708,49,67,66,52,47,62,53,53,58,42,49,33,26,24,10,5,8,4,0,F,2011
E01015663,Peterborough 009D,764,64,53,39,47,66,68,52,50,56,39,42,42,34,25,23,21,21,16,6,F,2011
E01015664,Peterborough 009E,866,90,61,59,52,73,92,71,74,57,61,41,30,36,24,21,12,7,4,1,F,2011
E01015603,Peterborough 010A,1092,116,83,72,75,93,109,94,85,85,69,44,29,33,15,18,34,25,9,4,F,2011
E01015604,Peterborough 010B,968,106,88,85,87,82,99,104,63,58,50,43,34,19,7,15,16,6,5,1,F,2011
E01015632,Peterborough 010C,975,93,64,64,57,92,102,86,66,65,66,51,31,38,20,26,21,18,7,8,F,2011
E01015661,Peterborough 010D,845,75,59,38,47,65,81,84,58,53,45,45,41,42,38,24,24,14,7,5,F,2011
E01015677,Peterborough 010E,555,52,33,34,24,48,71,40,34,46,39,33,20,26,14,18,10,8,4,1,F,2011
E01015591,Peterborough 011A,736,41,35,50,51,33,43,49,45,40,51,57,75,57,42,27,23,11,4,2,F,2011
E01015592,Peterborough 011B,791,67,48,47,39,45,55,63,64,59,37,50,51,58,36,32,16,9,10,5,F,2011
E01015594,Peterborough 011C,914,67,53,50,48,67,76,78,79,64,46,43,57,60,39,32,27,18,7,3,F,2011
E01015595,Peterborough 011D,772,57,49,44,51,52,53,56,52,51,54,29,47,46,42,30,26,15,12,6,F,2011
E01015597,Peterborough 011E,819,77,51,49,73,58,61,75,65,55,60,46,40,43,17,13,11,11,10,4,F,2011
E01015601,Peterborough 012A,1042,115,92,88,109,97,102,78,80,60,49,43,54,17,13,14,12,10,5,4,F,2011
E01015651,Peterborough 012B,1011,79,76,97,47,70,68,71,66,74,70,68,49,45,31,31,30,20,12,7,F,2011
E01015652,Peterborough 012C,1003,95,94,70,70,104,94,78,73,61,65,57,47,24,13,9,15,18,11,5,F,2011
E01015653,Peterborough 012D,949,54,56,58,103,63,56,51,50,65,65,64,58,52,37,34,37,24,15,7,F,2011
E01015654,Peterborough 012E,1235,97,85,96,80,81,98,98,85,69,70,51,53,41,22,18,32,46,48,65,F,2011
E01015606,Peterborough 013A,885,61,44,42,56,48,66,61,49,61,80,51,64,51,41,34,26,31,12,7,F,2011
E01015611,Peterborough 013B,1036,92,54,49,43,90,126,74,49,47,61,59,45,49,45,45,41,26,22,19,F,2011
E01015613,Peterborough 013C,782,86,58,42,32,44,100,80,61,44,36,36,29,44,27,22,18,11,11,1,F,2011
E01015614,Peterborough 013D,917,87,47,54,48,72,107,102,75,58,61,56,46,33,28,18,8,9,5,3,F,2011
E01015615,Peterborough 013E,816,54,48,40,54,54,58,46,51,48,45,51,40,46,35,21,44,37,31,13,F,2011
E01015616,Peterborough 013F,893,88,62,68,72,68,79,85,52,76,42,45,37,34,14,14,22,15,10,10,F,2011
E01015599,Peterborough 014A,882,75,47,62,57,88,109,76,61,55,36,45,42,23,23,11,25,18,17,12,F,2011
E01015600,Peterborough 014B,893,88,78,58,68,69,84,82,50,54,49,36,35,21,18,23,21,29,22,8,F,2011
E01015602,Peterborough 014C,921,63,38,36,53,125,114,78,65,54,57,55,34,19,29,20,25,26,13,17,F,2011
E01015612,Peterborough 014D,1096,92,69,68,59,104,112,102,77,73,65,50,53,31,29,29,26,23,21,13,F,2011
E01015655,Peterborough 014E,1028,64,54,62,72,103,100,104,79,60,75,42,46,37,26,15,19,29,22,19,F,2011
E01015598,Peterborough 015A,755,32,29,32,48,41,34,39,36,44,64,72,61,64,56,37,17,36,10,3,F,2011
E01015687,Peterborough 015B,819,40,37,50,61,26,33,33,31,53,65,53,54,79,60,57,36,25,16,10,F,2011
E01015689,Peterborough 015C,730,24,21,30,42,26,24,28,30,34,59,58,73,78,64,37,42,31,18,11,F,2011
E01015690,Peterborough 015D,605,22,28,41,41,35,25,32,16,33,52,56,58,33,46,29,24,18,11,5,F,2011
E01015691,Peterborough 015E,717,26,22,42,51,41,42,31,31,29,37,43,40,39,50,42,46,39,35,31,F,2011
E01015622,Peterborough 016A,1169,89,51,41,71,92,165,139,100,85,66,58,45,37,30,22,30,22,19,7,F,2011
E01015665,Peterborough 016C,845,67,69,76,53,58,97,66,56,58,40,32,37,30,20,29,21,25,7,4,F,2011
E01015688,Peterborough 016D,718,40,36,30,27,53,91,68,35,35,37,43,47,43,26,27,32,21,18,9,F,2011
E01015692,Peterborough 016E,748,72,68,60,54,56,72,62,38,38,38,42,33,35,14,15,14,9,12,16,F,2011
E01033173,Peterborough 016F,951,104,82,49,41,54,110,111,110,94,74,33,30,21,15,8,4,10,1,0,F,2011
E01033182,Peterborough 016G,727,52,52,40,34,54,85,71,55,49,55,47,35,25,24,15,15,12,5,2,F,2011
E01015621,Peterborough 017A,1021,86,49,35,50,89,143,122,61,68,63,48,48,35,25,19,35,34,7,4,F,2011
E01015623,Peterborough 017B,868,55,47,47,41,56,75,72,59,67,59,64,42,44,37,28,34,23,7,11,F,2011
E01015624,Peterborough 017C,799,64,38,35,42,42,95,64,72,64,63,52,44,36,17,22,25,13,7,4,F,2011
E01015666,Peterborough 017D,687,39,31,25,44,39,44,40,34,43,45,48,48,33,34,38,29,27,32,14,F,2011
E01015668,Peterborough 017E,915,73,33,34,62,72,131,77,73,60,58,33,48,34,31,24,24,29,14,5,F,2011
E01015627,Peterborough 018A,887,42,51,46,44,26,31,45,54,60,83,70,54,79,55,40,41,29,27,10,F,2011
E01015644,Peterborough 018B,997,71,63,49,56,68,80,111,73,91,82,64,58,49,27,17,14,11,8,5,F,2011
E01015645,Peterborough 018C,839,49,33,41,42,56,70,50,50,64,71,71,64,65,32,24,28,10,13,6,F,2011
E01015646,Peterborough 018D,989,36,24,40,45,33,33,40,48,58,82,78,82,98,73,75,72,45,24,3,F,2011
E01015648,Peterborough 018E,731,19,26,37,40,29,25,15,33,43,52,97,73,70,48,40,27,28,18,11,F,2011
E01015667,Peterborough 019A,657,41,36,29,44,26,60,56,52,67,42,30,38,38,22,18,22,24,9,3,F,2011
E01015669,Peterborough 019B,706,21,28,36,45,46,34,42,39,55,63,45,46,54,39,37,26,34,12,4,F,2011
E01015670,Peterborough 019C,709,33,21,48,45,34,20,39,38,50,47,50,62,51,36,41,40,37,16,1,F,2011
E01015671,Peterborough 019D,820,43,42,32,31,49,49,40,51,53,66,62,44,60,33,41,67,39,14,4,F,2011
E01015672,Peterborough 019E,808,47,50,52,52,30,46,57,61,66,64,45,43,46,51,30,22,32,14,0,F,2011
E01015673,Peterborough 019F,774,52,43,45,55,45,61,53,60,68,63,36,32,24,27,44,21,27,13,5,F,2011
E01015637,Peterborough 021A,759,64,60,52,43,61,78,56,51,58,45,53,47,33,22,11,14,8,1,2,F,2011
E01015639,Peterborough 021B,782,64,48,45,66,60,61,77,50,56,47,38,54,38,19,14,13,15,9,8,F,2011
E01015640,Peterborough 021C,736,54,50,53,33,51,58,67,45,48,61,60,49,29,28,19,13,11,6,1,F,2011
E01015641,Peterborough 021D,661,63,52,42,45,30,46,56,32,48,46,39,39,36,32,18,23,12,2,0,F,2011
E01015642,Peterborough 021E,774,81,69,57,48,54,73,68,48,58,50,42,39,40,17,8,8,9,3,2,F,2011
E01015647,Peterborough 021F,756,55,56,56,64,47,71,49,42,47,38,41,29,31,27,28,20,27,16,12,F,2011
E01015638,Peterborough 022A,811,45,33,49,36,28,23,37,39,38,63,63,78,55,52,46,44,23,28,31,F,2011
E01015650,Peterborough 022B,992,68,59,43,45,45,86,66,75,90,110,49,58,51,42,31,30,27,12,5,F,2011
E01033174,Peterborough 022C,659,75,44,33,33,64,92,76,54,29,30,19,13,13,12,9,18,20,12,13,F,2011
E01033179,Peterborough 022D,829,86,43,45,43,67,75,71,45,54,52,42,49,34,45,31,22,11,6,8,F,2011
E01033181,Peterborough 022E,793,69,74,64,54,37,87,105,76,62,52,42,29,17,13,4,2,4,1,1,F,2011
E01015643,Peterborough 023A,692,54,43,43,38,31,56,60,59,49,56,53,33,41,23,22,16,12,1,2,F,2011
E01033175,Peterborough 023B,716,53,62,72,40,41,53,63,75,92,54,47,15,20,7,7,9,3,3,0,F,2011
E01033176,Peterborough 023C,802,67,62,53,49,54,80,79,86,88,45,29,19,11,7,8,10,14,19,22,F,2011
E01033177,Peterborough 023D,707,91,54,44,32,60,93,82,84,60,40,14,19,14,6,6,5,1,0,2,F,2011
E01033178,Peterborough 023E,819,114,64,57,47,100,125,98,66,49,44,24,7,11,5,1,4,0,1,2,F,2011
E01033180,Peterborough 023F,827,93,83,65,48,71,117,110,82,69,44,18,13,7,2,2,2,1,0,0,F,2011
E06000033,,88864,5464,4661,4966,5024,4964,5735,5799,6109,6606,6333,5393,4775,5332,4567,3521,3193,2917,2098,1407,F,2011
E01015833,Southend-on-Sea 001A,777,35,35,38,35,26,39,41,42,49,54,55,62,66,50,39,34,36,25,16,F,2011
E01015834,Southend-on-Sea 001B,758,39,38,36,37,39,21,36,47,55,54,53,41,77,65,38,39,21,16,6,F,2011
E01015835,Southend-on-Sea 001C,850,43,39,57,42,44,38,51,54,55,51,51,50,52,56,42,27,45,31,22,F,2011
E01015836,Southend-on-Sea 001D,784,34,27,45,39,40,31,42,43,54,54,49,54,65,58,54,46,28,13,8,F,2011
E01015837,Southend-on-Sea 001E,865,41,57,54,49,36,41,47,60,65,58,47,49,58,50,45,42,32,26,8,F,2011
E01015838,Southend-on-Sea 001F,762,27,29,35,42,32,16,28,32,48,59,47,49,71,78,48,48,42,22,9,F,2011
E01015863,Southend-on-Sea 002A,1229,82,59,78,69,54,65,99,85,94,86,76,86,94,63,49,41,21,18,10,F,2011
E01015864,Southend-on-Sea 002B,694,23,22,40,39,35,32,23,31,45,67,41,40,59,42,30,44,47,24,10,F,2011
E01015865,Southend-on-Sea 002C,731,22,20,33,42,36,25,25,46,56,63,51,57,57,46,58,43,20,17,14,F,2011
E01015866,Southend-on-Sea 002D,787,44,32,34,36,34,30,34,42,51,74,67,48,52,55,45,42,35,17,15,F,2011
E01015867,Southend-on-Sea 002E,776,37,39,45,45,46,51,33,42,54,51,56,39,54,54,45,36,21,18,10,F,2011
E01015868,Southend-on-Sea 002F,785,45,47,51,49,28,53,41,58,68,52,65,40,45,38,34,27,24,11,9,F,2011
E01015814,Southend-on-Sea 003A,745,31,45,39,38,38,23,33,55,54,49,41,51,52,48,43,33,34,16,22,F,2011
E01015815,Southend-on-Sea 003B,837,44,51,38,46,38,40,40,52,53,71,61,63,50,50,34,37,27,16,26,F,2011
E01015816,Southend-on-Sea 003C,773,26,31,24,23,25,24,42,26,39,34,40,55,67,75,58,66,63,37,18,F,2011
E01015817,Southend-on-Sea 003D,812,32,27,27,35,24,19,30,34,40,53,59,54,84,84,55,53,61,29,12,F,2011
E01015818,Southend-on-Sea 003E,897,29,45,40,44,32,43,40,59,57,59,42,53,67,64,58,63,52,30,20,F,2011
E01015819,Southend-on-Sea 003F,736,34,37,46,45,33,27,54,57,54,66,55,37,49,31,32,27,25,19,8,F,2011
E01015857,Southend-on-Sea 004A,787,29,31,36,47,33,19,25,41,57,70,47,58,55,55,48,50,38,33,15,F,2011
E01015858,Southend-on-Sea 004B,858,35,38,43,40,50,33,38,57,68,58,66,48,68,68,45,39,28,25,11,F,2011
E01015859,Southend-on-Sea 004C,960,50,48,59,55,39,44,49,60,79,64,54,60,59,45,49,48,36,35,27,F,2011
E01015860,Southend-on-Sea 004D,771,38,42,36,45,31,29,52,46,62,62,48,55,53,52,39,21,26,20,14,F,2011
E01015861,Southend-on-Sea 004E,875,51,47,51,53,57,47,43,65,59,52,51,54,49,35,32,25,31,31,42,F,2011
E01015862,Southend-on-Sea 004F,808,60,51,60,36,44,64,81,54,54,43,56,52,40,28,32,25,17,7,4,F,2011
E01015820,Southend-on-Sea 005A,750,43,40,58,49,28,39,57,43,51,62,61,47,49,32,31,23,22,8,7,F,2011
E01015821,Southend-on-Sea 005B,810,38,30,48,56,25,39,38,40,67,55,45,47,72,50,46,37,37,27,13,F,2011
E01015822,Southend-on-Sea 005C,637,30,29,35,41,27,28,32,40,48,46,54,46,46,46,28,25,18,10,8,F,2011
E01015823,Southend-on-Sea 005D,873,44,58,43,55,39,42,44,69,76,77,49,48,56,39,24,40,33,18,19,F,2011
E01015824,Southend-on-Sea 005E,808,52,64,57,44,32,50,65,72,60,47,41,48,47,36,29,29,18,13,4,F,2011
E01015825,Southend-on-Sea 005F,802,35,44,46,41,44,50,44,41,70,49,57,36,49,47,44,22,38,22,23,F,2011
E01015826,Southend-on-Sea 005G,733,29,40,44,47,32,37,39,30,59,59,48,35,52,46,37,35,32,18,14,F,2011
E01015869,Southend-on-Sea 006A,825,64,52,57,54,49,63,58,57,70,77,58,30,29,30,22,17,20,11,7,F,2011
E01015870,Southend-on-Sea 006B,845,53,65,59,62,38,52,60,63,76,69,53,37,39,28,21,21,24,17,8,F,2011
E01015871,Southend-on-Sea 006C,822,36,47,55,57,41,41,40,48,59,74,51,37,49,44,35,44,39,16,9,F,2011
E01015872,Southend-on-Sea 006D,877,56,65,72,51,56,65,68,53,63,78,50,41,44,29,27,20,21,14,4,F,2011
E01015873,Southend-on-Sea 006E,683,53,35,46,39,43,65,59,62,51,47,41,25,37,34,17,7,15,5,2,F,2011
E01015874,Southend-on-Sea 006F,832,53,41,49,49,53,66,45,58,74,65,51,43,46,29,28,30,27,19,6,F,2011
E01015875,Southend-on-Sea 006G,833,57,51,60,45,50,70,60,44,74,61,44,40,46,34,30,22,19,14,12,F,2011
E01015901,Southend-on-Sea 007A,755,88,45,40,38,50,64,69,59,68,65,39,34,28,29,11,8,5,11,4,F,2011
E01015902,Southend-on-Sea 007B,849,83,66,48,54,63,73,102,78,64,45,39,36,26,24,19,15,10,2,2,F,2011
E01015903,Southend-on-Sea 007C,814,76,38,46,43,68,77,76,74,72,48,49,48,25,22,16,18,9,7,2,F,2011
E01015904,Southend-on-Sea 007D,848,78,48,44,42,58,69,73,66,70,75,48,46,32,35,22,19,17,5,1,F,2011
E01015905,Southend-on-Sea 007E,700,50,41,42,39,36,49,61,64,51,60,48,30,42,27,17,9,24,9,1,F,2011
E01015906,Southend-on-Sea 007F,782,61,57,54,63,46,59,64,63,82,63,44,33,22,20,18,9,13,7,4,F,2011
E01015907,Southend-on-Sea 007G,731,58,47,44,37,49,76,59,69,55,54,40,36,29,22,21,11,9,14,1,F,2011
E01015908,Southend-on-Sea 008A,817,53,44,52,48,19,21,43,61,69,66,54,55,66,50,29,29,33,17,8,F,2011
E01015909,Southend-on-Sea 008B,791,49,67,34,40,39,41,45,68,59,64,50,38,50,31,24,25,31,22,14,F,2011
E01015910,Southend-on-Sea 008C,753,40,32,51,39,21,27,41,51,62,63,52,42,55,49,40,40,21,21,6,F,2011
E01015911,Southend-on-Sea 008D,671,33,38,43,39,25,19,24,42,61,51,60,40,50,54,28,23,16,21,4,F,2011
E01015912,Southend-on-Sea 008E,804,34,54,61,47,23,20,41,42,64,75,46,48,54,46,50,36,23,20,20,F,2011
E01015913,Southend-on-Sea 008F,848,46,38,41,30,34,60,43,63,77,53,52,54,57,48,39,32,32,28,21,F,2011
E01015883,Southend-on-Sea 009A,716,27,40,41,35,24,18,35,31,60,55,45,40,59,62,50,34,31,25,4,F,2011
E01015884,Southend-on-Sea 009B,1113,89,52,58,61,64,91,101,79,79,59,81,53,42,41,30,33,49,27,24,F,2011
E01015885,Southend-on-Sea 009C,876,47,47,49,38,22,25,33,50,56,48,44,51,92,68,66,61,54,20,5,F,2011
E01015886,Southend-on-Sea 009D,752,56,58,64,46,37,41,49,49,54,61,42,34,36,34,37,18,20,12,4,F,2011
E01015887,Southend-on-Sea 009E,833,46,47,62,67,42,44,41,61,73,63,50,37,38,39,27,23,28,27,18,F,2011
E01015888,Southend-on-Sea 009F,769,24,24,32,49,24,26,19,38,57,49,54,41,67,61,58,58,44,26,18,F,2011
E01015895,Southend-on-Sea 010A,957,86,51,30,44,104,97,81,63,61,53,61,42,44,32,21,32,17,18,20,F,2011
E01015896,Southend-on-Sea 010B,983,89,65,52,65,61,90,73,82,73,54,38,28,35,22,31,38,38,24,25,F,2011
E01015897,Southend-on-Sea 010C,1052,75,60,68,67,80,80,81,76,58,82,68,61,46,48,42,25,23,8,4,F,2011
E01015898,Southend-on-Sea 010D,864,73,46,51,47,62,86,53,54,64,48,58,30,26,37,33,33,28,21,14,F,2011
E01015899,Southend-on-Sea 010E,942,60,60,59,74,57,90,84,74,77,58,50,39,47,31,22,25,17,10,8,F,2011
E01015900,Southend-on-Sea 010F,711,63,59,29,38,61,75,59,68,60,46,26,35,32,16,14,8,11,7,4,F,2011
E01015845,Southend-on-Sea 011A,859,68,54,50,49,41,51,78,88,77,72,51,53,31,30,21,12,18,7,8,F,2011
E01015846,Southend-on-Sea 011B,916,61,46,53,38,30,85,86,75,74,56,46,32,55,35,29,24,28,30,33,F,2011
E01015847,Southend-on-Sea 011C,884,84,56,38,33,47,90,85,87,69,67,48,41,40,29,22,21,15,8,4,F,2011
E01015848,Southend-on-Sea 011D,857,46,20,29,18,33,68,58,64,43,42,58,55,67,72,47,46,43,26,22,F,2011
E01015849,Southend-on-Sea 011E,871,76,43,40,35,63,72,80,83,80,55,52,31,44,38,22,18,18,13,8,F,2011
E01015850,Southend-on-Sea 011F,831,56,57,49,46,24,49,66,101,79,62,51,41,34,45,17,19,15,13,7,F,2011
E01015827,Southend-on-Sea 012A,834,48,28,31,40,27,52,37,53,52,44,59,41,64,66,35,29,44,39,45,F,2011
E01015828,Southend-on-Sea 012B,765,43,19,18,20,70,85,84,61,57,53,32,40,40,25,18,16,22,24,38,F,2011
E01015829,Southend-on-Sea 012C,849,57,51,38,39,37,67,78,76,62,57,42,30,48,21,27,18,31,33,37,F,2011
E01015830,Southend-on-Sea 012D,825,44,41,58,50,33,39,28,67,55,66,43,59,55,44,33,24,42,25,19,F,2011
E01015831,Southend-on-Sea 012E,947,50,34,63,59,67,97,93,71,89,78,55,62,42,20,16,12,11,11,17,F,2011
E01015832,Southend-on-Sea 012F,850,37,30,25,26,44,47,39,36,41,45,44,42,47,54,45,45,57,69,77,F,2011
E01015876,Southend-on-Sea 013A,1101,69,59,61,60,50,55,78,90,93,92,70,71,73,58,47,31,19,16,9,F,2011
E01015877,Southend-on-Sea 013B,953,81,59,51,52,50,76,63,75,72,64,56,48,61,56,28,35,10,10,6,F,2011
E01015878,Southend-on-Sea 013C,689,30,37,37,44,66,41,43,40,70,67,54,41,42,32,22,8,7,5,3,F,2011
E01015879,Southend-on-Sea 013D,742,45,43,57,44,44,68,59,50,72,65,40,31,39,22,22,13,12,9,7,F,2011
E01015880,Southend-on-Sea 013E,764,50,32,49,55,55,39,50,38,61,51,45,56,48,38,32,27,21,10,7,F,2011
E01015881,Southend-on-Sea 013F,709,31,27,37,57,27,27,38,32,45,52,52,48,67,49,40,39,16,18,7,F,2011
E01015882,Southend-on-Sea 013G,836,57,48,54,72,55,51,61,59,61,58,66,38,49,39,24,16,18,5,5,F,2011
E01015839,Southend-on-Sea 014A,875,57,42,54,76,69,74,71,77,65,50,36,48,32,27,26,19,11,26,15,F,2011
E01015840,Southend-on-Sea 014B,865,74,53,61,43,53,89,68,61,75,61,42,35,36,23,19,15,23,16,18,F,2011
E01015841,Southend-on-Sea 014C,1134,107,69,71,58,120,132,110,95,74,66,60,47,39,37,18,16,8,6,1,F,2011
E01015842,Southend-on-Sea 014D,990,90,73,42,59,84,81,80,62,70,69,76,58,52,23,18,18,15,11,9,F,2011
E01015843,Southend-on-Sea 014E,899,75,58,55,52,79,90,67,72,54,52,65,42,43,27,16,15,13,17,7,F,2011
E01015844,Southend-on-Sea 014F,893,54,28,31,54,80,100,52,58,61,63,38,42,39,38,31,43,25,38,18,F,2011
E01015851,Southend-on-Sea 015A,848,27,12,7,14,47,73,66,52,51,53,35,48,45,49,58,68,72,47,24,F,2011
E01015852,Southend-on-Sea 015B,850,69,22,42,36,111,101,68,55,57,51,40,40,25,34,12,26,27,19,15,F,2011
E01015853,Southend-on-Sea 015C,935,49,21,18,37,59,82,85,61,44,58,36,44,59,45,47,43,50,47,50,F,2011
E01015854,Southend-on-Sea 015D,986,83,44,38,93,155,110,84,76,72,63,40,24,32,24,15,11,14,4,4,F,2011
E01015855,Southend-on-Sea 015E,998,83,52,56,60,100,109,105,69,72,50,51,30,32,32,35,20,17,21,4,F,2011
E01015856,Southend-on-Sea 015F,874,65,45,42,47,90,82,66,80,64,54,47,36,38,30,11,15,25,16,21,F,2011
E01015889,Southend-on-Sea 016A,742,25,33,43,40,31,23,20,34,46,58,44,35,67,67,47,50,41,28,10,F,2011
E01015890,Southend-on-Sea 016B,763,19,41,47,49,29,30,17,37,48,73,53,42,63,48,44,53,30,29,11,F,2011
E01015891,Southend-on-Sea 016C,744,48,33,36,43,43,58,47,55,54,63,47,41,32,49,29,22,19,16,9,F,2011
E01015892,Southend-on-Sea 016D,884,56,74,46,52,40,48,79,69,80,55,59,55,55,38,17,20,22,14,5,F,2011
E01015893,Southend-on-Sea 016E,870,21,11,31,25,23,20,16,30,29,42,53,44,96,88,81,75,85,70,30,F,2011
E01015894,Southend-on-Sea 016F,763,32,29,56,44,22,24,39,47,59,71,50,57,54,51,30,34,37,20,7,F,2011
E01015914,Southend-on-Sea 017A,677,20,28,46,52,32,20,24,40,48,60,61,49,58,63,26,23,15,5,7,F,2011
E01015915,Southend-on-Sea 017B,749,34,32,44,39,29,34,29,54,45,56,50,50,61,60,34,44,31,19,4,F,2011
E01015916,Southend-on-Sea 017C,808,73,74,79,54,44,56,53,60,55,56,43,28,38,27,17,24,11,11,5,F,2011
E01015917,Southend-on-Sea 017D,883,69,63,83,80,50,46,51,67,74,64,36,49,42,25,16,17,19,28,4,F,2011
E01015918,Southend-on-Sea 017E,759,66,39,44,71,40,53,42,41,74,53,36,40,40,32,18,13,20,16,21,F,2011
E01015919,Southend-on-Sea 017F,671,47,46,43,55,25,34,28,51,51,57,55,22,38,35,23,21,24,10,6,F,2011
E01015920,Southend-on-Sea 017G,804,30,33,44,43,26,28,42,27,38,61,57,63,66,60,50,45,40,36,15,F,2011
E06000034,,80126,6052,5035,4850,4864,4877,5826,6121,6112,6247,5667,4666,4128,4363,3193,2514,2094,1714,1215,588,F,2011
E01015943,Thurrock 001A,738,31,29,35,37,40,36,34,38,56,49,75,49,70,64,26,28,19,13,9,F,2011
E01015944,Thurrock 001B,648,25,23,37,33,23,21,28,34,40,39,41,54,53,37,49,57,30,21,3,F,2011
E01015946,Thurrock 001C,780,42,39,52,43,37,34,37,39,59,56,61,59,69,62,28,22,18,15,8,F,2011
E01015997,Thurrock 001D,716,32,32,39,55,56,32,32,50,54,52,46,66,84,39,24,6,8,9,0,F,2011
E01015999,Thurrock 001E,671,31,43,52,31,34,37,34,51,51,62,55,55,52,35,26,11,6,3,2,F,2011
E01015945,Thurrock 002A,621,19,25,39,46,33,23,30,30,40,56,40,36,52,45,32,26,22,22,5,F,2011
E01015983,Thurrock 002B,722,37,28,26,36,35,51,31,37,34,49,45,56,62,51,61,40,18,17,8,F,2011
E01015987,Thurrock 002C,782,52,43,44,68,47,48,45,37,68,52,49,31,51,52,32,24,19,14,6,F,2011
E01015988,Thurrock 002D,835,51,47,58,52,52,46,50,59,50,47,41,27,58,41,25,36,41,34,20,F,2011
E01015998,Thurrock 002E,823,47,44,49,48,57,23,62,64,61,68,50,40,83,54,25,19,20,7,2,F,2011
E01015984,Thurrock 003A,670,29,33,52,41,40,19,23,46,65,58,48,46,51,33,38,36,5,5,2,F,2011
E01015985,Thurrock 003B,734,25,27,38,38,19,27,30,38,47,35,33,39,86,61,66,59,38,17,11,F,2011
E01015986,Thurrock 003C,793,48,42,47,69,44,47,49,64,56,57,42,34,45,36,23,27,32,20,11,F,2011
E01015990,Thurrock 003D,762,35,38,42,65,47,30,44,37,61,67,57,49,49,27,30,27,24,23,10,F,2011
E01016001,Thurrock 003E,696,30,46,47,45,35,34,41,52,47,49,41,57,73,30,33,16,12,3,5,F,2011
E01015977,Thurrock 004A,978,55,61,54,58,27,47,64,71,74,61,63,64,56,55,52,38,25,30,23,F,2011
E01015978,Thurrock 004B,644,25,43,32,52,32,23,26,33,46,75,40,46,50,39,37,21,14,7,3,F,2011
E01015979,Thurrock 004C,698,43,40,50,41,36,44,54,58,74,68,46,41,40,27,16,10,4,4,2,F,2011
E01015980,Thurrock 004D,809,34,57,47,47,29,34,40,45,58,65,62,65,61,50,52,31,17,11,4,F,2011
E01015989,Thurrock 005A,783,51,33,47,48,62,75,73,62,69,44,48,32,29,30,25,24,17,9,5,F,2011
E01015991,Thurrock 005B,725,35,37,50,36,45,40,46,41,46,53,53,43,63,36,35,38,15,9,4,F,2011
E01015992,Thurrock 005C,940,66,56,56,54,59,65,75,61,80,65,63,60,59,37,16,24,26,13,5,F,2011
E01016000,Thurrock 005D,729,49,33,22,44,42,48,57,54,48,47,40,51,66,61,30,17,8,11,1,F,2011
E01016002,Thurrock 005E,694,29,33,41,50,33,33,41,49,40,47,62,60,68,47,30,18,7,4,2,F,2011
E01015932,Thurrock 006A,798,66,40,64,48,53,45,61,60,66,51,51,40,44,34,22,22,13,12,6,F,2011
E01015971,Thurrock 006B,755,59,39,35,39,42,71,60,53,47,54,30,47,47,25,38,22,28,18,1,F,2011
E01015972,Thurrock 006C,836,38,37,55,64,39,51,44,55,79,76,49,34,49,32,21,24,36,35,18,F,2011
E01015973,Thurrock 006D,903,78,62,65,53,64,82,60,70,73,53,38,32,36,39,26,15,23,28,6,F,2011
E01015974,Thurrock 006E,748,62,49,36,32,40,37,45,71,62,55,52,64,53,38,23,12,9,7,1,F,2011
E01015975,Thurrock 006F,789,48,45,39,54,45,47,62,65,63,54,42,52,51,41,39,22,12,5,3,F,2011
E01015927,Thurrock 007A,970,85,84,77,77,61,60,74,83,83,55,41,36,35,34,23,18,20,18,6,F,2011
E01015928,Thurrock 007B,870,54,53,60,57,38,48,50,71,77,78,58,43,39,37,26,26,29,18,8,F,2011
E01015929,Thurrock 007C,788,64,44,49,42,47,51,69,56,47,53,44,31,46,38,23,18,26,20,20,F,2011
E01015930,Thurrock 007D,860,79,60,39,52,48,51,73,69,79,63,57,44,39,35,11,17,23,13,8,F,2011
E01015931,Thurrock 007E,627,60,56,35,28,47,62,78,60,59,46,20,20,21,10,10,4,5,4,2,F,2011
E01015976,Thurrock 007F,895,72,65,63,58,52,75,78,76,65,59,48,35,53,24,21,18,15,15,3,F,2011
E01015922,Thurrock 008A,778,46,46,56,58,37,26,45,61,51,64,48,68,50,35,14,18,9,37,9,F,2011
E01015923,Thurrock 008B,802,65,48,48,58,37,64,66,69,59,63,43,39,40,24,23,21,11,17,7,F,2011
E01015924,Thurrock 008C,791,54,52,66,48,39,57,58,56,74,61,54,31,35,18,22,21,18,20,7,F,2011
E01015925,Thurrock 008D,789,47,38,48,50,25,36,52,44,65,65,42,56,70,40,24,35,31,13,8,F,2011
E01015926,Thurrock 008E,765,47,42,37,35,45,42,56,62,54,44,53,34,46,46,32,38,27,15,10,F,2011
E01015957,Thurrock 009A,780,42,57,60,59,35,32,46,57,59,63,33,47,53,30,28,32,17,23,7,F,2011
E01015958,Thurrock 009B,643,35,28,39,59,28,38,33,51,52,46,54,46,42,17,32,21,11,7,4,F,2011
E01015993,Thurrock 009C,827,41,45,59,61,35,27,42,46,69,70,55,41,42,26,37,37,42,38,14,F,2011
E01015994,Thurrock 009D,827,42,54,63,43,31,23,50,56,57,42,43,46,63,53,37,32,47,35,10,F,2011
E01015995,Thurrock 009E,830,21,38,51,66,43,30,35,59,68,67,56,56,74,57,33,22,34,13,7,F,2011
E01015996,Thurrock 009F,811,46,52,52,57,30,41,30,74,68,54,48,42,53,35,25,25,49,25,5,F,2011
E01015963,Thurrock 010A,615,68,45,30,28,39,65,42,50,38,35,34,26,26,29,20,17,13,6,4,F,2011
E01015964,Thurrock 010B,794,28,40,52,56,37,29,43,53,57,65,66,41,58,50,36,31,21,21,10,F,2011
E01015965,Thurrock 010C,724,26,27,40,35,38,24,25,38,46,51,64,59,76,45,42,28,23,28,9,F,2011
E01015966,Thurrock 010D,778,39,26,36,42,34,20,34,42,52,58,56,70,54,67,37,39,41,25,6,F,2011
E01015933,Thurrock 012A,835,44,36,42,42,37,50,43,48,68,48,53,47,46,32,26,58,44,38,33,F,2011
E01015934,Thurrock 012B,775,54,59,71,64,50,42,45,60,61,65,43,36,35,27,23,13,6,17,4,F,2011
E01015935,Thurrock 012C,796,40,61,56,51,46,48,48,63,56,55,46,52,44,29,26,24,24,23,4,F,2011
E01015936,Thurrock 012D,892,54,35,57,65,40,45,37,53,54,65,51,40,59,44,65,75,36,8,9,F,2011
E01015937,Thurrock 012E,812,21,28,38,47,48,31,39,31,52,55,54,76,61,58,71,40,36,18,8,F,2011
E01015938,Thurrock 012F,1016,120,69,49,55,94,97,54,56,64,69,44,38,38,56,38,34,25,10,6,F,2011
E01015947,Thurrock 013A,717,73,49,46,53,48,68,52,66,43,55,40,49,35,13,13,7,7,0,0,F,2011
E01015948,Thurrock 013B,779,56,43,64,48,54,47,55,59,59,61,54,46,40,29,18,16,16,8,6,F,2011
E01015949,Thurrock 013C,886,68,63,62,59,57,62,72,72,73,71,72,48,47,31,10,7,7,4,1,F,2011
E01015950,Thurrock 013D,886,51,50,43,51,46,47,49,57,56,71,61,68,81,51,30,36,14,14,10,F,2011
E01015960,Thurrock 014A,732,30,34,42,60,43,23,31,40,46,65,57,62,45,31,33,35,22,18,15,F,2011
E01015967,Thurrock 014B,770,50,44,37,55,56,48,57,59,60,62,48,51,38,44,17,24,12,3,5,F,2011
E01015968,Thurrock 014C,704,34,36,32,37,39,42,49,51,46,62,42,59,35,37,33,27,24,13,6,F,2011
E01015969,Thurrock 014D,896,63,53,42,43,44,55,57,69,84,52,48,44,59,49,54,27,27,20,6,F,2011
E01015970,Thurrock 014E,647,42,40,47,37,41,36,43,44,54,46,49,37,42,29,15,14,17,10,4,F,2011
E01015921,Thurrock 015A,572,57,40,24,21,30,71,70,54,48,43,33,17,24,15,10,5,6,1,3,F,2011
E01016011,Thurrock 015B,738,79,48,30,30,67,110,86,81,57,40,31,21,16,15,8,11,4,3,1,F,2011
E01016012,Thurrock 015C,1238,133,91,82,56,91,150,151,111,77,78,48,51,29,28,19,16,13,10,4,F,2011
E01016013,Thurrock 015D,1097,135,70,41,33,114,181,139,106,75,65,47,30,27,13,10,7,2,2,0,F,2011
E01016014,Thurrock 015E,1333,142,117,98,85,103,195,156,112,88,81,40,45,33,12,10,6,6,2,2,F,2011
E01016015,Thurrock 015F,832,63,61,55,60,65,59,62,62,66,65,65,40,43,14,19,14,10,5,4,F,2011
E01015955,Thurrock 016A,781,59,51,48,42,38,57,66,68,75,78,65,35,24,26,23,10,9,4,3,F,2011
E01015956,Thurrock 016B,1047,88,57,44,48,97,90,104,91,92,75,58,28,41,27,23,15,23,26,20,F,2011
E01015959,Thurrock 016C,829,57,49,47,64,71,48,58,56,66,65,49,34,48,31,21,19,28,10,8,F,2011
E01015961,Thurrock 016D,742,51,39,46,56,43,60,63,49,64,53,38,36,31,30,22,25,27,6,3,F,2011
E01015962,Thurrock 016E,831,78,55,35,60,61,80,75,88,50,55,50,27,34,21,14,9,15,12,12,F,2011
E01015951,Thurrock 017A,836,98,53,46,36,60,95,106,69,60,65,38,32,25,23,9,12,8,1,0,F,2011
E01015952,Thurrock 017B,1018,139,78,50,51,99,119,100,72,107,66,43,29,18,14,14,12,1,4,2,F,2011
E01015953,Thurrock 017C,971,101,49,29,34,104,149,145,95,72,38,43,22,32,20,15,11,8,3,1,F,2011
E01015954,Thurrock 017D,1163,148,80,41,56,100,189,133,88,85,53,41,37,32,23,18,12,13,10,4,F,2011
E01016003,Thurrock 018A,1019,81,70,52,59,86,106,69,70,76,74,57,52,41,25,31,17,21,14,18,F,2011
E01016004,Thurrock 018B,905,85,82,51,64,59,71,66,56,59,47,50,36,30,23,35,42,31,12,6,F,2011
E01016005,Thurrock 018C,789,69,59,63,49,55,40,68,61,69,51,61,44,40,19,19,10,7,5,0,F,2011
E01016006,Thurrock 018D,904,129,109,54,48,98,96,62,53,58,38,29,34,36,26,12,8,5,5,4,F,2011
E01016007,Thurrock 018E,742,57,39,55,50,47,45,53,48,59,54,51,44,37,29,30,14,15,7,8,F,2011
E01016008,Thurrock 018F,764,74,58,37,61,57,64,53,64,50,63,54,36,38,21,16,9,3,6,0,F,2011
E01016009,Thurrock 018G,890,75,58,73,61,35,66,59,69,90,70,51,41,37,29,24,23,13,11,5,F,2011
E01016010,Thurrock 018H,752,58,73,62,64,46,53,47,40,62,55,43,39,25,28,21,19,15,1,1,F,2011
E01015982,Thurrock 019A,1267,136,100,94,63,71,119,155,159,144,83,40,37,35,12,11,5,3,0,0,F,2011
E01033610,Thurrock 019B,854,130,79,66,40,41,82,129,101,72,38,36,21,10,4,3,0,2,0,0,F,2011
E01033611,Thurrock 019C,816,91,64,33,27,71,139,140,91,59,41,27,14,5,6,1,3,0,3,1,F,2011
E01033613,Thurrock 019D,830,107,63,49,41,40,84,108,99,92,45,30,21,22,10,13,3,3,0,0,F,2011
E01015939,Thurrock 020A,776,63,69,57,57,34,44,63,81,85,71,52,29,22,18,12,6,9,3,1,F,2011
E01015941,Thurrock 020B,731,77,64,58,42,31,69,80,87,67,49,30,22,18,16,11,4,1,2,3,F,2011
E01015942,Thurrock 020C,805,64,56,77,51,50,54,64,63,68,77,53,35,34,24,10,4,11,5,5,F,2011
E01033612,Thurrock 020D,783,76,57,53,48,48,73,93,80,96,59,30,22,21,9,7,8,2,0,1,F,2011
E01033614,Thurrock 020E,944,119,93,62,44,49,76,110,103,90,64,41,24,25,14,15,8,5,1,1,F,2011
E07000008,,60089,3311,2469,2419,4559,8328,6165,5313,3972,3637,3353,2953,2772,2494,1995,1611,1522,1370,1081,765,F,2011
E01017975,Cambridge 001A,821,51,43,35,41,54,72,83,54,58,53,38,32,33,32,37,32,21,24,28,F,2011
E01017976,Cambridge 001B,763,50,31,39,61,48,66,73,59,51,53,56,51,30,31,17,16,17,9,5,F,2011
E01017977,Cambridge 001C,782,48,41,39,36,64,106,91,69,54,43,40,33,24,28,32,21,10,2,1,F,2011
E01017978,Cambridge 001D,774,71,45,39,43,65,73,82,48,45,48,42,26,37,27,21,23,22,10,7,F,2011
E01017979,Cambridge 001E,771,60,35,29,44,70,90,76,45,56,49,55,47,29,19,12,8,14,14,19,F,2011
E01017980,Cambridge 001F,547,34,17,25,30,35,56,56,44,31,46,24,37,30,24,20,20,9,6,3,F,2011
E01017949,Cambridge 002A,761,42,28,20,57,97,100,82,58,54,39,35,46,31,21,20,7,13,3,8,F,2011
E01017950,Cambridge 002B,657,28,29,35,29,66,73,82,42,35,44,33,34,49,31,20,11,10,4,2,F,2011
E01017951,Cambridge 002C,710,52,24,39,33,49,54,55,55,47,46,38,57,46,29,16,33,14,16,7,F,2011
E01017952,Cambridge 002D,726,51,41,33,42,59,67,60,41,54,34,39,35,40,33,19,32,26,16,4,F,2011
E01017953,Cambridge 002E,781,45,47,22,45,57,78,62,54,39,44,40,47,46,33,25,36,24,21,16,F,2011
E01017954,Cambridge 002F,783,61,39,48,45,54,59,59,45,48,37,42,29,25,29,21,48,42,31,21,F,2011
E01017971,Cambridge 003B,797,41,40,56,44,55,71,73,65,74,38,51,37,34,25,24,22,14,17,16,F,2011
E01017972,Cambridge 003C,804,47,42,40,40,51,69,76,61,50,55,44,55,45,33,34,33,11,14,4,F,2011
E01017973,Cambridge 003D,921,66,42,35,44,44,70,76,71,60,59,37,56,48,37,36,35,34,33,38,F,2011
E01017974,Cambridge 003E,841,45,45,47,52,66,86,83,68,49,56,52,47,26,31,32,26,12,12,6,F,2011
E01032792,Cambridge 003F,626,47,22,33,26,34,90,87,66,45,34,33,29,17,17,10,8,11,9,8,F,2011
E01032802,Cambridge 003G,648,36,25,22,18,51,90,91,49,36,39,34,26,25,16,23,14,15,21,17,F,2011
E01018006,Cambridge 004A,818,44,34,26,37,53,93,89,65,61,38,41,37,48,33,26,28,34,17,14,F,2011
E01018007,Cambridge 004B,796,39,49,54,49,51,37,34,42,52,65,58,68,55,44,31,19,29,12,8,F,2011
E01018008,Cambridge 004C,785,56,46,32,44,60,75,53,63,68,57,37,42,41,36,20,28,10,11,6,F,2011
E01018009,Cambridge 004D,895,48,35,31,42,95,126,79,56,68,46,48,43,37,24,27,23,23,25,19,F,2011
E01018010,Cambridge 004E,853,46,30,34,43,61,114,88,62,52,46,57,46,46,46,29,26,10,10,7,F,2011
E01017955,Cambridge 005A,754,44,27,32,21,54,65,70,42,43,49,48,43,49,45,41,36,28,10,7,F,2011
E01017956,Cambridge 005B,751,38,28,21,73,147,45,37,36,46,50,36,38,29,31,30,19,26,12,9,F,2011
E01017957,Cambridge 005C,904,34,22,15,108,307,74,53,56,32,29,36,27,28,20,24,13,11,8,7,F,2011
E01017958,Cambridge 005D,2138,27,14,11,372,1103,260,85,36,27,25,20,26,26,19,23,22,16,9,17,F,2011
E01017943,Cambridge 006A,818,61,41,33,29,89,110,101,58,60,58,36,39,38,22,12,17,5,7,2,F,2011
E01017944,Cambridge 006B,681,64,34,29,31,54,64,80,43,48,38,55,37,30,17,11,10,10,16,10,F,2011
E01017945,Cambridge 006C,787,63,27,39,41,58,110,115,68,58,43,39,19,28,22,21,7,18,10,1,F,2011
E01017946,Cambridge 006D,792,66,53,55,40,53,75,81,66,42,56,37,34,32,19,25,15,21,14,8,F,2011
E01017947,Cambridge 006E,809,56,45,30,51,51,81,56,55,65,44,53,41,39,27,27,38,23,22,5,F,2011
E01017948,Cambridge 006F,863,92,59,47,53,55,90,94,62,57,56,51,42,30,17,15,16,10,10,7,F,2011
E01017983,Cambridge 007C,896,44,32,33,19,83,90,105,83,67,42,44,42,52,35,30,30,30,21,14,F,2011
E01017984,Cambridge 007D,784,47,44,37,35,40,80,59,56,45,47,39,43,50,29,37,37,21,22,16,F,2011
E01017985,Cambridge 007E,1275,54,54,55,92,272,146,81,59,59,67,61,46,46,47,28,29,32,31,16,F,2011
E01017986,Cambridge 007F,1737,16,17,16,307,883,186,75,35,25,23,27,17,18,17,14,15,15,19,12,F,2011
E01032797,Cambridge 007G,2255,40,18,26,437,1008,235,97,66,59,35,49,30,37,26,18,19,24,15,16,F,2011
E01017987,Cambridge 008A,846,31,41,42,106,113,86,80,45,56,42,42,44,42,27,13,12,8,11,5,F,2011
E01017988,Cambridge 008B,786,32,20,31,60,160,114,70,52,44,37,28,36,42,32,11,7,6,1,3,F,2011
E01017989,Cambridge 008C,1064,58,43,39,81,152,142,136,89,71,68,41,56,18,20,20,13,9,4,4,F,2011
E01017990,Cambridge 008D,600,47,29,21,15,46,107,92,58,36,35,18,26,27,14,8,6,5,5,5,F,2011
E01017991,Cambridge 008E,704,27,20,18,76,131,72,50,40,31,32,26,39,29,27,19,19,14,11,23,F,2011
E01017997,Cambridge 009A,1104,73,45,43,48,103,160,142,100,83,56,48,54,37,27,26,21,21,12,5,F,2011
E01017998,Cambridge 009B,848,48,32,16,43,142,147,120,75,44,43,36,21,17,17,8,11,15,4,9,F,2011
E01017999,Cambridge 009C,885,54,39,35,61,100,106,82,77,49,53,44,40,22,20,19,26,23,18,17,F,2011
E01018000,Cambridge 009D,827,49,27,20,46,186,89,102,76,50,49,32,25,25,14,7,8,11,8,3,F,2011
E01018001,Cambridge 009E,789,42,25,14,28,104,116,127,59,58,42,38,33,19,13,12,15,27,10,7,F,2011
E01017965,Cambridge 010A,829,41,31,30,34,106,86,68,38,54,41,49,48,43,30,33,28,28,27,14,F,2011
E01017966,Cambridge 010B,1246,50,48,51,138,168,185,132,82,81,67,50,44,30,27,25,20,17,19,12,F,2011
E01017967,Cambridge 010C,865,48,44,49,94,95,61,74,68,50,65,32,39,34,32,26,23,16,8,7,F,2011
E01017968,Cambridge 010D,784,30,37,32,52,79,60,54,58,39,53,57,47,29,37,17,32,35,27,9,F,2011
E01017969,Cambridge 010E,825,59,47,39,36,40,70,80,69,53,62,51,37,36,26,20,28,22,23,27,F,2011
E01017959,Cambridge 011A,821,55,36,28,31,39,88,77,57,65,58,47,51,54,29,26,21,31,17,11,F,2011
E01017960,Cambridge 011B,721,59,37,50,44,39,47,59,48,63,50,46,44,27,24,15,13,25,22,9,F,2011
E01017961,Cambridge 011C,635,42,30,21,33,34,59,66,43,51,37,41,28,30,23,16,22,25,26,8,F,2011
E01017962,Cambridge 011D,807,51,36,41,36,38,55,63,79,68,59,47,40,48,40,29,28,20,19,10,F,2011
E01017963,Cambridge 011E,810,62,40,43,47,28,51,72,63,69,62,35,52,51,38,30,18,20,17,12,F,2011
E01017964,Cambridge 011F,663,38,34,34,45,33,24,46,48,50,55,43,36,39,45,34,20,15,17,7,F,2011
E01018002,Cambridge 012A,791,46,35,39,31,45,92,76,59,44,49,45,30,51,40,23,24,28,17,17,F,2011
E01018003,Cambridge 012B,797,48,44,39,48,34,52,65,58,58,73,47,51,40,39,36,16,19,23,7,F,2011
E01018005,Cambridge 012D,1011,48,21,52,211,103,100,76,59,37,47,43,36,26,39,28,17,19,31,18,F,2011
E01032794,Cambridge 012E,619,24,31,29,22,24,49,38,33,31,46,41,39,37,42,40,25,34,23,11,F,2011
E01032795,Cambridge 012F,797,53,41,43,54,46,99,103,60,61,46,36,25,24,13,14,15,16,19,29,F,2011
E01017992,Cambridge 013A,975,68,50,53,65,65,54,64,67,71,66,70,64,47,26,33,38,33,24,17,F,2011
E01017993,Cambridge 013B,1147,45,41,43,82,152,108,82,73,83,63,72,61,70,41,29,29,27,24,22,F,2011
E01017994,Cambridge 013C,841,53,46,53,48,47,59,50,51,73,56,48,58,42,33,19,33,30,26,16,F,2011
E01017995,Cambridge 013D,759,31,38,45,54,28,36,34,35,54,58,54,43,53,53,43,44,36,14,6,F,2011
E01017996,Cambridge 013E,989,45,36,34,136,252,65,54,50,40,52,41,41,31,35,24,18,20,11,4,F,2011
E07000009,,42583,2684,2406,2331,2218,2008,2548,2849,3037,3273,3297,2760,2512,2760,2213,1647,1473,1276,806,485,F,2011
E01018042,East Cambridgeshire 001A,770,47,33,47,33,33,46,46,47,44,50,48,42,41,56,25,43,44,29,16,F,2011
E01018043,East Cambridgeshire 001B,1068,69,69,49,62,62,76,79,80,72,60,56,51,66,54,44,42,31,16,30,F,2011
E01018044,East Cambridgeshire 001C,824,46,38,43,39,46,59,56,65,70,61,51,51,53,52,31,20,22,15,6,F,2011
E01018045,East Cambridgeshire 001D,668,40,45,33,37,45,48,47,35,53,67,57,48,27,26,12,17,12,8,11,F,2011
E01018046,East Cambridgeshire 001E,1092,91,78,79,57,97,83,90,76,74,68,55,44,52,39,22,35,26,19,7,F,2011
E01018020,East Cambridgeshire 002A,762,30,38,37,62,45,37,30,51,69,70,65,62,59,35,20,19,12,15,6,F,2011
E01018021,East Cambridgeshire 002B,784,38,52,50,49,34,36,45,50,53,65,57,46,65,47,25,25,27,12,8,F,2011
E01018022,East Cambridgeshire 002C,687,40,27,34,31,23,31,30,48,50,54,52,47,67,48,36,28,26,8,7,F,2011
E01018055,East Cambridgeshire 002D,1018,57,44,51,45,45,60,57,79,81,86,80,53,97,69,44,31,21,10,8,F,2011
E01018056,East Cambridgeshire 002E,1005,74,57,58,66,49,83,68,93,78,63,52,47,57,44,35,36,22,18,5,F,2011
E01018027,East Cambridgeshire 003A,911,61,51,42,28,42,47,60,68,58,50,57,53,67,52,40,32,46,25,32,F,2011
E01018029,East Cambridgeshire 003C,1305,114,64,61,54,88,145,147,113,83,96,73,53,47,49,40,28,27,17,6,F,2011
E01018032,East Cambridgeshire 003D,1305,76,83,64,61,44,67,66,102,106,102,75,87,90,76,59,43,54,30,20,F,2011
E01018033,East Cambridgeshire 003E,1019,49,43,40,47,58,56,62,54,82,69,48,59,77,53,65,54,57,30,16,F,2011
E01033426,East Cambridgeshire 003F,753,84,79,49,30,12,51,97,92,73,45,23,22,25,24,28,7,2,7,3,F,2011
E01033430,East Cambridgeshire 003G,779,56,65,52,50,38,72,49,55,64,47,43,39,32,25,21,27,28,10,6,F,2011
E01018024,East Cambridgeshire 004A,545,22,24,27,24,19,26,32,37,35,37,39,35,48,36,33,24,27,14,6,F,2011
E01018025,East Cambridgeshire 004B,773,37,27,38,72,37,71,67,44,42,40,37,41,35,38,29,29,52,28,9,F,2011
E01018026,East Cambridgeshire 004C,726,32,17,23,21,37,42,46,49,45,45,53,64,44,57,45,25,43,27,11,F,2011
E01018030,East Cambridgeshire 004D,544,46,24,34,39,22,23,45,33,38,35,28,40,37,35,25,19,11,8,2,F,2011
E01033425,East Cambridgeshire 004F,1011,111,108,71,41,40,57,109,149,110,65,35,27,36,23,10,8,7,2,2,F,2011
E01033428,East Cambridgeshire 004G,725,54,33,29,35,48,73,70,59,58,53,43,35,32,38,22,21,11,6,5,F,2011
E01018036,East Cambridgeshire 005A,813,38,44,29,51,39,44,54,61,66,63,59,44,54,47,40,32,29,13,6,F,2011
E01018037,East Cambridgeshire 005B,680,31,44,42,40,19,20,30,44,65,58,61,61,71,40,14,20,13,7,0,F,2011
E01018038,East Cambridgeshire 005C,802,47,42,57,56,21,24,46,54,78,72,53,54,59,52,30,25,17,11,4,F,2011
E01018039,East Cambridgeshire 005D,662,34,40,43,41,15,27,48,43,49,50,47,29,41,50,26,32,27,13,7,F,2011
E01018053,East Cambridgeshire 005E,850,48,48,49,35,32,34,41,57,62,75,63,62,76,59,26,28,23,26,6,F,2011
E01018054,East Cambridgeshire 005F,1130,57,66,70,69,50,59,67,77,91,114,73,77,72,62,49,28,28,16,5,F,2011
E01018047,East Cambridgeshire 006A,978,70,54,59,46,59,79,69,54,64,74,79,66,44,45,35,30,34,9,8,F,2011
E01018049,East Cambridgeshire 006C,831,55,35,52,41,36,52,45,61,69,76,57,45,52,32,33,27,22,26,15,F,2011
E01018050,East Cambridgeshire 006D,706,46,48,48,38,46,41,48,41,58,57,60,49,35,31,16,18,12,7,7,F,2011
E01018051,East Cambridgeshire 006E,864,62,46,43,40,59,57,48,39,69,70,58,49,58,31,47,41,27,12,8,F,2011
E01018052,East Cambridgeshire 006F,881,50,46,33,22,69,80,82,60,60,55,39,51,58,45,40,33,25,22,11,F,2011
E01033427,East Cambridgeshire 006G,654,75,48,43,37,43,74,65,70,72,48,26,20,17,6,3,4,2,1,0,F,2011
E01033429,East Cambridgeshire 006H,944,73,42,42,38,69,85,75,60,70,80,56,63,60,42,32,26,17,7,7,F,2011
E01018034,East Cambridgeshire 007A,778,44,42,43,44,26,38,56,52,67,72,59,39,49,46,34,24,21,13,9,F,2011
E01018035,East Cambridgeshire 007B,1141,76,55,49,56,53,62,75,79,79,92,94,65,81,55,49,52,34,22,13,F,2011
E01018040,East Cambridgeshire 007C,636,44,34,33,34,31,29,38,38,45,40,71,36,44,40,18,30,19,6,6,F,2011
E01018041,East Cambridgeshire 007D,560,42,31,34,35,22,28,48,37,37,50,37,28,31,22,25,23,10,10,10,F,2011
E01018013,East Cambridgeshire 008A,924,46,58,48,53,35,32,34,59,63,78,66,47,69,56,49,49,42,25,15,F,2011
E01018014,East Cambridgeshire 008B,930,64,52,62,56,35,43,61,74,71,95,62,44,54,37,36,26,29,21,8,F,2011
E01018015,East Cambridgeshire 008C,681,41,33,36,42,30,34,38,47,59,47,52,59,50,28,17,28,16,18,6,F,2011
E01018016,East Cambridgeshire 008D,706,47,49,37,42,31,33,49,53,58,51,42,37,40,28,28,26,18,24,13,F,2011
E01018011,East Cambridgeshire 009A,1356,64,60,97,69,39,47,62,77,95,116,92,104,120,86,56,48,52,36,36,F,2011
E01018012,East Cambridgeshire 009B,726,36,32,45,30,21,28,31,54,50,55,51,54,47,36,34,36,34,27,25,F,2011
E01018057,East Cambridgeshire 009C,1058,56,65,73,51,51,47,57,58,75,103,74,72,69,60,46,40,33,17,11,F,2011
E01018017,East Cambridgeshire 011A,641,33,31,27,29,25,25,30,44,55,42,38,38,47,49,44,31,22,19,12,F,2011
E01018019,East Cambridgeshire 011B,531,24,53,21,26,16,27,24,34,44,43,28,18,42,46,30,25,16,12,2,F,2011
E01018023,East Cambridgeshire 011C,1134,52,61,69,71,38,54,66,71,98,105,77,87,96,57,42,37,29,17,7,F,2011
E01032611,East Cambridgeshire 011D,912,55,48,36,43,34,56,64,60,66,88,59,68,70,49,37,41,17,15,6,F,2011
E07000010,,48520,2537,2343,2714,2807,2622,2857,2562,2863,3440,3524,3160,3074,3399,2805,2341,2035,1714,1078,645,F,2011
E01018094,Fenland 001A,917,50,38,46,42,49,45,50,41,58,54,52,71,72,66,65,48,45,21,4,F,2011
E01018095,Fenland 001B,797,40,33,41,36,26,32,39,45,53,61,54,62,83,73,48,37,20,9,5,F,2011
E01018096,Fenland 001C,780,26,24,27,36,27,55,31,33,44,48,55,67,73,62,44,50,46,22,10,F,2011
E01018097,Fenland 001D,703,24,25,30,45,15,31,21,21,63,67,62,55,76,59,51,32,14,6,6,F,2011
E01018063,Fenland 002A,1171,66,71,63,71,100,102,66,79,83,67,82,64,58,45,32,46,31,25,20,F,2011
E01018073,Fenland 002B,1175,68,49,47,79,97,81,56,62,76,78,67,81,76,55,55,60,42,29,17,F,2011
E01018107,Fenland 002C,868,54,53,64,56,63,61,60,67,48,71,50,43,56,36,24,30,18,8,6,F,2011
E01018108,Fenland 002D,1003,109,54,61,59,84,112,70,66,56,53,40,37,60,39,53,22,22,5,1,F,2011
E01018109,Fenland 002E,959,61,53,44,49,53,89,62,47,57,64,55,49,63,51,38,44,35,26,19,F,2011
E01018069,Fenland 003A,903,51,26,51,53,60,64,49,42,58,76,59,57,66,43,43,36,30,19,20,F,2011
E01018070,Fenland 003B,877,59,35,45,47,69,95,64,67,67,61,54,54,37,34,27,17,22,14,9,F,2011
E01018071,Fenland 003C,989,52,39,42,46,62,59,46,55,50,46,52,46,55,49,55,69,67,61,38,F,2011
E01018093,Fenland 003E,1221,55,68,68,98,57,82,54,69,88,87,94,81,78,64,58,29,41,31,19,F,2011
E01018103,Fenland 003F,599,52,34,33,36,43,53,41,45,47,36,39,38,25,22,21,14,12,6,2,F,2011
E01018104,Fenland 003G,601,15,19,34,41,27,25,29,29,42,54,44,54,52,34,27,31,30,8,6,F,2011
E01033111,Fenland 003H,731,41,29,23,29,50,58,30,33,37,54,43,42,48,47,47,60,42,11,7,F,2011
E01033112,Fenland 003I,577,23,17,19,31,43,46,40,40,36,28,39,26,27,16,23,25,37,34,27,F,2011
E01018066,Fenland 004A,763,30,35,39,54,36,40,34,43,40,51,53,49,49,49,57,40,33,23,8,F,2011
E01018067,Fenland 004B,917,45,52,56,49,44,54,49,50,73,72,51,54,67,59,46,41,22,29,4,F,2011
E01018068,Fenland 004C,759,46,40,38,51,30,34,36,52,59,56,71,47,77,41,24,21,19,13,4,F,2011
E01018090,Fenland 004D,924,49,56,49,40,36,38,46,53,67,67,51,82,86,58,41,49,29,16,11,F,2011
E01018091,Fenland 004E,696,29,41,38,43,29,33,23,47,54,56,64,55,61,39,31,27,12,7,7,F,2011
E01018092,Fenland 004F,866,41,49,54,33,42,35,43,62,51,65,68,72,63,53,40,31,29,23,12,F,2011
E01018081,Fenland 005A,739,37,43,52,51,33,38,39,50,71,55,54,33,49,40,30,30,19,10,5,F,2011
E01018082,Fenland 005B,991,49,52,72,52,64,40,61,65,63,79,54,55,73,49,51,46,29,22,15,F,2011
E01018083,Fenland 005C,993,82,69,67,74,61,81,79,49,80,57,53,45,55,31,29,27,24,9,21,F,2011
E01018084,Fenland 005D,1044,45,52,59,60,43,54,60,61,78,67,59,61,66,89,80,48,35,21,6,F,2011
E01018064,Fenland 006A,1034,46,45,78,64,67,59,55,62,75,84,81,73,67,37,34,38,36,24,9,F,2011
E01018072,Fenland 006B,883,54,49,63,65,41,56,48,64,65,72,57,51,51,43,33,30,27,10,4,F,2011
E01018074,Fenland 006C,640,30,24,39,36,31,29,26,39,42,49,35,57,56,32,35,28,35,13,4,F,2011
E01018075,Fenland 006D,661,33,31,47,36,35,41,30,32,54,55,28,30,38,29,39,32,41,14,16,F,2011
E01018098,Fenland 006E,645,26,29,29,33,22,24,43,36,45,44,43,41,44,40,48,45,18,19,16,F,2011
E01018099,Fenland 006F,642,30,26,28,48,30,30,29,40,53,56,46,43,42,51,34,20,19,13,4,F,2011
E01018100,Fenland 006G,605,32,25,32,29,31,45,30,36,38,44,30,41,43,36,23,26,22,23,19,F,2011
E01018101,Fenland 006H,691,25,30,36,43,47,40,19,38,43,58,50,38,50,53,37,18,26,21,19,F,2011
E01018077,Fenland 007A,868,52,33,28,45,75,60,55,46,62,49,52,61,55,45,32,43,31,22,22,F,2011
E01018078,Fenland 007B,884,35,50,49,35,34,53,46,41,40,48,49,47,59,70,51,58,68,29,22,F,2011
E01018079,Fenland 007C,918,39,25,51,46,52,39,33,30,54,56,52,78,94,72,50,51,48,28,20,F,2011
E01018080,Fenland 007D,1186,68,77,66,65,62,82,75,87,81,80,84,65,81,69,49,35,37,17,6,F,2011
E01018058,Fenland 008A,809,35,45,37,43,35,43,29,44,43,61,72,67,78,58,36,33,32,13,5,F,2011
E01018059,Fenland 008B,661,22,34,37,35,31,29,31,35,57,54,54,62,65,33,32,22,13,12,3,F,2011
E01018060,Fenland 008C,911,45,47,55,59,62,62,49,73,67,89,80,61,59,34,25,23,13,4,4,F,2011
E01018061,Fenland 008D,636,32,35,50,51,25,40,38,51,55,57,43,30,42,24,19,17,15,11,1,F,2011
E01018085,Fenland 009A,907,30,27,59,49,33,28,32,46,62,58,52,56,71,77,55,46,56,39,31,F,2011
E01018086,Fenland 009B,875,54,41,53,52,38,44,42,56,64,49,64,48,62,58,55,43,22,22,8,F,2011
E01018087,Fenland 009C,1059,47,50,52,57,52,50,56,53,81,76,61,60,81,71,61,52,41,43,15,F,2011
E01018088,Fenland 009D,821,33,38,39,52,37,29,35,40,55,59,48,49,68,48,59,49,46,24,13,F,2011
E01018065,Fenland 010A,1117,55,57,59,65,37,40,58,76,101,91,80,89,83,74,55,35,28,21,13,F,2011
E01018076,Fenland 010B,1082,68,58,75,53,51,55,59,76,79,91,69,75,68,56,46,41,26,26,10,F,2011
E01018111,Fenland 010C,1112,45,55,67,60,55,41,57,55,84,87,78,67,90,97,56,50,43,20,5,F,2011
E01018062,Fenland 011A,1325,67,68,86,81,59,64,86,86,98,106,76,86,72,89,56,48,44,33,20,F,2011
E01018102,Fenland 011B,1298,80,73,80,81,86,86,86,84,125,125,81,62,61,54,43,36,32,14,9,F,2011
E01018105,Fenland 011C,573,32,19,31,33,40,32,27,40,41,45,32,22,31,27,22,29,35,19,16,F,2011
E01018106,Fenland 011D,782,42,33,38,43,49,63,47,45,69,48,52,43,57,46,40,22,22,16,7,F,2011
E01018110,Fenland 011E,1332,81,63,88,87,62,56,63,79,108,103,92,92,80,79,76,55,33,20,15,F,2011
E07000011,,85253,4973,4603,4956,5091,4543,4872,5240,5714,6749,6874,5818,5171,5742,4527,3402,2602,2095,1391,890,F,2011
E01018212,Huntingdonshire 001A,852,45,57,57,42,43,48,49,61,73,52,55,52,66,42,34,25,30,15,6,F,2011
E01018213,Huntingdonshire 001B,967,68,70,60,59,72,84,91,76,73,62,51,65,42,36,29,18,6,4,1,F,2011
E01018214,Huntingdonshire 001C,1017,61,61,75,66,63,63,64,84,87,91,63,58,54,29,40,20,22,10,6,F,2011
E01018215,Huntingdonshire 001D,720,46,43,43,40,32,50,49,46,55,55,51,41,47,36,31,22,11,10,12,F,2011
E01018216,Huntingdonshire 001E,1253,86,88,77,81,79,67,96,108,96,105,88,73,72,41,34,37,12,8,5,F,2011
E01018217,Huntingdonshire 001F,841,28,33,49,26,47,49,45,51,60,53,52,65,87,56,41,39,21,27,12,F,2011
E01018127,Huntingdonshire 002A,764,39,40,57,42,27,22,31,53,56,72,70,63,55,54,27,29,15,5,7,F,2011
E01018128,Huntingdonshire 002B,599,21,29,35,35,14,15,19,35,45,50,49,50,66,35,40,24,20,12,5,F,2011
E01018200,Huntingdonshire 002C,830,37,45,43,86,25,23,28,55,66,88,64,62,70,47,28,33,15,11,4,F,2011
E01018201,Huntingdonshire 002D,722,52,43,37,39,20,49,65,54,54,63,59,46,51,23,24,28,6,8,1,F,2011
E01018156,Huntingdonshire 003A,864,37,40,39,60,43,33,49,40,68,70,67,64,62,63,49,28,26,21,5,F,2011
E01018157,Huntingdonshire 003B,1003,66,57,65,65,41,52,47,59,85,111,71,74,69,52,34,28,12,10,5,F,2011
E01018158,Huntingdonshire 003C,848,37,41,29,46,79,54,34,50,66,61,52,38,40,45,41,28,50,27,30,F,2011
E01018159,Huntingdonshire 003D,695,25,29,45,50,41,32,37,40,49,86,48,56,60,30,21,20,12,13,1,F,2011
E01018160,Huntingdonshire 003E,835,65,40,43,54,60,48,31,53,60,72,56,42,45,39,35,29,34,19,10,F,2011
E01018191,Huntingdonshire 004A,596,35,38,38,33,13,31,30,48,46,57,39,33,32,48,26,15,20,9,5,F,2011
E01018192,Huntingdonshire 004B,704,26,32,37,50,23,19,35,29,71,61,67,50,60,56,35,19,16,9,9,F,2011
E01018193,Huntingdonshire 004C,600,19,18,35,49,35,28,28,37,45,44,55,38,63,39,24,14,14,6,9,F,2011
E01018194,Huntingdonshire 004D,703,28,30,38,41,26,29,42,48,64,69,52,45,45,44,25,24,22,20,11,F,2011
E01018195,Huntingdonshire 004E,682,42,36,55,45,35,39,34,53,61,54,42,39,40,32,18,21,17,7,12,F,2011
E01018208,Huntingdonshire 005A,823,46,48,51,49,49,47,50,49,79,53,51,54,48,48,40,28,14,14,5,F,2011
E01018209,Huntingdonshire 005B,723,31,31,40,45,36,34,28,52,61,73,65,50,62,51,27,14,12,7,4,F,2011
E01018210,Huntingdonshire 005C,732,41,47,46,33,47,40,45,41,68,61,64,39,37,33,22,20,16,20,12,F,2011
E01018211,Huntingdonshire 005D,932,54,48,43,53,35,32,47,65,69,81,66,72,71,58,42,36,24,17,19,F,2011
E01018196,Huntingdonshire 006A,636,30,25,29,30,18,27,23,39,45,49,47,53,62,48,34,20,15,21,21,F,2011
E01018197,Huntingdonshire 006B,771,48,48,41,44,47,55,51,56,59,50,52,47,37,36,26,22,18,19,15,F,2011
E01018198,Huntingdonshire 006C,822,27,50,67,45,27,45,40,64,67,74,58,65,60,54,29,17,18,6,9,F,2011
E01018199,Huntingdonshire 006D,755,38,40,44,50,28,18,38,41,72,72,64,57,57,46,35,23,22,7,3,F,2011
E01018206,Huntingdonshire 006E,988,102,69,75,59,66,96,97,88,95,71,51,36,33,19,12,4,10,4,1,F,2011
E01018207,Huntingdonshire 006F,763,40,42,44,42,45,42,56,39,52,61,48,53,69,44,24,25,16,7,14,F,2011
E01018121,Huntingdonshire 007A,679,24,38,45,58,26,17,25,32,65,78,53,56,48,51,25,13,16,7,2,F,2011
E01018122,Huntingdonshire 007B,577,27,22,33,33,24,17,25,37,53,51,36,39,50,37,33,29,16,9,6,F,2011
E01018123,Huntingdonshire 007C,779,42,35,40,36,40,38,39,54,68,55,78,68,66,36,22,16,22,15,9,F,2011
E01018124,Huntingdonshire 007D,1002,48,65,65,67,38,42,50,71,87,77,79,74,84,65,37,21,16,12,4,F,2011
E01018143,Huntingdonshire 008A,874,49,51,48,57,54,46,55,60,70,65,46,45,54,39,39,45,20,17,14,F,2011
E01018144,Huntingdonshire 008B,770,75,61,47,48,53,82,59,59,49,44,43,17,23,30,26,25,11,9,9,F,2011
E01018145,Huntingdonshire 008C,671,52,38,50,50,59,55,66,41,50,49,34,31,25,14,24,19,10,3,1,F,2011
E01018146,Huntingdonshire 008D,1110,94,88,74,90,72,123,99,84,84,80,54,46,43,30,19,18,8,3,1,F,2011
E01018147,Huntingdonshire 008E,854,69,73,50,60,55,86,78,65,62,67,51,40,38,23,22,11,3,1,0,F,2011
E01018139,Huntingdonshire 009A,798,48,48,47,55,46,68,54,37,73,59,59,42,54,21,22,25,13,18,9,F,2011
E01018140,Huntingdonshire 009B,635,28,36,38,35,41,37,41,46,38,54,35,30,47,50,40,16,12,10,1,F,2011
E01018141,Huntingdonshire 009C,843,52,45,58,42,33,39,46,59,61,56,75,59,68,50,36,24,20,15,5,F,2011
E01018142,Huntingdonshire 009D,782,34,40,40,37,40,31,34,38,41,48,38,42,56,62,58,49,46,21,27,F,2011
E01018113,Huntingdonshire 010B,750,27,47,53,52,20,25,22,56,63,74,54,45,64,52,32,17,15,17,15,F,2011
E01018116,Huntingdonshire 010D,608,43,32,36,35,18,29,33,40,63,58,36,25,27,34,28,24,20,14,13,F,2011
E01018117,Huntingdonshire 010E,844,35,39,31,40,32,23,27,44,57,58,56,67,60,63,63,58,56,15,20,F,2011
E01018118,Huntingdonshire 010F,1023,68,61,77,62,57,51,68,75,88,91,93,48,57,37,36,19,18,15,2,F,2011
E01033433,Huntingdonshire 010G,1087,65,58,60,45,72,46,68,66,91,71,81,74,78,84,54,35,22,13,4,F,2011
E01018161,Huntingdonshire 011A,713,29,47,29,50,41,44,59,48,51,63,72,49,43,29,23,17,10,6,3,F,2011
E01018162,Huntingdonshire 011B,831,55,46,48,47,78,61,42,54,67,70,61,57,69,34,20,8,7,7,0,F,2011
E01018163,Huntingdonshire 011C,738,61,47,53,52,73,65,79,77,52,63,39,21,27,9,11,5,2,2,0,F,2011
E01018164,Huntingdonshire 011D,649,44,36,34,36,40,58,57,45,47,38,44,41,34,30,19,20,17,4,5,F,2011
E01018165,Huntingdonshire 011E,651,39,41,36,37,49,64,57,45,40,41,58,30,32,16,23,15,12,11,5,F,2011
E01018170,Huntingdonshire 011F,710,24,36,41,42,29,29,37,43,59,49,40,44,66,38,44,35,33,14,7,F,2011
E01018171,Huntingdonshire 011G,732,36,30,40,39,33,40,51,46,44,51,63,58,71,58,22,25,15,5,5,F,2011
E01018138,Huntingdonshire 012A,949,64,40,27,48,68,92,87,72,58,84,61,45,56,49,34,22,22,15,5,F,2011
E01018148,Huntingdonshire 012B,1292,115,96,98,91,79,106,113,119,123,125,83,40,42,21,17,11,10,2,1,F,2011
E01018149,Huntingdonshire 012C,743,47,51,56,61,30,53,61,59,71,92,38,33,40,15,17,10,4,4,1,F,2011
E01018150,Huntingdonshire 012D,894,67,60,50,63,70,73,80,65,72,82,49,44,23,20,18,11,7,16,24,F,2011
E01018151,Huntingdonshire 012E,885,54,31,32,43,107,114,86,53,65,44,36,37,32,17,25,24,41,27,17,F,2011
E01018166,Huntingdonshire 013A,767,42,32,52,42,30,40,43,34,57,51,48,49,48,51,45,37,38,15,13,F,2011
E01018167,Huntingdonshire 013B,729,36,32,43,43,29,22,33,45,64,65,61,53,48,45,48,25,26,9,2,F,2011
E01018168,Huntingdonshire 013C,977,46,18,28,36,68,100,82,66,37,43,44,38,49,49,39,66,54,65,49,F,2011
E01018169,Huntingdonshire 013D,816,64,35,54,52,46,54,50,45,55,64,50,57,46,42,35,25,21,14,7,F,2011
E01018131,Huntingdonshire 014A,781,43,43,64,38,46,36,49,60,59,58,52,35,44,39,31,32,22,20,10,F,2011
E01018132,Huntingdonshire 014B,834,38,35,39,40,59,39,56,41,55,58,55,48,51,57,53,39,27,26,18,F,2011
E01018133,Huntingdonshire 014C,860,75,49,45,51,44,55,58,61,65,74,59,53,45,40,33,13,23,13,4,F,2011
E01018134,Huntingdonshire 014D,974,72,69,64,64,57,70,74,78,73,90,84,44,46,30,26,8,13,8,4,F,2011
E01018125,Huntingdonshire 015A,799,36,44,69,59,22,18,29,42,66,82,56,64,67,45,29,28,18,13,12,F,2011
E01018126,Huntingdonshire 015B,802,35,47,65,52,27,17,35,58,66,82,73,62,70,49,19,16,13,8,8,F,2011
E01018152,Huntingdonshire 015C,754,41,37,69,33,26,25,25,57,69,63,64,44,62,46,38,33,12,8,2,F,2011
E01018153,Huntingdonshire 015D,947,44,44,61,87,27,30,33,48,90,80,74,68,62,61,42,42,30,10,14,F,2011
E01018129,Huntingdonshire 016A,779,34,34,54,39,41,41,43,48,65,62,77,49,47,38,38,24,23,17,5,F,2011
E01018130,Huntingdonshire 016B,900,62,47,47,60,48,42,53,66,71,74,59,59,76,43,25,25,22,10,11,F,2011
E01018202,Huntingdonshire 016C,746,40,31,35,29,19,24,26,39,49,48,52,51,58,64,68,45,35,27,6,F,2011
E01018203,Huntingdonshire 016D,708,39,30,44,27,19,31,37,42,51,52,48,49,65,52,47,29,26,10,10,F,2011
E01018204,Huntingdonshire 016E,712,42,49,39,43,23,21,28,46,63,60,53,46,55,59,26,23,17,12,7,F,2011
E01018205,Huntingdonshire 016F,911,33,42,31,31,30,28,37,36,76,74,71,86,90,77,74,39,25,25,6,F,2011
E01018115,Huntingdonshire 017A,636,29,23,34,32,28,17,24,36,45,61,58,64,53,54,30,16,17,9,6,F,2011
E01018119,Huntingdonshire 017B,747,26,35,47,42,34,17,32,51,46,69,58,62,88,54,28,26,18,12,2,F,2011
E01018120,Huntingdonshire 017C,956,50,46,52,67,32,35,39,62,60,78,66,49,60,66,36,47,53,30,28,F,2011
E01018137,Huntingdonshire 017D,857,51,48,47,48,34,38,55,57,78,68,70,52,63,63,33,23,20,8,1,F,2011
E01018135,Huntingdonshire 018A,1531,158,104,83,86,154,154,146,114,105,109,64,74,56,42,32,21,15,8,6,F,2011
E01018136,Huntingdonshire 018B,874,41,51,59,49,23,21,34,52,81,89,62,62,78,76,33,29,14,10,10,F,2011
E01018154,Huntingdonshire 018C,896,55,53,34,54,46,47,45,53,78,57,61,60,82,56,44,30,22,13,6,F,2011
E01018155,Huntingdonshire 018D,743,24,34,29,44,24,36,33,43,55,66,45,71,63,55,33,24,28,22,14,F,2011
E01018187,Huntingdonshire 019A,977,47,32,35,59,92,65,60,61,62,68,43,29,49,41,46,41,50,61,36,F,2011
E01018188,Huntingdonshire 019B,758,28,36,46,54,36,32,48,65,67,59,54,34,38,38,40,34,25,19,5,F,2011
E01018189,Huntingdonshire 019C,677,38,43,52,42,20,13,26,44,70,65,45,40,59,41,37,24,10,7,1,F,2011
E01018190,Huntingdonshire 019D,778,48,47,42,37,39,46,55,53,62,52,43,45,47,42,37,29,36,12,6,F,2011
E01018172,Huntingdonshire 020A,745,20,51,30,33,24,23,23,50,59,24,44,56,58,64,47,32,48,38,21,F,2011
E01018173,Huntingdonshire 020B,598,55,36,28,33,51,63,50,43,42,51,34,40,33,15,6,7,6,4,1,F,2011
E01018174,Huntingdonshire 020C,768,41,37,45,38,40,50,37,59,72,72,42,44,62,43,19,26,26,6,9,F,2011
E01018175,Huntingdonshire 020D,675,44,35,42,33,33,27,34,33,69,53,67,46,55,43,20,20,14,7,0,F,2011
E01018176,Huntingdonshire 020E,629,13,27,51,33,32,12,23,32,53,54,48,50,74,48,43,27,8,0,1,F,2011
E01018181,Huntingdonshire 021A,1400,139,64,66,86,89,112,152,116,121,121,78,55,68,45,40,12,12,15,9,F,2011
E01018182,Huntingdonshire 021B,707,40,45,32,54,46,56,56,59,56,61,53,39,44,27,20,12,3,3,1,F,2011
E01018183,Huntingdonshire 021C,758,36,33,40,57,59,61,50,39,73,57,54,38,51,34,33,16,8,9,10,F,2011
E01018184,Huntingdonshire 021D,665,54,36,59,62,34,51,52,48,60,47,27,18,32,29,28,17,7,2,2,F,2011
E01018185,Huntingdonshire 021E,833,38,41,38,36,46,46,53,62,62,69,41,48,66,64,38,38,26,13,8,F,2011
E01018186,Huntingdonshire 021F,881,50,46,62,57,49,36,62,72,67,85,44,48,69,47,33,20,19,10,5,F,2011
E01018177,Huntingdonshire 022A,727,48,28,22,36,15,32,37,45,57,54,49,43,83,55,41,38,24,19,1,F,2011
E01018178,Huntingdonshire 022B,756,44,27,31,34,27,42,34,50,59,53,43,47,64,44,36,32,33,27,29,F,2011
E01018179,Huntingdonshire 022C,704,54,37,40,43,32,61,58,61,50,44,35,39,37,31,25,23,20,8,6,F,2011
E01018180,Huntingdonshire 022D,668,45,34,34,46,50,61,54,38,50,50,48,36,42,25,12,12,18,9,4,F,2011
E07000012,,75367,4529,4417,4468,4329,3329,4042,4751,5365,6096,5992,5093,4583,4914,3883,2897,2415,2054,1386,824,F,2011
E01018304,South Cambridgeshire 001A,969,66,68,48,52,51,61,93,86,85,55,62,49,60,32,30,30,16,17,8,F,2011
E01018305,South Cambridgeshire 001B,682,30,34,42,54,30,26,29,35,49,75,39,50,51,30,27,25,28,18,10,F,2011
E01018306,South Cambridgeshire 001C,773,43,52,61,57,27,28,34,52,79,71,54,54,52,44,26,12,14,6,7,F,2011
E01018307,South Cambridgeshire 001D,1077,68,52,70,56,42,36,66,97,106,96,85,72,76,56,39,24,20,14,2,F,2011
E01018233,South Cambridgeshire 002A,799,56,42,39,41,27,39,43,58,56,67,67,38,79,44,41,32,15,11,4,F,2011
E01018234,South Cambridgeshire 002B,864,45,47,38,55,39,51,51,63,70,79,67,50,44,34,28,32,30,25,16,F,2011
E01018235,South Cambridgeshire 002C,868,50,60,56,48,29,47,48,76,76,55,50,49,55,54,31,24,21,22,17,F,2011
E01018236,South Cambridgeshire 002D,844,46,51,58,47,32,32,57,49,66,73,51,51,56,36,30,30,35,23,21,F,2011
E01018237,South Cambridgeshire 003A,764,44,41,50,41,30,42,42,47,61,59,64,45,64,38,28,29,24,10,5,F,2011
E01018266,South Cambridgeshire 003B,1344,121,65,63,46,57,101,137,146,107,98,64,66,76,71,46,28,25,20,7,F,2011
E01018284,South Cambridgeshire 003C,618,37,40,24,32,22,24,35,36,55,59,43,49,46,42,31,16,12,9,6,F,2011
E01018285,South Cambridgeshire 003D,608,44,32,33,44,31,34,43,40,60,49,49,39,33,22,18,8,7,14,8,F,2011
E01018298,South Cambridgeshire 004A,722,84,69,32,40,62,108,77,67,57,34,26,10,21,16,9,5,4,1,0,F,2011
E01018299,South Cambridgeshire 004B,827,47,37,40,48,39,41,66,59,58,81,52,44,52,43,41,29,26,14,10,F,2011
E01018300,South Cambridgeshire 004C,564,26,23,18,34,22,29,39,31,27,44,38,41,57,37,28,28,26,14,2,F,2011
E01018301,South Cambridgeshire 004D,691,36,27,45,29,42,29,52,49,58,50,41,48,48,37,31,22,16,21,10,F,2011
E01018221,South Cambridgeshire 005A,836,49,41,37,36,48,87,66,63,67,76,48,61,42,24,26,25,17,12,11,F,2011
E01018222,South Cambridgeshire 005B,748,33,25,44,50,32,31,21,33,56,67,61,69,79,54,27,26,15,21,4,F,2011
E01018223,South Cambridgeshire 005C,964,42,46,54,58,45,59,54,78,78,88,70,58,61,59,37,19,26,22,10,F,2011
E01018257,South Cambridgeshire 006A,732,28,41,59,42,29,35,40,36,49,67,60,41,43,42,32,32,28,18,10,F,2011
E01018258,South Cambridgeshire 006B,826,38,51,55,47,22,24,39,54,85,61,47,60,63,36,33,36,37,26,12,F,2011
E01018259,South Cambridgeshire 006C,647,31,28,47,44,24,38,29,49,45,49,59,45,40,34,27,25,21,11,1,F,2011
E01018260,South Cambridgeshire 006D,943,33,43,43,50,40,52,50,53,67,66,58,63,51,41,46,35,56,61,35,F,2011
E01018262,South Cambridgeshire 006F,730,27,40,40,40,35,23,39,46,62,56,49,55,55,37,31,27,27,30,11,F,2011
E01033120,South Cambridgeshire 006G,754,47,50,48,70,68,84,68,65,55,63,33,27,23,16,7,15,11,3,1,F,2011
E01033121,South Cambridgeshire 006H,780,90,51,61,51,88,144,101,70,44,28,24,11,11,0,0,3,2,1,0,F,2011
E01018272,South Cambridgeshire 007A,664,43,42,58,39,30,25,30,52,59,64,61,42,28,32,20,15,13,6,5,F,2011
E01018273,South Cambridgeshire 007B,817,47,52,52,38,37,41,62,51,53,73,45,54,51,40,35,35,22,15,14,F,2011
E01018274,South Cambridgeshire 007C,857,67,49,48,51,63,98,95,70,68,53,63,44,27,18,17,11,9,1,5,F,2011
E01018297,South Cambridgeshire 007D,844,36,45,44,34,36,49,67,65,75,80,45,57,60,53,35,30,18,9,6,F,2011
E01018224,South Cambridgeshire 009A,715,61,34,47,34,26,26,50,46,47,57,51,48,33,49,30,23,23,23,7,F,2011
E01018225,South Cambridgeshire 009B,582,13,29,37,24,24,18,26,27,41,47,33,41,39,40,43,33,35,18,14,F,2011
E01018248,South Cambridgeshire 009C,1148,72,50,56,107,200,74,74,79,64,67,64,52,39,37,39,21,29,14,10,F,2011
E01018249,South Cambridgeshire 009D,516,26,17,26,18,11,23,28,24,26,28,49,46,40,31,22,25,35,22,19,F,2011
E01018250,South Cambridgeshire 009E,640,35,36,30,39,29,34,39,35,47,43,36,39,55,33,25,22,30,18,15,F,2011
E01018231,South Cambridgeshire 010A,1254,76,89,76,84,32,31,72,106,119,113,74,81,87,63,57,43,27,15,9,F,2011
E01018232,South Cambridgeshire 010B,1235,57,66,106,87,34,36,42,68,115,100,83,74,98,76,68,60,32,16,17,F,2011
E01018251,South Cambridgeshire 010C,603,24,28,49,40,27,39,45,39,56,60,65,43,32,17,16,10,6,2,5,F,2011
E01018252,South Cambridgeshire 010D,757,45,45,54,67,43,32,37,43,64,69,75,53,45,29,14,17,11,9,5,F,2011
E01018255,South Cambridgeshire 010E,592,15,43,45,43,18,22,15,30,41,59,50,46,34,43,34,29,17,4,4,F,2011
E01018242,South Cambridgeshire 011A,677,42,27,25,39,44,24,40,35,54,43,37,46,51,42,47,38,17,17,9,F,2011
E01018243,South Cambridgeshire 011B,915,62,64,56,68,55,78,86,58,86,56,59,44,40,33,21,19,18,10,2,F,2011
E01018244,South Cambridgeshire 011C,820,27,27,38,54,24,40,27,46,51,67,49,58,59,61,47,44,32,32,37,F,2011
E01018286,South Cambridgeshire 011D,799,55,46,47,53,30,67,68,57,77,70,44,47,41,22,20,27,13,10,5,F,2011
E01018287,South Cambridgeshire 011E,671,58,32,27,30,51,80,77,76,45,39,36,39,26,22,6,15,6,5,1,F,2011
E01018296,South Cambridgeshire 011F,524,16,27,33,29,13,23,27,27,39,36,46,48,38,45,19,28,15,12,3,F,2011
E01018292,South Cambridgeshire 012A,703,41,44,38,33,23,27,39,50,50,63,50,43,55,44,31,22,28,7,15,F,2011
E01018293,South Cambridgeshire 012B,763,39,35,49,41,23,21,33,50,42,69,50,44,48,47,32,44,48,27,21,F,2011
E01018294,South Cambridgeshire 012C,865,45,41,31,32,48,59,66,52,51,57,52,58,52,53,45,41,38,30,14,F,2011
E01018295,South Cambridgeshire 012D,792,44,38,44,40,27,23,36,37,61,64,53,52,65,61,46,32,39,19,11,F,2011
E01018245,South Cambridgeshire 013A,842,50,51,44,40,28,35,37,47,76,59,71,59,73,54,42,31,24,19,2,F,2011
E01018246,South Cambridgeshire 013B,846,39,46,48,47,33,36,48,36,76,62,69,49,81,45,26,39,35,20,11,F,2011
E01018247,South Cambridgeshire 013C,776,42,33,30,51,40,21,24,66,61,87,77,56,59,35,26,28,18,17,5,F,2011
E01018275,South Cambridgeshire 013D,1225,55,75,77,82,39,33,48,57,88,109,86,88,105,90,63,52,42,26,10,F,2011
E01018240,South Cambridgeshire 014A,614,24,40,38,39,15,19,25,33,50,57,45,37,43,45,28,37,18,18,3,F,2011
E01018253,South Cambridgeshire 014B,536,27,33,19,28,14,25,32,34,49,36,46,37,47,38,26,18,12,9,6,F,2011
E01018254,South Cambridgeshire 014C,668,33,49,29,34,17,31,32,33,54,46,49,42,78,40,30,28,17,21,5,F,2011
E01018256,South Cambridgeshire 014D,749,37,35,50,39,26,22,25,38,66,61,60,47,59,66,43,21,24,21,9,F,2011
E01018291,South Cambridgeshire 014E,619,39,37,42,36,9,22,27,35,56,51,48,34,37,52,34,19,20,9,12,F,2011
E01018279,South Cambridgeshire 015A,792,30,31,34,33,45,32,42,44,47,68,45,49,55,45,38,47,49,36,22,F,2011
E01018280,South Cambridgeshire 015B,734,31,35,34,35,41,50,48,41,42,49,64,53,74,40,29,26,24,12,6,F,2011
E01018281,South Cambridgeshire 015C,788,45,50,29,39,39,56,43,51,55,42,46,58,57,53,40,35,29,16,5,F,2011
E01018282,South Cambridgeshire 015D,654,44,24,33,35,37,33,44,53,55,51,62,51,35,28,24,23,13,6,3,F,2011
E01018283,South Cambridgeshire 015E,658,43,34,43,37,33,37,44,51,60,49,43,31,52,36,29,18,11,7,0,F,2011
E01018218,South Cambridgeshire 016A,877,43,48,54,48,19,18,43,49,74,74,70,72,84,58,57,25,25,10,6,F,2011
E01018219,South Cambridgeshire 016B,726,29,41,65,44,25,28,23,39,80,59,42,47,54,48,38,22,25,9,8,F,2011
E01018220,South Cambridgeshire 016C,772,30,40,49,59,33,26,25,60,67,67,76,58,48,41,33,24,25,7,4,F,2011
E01018263,South Cambridgeshire 016D,749,45,57,33,35,25,35,43,51,61,62,55,54,56,46,30,17,22,16,6,F,2011
E01018264,South Cambridgeshire 016E,834,40,41,50,52,37,31,39,57,56,53,60,47,60,34,38,42,40,31,26,F,2011
E01018265,South Cambridgeshire 016F,925,54,65,59,53,29,30,45,66,79,72,56,76,80,47,39,28,24,17,6,F,2011
E01018238,South Cambridgeshire 017A,731,53,44,41,43,23,36,45,50,43,74,43,58,38,49,22,25,22,15,7,F,2011
E01018239,South Cambridgeshire 017B,715,49,47,45,44,27,29,37,47,61,70,38,42,57,47,27,13,19,10,6,F,2011
E01018288,South Cambridgeshire 017C,594,25,30,29,47,16,15,24,33,38,59,55,39,41,43,24,21,28,20,7,F,2011
E01018289,South Cambridgeshire 017D,602,41,33,27,40,21,24,36,50,41,47,51,45,42,37,25,22,10,6,4,F,2011
E01018302,South Cambridgeshire 017E,742,58,34,56,28,40,50,62,55,61,70,54,44,41,34,17,15,12,8,3,F,2011
E01018303,South Cambridgeshire 017F,583,26,28,39,31,13,13,25,30,46,57,45,43,53,38,29,30,15,15,7,F,2011
E01018241,South Cambridgeshire 018A,600,34,42,39,27,22,18,24,45,65,29,54,39,52,38,21,19,10,11,11,F,2011
E01018267,South Cambridgeshire 018B,1198,64,60,67,67,38,43,57,64,94,93,72,79,95,69,67,67,47,27,28,F,2011
E01018268,South Cambridgeshire 018C,975,50,75,65,65,25,38,66,75,73,83,73,70,81,47,28,28,18,9,6,F,2011
E01018269,South Cambridgeshire 018D,710,37,28,37,31,29,47,51,44,49,51,45,41,40,37,34,29,37,23,20,F,2011
E01018270,South Cambridgeshire 018E,560,21,26,32,47,19,15,20,31,42,57,40,43,55,35,29,19,17,6,6,F,2011
E01018271,South Cambridgeshire 018F,751,37,34,42,52,62,35,40,44,50,55,56,41,43,43,34,24,26,16,17,F,2011
E01018226,South Cambridgeshire 019A,689,65,77,30,33,19,78,68,72,57,46,39,25,25,22,16,7,5,4,1,F,2011
E01018227,South Cambridgeshire 019B,990,59,54,77,59,48,43,51,72,88,89,66,58,66,59,35,30,17,10,9,F,2011
E01018228,South Cambridgeshire 019C,852,46,50,62,60,29,22,31,54,73,79,85,49,52,52,39,30,21,14,4,F,2011
E01018290,South Cambridgeshire 019D,1218,60,83,76,58,36,32,49,89,100,126,83,83,100,89,60,34,30,15,15,F,2011
E01033113,South Cambridgeshire 020A,585,61,45,33,29,31,68,75,58,45,34,21,7,9,9,14,7,15,14,10,F,2011
E01033114,South Cambridgeshire 020B,767,76,65,61,40,29,78,91,87,89,55,28,24,18,13,5,7,1,0,0,F,2011
E01033115,South Cambridgeshire 020C,728,103,75,43,38,32,65,80,90,76,47,31,12,16,8,7,3,2,0,0,F,2011
E01033117,South Cambridgeshire 020D,653,77,65,55,35,21,62,84,78,69,44,24,8,11,6,9,3,2,0,0,F,2011
E01033119,South Cambridgeshire 020E,922,116,91,43,43,61,132,118,106,73,50,32,11,15,13,9,5,3,1,0,F,2011
E01018276,South Cambridgeshire 021A,746,63,47,34,34,46,45,67,72,68,50,38,31,43,26,22,18,23,12,7,F,2011
E01018277,South Cambridgeshire 021B,863,38,51,67,49,20,33,32,69,83,68,68,63,68,53,32,26,16,18,9,F,2011
E01018278,South Cambridgeshire 021C,899,66,86,66,54,26,31,69,94,103,77,53,50,44,32,14,17,9,5,3,F,2011
E01033116,South Cambridgeshire 021D,857,57,72,66,39,29,45,56,70,72,63,52,55,55,38,27,27,22,5,7,F,2011
E01033118,South Cambridgeshire 021E,726,60,48,55,34,22,30,56,84,76,62,46,34,36,35,19,8,10,10,1,F,2011
E07000066,,90084,5532,5242,5364,5402,5029,5758,5923,6116,6686,6691,5893,5112,5329,4275,3597,3204,2509,1566,856,F,2011
E01021237,Basildon 001A,706,38,40,52,41,31,22,26,47,64,47,50,52,55,48,42,24,21,2,4,F,2011
E01021238,Basildon 001B,702,32,28,58,45,25,35,33,52,54,64,60,45,50,45,31,27,9,7,2,F,2011
E01021242,Basildon 001C,610,26,29,36,37,37,23,43,37,42,57,51,38,66,33,24,15,11,3,2,F,2011
E01021250,Basildon 001D,786,32,46,52,37,25,49,41,56,77,50,57,53,50,58,40,28,26,5,4,F,2011
E01021251,Basildon 001E,807,41,53,57,55,30,30,27,47,90,69,68,57,47,37,52,27,9,7,4,F,2011
E01021245,Basildon 002A,762,43,41,45,37,32,50,55,41,65,64,69,24,48,24,30,30,18,20,26,F,2011
E01021246,Basildon 002B,771,41,41,33,31,31,34,43,55,68,41,49,42,50,41,50,41,39,32,9,F,2011
E01021248,Basildon 002C,723,44,41,40,32,35,43,62,70,56,59,52,34,47,31,21,30,16,8,2,F,2011
E01021249,Basildon 002D,797,54,46,49,46,24,41,51,56,82,54,58,56,63,36,33,26,11,10,1,F,2011
E01021252,Basildon 002E,742,45,43,36,33,28,50,47,66,68,61,62,41,45,26,22,18,16,21,14,F,2011
E01021239,Basildon 003A,723,33,33,55,43,30,29,26,39,53,69,66,44,59,48,34,32,16,10,4,F,2011
E01021240,Basildon 003B,830,52,38,36,42,35,52,56,77,73,58,44,28,46,39,47,33,33,28,13,F,2011
E01021241,Basildon 003C,843,57,48,56,46,54,54,48,61,74,65,40,45,41,36,28,35,25,23,7,F,2011
E01021243,Basildon 003D,830,40,40,47,47,32,39,53,59,69,69,67,61,57,42,39,35,20,10,4,F,2011
E01021247,Basildon 003E,746,27,40,42,36,28,28,29,50,48,61,47,37,59,52,39,50,37,18,18,F,2011
E01021244,Basildon 004A,745,47,38,30,33,22,27,31,52,60,52,40,41,58,61,40,46,33,21,13,F,2011
E01021253,Basildon 004B,855,45,50,47,44,19,31,31,68,76,74,47,50,64,85,46,36,25,11,6,F,2011
E01021255,Basildon 004C,713,27,24,34,31,16,16,30,39,44,53,62,45,54,47,51,51,50,23,16,F,2011
E01021256,Basildon 004D,754,32,37,32,51,32,25,27,37,63,66,52,44,64,46,50,38,28,24,6,F,2011
E01021258,Basildon 004E,855,33,48,43,43,39,37,60,55,64,53,51,51,46,42,47,42,42,38,21,F,2011
E01021334,Basildon 005A,886,41,33,49,51,44,42,30,65,60,53,46,52,53,50,56,39,56,42,24,F,2011
E01021336,Basildon 005B,859,39,32,51,44,44,32,39,60,49,72,61,47,48,56,51,46,38,35,15,F,2011
E01021338,Basildon 005C,752,50,39,50,38,31,42,60,58,50,50,34,45,49,43,50,23,20,13,7,F,2011
E01021339,Basildon 005D,716,38,37,36,29,40,37,44,60,43,38,45,49,57,30,45,27,29,22,10,F,2011
E01021264,Basildon 006A,702,25,35,41,47,39,24,25,42,52,81,49,43,64,51,29,24,18,9,4,F,2011
E01021329,Basildon 006B,780,38,33,31,20,42,43,36,35,46,53,35,46,55,58,45,57,52,31,24,F,2011
E01021330,Basildon 006C,816,32,44,39,43,41,42,54,38,51,61,55,46,75,55,58,35,30,14,3,F,2011
E01021332,Basildon 006D,732,21,34,42,38,27,28,28,39,61,50,45,52,62,55,51,44,33,12,10,F,2011
E01021333,Basildon 006E,811,33,39,44,36,36,23,33,36,68,66,49,59,73,61,49,48,31,20,7,F,2011
E01021335,Basildon 007A,711,30,32,65,54,37,31,27,54,73,84,67,40,34,30,22,11,11,6,3,F,2011
E01021337,Basildon 007B,716,17,27,41,37,32,22,24,31,54,55,49,57,67,63,45,44,36,12,3,F,2011
E01021340,Basildon 007C,828,44,51,51,50,41,46,53,64,53,66,49,56,57,43,37,21,20,13,13,F,2011
E01021341,Basildon 007D,813,57,36,52,41,39,30,38,61,58,73,43,57,65,52,30,37,29,12,3,F,2011
E01021345,Basildon 007E,1035,113,73,75,44,28,72,121,133,118,73,54,34,35,20,16,13,8,3,2,F,2011
E01021331,Basildon 008A,784,26,45,44,46,53,50,40,47,69,57,52,53,55,57,24,28,20,10,8,F,2011
E01021342,Basildon 008B,846,51,49,45,48,37,61,61,62,52,57,49,48,46,51,36,27,19,27,20,F,2011
E01021343,Basildon 008C,922,75,76,61,42,58,103,92,92,100,66,37,35,35,25,10,5,7,2,1,F,2011
E01021344,Basildon 008D,1119,89,83,65,52,71,73,116,130,111,85,64,51,41,36,24,19,7,2,0,F,2011
E01021346,Basildon 008E,977,77,58,37,39,41,77,105,86,76,69,64,55,68,29,31,27,19,11,8,F,2011
E01021254,Basildon 009A,714,34,39,47,36,35,27,28,29,65,62,50,50,60,46,41,28,22,8,7,F,2011
E01021257,Basildon 009B,789,26,54,40,49,32,30,28,46,54,65,54,44,67,59,43,43,33,16,6,F,2011
E01021259,Basildon 009C,787,45,42,41,42,46,38,64,46,57,70,65,49,32,37,33,35,33,6,6,F,2011
E01021260,Basildon 009D,1260,83,104,84,73,77,73,79,97,100,85,73,76,71,79,39,38,14,9,6,F,2011
E01021261,Basildon 010A,864,46,59,58,58,37,51,55,60,78,71,69,38,60,40,38,23,14,7,2,F,2011
E01021262,Basildon 010B,802,42,45,26,28,28,58,64,62,60,70,46,69,46,45,33,24,21,15,20,F,2011
E01021263,Basildon 010C,948,64,54,63,51,58,78,102,67,81,82,66,46,40,35,30,16,9,5,1,F,2011
E01021274,Basildon 010D,988,62,43,44,48,56,85,77,60,51,44,58,49,54,53,42,48,47,42,25,F,2011
E01021279,Basildon 010E,854,60,49,57,75,55,62,59,57,77,73,65,38,29,27,25,15,25,4,2,F,2011
E01021301,Basildon 011A,805,61,45,57,56,52,65,57,61,51,56,57,52,40,32,29,9,13,7,5,F,2011
E01021303,Basildon 011B,676,36,39,24,40,56,52,39,52,44,53,59,32,41,38,25,16,12,14,4,F,2011
E01021307,Basildon 011C,688,50,49,33,43,50,71,58,45,52,50,44,41,42,26,9,10,7,4,4,F,2011
E01021308,Basildon 011D,650,42,39,34,53,57,55,52,56,36,72,48,43,25,16,5,8,7,1,1,F,2011
E01021309,Basildon 011E,661,40,27,18,52,59,73,66,41,55,55,44,31,33,26,19,9,5,5,3,F,2011
E01021312,Basildon 011F,804,24,32,51,62,38,34,30,30,52,84,64,64,65,49,32,27,25,23,18,F,2011
E01021265,Basildon 012A,847,59,55,45,62,43,53,56,58,60,55,55,37,46,32,22,56,33,17,3,F,2011
E01021267,Basildon 012B,873,43,54,52,47,44,58,58,54,54,52,62,59,49,36,36,42,43,19,11,F,2011
E01021269,Basildon 012C,894,60,56,70,74,45,54,52,53,77,70,47,48,53,31,22,28,33,19,2,F,2011
E01021270,Basildon 012D,747,48,51,61,40,45,50,49,52,51,64,57,34,33,30,24,27,21,6,4,F,2011
E01021272,Basildon 012E,878,66,80,49,46,60,72,63,51,59,61,52,39,31,37,25,43,28,13,3,F,2011
E01021271,Basildon 013A,924,87,95,66,77,66,67,73,64,68,48,48,43,49,27,23,7,9,5,2,F,2011
E01021302,Basildon 013B,786,75,69,63,66,35,67,75,51,48,45,44,45,30,24,18,6,9,9,7,F,2011
E01021304,Basildon 013C,751,50,35,39,45,50,55,54,42,39,50,64,50,50,34,24,17,20,21,12,F,2011
E01021305,Basildon 013D,770,40,46,47,51,49,37,51,45,63,46,45,58,57,38,31,32,16,15,3,F,2011
E01021306,Basildon 013E,755,43,47,44,48,31,46,59,43,51,54,45,69,61,36,26,22,19,9,2,F,2011
E01021273,Basildon 014A,869,52,46,41,46,58,61,55,48,53,71,60,41,43,41,50,45,38,13,7,F,2011
E01021275,Basildon 014B,845,27,37,51,55,42,34,36,42,62,71,63,68,86,43,32,33,35,14,14,F,2011
E01021276,Basildon 014C,749,56,27,29,42,42,55,44,59,51,50,61,53,56,36,25,26,16,13,8,F,2011
E01021277,Basildon 014D,730,36,44,35,42,36,55,56,39,37,48,51,57,57,37,34,27,28,8,3,F,2011
E01021278,Basildon 014E,878,87,47,45,56,66,78,64,53,61,51,60,38,34,40,33,24,24,10,7,F,2011
E01021266,Basildon 015A,893,66,45,40,62,40,58,66,42,57,57,55,52,49,45,31,42,46,30,10,F,2011
E01021268,Basildon 015B,965,38,46,48,43,39,55,59,42,49,48,43,31,40,23,39,62,85,102,73,F,2011
E01021318,Basildon 015C,1051,77,65,55,50,85,116,87,74,55,74,61,42,33,26,46,54,27,15,9,F,2011
E01021320,Basildon 015D,862,66,51,66,58,59,59,56,62,49,51,59,52,53,25,25,27,15,16,13,F,2011
E01021321,Basildon 015E,879,61,62,56,60,51,50,69,69,81,46,59,37,31,30,31,38,28,13,7,F,2011
E01021286,Basildon 016A,896,67,64,62,60,65,79,81,63,64,59,58,38,54,28,22,17,9,5,1,F,2011
E01021288,Basildon 016B,1021,114,138,112,77,51,97,94,86,78,46,35,34,23,18,6,4,2,4,2,F,2011
E01021289,Basildon 016C,945,72,67,57,57,65,94,82,66,77,58,64,39,34,29,29,32,11,11,1,F,2011
E01021290,Basildon 016D,972,83,76,87,110,69,65,76,63,74,73,42,44,39,26,16,7,16,6,0,F,2011
E01021291,Basildon 016E,840,67,37,46,43,51,74,60,52,63,48,52,39,32,40,54,36,15,18,13,F,2011
E01021287,Basildon 017A,755,38,33,72,39,42,47,44,48,71,73,46,32,44,40,26,29,17,10,4,F,2011
E01021292,Basildon 017B,781,51,47,54,49,42,44,40,44,56,64,43,50,37,41,52,30,21,11,5,F,2011
E01021293,Basildon 017C,885,65,56,38,55,52,54,50,76,60,65,50,35,40,45,59,37,26,15,7,F,2011
E01021298,Basildon 017D,840,51,42,56,47,50,56,59,43,57,73,49,43,39,33,47,42,30,16,7,F,2011
E01021319,Basildon 017E,856,60,49,43,49,63,74,62,54,60,58,54,45,38,30,38,36,30,9,4,F,2011
E01021313,Basildon 018A,720,23,27,28,56,40,38,20,31,37,59,69,75,85,47,26,28,25,6,0,F,2011
E01021314,Basildon 018B,714,41,51,53,40,49,52,62,43,42,57,44,41,41,29,17,19,18,12,3,F,2011
E01021315,Basildon 018C,790,41,47,54,50,45,47,42,45,60,56,53,52,51,46,22,32,30,8,9,F,2011
E01021316,Basildon 018D,795,52,37,43,35,42,51,47,51,43,62,46,49,61,51,32,38,20,23,12,F,2011
E01021317,Basildon 018E,801,57,40,56,51,47,67,52,61,42,60,52,43,41,36,28,37,16,12,3,F,2011
E01021322,Basildon 019A,757,55,56,60,54,51,49,55,57,50,46,43,39,30,36,20,25,18,8,5,F,2011
E01021323,Basildon 019B,924,81,66,78,74,78,73,78,70,59,60,58,27,23,21,24,18,17,14,5,F,2011
E01021324,Basildon 019C,863,71,41,66,78,65,58,59,63,65,69,55,38,39,24,24,23,15,7,3,F,2011
E01021325,Basildon 019D,810,59,70,68,63,49,64,65,55,61,56,42,23,34,28,26,25,15,5,2,F,2011
E01021327,Basildon 019E,869,48,49,60,56,67,65,55,52,64,58,60,34,34,32,34,37,31,19,14,F,2011
E01021294,Basildon 020A,833,45,39,37,63,50,38,47,42,62,68,61,53,50,37,44,50,26,13,8,F,2011
E01021295,Basildon 020B,866,65,49,60,49,51,46,57,55,61,44,57,54,52,45,40,33,17,22,9,F,2011
E01021296,Basildon 020C,866,57,33,36,53,69,73,67,52,45,62,62,35,33,38,47,44,39,15,6,F,2011
E01021297,Basildon 020D,837,48,38,38,42,75,92,69,63,51,74,45,45,40,23,32,34,17,7,4,F,2011
E01021299,Basildon 020E,768,21,34,38,47,33,36,29,28,52,64,57,70,69,49,47,43,28,10,13,F,2011
E01021280,Basildon 021A,791,60,64,48,51,42,64,53,85,75,70,51,51,29,15,19,6,4,3,1,F,2011
E01021281,Basildon 021B,776,39,29,35,41,48,48,45,40,60,48,59,60,55,47,31,28,26,21,16,F,2011
E01021282,Basildon 021C,776,37,53,45,36,29,42,35,39,57,55,62,59,70,62,38,29,15,8,5,F,2011
E01021283,Basildon 021D,792,62,47,27,58,65,66,54,53,44,59,41,74,48,35,21,13,18,7,0,F,2011
E01021284,Basildon 021E,813,52,52,65,58,35,42,46,95,68,81,67,36,48,11,13,11,8,13,12,F,2011
E01021285,Basildon 021F,673,42,45,56,39,29,43,48,60,67,69,45,25,35,24,20,11,9,5,1,F,2011
E01021300,Basildon 022A,1091,80,64,62,76,88,90,83,69,65,96,75,47,44,42,27,20,27,25,11,F,2011
E01021310,Basildon 022B,620,36,18,11,24,61,55,39,38,46,40,42,46,45,38,20,23,17,14,7,F,2011
E01021311,Basildon 022C,664,37,27,37,51,43,42,36,51,35,34,51,50,47,52,25,20,10,13,3,F,2011
E01021326,Basildon 022D,938,72,68,54,61,70,60,92,76,67,60,42,58,51,28,27,20,15,14,3,F,2011
E01021328,Basildon 022E,805,46,51,44,65,50,48,55,38,76,68,69,41,40,28,29,21,23,7,6,F,2011
E07000067,,75128,4649,4243,4289,4256,3994,4240,4512,5072,5911,5777,4901,4573,5149,3897,2881,2342,2056,1419,967,F,2011
E01021375,Braintree 001A,593,27,34,35,28,26,32,29,25,51,57,51,35,53,37,24,25,11,6,7,F,2011
E01021376,Braintree 001B,710,34,36,53,47,25,18,30,35,61,76,70,44,65,34,26,24,14,11,7,F,2011
E01021414,Braintree 001C,1086,52,54,43,74,44,29,35,60,88,101,97,89,104,77,45,42,26,15,11,F,2011
E01021430,Braintree 001D,1074,63,60,79,57,47,43,52,70,100,104,61,69,75,68,58,31,20,12,5,F,2011
E01021398,Braintree 002A,739,21,25,42,49,29,23,22,29,64,75,47,71,78,50,36,19,32,19,8,F,2011
E01021406,Braintree 002B,1084,36,41,60,69,32,29,41,61,82,90,95,93,104,97,52,42,34,18,8,F,2011
E01021407,Braintree 002C,1086,35,66,71,53,29,30,39,61,89,93,87,94,84,90,59,42,37,14,13,F,2011
E01021382,Braintree 003A,669,34,30,22,47,18,15,17,43,40,53,48,52,54,40,45,33,33,29,16,F,2011
E01021397,Braintree 003B,902,48,33,53,53,61,46,46,61,71,79,75,55,62,37,33,30,28,17,14,F,2011
E01021399,Braintree 003C,832,44,42,50,53,28,38,41,41,62,65,60,51,75,59,42,32,22,13,14,F,2011
E01021400,Braintree 003D,831,29,41,42,55,30,22,42,55,61,59,62,75,71,54,43,36,25,18,11,F,2011
E01021387,Braintree 004A,1021,71,45,42,39,65,77,80,59,76,72,67,64,69,42,38,34,34,30,17,F,2011
E01021388,Braintree 004B,839,45,46,49,61,44,43,50,49,67,60,56,57,52,38,31,26,27,17,21,F,2011
E01021391,Braintree 004C,902,78,77,57,60,61,54,67,61,64,61,43,31,50,49,33,27,14,14,1,F,2011
E01021392,Braintree 004D,879,61,34,39,45,50,49,57,56,54,64,59,63,52,49,32,27,22,36,30,F,2011
E01021393,Braintree 004E,742,44,41,51,32,44,57,52,54,69,45,41,39,56,34,36,19,9,12,7,F,2011
E01021404,Braintree 005A,1039,44,35,54,42,50,38,41,48,80,99,100,79,99,72,62,42,25,18,11,F,2011
E01021411,Braintree 005B,632,20,32,45,32,27,15,22,33,47,69,54,45,49,39,26,32,25,7,13,F,2011
E01021412,Braintree 005C,733,40,35,51,36,29,35,35,30,69,89,49,46,50,38,38,21,21,10,11,F,2011
E01021413,Braintree 005D,631,30,29,28,28,23,17,29,41,55,47,54,51,61,47,35,22,15,13,6,F,2011
E01021389,Braintree 006A,883,58,60,49,46,41,20,58,75,79,76,45,43,74,45,37,33,22,17,5,F,2011
E01021390,Braintree 006B,860,49,46,35,32,18,32,55,58,63,51,58,64,71,46,47,39,39,34,23,F,2011
E01021408,Braintree 006C,917,34,49,55,31,38,27,36,46,67,75,71,80,63,62,45,42,38,36,22,F,2011
E01021409,Braintree 006D,937,45,69,64,71,22,36,47,62,83,86,71,65,61,56,38,19,22,17,3,F,2011
E01021410,Braintree 006E,861,49,62,41,51,34,61,60,63,57,46,58,50,48,33,35,44,34,30,5,F,2011
E01021349,Braintree 007A,715,39,40,62,49,50,45,43,64,62,67,57,46,42,15,14,11,5,4,0,F,2011
E01021351,Braintree 007B,793,51,56,57,49,48,42,59,81,85,74,57,47,29,26,16,13,3,0,0,F,2011
E01021352,Braintree 007C,881,55,67,58,52,54,36,54,61,71,62,54,47,64,25,19,24,26,15,37,F,2011
E01021355,Braintree 007D,1065,53,44,47,44,59,53,55,77,62,67,64,57,85,60,32,39,59,44,64,F,2011
E01021356,Braintree 007E,730,28,37,28,45,39,31,22,44,55,56,50,45,59,52,33,25,31,26,24,F,2011
E01021381,Braintree 007F,580,23,21,30,26,20,19,22,17,33,37,44,57,62,62,39,26,19,17,6,F,2011
E01021354,Braintree 008A,649,46,41,43,39,48,39,43,42,39,51,41,39,45,46,17,11,9,5,5,F,2011
E01021357,Braintree 008B,791,37,44,49,47,40,55,43,47,54,62,60,52,59,42,27,27,28,9,9,F,2011
E01021358,Braintree 008C,1171,93,75,84,64,84,90,81,94,88,68,58,53,45,40,44,41,36,20,13,F,2011
E01021359,Braintree 008D,1099,86,58,50,61,86,87,65,67,72,85,60,49,50,55,47,29,42,30,20,F,2011
E01021350,Braintree 009A,861,62,37,37,39,34,39,52,65,58,62,54,49,72,56,48,30,27,26,14,F,2011
E01021353,Braintree 009B,894,70,48,37,48,62,66,56,52,70,67,57,48,48,38,32,33,25,22,15,F,2011
E01021365,Braintree 009D,1151,76,36,43,81,116,110,92,66,73,76,59,68,60,44,37,29,29,28,28,F,2011
E01033458,Braintree 009E,669,65,25,12,18,88,118,80,42,42,31,23,21,23,21,14,13,21,6,6,F,2011
E01033459,Braintree 009F,926,80,36,37,38,89,93,68,68,46,59,46,43,44,25,30,38,38,33,15,F,2011
E01021364,Braintree 010A,846,50,57,46,55,39,43,58,60,90,64,53,49,54,46,25,16,22,8,11,F,2011
E01021366,Braintree 010B,792,39,50,44,46,33,36,40,51,62,65,61,50,75,51,33,27,16,9,4,F,2011
E01021383,Braintree 010C,1106,65,112,100,90,40,33,58,88,143,102,63,35,65,34,31,29,11,3,4,F,2011
E01021405,Braintree 010D,1179,65,69,83,80,57,46,60,78,92,96,91,79,105,62,40,26,32,15,3,F,2011
E01021368,Braintree 011A,750,55,29,46,31,59,71,53,55,49,42,46,53,40,38,17,24,25,11,6,F,2011
E01021370,Braintree 011B,851,51,67,53,50,49,64,64,65,64,61,43,36,35,36,21,26,30,20,16,F,2011
E01021372,Braintree 011C,884,80,46,48,38,46,83,72,74,60,64,55,58,54,39,24,22,15,4,2,F,2011
E01021373,Braintree 011D,1226,119,66,42,66,100,108,111,93,98,74,65,60,66,70,36,25,14,8,5,F,2011
E01021374,Braintree 011E,809,62,51,59,60,56,47,49,47,73,59,60,42,31,29,27,25,17,11,4,F,2011
E01021360,Braintree 012A,1020,65,71,49,54,70,56,68,59,65,87,65,63,63,39,27,33,30,30,26,F,2011
E01021361,Braintree 012B,820,61,53,57,34,47,52,56,58,68,65,57,53,65,29,20,14,19,8,4,F,2011
E01021367,Braintree 012C,792,47,45,55,84,45,34,56,55,88,65,49,28,48,31,17,21,12,8,4,F,2011
E01021369,Braintree 012D,1488,136,106,108,99,86,132,130,143,137,92,73,64,45,41,36,21,27,6,6,F,2011
E01021380,Braintree 012E,1160,66,46,56,67,61,47,49,68,76,103,86,67,100,74,53,46,46,25,24,F,2011
E01021347,Braintree 013A,1242,80,85,82,77,51,47,71,84,131,105,76,60,65,64,44,52,33,19,16,F,2011
E01021371,Braintree 013B,904,71,57,41,34,49,64,60,59,67,53,52,64,54,59,32,30,31,17,10,F,2011
E01021384,Braintree 013C,1206,85,103,99,85,41,51,81,99,125,102,76,66,60,44,32,26,20,9,2,F,2011
E01021385,Braintree 013D,710,45,74,66,44,28,37,45,70,89,65,40,26,24,25,11,9,9,3,0,F,2011
E01021386,Braintree 013E,860,56,81,75,63,32,23,40,69,92,81,57,48,52,37,20,16,10,7,1,F,2011
E01021377,Braintree 014A,904,53,54,54,39,33,40,47,58,80,65,54,64,67,53,46,38,31,14,14,F,2011
E01021378,Braintree 014B,874,57,30,38,27,42,36,52,61,52,61,48,54,55,53,51,51,51,34,21,F,2011
E01021379,Braintree 014C,924,52,67,55,54,33,34,29,61,94,77,79,52,87,48,38,24,20,15,5,F,2011
E01021401,Braintree 014D,745,39,30,36,34,36,34,33,50,45,49,48,49,59,45,42,31,33,29,23,F,2011
E01021402,Braintree 014E,1043,53,71,82,69,41,38,48,77,85,104,84,67,81,36,32,27,26,15,7,F,2011
E01021403,Braintree 014F,769,36,49,42,45,25,30,36,74,58,59,61,62,59,55,33,20,12,9,4,F,2011
E01021362,Braintree 015A,717,35,34,36,54,42,27,42,50,49,63,53,61,62,34,23,20,21,9,2,F,2011
E01021417,Braintree 015B,789,53,36,41,34,32,51,55,50,60,76,39,41,68,54,33,17,22,16,11,F,2011
E01021418,Braintree 015C,770,81,59,46,67,57,67,56,56,62,42,43,34,30,24,25,11,4,4,2,F,2011
E01021419,Braintree 015D,848,40,55,45,40,28,45,54,52,72,58,56,57,74,72,41,31,13,7,8,F,2011
E01021426,Braintree 015E,688,57,33,35,48,70,52,45,58,36,49,44,43,47,25,19,13,7,5,2,F,2011
E01021428,Braintree 015F,711,15,25,36,33,34,29,31,37,41,51,45,60,68,73,53,25,37,13,5,F,2011
E01021423,Braintree 016A,814,92,52,53,56,55,55,73,72,65,52,35,29,48,32,16,10,6,12,1,F,2011
E01021425,Braintree 016B,792,61,58,64,53,38,63,71,65,62,54,45,34,47,33,15,15,5,6,3,F,2011
E01021427,Braintree 016C,679,52,41,38,58,38,55,42,50,42,54,47,45,41,25,14,16,8,9,4,F,2011
E01021429,Braintree 016D,677,34,40,37,48,45,37,55,42,51,62,32,41,59,26,22,19,12,10,5,F,2011
E01021415,Braintree 017A,802,40,21,25,31,39,42,33,44,45,43,32,56,53,46,37,54,59,49,53,F,2011
E01021416,Braintree 017B,823,42,21,27,47,47,77,59,55,53,59,42,35,52,41,39,24,32,40,31,F,2011
E01021420,Braintree 017C,836,46,32,50,49,50,56,68,69,70,54,49,59,69,49,40,10,9,4,3,F,2011
E01021422,Braintree 017E,866,39,45,52,42,32,50,45,51,47,59,50,59,58,57,56,52,30,35,7,F,2011
E01033460,Braintree 017F,607,38,28,28,19,51,72,42,38,39,31,37,39,52,20,20,17,18,10,8,F,2011
E01033461,Braintree 017G,744,87,64,32,37,66,83,94,79,61,48,40,17,18,5,7,4,1,0,1,F,2011
E01033462,Braintree 017H,528,53,36,20,18,50,59,56,40,45,31,22,20,25,16,11,9,6,11,0,F,2011
E01021348,Braintree 018A,793,46,37,43,45,32,33,21,50,82,62,58,51,75,46,45,26,28,11,2,F,2011
E01021394,Braintree 018B,735,43,28,41,30,30,40,39,42,56,52,57,50,62,39,25,32,27,29,13,F,2011
E01021395,Braintree 018C,757,41,44,44,38,29,36,29,40,55,61,47,46,55,58,38,37,34,15,10,F,2011
E01021396,Braintree 018D,743,30,31,28,46,34,34,26,35,52,69,53,57,54,41,34,34,44,21,20,F,2011
E01021424,Braintree 018E,1048,81,67,68,47,64,82,92,78,74,71,70,64,56,43,35,15,14,18,9,F,2011
E07000068,,38153,1958,2035,2256,2222,1773,1973,2192,2466,2864,3193,2622,2195,2402,2022,1682,1560,1308,887,543,F,2011
E01021441,Brentwood 001A,781,31,42,45,51,43,25,34,41,68,75,67,47,52,54,30,40,21,10,5,F,2011
E01021442,Brentwood 001B,690,23,42,46,53,29,13,23,35,55,64,54,51,55,47,42,24,23,5,6,F,2011
E01021443,Brentwood 001C,803,29,42,54,56,41,28,32,36,72,61,53,50,68,49,28,21,18,38,27,F,2011
E01021444,Brentwood 001D,817,25,45,55,53,42,25,28,41,70,81,59,53,63,63,42,37,23,8,4,F,2011
E01021469,Brentwood 001E,594,18,24,44,48,25,14,23,26,44,49,47,51,45,53,31,21,21,8,2,F,2011
E01021470,Brentwood 001F,545,17,29,37,46,19,11,27,31,43,59,38,32,49,42,22,20,6,14,3,F,2011
E01021471,Brentwood 001G,795,28,34,59,61,28,16,19,25,53,81,51,67,77,64,53,31,23,16,9,F,2011
E01021457,Brentwood 002A,730,22,38,30,47,29,26,22,36,55,68,68,52,62,46,44,35,25,16,9,F,2011
E01021458,Brentwood 002B,870,35,37,42,52,20,27,39,47,62,69,59,47,48,60,60,55,52,31,28,F,2011
E01021459,Brentwood 002C,692,28,40,44,52,18,19,13,30,53,70,38,37,52,49,58,56,15,17,3,F,2011
E01021460,Brentwood 002D,845,45,41,61,61,30,30,33,56,60,79,59,50,53,44,42,46,28,17,10,F,2011
E01021448,Brentwood 003A,728,32,32,52,41,29,20,38,44,49,82,34,39,44,44,35,44,37,20,12,F,2011
E01021449,Brentwood 003B,855,33,46,60,54,37,40,40,70,61,75,54,51,40,37,35,38,39,23,22,F,2011
E01021450,Brentwood 003C,1062,46,60,67,61,55,34,44,64,90,98,78,74,73,45,36,56,53,16,12,F,2011
E01021451,Brentwood 003D,825,69,71,54,53,40,54,77,54,61,67,60,29,37,25,13,15,25,13,8,F,2011
E01021452,Brentwood 003E,752,43,24,46,37,28,30,43,46,44,50,56,40,45,46,48,55,43,19,9,F,2011
E01021431,Brentwood 004A,822,57,62,47,60,39,42,58,58,70,68,49,46,39,33,26,30,18,14,6,F,2011
E01021432,Brentwood 004B,894,67,48,65,47,63,69,65,73,52,69,47,51,51,50,26,19,14,12,6,F,2011
E01021434,Brentwood 004C,697,32,39,55,33,26,34,38,51,63,58,39,39,40,28,29,22,24,21,26,F,2011
E01021461,Brentwood 004D,739,43,25,42,47,34,49,54,45,62,51,44,51,70,37,29,21,17,10,8,F,2011
E01021464,Brentwood 004E,813,28,34,37,39,46,48,41,43,56,55,42,58,53,53,40,39,32,39,30,F,2011
E01021447,Brentwood 005A,1260,60,67,81,79,54,38,48,69,89,111,86,77,95,82,70,71,51,22,10,F,2011
E01021453,Brentwood 005B,592,36,19,25,28,26,17,24,41,39,56,58,32,36,35,30,30,25,24,11,F,2011
E01021455,Brentwood 005C,681,18,38,37,47,22,16,14,34,45,60,67,46,49,44,47,39,36,17,5,F,2011
E01021465,Brentwood 005D,923,53,39,51,30,29,41,56,68,72,81,66,54,50,44,38,55,49,31,16,F,2011
E01021466,Brentwood 005E,917,40,72,64,61,28,20,29,53,68,96,66,63,64,56,43,39,28,19,8,F,2011
E01021467,Brentwood 005F,896,56,59,56,63,22,23,50,48,75,82,74,43,45,46,32,49,48,19,6,F,2011
E01021438,Brentwood 006A,1047,64,64,82,52,41,43,66,78,81,86,86,65,68,58,36,28,24,12,13,F,2011
E01021462,Brentwood 006B,698,28,29,31,46,28,36,35,44,41,55,61,61,60,51,33,25,22,8,4,F,2011
E01021463,Brentwood 006C,832,35,46,51,59,37,26,30,39,65,68,56,49,60,52,59,34,28,25,13,F,2011
E01021468,Brentwood 006D,958,54,55,57,62,33,41,59,53,77,84,79,54,61,39,42,54,32,11,11,F,2011
E01021433,Brentwood 007A,1050,75,53,45,47,68,94,82,82,88,61,53,43,55,37,31,42,39,39,16,F,2011
E01021436,Brentwood 007B,1127,56,42,40,54,65,121,107,100,68,59,72,32,51,38,42,36,50,52,42,F,2011
E01021439,Brentwood 007C,1191,84,60,58,35,97,203,154,99,90,52,46,52,39,37,28,20,12,17,8,F,2011
E01021475,Brentwood 007E,777,53,44,51,41,32,56,69,81,67,59,57,32,44,32,20,18,9,3,9,F,2011
E01033063,Brentwood 007F,700,55,46,52,33,31,67,76,74,62,66,40,23,30,16,13,5,6,4,1,F,2011
E01033064,Brentwood 007G,707,50,37,23,27,42,65,71,87,51,50,32,26,31,31,22,20,25,13,4,F,2011
E01021435,Brentwood 008A,999,64,66,59,70,39,63,51,55,75,79,64,60,60,36,42,35,38,29,14,F,2011
E01021437,Brentwood 008B,953,77,66,59,48,48,73,71,66,81,67,50,34,36,36,28,26,39,25,23,F,2011
E01021472,Brentwood 008C,827,62,41,26,39,71,85,94,57,37,49,37,33,35,24,28,29,30,25,25,F,2011
E01021473,Brentwood 008D,695,30,26,31,44,26,32,27,47,36,61,56,49,48,51,41,19,24,26,21,F,2011
E01021474,Brentwood 008E,808,42,48,39,43,38,19,41,49,57,71,70,54,54,52,42,27,28,23,11,F,2011
E01021445,Brentwood 009A,1115,45,57,76,55,54,34,47,71,96,111,81,79,78,45,57,43,42,30,14,F,2011
E01021446,Brentwood 009B,777,21,37,41,30,48,33,31,43,58,64,57,42,53,43,43,53,49,25,6,F,2011
E01021454,Brentwood 009C,644,25,26,38,44,38,40,39,34,53,80,47,40,38,35,21,20,9,13,4,F,2011
E01021456,Brentwood 009D,630,24,43,41,33,35,33,30,42,50,56,65,37,46,33,25,18,8,8,3,F,2011
E07000069,,45094,2135,2129,2489,2660,2270,2002,2075,2578,3256,3285,2948,2894,3733,3100,2531,1959,1468,990,592,F,2011
E01021513,Castle Point 001A,827,32,29,44,59,30,36,39,45,67,60,57,56,67,75,58,39,18,9,7,F,2011
E01021514,Castle Point 001B,784,48,38,46,50,33,40,50,48,57,60,61,41,57,46,34,35,21,13,6,F,2011
E01021515,Castle Point 001C,702,50,46,50,45,37,28,38,36,62,44,52,46,55,42,33,19,10,6,3,F,2011
E01021525,Castle Point 001D,753,49,30,41,34,48,51,45,59,40,60,44,40,59,42,36,32,25,11,7,F,2011
E01021527,Castle Point 001E,862,41,45,43,53,37,35,35,61,58,61,48,52,90,60,58,37,24,19,5,F,2011
E01021509,Castle Point 002A,687,24,25,30,31,28,23,36,42,46,57,40,37,55,54,58,43,35,18,5,F,2011
E01021510,Castle Point 002B,749,38,20,39,34,20,27,29,31,49,53,39,39,56,80,64,53,42,27,9,F,2011
E01021511,Castle Point 002C,685,31,42,42,39,23,26,31,28,58,43,50,44,60,58,35,36,11,15,13,F,2011
E01021528,Castle Point 002D,846,27,34,42,50,37,29,29,33,62,65,61,63,69,61,45,40,35,36,28,F,2011
E01021531,Castle Point 002E,706,28,30,37,52,43,37,33,42,47,64,54,37,65,50,35,24,13,10,5,F,2011
E01021476,Castle Point 003A,976,47,48,56,61,38,40,49,64,81,78,67,64,76,54,60,27,38,17,11,F,2011
E01021477,Castle Point 003B,790,32,45,36,42,28,27,38,49,58,55,50,45,71,64,48,43,30,14,15,F,2011
E01021478,Castle Point 003C,888,28,41,54,63,59,30,34,56,77,65,59,70,68,46,58,38,19,18,5,F,2011
E01021516,Castle Point 003D,703,45,30,36,42,27,27,32,40,60,41,52,49,75,53,39,23,16,7,9,F,2011
E01021479,Castle Point 004A,782,29,38,64,49,41,32,35,48,62,63,39,50,61,49,40,33,23,18,8,F,2011
E01021481,Castle Point 004B,789,27,47,65,50,32,26,24,44,68,74,61,39,53,43,41,38,24,20,13,F,2011
E01021483,Castle Point 004C,893,33,44,58,60,40,24,36,54,68,65,78,51,78,60,44,41,27,26,6,F,2011
E01021512,Castle Point 004D,806,33,49,47,43,39,36,34,44,65,67,39,49,70,56,49,39,29,11,7,F,2011
E01021526,Castle Point 004E,832,45,42,45,50,37,36,40,44,61,57,67,55,74,70,51,29,15,10,4,F,2011
E01021517,Castle Point 005A,832,31,32,41,45,38,22,32,44,65,58,47,45,93,48,52,45,46,30,18,F,2011
E01021519,Castle Point 005B,758,25,21,30,50,29,14,24,32,42,74,60,48,73,55,61,49,31,21,19,F,2011
E01021530,Castle Point 005C,715,30,32,33,31,22,29,26,30,51,57,42,55,63,56,52,41,34,21,10,F,2011
E01021532,Castle Point 005D,749,21,29,30,32,30,19,24,36,48,47,60,59,77,66,61,47,30,24,9,F,2011
E01021482,Castle Point 006A,839,30,39,41,39,40,26,34,58,47,62,65,46,57,53,47,47,31,45,32,F,2011
E01021518,Castle Point 006B,1014,52,46,43,47,72,66,63,52,63,73,49,66,61,53,49,59,49,35,16,F,2011
E01021520,Castle Point 006C,813,33,38,48,52,38,44,27,38,68,66,44,50,60,51,33,52,24,32,15,F,2011
E01021529,Castle Point 006D,783,42,47,48,64,26,37,46,54,58,45,48,42,55,46,38,33,32,12,10,F,2011
E01021480,Castle Point 007A,896,56,41,60,51,46,47,35,71,70,68,60,55,74,62,29,21,27,17,6,F,2011
E01021521,Castle Point 007B,712,29,32,44,34,29,35,34,41,61,54,38,49,63,55,36,37,21,14,6,F,2011
E01021522,Castle Point 007C,890,57,49,47,53,47,57,43,64,59,67,49,49,60,40,38,29,23,32,27,F,2011
E01021523,Castle Point 007D,706,20,19,34,35,42,22,19,33,46,55,44,44,72,60,62,44,21,22,12,F,2011
E01021524,Castle Point 007E,826,41,29,45,52,41,32,39,38,64,67,49,41,68,60,39,38,37,25,21,F,2011
E01021487,Castle Point 008A,696,48,21,27,34,38,36,30,34,46,48,42,47,68,59,38,33,32,10,5,F,2011
E01021494,Castle Point 008B,759,47,41,36,41,45,42,37,45,56,66,50,51,65,51,34,27,14,7,4,F,2011
E01021504,Castle Point 008C,771,49,52,56,71,61,37,30,53,71,83,56,49,48,18,17,10,6,3,1,F,2011
E01021505,Castle Point 008D,705,36,39,43,54,38,38,41,52,56,61,50,52,64,42,11,14,9,2,3,F,2011
E01021506,Castle Point 008E,681,59,32,47,51,46,53,53,53,42,49,48,40,47,22,20,6,7,5,1,F,2011
E01021492,Castle Point 009A,903,41,49,52,38,39,41,57,63,64,54,50,66,75,66,56,34,33,15,10,F,2011
E01021493,Castle Point 009B,804,36,31,31,48,47,48,33,36,46,60,53,54,64,57,45,54,36,18,7,F,2011
E01021495,Castle Point 009C,1070,25,26,22,23,18,26,25,22,30,33,39,57,142,173,170,111,78,29,21,F,2011
E01021496,Castle Point 009D,703,41,35,46,36,32,42,35,33,47,49,35,43,72,50,35,20,28,17,7,F,2011
E01021485,Castle Point 010A,645,30,36,43,44,38,31,23,37,42,44,46,52,43,41,33,26,14,19,3,F,2011
E01021486,Castle Point 010B,654,38,50,61,53,41,26,47,51,45,46,39,37,23,26,24,19,13,10,5,F,2011
E01021488,Castle Point 010C,780,30,41,42,40,40,36,33,37,59,51,50,40,66,51,36,28,32,35,33,F,2011
E01021503,Castle Point 010D,721,46,49,47,51,48,27,46,53,45,55,46,44,63,46,23,16,10,3,3,F,2011
E01021507,Castle Point 010E,853,42,49,71,74,67,45,49,47,67,71,62,63,37,28,26,22,17,10,6,F,2011
E01021508,Castle Point 010F,688,37,48,67,65,46,32,49,58,69,53,44,49,41,13,8,4,1,4,0,F,2011
E01021484,Castle Point 011A,696,28,26,21,44,43,29,23,33,51,41,47,51,68,54,57,31,32,13,4,F,2011
E01021498,Castle Point 011B,772,32,28,25,31,63,44,20,36,39,56,62,63,75,61,37,24,34,23,19,F,2011
E01021499,Castle Point 011C,821,32,29,38,35,47,24,39,36,59,57,49,67,90,81,48,37,24,16,13,F,2011
E01021501,Castle Point 011D,716,30,27,34,38,31,27,37,43,46,32,51,55,62,53,46,45,33,15,11,F,2011
E01021502,Castle Point 011E,1100,67,66,57,60,59,61,60,79,90,77,85,73,82,59,47,32,22,13,11,F,2011
E01021489,Castle Point 012A,697,25,28,36,36,32,32,30,45,47,49,57,49,55,57,50,33,19,11,6,F,2011
E01021490,Castle Point 012B,762,48,30,39,43,47,34,40,30,70,57,51,52,49,56,49,26,20,10,11,F,2011
E01021491,Castle Point 012C,852,42,42,41,57,50,53,35,45,55,62,60,47,70,56,47,26,27,23,14,F,2011
E01021497,Castle Point 012D,770,31,36,37,43,35,40,33,38,56,44,52,53,66,56,48,34,35,23,10,F,2011
E01021500,Castle Point 012E,882,41,41,51,58,42,38,37,60,70,62,51,64,63,56,43,36,31,21,17,F,2011
E07000070,,85527,4868,4622,4629,5082,4942,5237,5392,5786,6564,6519,5654,5060,5643,4363,3414,2865,2367,1601,919,F,2011
E01021538,Chelmsford 001A,1398,112,111,97,92,60,79,96,127,113,98,95,70,82,68,32,30,18,7,11,F,2011
E01021539,Chelmsford 001B,631,27,37,33,40,13,19,19,41,58,63,46,48,48,40,29,24,20,14,12,F,2011
E01021540,Chelmsford 001C,767,26,42,37,38,31,40,38,42,49,73,70,70,68,65,28,16,15,10,9,F,2011
E01021541,Chelmsford 001D,755,30,30,39,39,27,22,35,44,48,62,51,45,67,51,44,35,39,32,15,F,2011
E01021542,Chelmsford 002A,1046,69,60,51,58,66,59,71,69,71,71,64,54,68,62,39,40,31,28,15,F,2011
E01021543,Chelmsford 002B,904,40,45,38,56,32,34,44,66,70,64,67,39,54,57,39,35,45,42,37,F,2011
E01021587,Chelmsford 002C,741,36,34,43,22,21,23,36,42,60,51,42,56,61,60,47,42,38,14,13,F,2011
E01021590,Chelmsford 002D,769,42,41,46,52,32,31,41,51,58,55,63,65,74,33,27,29,12,14,3,F,2011
E01021591,Chelmsford 002E,778,43,38,32,39,53,44,44,51,64,52,62,55,58,37,35,21,24,17,9,F,2011
E01021550,Chelmsford 003A,689,42,31,38,31,25,22,29,48,64,54,52,64,66,48,27,27,16,5,0,F,2011
E01021597,Chelmsford 003B,743,64,50,45,40,55,37,56,49,54,52,47,35,32,20,24,29,27,21,6,F,2011
E01021598,Chelmsford 003C,769,38,38,45,40,32,44,51,61,51,48,41,60,49,31,27,27,30,38,18,F,2011
E01021600,Chelmsford 003D,590,25,23,25,44,37,28,30,24,42,59,56,53,46,31,23,14,15,10,5,F,2011
E01021601,Chelmsford 003E,820,61,34,46,46,44,51,51,54,56,58,54,35,46,35,29,31,33,39,17,F,2011
E01021616,Chelmsford 004A,731,27,41,56,42,50,43,38,54,47,62,65,67,61,27,23,11,10,7,0,F,2011
E01021617,Chelmsford 004B,696,35,45,31,37,41,48,46,47,48,66,57,47,41,30,23,18,16,12,8,F,2011
E01021619,Chelmsford 004C,756,40,42,53,41,39,45,48,54,71,72,60,54,31,30,25,14,16,13,8,F,2011
E01021620,Chelmsford 004D,728,48,50,24,36,43,64,66,52,52,46,40,43,55,23,17,17,16,20,16,F,2011
E01021623,Chelmsford 004E,638,34,41,26,43,32,44,39,49,47,50,46,35,48,41,35,11,9,6,2,F,2011
E01021624,Chelmsford 004F,627,23,25,28,40,26,19,27,29,36,52,34,38,58,36,41,51,34,19,11,F,2011
E01021536,Chelmsford 005A,807,51,33,42,44,43,50,51,59,54,58,50,56,60,34,40,35,21,18,8,F,2011
E01021537,Chelmsford 005B,1029,45,50,79,116,45,44,60,69,75,77,65,50,79,69,38,26,31,6,5,F,2011
E01021568,Chelmsford 005D,806,28,39,53,47,26,21,22,40,52,69,65,67,72,70,51,33,39,10,2,F,2011
E01033142,Chelmsford 005E,1118,102,125,71,69,50,70,109,130,117,83,59,38,35,25,11,13,4,5,2,F,2011
E01033144,Chelmsford 005F,945,74,99,93,74,35,51,90,85,108,93,58,29,22,14,10,6,2,1,1,F,2011
E01021576,Chelmsford 006A,893,68,80,82,66,59,74,73,76,71,53,46,38,39,22,15,5,15,8,3,F,2011
E01021588,Chelmsford 006B,746,43,46,44,37,44,53,48,41,39,48,47,38,42,33,34,34,40,16,19,F,2011
E01021589,Chelmsford 006C,773,48,33,53,51,60,48,60,53,67,59,51,44,33,26,34,18,15,14,6,F,2011
E01021592,Chelmsford 006D,864,70,60,39,49,57,64,58,52,60,53,36,42,46,38,30,27,33,25,25,F,2011
E01021596,Chelmsford 006E,787,81,49,47,53,44,47,63,62,55,34,38,44,35,33,25,15,27,13,22,F,2011
E01021618,Chelmsford 007A,754,53,54,45,52,45,43,57,60,58,93,63,39,38,18,14,16,4,2,0,F,2011
E01021621,Chelmsford 007B,755,57,49,42,41,64,67,71,91,66,62,38,34,31,17,8,12,1,3,1,F,2011
E01021622,Chelmsford 007C,748,26,36,36,50,30,27,27,31,54,64,43,53,50,45,48,60,37,21,10,F,2011
E01021625,Chelmsford 007D,748,22,45,41,43,50,31,36,37,56,62,60,30,51,48,41,32,35,18,10,F,2011
E01021626,Chelmsford 007E,709,35,42,38,51,35,35,38,40,61,62,56,43,39,38,35,24,19,14,4,F,2011
E01021544,Chelmsford 008A,652,53,27,27,33,33,62,77,65,56,53,48,36,30,15,17,11,6,2,1,F,2011
E01021545,Chelmsford 008B,842,60,66,58,46,30,47,83,91,77,66,47,39,30,26,23,15,19,17,2,F,2011
E01021546,Chelmsford 008C,753,38,43,47,55,53,43,60,48,81,67,47,41,40,24,13,13,15,18,7,F,2011
E01021547,Chelmsford 008D,778,53,32,46,39,64,97,73,57,62,70,64,43,30,16,8,12,8,3,1,F,2011
E01021628,Chelmsford 008E,872,65,55,41,66,47,66,75,75,82,66,49,46,40,31,26,17,10,13,2,F,2011
E01021629,Chelmsford 008F,846,76,40,49,47,53,78,56,72,69,58,35,42,45,33,22,23,25,13,10,F,2011
E01021573,Chelmsford 009A,828,53,63,35,41,61,54,48,68,64,69,66,40,32,40,25,24,16,19,10,F,2011
E01021575,Chelmsford 009B,874,63,32,40,41,91,85,96,64,58,48,34,34,35,33,16,24,30,28,22,F,2011
E01021599,Chelmsford 009C,927,71,52,45,55,47,64,50,57,72,72,70,76,57,43,24,26,27,14,5,F,2011
E01021631,Chelmsford 009E,1037,83,71,54,68,78,76,68,59,67,74,59,52,41,39,36,31,32,35,14,F,2011
E01033138,Chelmsford 009F,753,70,39,27,35,52,70,66,65,53,65,37,31,37,34,21,20,16,11,4,F,2011
E01033139,Chelmsford 009G,718,76,39,25,24,98,121,90,60,53,31,23,18,22,6,9,9,9,2,3,F,2011
E01021574,Chelmsford 010A,1133,58,32,16,89,258,250,140,72,54,37,26,23,20,12,12,9,9,13,3,F,2011
E01021578,Chelmsford 010B,825,70,34,24,25,64,134,96,61,65,53,41,33,35,23,18,11,13,12,13,F,2011
E01021582,Chelmsford 010D,886,65,22,22,26,80,140,115,76,62,45,31,38,50,25,25,22,19,13,10,F,2011
E01021627,Chelmsford 010E,614,38,16,24,21,47,54,44,46,32,32,49,30,34,42,28,40,12,14,11,F,2011
E01033140,Chelmsford 010F,539,31,19,8,15,62,73,86,47,38,30,15,15,15,13,11,11,18,22,10,F,2011
E01033141,Chelmsford 010G,536,26,13,17,7,47,70,74,34,36,25,16,12,19,8,17,25,38,35,17,F,2011
E01021551,Chelmsford 011A,702,30,42,44,46,31,19,30,35,57,71,52,47,57,57,28,19,17,13,7,F,2011
E01021632,Chelmsford 011B,742,25,36,37,33,29,29,28,39,60,50,47,49,55,42,67,50,39,19,8,F,2011
E01021633,Chelmsford 011C,730,20,16,23,89,116,47,21,33,48,31,34,32,33,46,43,34,38,22,4,F,2011
E01021634,Chelmsford 011D,760,29,39,38,64,39,23,33,50,71,58,54,50,50,59,40,26,28,5,4,F,2011
E01021635,Chelmsford 011E,722,32,30,29,31,30,23,32,42,39,42,55,45,64,64,53,41,45,10,15,F,2011
E01021636,Chelmsford 011F,574,17,19,28,37,25,20,27,34,36,49,46,31,42,44,32,27,30,18,12,F,2011
E01021556,Chelmsford 012A,844,68,51,50,53,42,53,44,59,85,61,44,34,60,38,31,24,28,14,5,F,2011
E01021577,Chelmsford 012B,763,51,38,44,53,24,55,57,63,78,55,43,34,33,31,29,30,24,12,9,F,2011
E01021579,Chelmsford 012C,842,60,49,38,38,20,65,75,64,63,66,45,40,38,28,27,25,33,38,30,F,2011
E01021580,Chelmsford 012D,723,51,54,48,57,27,21,26,68,64,73,52,43,36,35,23,12,13,12,8,F,2011
E01021584,Chelmsford 012E,604,22,31,32,31,21,25,15,24,45,58,41,35,43,57,43,40,28,9,4,F,2011
E01021548,Chelmsford 013A,642,30,31,28,43,40,37,32,47,42,68,46,53,52,22,19,17,13,16,6,F,2011
E01021560,Chelmsford 013B,870,31,42,37,25,37,44,44,63,58,67,43,61,52,64,53,53,39,30,27,F,2011
E01021561,Chelmsford 013C,897,46,46,48,50,35,39,56,60,63,55,58,57,64,79,51,35,28,17,10,F,2011
E01021564,Chelmsford 013D,774,30,30,37,40,31,27,29,41,50,59,55,34,70,57,62,49,31,26,16,F,2011
E01021571,Chelmsford 013E,824,33,47,55,61,33,22,28,36,65,86,59,43,61,58,30,51,24,18,14,F,2011
E01021562,Chelmsford 014A,925,49,54,37,57,42,56,42,67,73,67,53,58,62,56,50,37,24,25,16,F,2011
E01021563,Chelmsford 014B,852,61,47,30,38,59,105,70,78,57,52,38,39,42,20,32,34,26,13,11,F,2011
E01021565,Chelmsford 014C,831,60,41,46,57,50,44,53,67,73,47,44,49,61,43,33,23,18,16,6,F,2011
E01021566,Chelmsford 014D,881,60,49,51,49,36,49,68,56,62,75,41,54,68,51,45,26,26,9,6,F,2011
E01033137,Chelmsford 014F,790,66,44,49,45,47,68,80,82,57,64,40,29,35,23,21,18,10,6,6,F,2011
E01033145,Chelmsford 014G,708,37,31,37,40,36,41,34,39,57,53,43,43,51,44,34,28,29,24,7,F,2011
E01021557,Chelmsford 015A,629,37,35,43,45,34,23,34,41,50,46,56,50,66,31,22,6,6,3,1,F,2011
E01021558,Chelmsford 015B,651,21,31,37,56,30,31,32,35,51,44,58,53,54,44,24,20,15,8,7,F,2011
E01021583,Chelmsford 015C,816,51,57,63,57,50,44,60,67,72,68,56,32,39,30,22,27,12,8,1,F,2011
E01021585,Chelmsford 015D,650,37,33,35,42,43,33,41,51,53,53,43,31,44,31,30,31,11,5,3,F,2011
E01021586,Chelmsford 015E,804,44,47,43,43,44,38,45,67,55,55,44,41,66,63,53,33,17,5,1,F,2011
E01021533,Chelmsford 016A,1149,57,58,70,66,66,59,44,76,119,90,95,62,95,89,45,26,17,10,5,F,2011
E01021535,Chelmsford 016B,937,49,54,66,63,40,39,39,63,74,82,69,52,71,57,41,31,19,21,7,F,2011
E01021569,Chelmsford 016C,793,25,48,40,52,25,12,24,44,66,73,64,57,71,74,45,39,20,11,3,F,2011
E01021570,Chelmsford 016D,964,34,46,54,60,21,28,24,42,86,80,70,63,92,76,60,59,35,22,12,F,2011
E01021572,Chelmsford 016E,792,52,50,51,35,42,34,34,50,68,68,55,46,60,35,33,29,32,10,8,F,2011
E01021552,Chelmsford 017A,809,41,37,28,48,33,26,42,30,41,69,52,49,70,64,53,53,37,20,16,F,2011
E01021553,Chelmsford 017B,710,33,21,54,43,45,39,33,38,59,58,59,48,53,44,31,26,18,7,1,F,2011
E01021554,Chelmsford 017C,724,59,34,31,42,53,47,53,35,42,50,42,44,64,43,42,21,12,6,4,F,2011
E01021555,Chelmsford 017D,696,24,48,41,46,27,27,29,44,52,44,63,51,64,37,37,34,20,3,5,F,2011
E01021559,Chelmsford 017E,774,31,43,43,45,44,35,31,35,55,71,59,53,68,53,45,28,13,16,6,F,2011
E01021602,Chelmsford 018B,847,26,34,52,39,36,28,36,38,72,71,54,62,75,55,49,48,40,19,13,F,2011
E01021604,Chelmsford 018D,1111,55,83,64,63,45,42,55,75,110,109,76,78,95,52,35,30,20,16,8,F,2011
E01033143,Chelmsford 018E,1318,37,63,58,52,40,42,44,49,97,100,92,116,102,139,118,78,48,32,11,F,2011
E01021611,Chelmsford 019A,730,47,44,45,55,40,35,48,58,64,67,47,50,62,27,13,14,8,5,1,F,2011
E01021612,Chelmsford 019B,796,47,46,52,44,26,44,34,54,48,47,64,64,80,51,25,24,20,19,7,F,2011
E01021613,Chelmsford 019C,933,45,46,60,53,78,78,79,69,59,58,61,60,60,20,20,32,31,14,10,F,2011
E01021614,Chelmsford 019D,861,53,39,53,61,47,37,38,54,76,68,66,55,80,46,41,16,14,13,4,F,2011
E01021615,Chelmsford 019E,751,38,40,39,38,32,57,46,46,51,53,49,58,70,47,27,23,21,13,3,F,2011
E01021605,Chelmsford 020A,632,23,28,28,50,49,36,38,23,48,64,61,64,51,23,18,15,7,5,1,F,2011
E01021606,Chelmsford 020B,880,42,41,60,76,67,34,49,56,58,86,106,67,40,16,15,16,13,19,19,F,2011
E01021607,Chelmsford 020C,777,48,52,47,42,41,65,59,56,71,70,64,42,40,19,13,9,19,11,9,F,2011
E01021608,Chelmsford 020D,586,28,39,35,27,44,55,37,34,52,30,43,46,28,23,21,12,11,12,9,F,2011
E01021609,Chelmsford 020E,713,33,46,56,52,43,24,33,40,57,66,61,56,61,30,10,18,18,8,1,F,2011
E01021610,Chelmsford 020F,673,39,34,45,43,62,48,43,36,42,49,60,52,50,20,7,15,14,11,3,F,2011
E01021593,Chelmsford 021A,864,37,28,48,59,43,33,38,51,63,55,52,47,73,66,71,48,34,14,4,F,2011
E01021594,Chelmsford 021B,811,23,30,37,54,52,18,38,35,63,69,79,60,76,66,49,26,24,10,2,F,2011
E01021595,Chelmsford 021C,875,30,27,42,42,39,29,23,50,54,60,57,64,97,56,54,58,41,27,25,F,2011
E07000071,,87794,5132,4588,4665,5516,6886,5849,5690,5779,6363,6307,5348,4842,5687,4253,3277,2807,2271,1560,974,F,2011
E01021655,Colchester 001A,708,25,37,48,38,22,17,25,34,45,63,60,63,70,32,38,21,29,23,18,F,2011
E01021656,Colchester 001B,793,32,40,42,45,28,21,29,44,59,54,61,58,70,58,39,48,27,22,16,F,2011
E01021659,Colchester 001C,1048,59,74,71,43,45,31,54,65,96,82,92,67,88,64,44,37,21,10,5,F,2011
E01021661,Colchester 001D,906,57,54,50,48,32,31,47,82,65,63,63,53,77,42,32,36,26,25,23,F,2011
E01021668,Colchester 002A,816,66,55,44,45,74,120,71,58,63,49,50,38,25,18,17,14,5,3,1,F,2011
E01021669,Colchester 002B,814,68,54,49,57,53,71,78,84,68,61,41,20,36,18,15,15,16,8,2,F,2011
E01021670,Colchester 002C,802,63,56,51,53,51,66,54,63,60,56,52,48,37,36,16,17,14,4,5,F,2011
E01021671,Colchester 002D,744,31,33,43,43,30,33,30,45,56,63,63,58,61,48,27,25,23,19,13,F,2011
E01033720,Colchester 002F,1011,96,79,71,48,72,101,133,100,109,65,44,36,29,13,5,3,4,1,2,F,2011
E01033721,Colchester 002G,907,113,87,57,46,33,61,121,94,116,72,42,19,22,9,7,2,3,2,1,F,2011
E01021660,Colchester 003A,727,28,38,61,38,23,14,31,47,76,75,50,51,69,55,34,18,11,6,2,F,2011
E01021728,Colchester 003B,816,26,38,59,45,20,12,25,49,66,89,65,51,73,58,45,37,32,17,9,F,2011
E01021729,Colchester 003C,886,53,52,55,55,36,45,63,62,67,62,72,45,54,50,39,25,29,14,8,F,2011
E01021730,Colchester 003D,894,45,38,56,47,37,43,52,53,62,73,58,54,74,64,44,37,25,18,14,F,2011
E01021679,Colchester 004A,1182,113,69,63,46,85,137,123,119,110,90,48,42,51,27,23,14,9,10,3,F,2011
E01021680,Colchester 004B,1451,113,85,92,77,72,155,144,146,113,104,75,51,58,42,38,35,29,12,10,F,2011
E01021681,Colchester 004C,1350,98,93,58,70,119,177,145,99,72,88,64,66,59,52,25,26,20,12,7,F,2011
E01021682,Colchester 004D,1380,92,83,74,66,107,154,126,110,130,103,76,38,63,40,34,31,31,18,4,F,2011
E01021646,Colchester 007A,1029,53,33,26,49,84,132,99,54,58,56,59,46,52,31,29,33,45,45,45,F,2011
E01021647,Colchester 007B,894,50,51,39,33,70,71,67,61,71,47,41,52,69,63,38,29,26,12,4,F,2011
E01021648,Colchester 007C,1174,84,41,40,51,109,133,131,73,76,57,58,69,45,53,48,36,35,19,16,F,2011
E01021649,Colchester 007D,953,69,27,21,53,115,136,73,55,49,54,36,53,55,40,23,24,27,23,20,F,2011
E01021650,Colchester 007E,971,59,48,37,45,104,134,114,98,86,60,31,43,32,25,17,18,5,9,6,F,2011
E01021696,Colchester 008A,825,75,36,44,41,115,57,51,37,52,53,44,26,47,35,34,34,10,18,16,F,2011
E01021697,Colchester 008B,835,67,47,29,53,92,51,50,46,59,51,39,39,54,40,46,32,18,12,10,F,2011
E01021698,Colchester 008C,754,40,42,39,72,198,53,39,38,32,50,27,28,43,29,15,7,1,1,0,F,2011
E01021699,Colchester 008D,806,52,20,33,61,123,45,48,40,44,40,47,40,59,48,35,31,15,15,10,F,2011
E01021700,Colchester 008E,806,69,55,58,59,146,70,44,53,36,49,38,37,37,22,17,10,1,4,1,F,2011
E01033719,Colchester 008G,835,40,14,8,130,366,147,68,25,9,10,8,4,2,0,1,2,1,0,0,F,2011
E01033722,Colchester 008H,769,48,39,33,48,202,60,55,34,33,36,43,32,31,24,25,11,10,4,1,F,2011
E01021673,Colchester 009A,773,26,26,38,48,24,15,29,22,40,55,46,43,63,46,56,60,46,49,41,F,2011
E01021674,Colchester 009B,706,41,59,44,52,41,47,44,61,51,59,46,37,43,25,16,14,9,9,8,F,2011
E01021675,Colchester 009C,672,39,40,51,49,31,21,26,48,47,50,52,45,51,45,26,23,17,8,3,F,2011
E01021676,Colchester 009D,769,25,43,40,38,21,17,24,38,58,65,55,48,57,42,40,52,40,38,28,F,2011
E01021654,Colchester 010A,984,43,58,73,54,30,24,46,52,87,96,71,61,70,46,41,25,29,35,43,F,2011
E01021662,Colchester 010B,782,38,35,43,56,34,21,25,45,67,68,72,58,77,51,36,27,16,5,8,F,2011
E01021663,Colchester 010C,566,27,23,32,36,19,13,22,31,39,56,45,45,59,36,27,23,17,9,7,F,2011
E01021677,Colchester 010D,603,24,28,29,33,25,16,22,47,50,57,48,46,56,47,32,15,15,10,3,F,2011
E01021678,Colchester 010E,653,31,32,52,38,30,27,45,46,67,60,45,41,50,33,16,21,7,11,1,F,2011
E01021683,Colchester 011A,637,47,15,10,24,118,125,77,44,43,29,15,19,24,11,8,14,14,0,0,F,2011
E01021684,Colchester 011B,749,50,44,22,27,50,73,79,70,56,46,28,44,32,28,34,27,16,9,14,F,2011
E01021685,Colchester 011C,994,81,46,55,60,198,121,94,82,61,52,51,30,20,17,10,6,5,3,2,F,2011
E01021686,Colchester 011D,929,87,43,37,43,141,124,100,72,52,61,32,30,31,20,25,9,9,7,6,F,2011
E01021687,Colchester 011E,843,78,44,32,44,76,118,99,57,58,54,42,31,40,25,14,14,9,3,5,F,2011
E01021688,Colchester 011F,724,55,29,41,45,48,64,75,57,67,58,40,26,37,21,16,20,16,4,5,F,2011
E01021718,Colchester 012A,760,43,40,47,42,51,59,57,61,68,45,49,52,57,33,19,11,15,5,6,F,2011
E01021719,Colchester 012B,780,36,43,36,42,49,22,23,54,64,50,53,32,61,57,53,45,35,14,11,F,2011
E01021720,Colchester 012C,851,41,36,27,39,48,48,46,55,39,62,66,54,60,40,25,37,46,46,36,F,2011
E01021721,Colchester 012D,1030,55,53,57,66,52,53,56,47,86,83,83,51,74,58,48,52,31,14,11,F,2011
E01021722,Colchester 012E,879,45,55,45,53,43,29,48,64,68,70,52,51,71,47,41,37,29,22,9,F,2011
E01021651,Colchester 013A,805,65,47,35,43,54,75,71,83,74,57,48,29,39,18,13,11,16,16,11,F,2011
E01021652,Colchester 013B,748,23,57,43,45,35,39,32,54,60,57,53,42,63,46,30,25,21,12,11,F,2011
E01021653,Colchester 013C,654,22,40,50,59,19,29,24,40,72,75,50,38,49,23,21,16,12,11,4,F,2011
E01021717,Colchester 013D,893,65,41,62,42,69,83,97,59,65,64,44,36,41,40,22,15,16,16,16,F,2011
E01021689,Colchester 014A,756,28,31,45,62,23,28,20,41,59,66,52,37,57,32,38,54,43,22,18,F,2011
E01021690,Colchester 014B,674,22,50,52,42,32,30,27,54,64,58,51,71,50,33,13,9,6,6,4,F,2011
E01021691,Colchester 014C,755,25,27,33,37,34,17,33,43,51,63,59,61,51,59,45,43,37,27,10,F,2011
E01021692,Colchester 014D,777,25,34,34,67,43,22,23,39,58,68,68,46,54,42,53,49,32,14,6,F,2011
E01021693,Colchester 014E,864,21,37,56,57,31,22,19,38,67,69,51,48,65,59,71,61,51,27,14,F,2011
E01021711,Colchester 015A,687,46,43,45,33,46,40,31,40,42,58,45,41,42,30,31,27,19,22,6,F,2011
E01021713,Colchester 015C,600,27,30,35,45,31,23,25,27,44,47,46,31,41,33,28,26,27,29,5,F,2011
E01021714,Colchester 015D,881,100,39,56,49,107,112,99,66,79,47,31,22,24,24,11,7,5,3,0,F,2011
E01021715,Colchester 015E,744,30,42,52,56,42,42,41,57,74,78,53,36,48,26,18,17,15,10,7,F,2011
E01033723,Colchester 015G,1374,233,153,102,55,135,162,189,150,87,41,18,17,11,6,9,3,1,2,0,F,2011
E01021657,Colchester 016A,822,60,33,39,50,47,66,45,60,66,64,55,51,58,43,29,18,18,16,4,F,2011
E01021658,Colchester 016B,564,32,28,32,38,32,42,28,33,36,55,53,28,28,27,31,16,12,7,6,F,2011
E01021664,Colchester 016C,1041,66,54,54,50,112,84,73,68,82,72,52,63,38,44,37,32,28,22,10,F,2011
E01021665,Colchester 016D,716,57,34,42,42,53,36,48,46,57,63,52,31,49,25,23,19,17,17,5,F,2011
E01021666,Colchester 016E,660,38,30,18,49,53,53,43,46,53,56,47,35,27,28,22,21,20,15,6,F,2011
E01021667,Colchester 016F,767,46,44,36,46,45,43,42,64,53,59,51,45,44,29,27,31,26,21,15,F,2011
E01021736,Colchester 017A,1725,27,37,32,559,632,74,54,41,41,38,40,35,44,21,13,13,15,6,3,F,2011
E01021737,Colchester 017B,639,34,30,26,19,68,36,49,39,38,43,35,32,40,44,33,29,20,16,8,F,2011
E01021738,Colchester 017C,1079,47,47,54,44,54,56,63,105,82,75,72,83,95,68,51,31,26,17,9,F,2011
E01021739,Colchester 017D,789,35,38,37,27,46,25,43,51,54,52,55,67,96,58,42,29,16,11,7,F,2011
E01021740,Colchester 017E,893,46,50,41,38,63,40,54,49,61,70,61,59,62,61,55,34,19,25,5,F,2011
E01021637,Colchester 018A,569,26,29,29,37,23,32,31,30,42,54,52,52,43,30,22,20,9,6,2,F,2011
E01021638,Colchester 018B,652,40,36,43,44,51,50,48,31,44,62,38,33,40,19,22,24,19,7,1,F,2011
E01021639,Colchester 018C,890,78,53,53,55,75,96,85,57,77,66,44,38,34,20,15,21,16,7,0,F,2011
E01021640,Colchester 018D,620,37,41,38,38,41,41,37,49,38,52,46,43,49,19,11,16,16,3,5,F,2011
E01021641,Colchester 018E,705,40,38,40,39,35,41,36,46,62,64,48,47,40,24,27,31,29,12,6,F,2011
E01021642,Colchester 018F,1037,65,69,66,82,72,95,79,79,66,72,57,47,56,29,31,25,22,17,8,F,2011
E01021643,Colchester 019A,1263,64,94,88,82,50,34,68,114,110,110,77,86,94,76,40,30,33,7,6,F,2011
E01021644,Colchester 019B,855,52,54,41,54,32,38,28,63,65,72,65,65,68,56,34,25,22,13,8,F,2011
E01021645,Colchester 019C,739,40,33,43,36,34,25,28,41,52,62,72,54,75,47,45,17,22,7,6,F,2011
E01021694,Colchester 019D,729,22,34,45,41,28,30,23,38,49,56,69,74,77,57,26,31,15,11,3,F,2011
E01021695,Colchester 019E,582,28,30,28,33,13,13,30,33,38,51,40,38,54,37,32,28,21,23,12,F,2011
E01021723,Colchester 020A,850,35,37,40,38,49,43,31,41,59,65,48,54,83,74,39,41,40,22,11,F,2011
E01021724,Colchester 020B,878,28,51,44,55,27,29,35,45,58,61,57,61,77,60,55,57,36,28,14,F,2011
E01021725,Colchester 020C,640,20,24,33,37,27,19,25,31,43,56,49,51,63,58,30,35,24,11,4,F,2011
E01021726,Colchester 020D,785,40,42,50,54,45,48,34,43,54,59,46,55,64,53,31,30,19,9,9,F,2011
E01021727,Colchester 020E,756,31,30,38,56,32,24,32,43,57,50,47,52,82,63,51,31,16,7,14,F,2011
E01021731,Colchester 021A,775,33,29,40,38,25,17,27,42,45,50,57,61,75,70,39,41,42,31,13,F,2011
E01021732,Colchester 021B,806,48,36,45,50,28,32,36,53,59,58,45,50,56,53,42,33,40,26,16,F,2011
E01021733,Colchester 021C,773,26,43,44,22,34,20,32,38,45,52,40,56,99,78,52,36,27,22,7,F,2011
E01021734,Colchester 021D,695,8,25,28,28,19,21,16,26,46,53,41,53,77,57,58,58,41,25,15,F,2011
E01021735,Colchester 021E,716,23,21,41,18,18,19,14,32,29,41,48,49,78,61,56,60,40,50,18,F,2011
E01021708,Colchester 022A,717,23,24,18,28,37,29,34,30,40,64,62,54,75,48,46,33,39,14,19,F,2011
E01021709,Colchester 022B,717,23,18,40,31,19,20,32,35,48,45,44,53,76,69,52,53,38,16,5,F,2011
E01021710,Colchester 022C,1010,41,39,57,66,56,38,38,59,73,75,74,79,95,79,51,28,39,14,9,F,2011
E01021702,Colchester 022D,693,41,40,39,39,54,57,49,34,42,45,33,43,35,55,24,18,17,20,8,F,2011
E01021703,Colchester 022E,664,38,58,59,54,39,61,51,35,63,45,46,24,23,23,15,12,10,7,1,F,2011
E01021704,Colchester 022F,753,44,34,39,49,40,45,64,47,67,51,47,48,49,27,30,30,19,13,10,F,2011
E01021705,Colchester 022G,1007,41,55,51,77,74,49,56,54,68,82,94,91,70,58,36,16,16,13,6,F,2011
E01021706,Colchester 022H,716,49,23,29,39,79,65,58,53,41,36,37,32,43,23,18,23,29,20,19,F,2011
E01021707,Colchester 022I,725,32,42,43,48,32,24,33,43,58,52,45,44,46,47,48,28,28,22,10,F,2011
E07000072,,64365,3592,3330,3468,3637,3359,3398,3894,4300,5055,5146,4422,3884,4196,3399,2658,2345,1982,1402,898,F,2011
E01021768,Epping Forest 001A,1080,59,65,54,65,42,37,49,68,81,114,91,76,74,65,49,33,25,15,18,F,2011
E01021795,Epping Forest 001B,1002,58,54,52,46,61,84,75,82,96,79,74,45,54,51,39,22,17,9,4,F,2011
E01021797,Epping Forest 001C,652,38,26,40,30,41,29,36,33,53,57,58,41,49,45,27,20,15,12,2,F,2011
E01021798,Epping Forest 001D,785,35,45,34,42,29,23,43,44,53,69,50,59,69,48,57,38,29,13,5,F,2011
E01021799,Epping Forest 001E,865,39,38,42,49,45,72,54,58,53,65,60,38,51,44,35,31,30,32,29,F,2011
E01021741,Epping Forest 002A,979,54,42,52,55,46,37,41,60,90,95,80,62,74,62,42,41,21,21,4,F,2011
E01021792,Epping Forest 002B,617,22,21,28,42,31,16,15,34,45,50,42,49,69,47,39,35,19,8,5,F,2011
E01021793,Epping Forest 002C,761,29,30,33,45,34,27,20,29,57,65,65,50,77,55,52,41,24,18,10,F,2011
E01021794,Epping Forest 002D,601,27,25,37,39,21,38,28,28,44,51,42,31,54,25,33,30,29,7,12,F,2011
E01021801,Epping Forest 002E,1111,64,53,52,68,58,39,47,78,74,84,97,77,89,85,60,36,21,20,9,F,2011
E01021769,Epping Forest 003A,1118,53,58,71,83,41,35,41,53,93,108,100,75,93,63,52,45,34,14,6,F,2011
E01021796,Epping Forest 003B,1066,40,54,66,66,42,28,33,71,100,85,79,68,88,79,70,43,35,11,8,F,2011
E01021800,Epping Forest 003C,1120,52,75,66,71,51,43,49,73,81,106,97,79,73,80,43,45,24,7,5,F,2011
E01021753,Epping Forest 004A,724,39,34,30,45,41,31,39,47,58,59,48,52,50,31,26,27,28,26,13,F,2011
E01021754,Epping Forest 004B,788,33,43,49,47,30,20,31,34,56,59,47,56,67,60,65,42,31,11,7,F,2011
E01021755,Epping Forest 004C,563,26,25,20,30,23,19,17,28,51,39,33,36,55,41,33,31,40,11,5,F,2011
E01021802,Epping Forest 004D,1185,84,63,83,71,63,61,79,92,83,98,61,56,67,48,39,51,39,31,16,F,2011
E01021760,Epping Forest 005A,775,37,32,48,35,35,24,37,52,67,56,63,50,63,33,32,52,31,18,10,F,2011
E01021761,Epping Forest 005B,989,66,53,61,51,42,55,62,60,86,73,54,59,62,65,28,43,26,24,19,F,2011
E01021762,Epping Forest 005C,747,46,40,29,43,30,23,42,53,54,56,34,46,42,43,39,39,43,26,19,F,2011
E01021763,Epping Forest 005D,767,53,41,28,31,30,26,53,67,62,57,65,51,61,25,35,25,28,24,5,F,2011
E01021756,Epping Forest 006A,771,51,46,49,39,31,22,47,66,59,64,60,54,59,44,25,23,17,11,4,F,2011
E01021757,Epping Forest 006B,840,39,26,25,25,27,40,64,50,55,48,58,53,64,50,60,54,48,30,24,F,2011
E01021758,Epping Forest 006C,836,41,25,28,38,30,49,75,65,50,55,45,38,61,70,39,36,36,30,25,F,2011
E01021759,Epping Forest 006D,779,59,48,60,32,19,32,58,73,68,56,53,48,52,25,24,27,18,16,11,F,2011
E01021811,Epping Forest 007A,736,43,40,31,38,42,37,48,49,67,55,42,53,59,40,28,28,18,11,7,F,2011
E01021813,Epping Forest 007B,689,37,23,27,33,41,37,37,35,39,58,51,50,58,53,40,24,22,18,6,F,2011
E01021814,Epping Forest 007C,822,46,44,37,58,35,36,44,44,76,70,38,49,45,33,37,45,36,30,19,F,2011
E01021815,Epping Forest 007D,800,38,54,59,56,57,34,43,55,81,66,60,40,56,38,21,20,10,9,3,F,2011
E01021816,Epping Forest 007E,689,37,32,37,28,32,55,41,39,45,46,30,40,43,33,30,32,19,38,32,F,2011
E01021807,Epping Forest 008A,769,55,40,55,43,37,35,48,62,79,58,51,39,46,29,38,22,12,16,4,F,2011
E01021808,Epping Forest 008B,772,62,47,39,48,56,55,54,49,57,53,45,43,40,43,26,22,16,11,6,F,2011
E01021809,Epping Forest 008C,721,33,29,41,41,32,40,42,55,57,57,51,43,49,53,29,23,23,13,10,F,2011
E01021810,Epping Forest 008D,943,76,64,45,34,69,87,97,90,64,66,59,59,31,36,13,15,15,10,13,F,2011
E01021817,Epping Forest 008E,1270,93,90,65,71,63,89,101,128,130,92,75,55,54,51,42,31,20,13,7,F,2011
E01021806,Epping Forest 009A,1095,39,39,59,40,40,51,46,51,78,87,67,78,116,99,74,45,43,27,16,F,2011
E01021812,Epping Forest 009B,615,13,33,25,29,35,20,18,30,56,48,46,63,54,44,38,25,20,11,7,F,2011
E01021818,Epping Forest 009C,903,66,55,37,42,51,75,82,68,69,45,61,47,42,41,34,30,34,20,4,F,2011
E01021770,Epping Forest 010A,1036,48,59,51,44,39,47,61,69,80,61,81,70,86,65,48,56,33,21,17,F,2011
E01021803,Epping Forest 010B,666,26,33,26,48,22,22,20,33,56,66,45,58,62,27,31,30,29,17,15,F,2011
E01021804,Epping Forest 010C,766,36,31,47,37,31,35,41,38,50,62,50,45,46,48,31,26,42,39,31,F,2011
E01021805,Epping Forest 010D,666,33,47,50,35,29,12,24,41,52,65,54,39,43,33,21,29,36,14,9,F,2011
E01021774,Epping Forest 011A,706,43,35,38,46,49,51,61,59,77,51,54,30,19,18,22,13,16,18,6,F,2011
E01021775,Epping Forest 011B,776,53,47,59,58,50,42,46,51,71,74,40,42,26,22,27,18,25,18,7,F,2011
E01021776,Epping Forest 011C,725,30,26,39,40,51,45,49,31,48,48,28,45,44,52,32,26,35,34,22,F,2011
E01021777,Epping Forest 011D,722,38,37,40,61,46,30,48,44,67,67,42,30,40,32,25,24,19,16,16,F,2011
E01021778,Epping Forest 011E,729,52,38,33,46,49,62,50,53,53,73,55,33,26,18,23,25,17,16,7,F,2011
E01021779,Epping Forest 011F,772,55,38,33,28,70,79,60,45,56,59,55,38,36,31,15,16,22,25,11,F,2011
E01021786,Epping Forest 012A,646,49,35,38,20,43,49,39,46,41,63,40,35,35,30,24,25,13,8,13,F,2011
E01021787,Epping Forest 012B,776,31,44,47,53,39,25,45,53,60,70,70,49,59,44,32,25,13,14,3,F,2011
E01021788,Epping Forest 012C,815,45,33,50,47,51,35,49,55,60,70,55,53,55,46,33,28,27,13,10,F,2011
E01021789,Epping Forest 012D,809,37,43,64,47,59,31,28,33,55,83,68,54,52,42,25,23,33,20,12,F,2011
E01021790,Epping Forest 012E,790,67,46,66,56,49,62,67,57,61,52,33,40,28,19,15,22,22,18,10,F,2011
E01021791,Epping Forest 012F,790,44,32,39,59,43,34,47,64,69,70,53,43,52,36,26,30,16,21,12,F,2011
E01021771,Epping Forest 013A,812,51,55,37,39,55,77,82,61,51,60,47,43,27,29,30,20,26,12,10,F,2011
E01021772,Epping Forest 013B,755,25,42,44,41,55,29,51,42,61,52,63,44,53,37,31,31,25,16,13,F,2011
E01021773,Epping Forest 013C,808,55,42,39,59,67,58,61,63,65,76,48,24,37,26,25,14,17,15,17,F,2011
E01021783,Epping Forest 013D,819,39,36,45,55,43,34,45,56,73,63,71,50,49,41,41,37,20,12,9,F,2011
E01021784,Epping Forest 013E,817,46,51,42,53,38,55,62,68,68,63,56,36,36,38,39,25,24,16,1,F,2011
E01021780,Epping Forest 014A,760,29,52,60,51,36,29,40,42,76,71,52,53,45,37,25,22,17,10,13,F,2011
E01021781,Epping Forest 014B,752,45,33,28,38,29,35,47,66,60,72,59,35,55,51,32,26,21,13,7,F,2011
E01021782,Epping Forest 014C,730,30,27,41,32,27,49,38,47,53,61,58,43,49,32,30,26,36,32,19,F,2011
E01021785,Epping Forest 014D,851,43,63,51,62,43,61,71,58,74,64,68,47,47,27,20,22,12,14,4,F,2011
E01021742,Epping Forest 015A,722,53,41,56,50,39,28,49,60,63,63,44,43,41,26,23,22,11,6,4,F,2011
E01021743,Epping Forest 015B,942,51,42,33,38,37,73,75,63,65,63,42,50,40,48,43,44,52,48,35,F,2011
E01021744,Epping Forest 015C,784,41,40,42,41,34,42,59,72,60,79,54,45,52,39,31,24,15,7,7,F,2011
E01021745,Epping Forest 015D,811,52,50,38,52,46,45,58,73,76,48,50,49,46,40,21,20,25,12,10,F,2011
E01021746,Epping Forest 015E,943,69,45,49,46,35,59,59,72,66,73,53,66,54,39,37,46,34,25,16,F,2011
E01021747,Epping Forest 015F,917,59,44,36,44,35,57,51,51,61,70,56,54,60,62,30,28,39,43,37,F,2011
E01021748,Epping Forest 015G,865,56,46,41,38,42,51,73,71,79,70,76,35,47,48,18,28,18,19,9,F,2011
E01021749,Epping Forest 016A,1125,47,44,54,52,84,46,51,53,76,86,81,96,108,80,44,48,40,22,13,F,2011
E01021750,Epping Forest 016B,631,26,27,29,64,35,24,31,43,40,45,50,37,52,41,20,29,15,16,7,F,2011
E01021751,Epping Forest 016C,674,30,31,31,47,56,35,31,31,48,63,56,64,45,25,22,23,17,9,10,F,2011
E01021752,Epping Forest 016D,814,39,37,56,64,52,45,46,57,72,76,54,64,49,28,29,23,15,7,1,F,2011
E01021764,Epping Forest 017A,977,110,85,62,45,69,105,104,84,58,57,51,40,32,29,15,12,8,7,4,F,2011
E01021765,Epping Forest 017B,856,53,38,50,61,60,58,59,48,59,67,64,42,51,45,27,28,34,7,5,F,2011
E01021766,Epping Forest 017C,774,45,50,43,39,45,45,41,49,61,50,50,52,43,45,46,24,16,16,14,F,2011
E01021767,Epping Forest 017D,891,29,33,47,52,44,36,39,45,67,71,64,60,59,46,56,35,51,34,23,F,2011
E07000073,,42398,2967,2403,2382,2463,2518,3136,3034,2921,3027,3073,2825,2359,2093,1723,1561,1573,1267,700,373,F,2011
E01021854,Harlow 001A,826,43,31,36,44,50,43,51,37,39,73,79,65,66,44,35,33,34,16,7,F,2011
E01021855,Harlow 001B,740,52,48,48,34,35,36,45,47,46,53,42,60,41,43,20,32,34,8,16,F,2011
E01021856,Harlow 001C,760,37,38,45,48,48,35,44,47,51,62,50,43,48,38,42,32,24,13,15,F,2011
E01021857,Harlow 001D,1279,81,71,61,80,72,88,93,103,90,96,79,64,73,41,50,44,49,30,14,F,2011
E01021844,Harlow 002A,715,34,40,50,52,52,38,42,39,50,73,53,46,36,20,22,23,22,21,2,F,2011
E01021845,Harlow 002B,777,57,46,30,54,52,59,55,47,58,55,43,45,29,30,20,20,43,24,10,F,2011
E01021846,Harlow 002C,690,54,33,36,77,40,50,44,38,60,52,48,26,30,16,24,22,25,10,5,F,2011
E01021847,Harlow 002D,780,57,46,39,43,37,44,48,31,47,48,47,43,45,36,24,30,49,36,30,F,2011
E01021848,Harlow 002E,815,63,44,38,52,57,69,52,53,47,58,57,56,23,28,23,25,39,19,12,F,2011
E01021849,Harlow 003A,823,57,28,38,52,57,72,47,47,49,61,57,53,40,32,33,49,27,20,4,F,2011
E01021850,Harlow 003B,743,60,38,36,46,55,57,44,54,54,50,45,48,32,21,24,30,29,11,9,F,2011
E01021851,Harlow 003C,745,62,40,33,33,52,87,55,65,48,44,55,36,23,26,23,17,22,18,6,F,2011
E01021852,Harlow 003D,823,65,35,46,39,45,67,50,50,52,58,68,44,22,27,29,45,44,28,9,F,2011
E01021853,Harlow 003E,672,44,22,29,39,39,57,43,24,40,44,47,51,34,29,30,36,42,17,5,F,2011
E01021839,Harlow 004A,779,57,34,40,45,48,63,63,43,48,43,60,45,40,30,31,51,22,14,2,F,2011
E01021840,Harlow 004B,745,52,38,45,39,45,59,61,48,60,54,49,43,34,26,18,38,16,15,5,F,2011
E01021841,Harlow 004C,725,57,45,48,26,40,60,41,49,57,60,57,43,30,20,24,27,28,11,2,F,2011
E01021842,Harlow 004D,818,54,56,46,59,61,68,54,64,55,49,59,33,45,27,22,21,30,10,5,F,2011
E01021843,Harlow 004E,1091,99,36,36,43,119,173,110,68,48,56,66,40,34,25,27,37,35,25,14,F,2011
E01021824,Harlow 005A,875,64,90,73,32,23,48,85,97,104,60,48,38,32,31,18,23,7,1,1,F,2011
E01021825,Harlow 005B,837,82,55,75,36,29,76,80,99,76,72,34,26,31,27,19,8,6,4,2,F,2011
E01021826,Harlow 005C,811,60,54,61,40,32,52,48,71,90,68,60,42,40,39,22,20,8,3,1,F,2011
E01021827,Harlow 005D,868,71,59,41,40,36,74,92,81,69,79,51,46,35,36,27,17,6,6,2,F,2011
E01021828,Harlow 005E,1198,117,110,71,55,55,92,122,140,138,85,46,45,38,31,21,16,8,8,0,F,2011
E01021819,Harlow 006A,795,47,45,48,52,58,39,45,55,61,49,69,52,35,21,36,35,26,16,6,F,2011
E01021820,Harlow 006B,802,41,40,48,54,38,45,58,49,60,52,69,46,39,35,40,45,28,9,6,F,2011
E01021822,Harlow 006C,853,58,54,58,50,43,74,69,47,54,44,57,39,26,35,46,43,21,22,13,F,2011
E01021823,Harlow 006D,883,80,50,56,61,65,61,57,51,67,60,55,38,36,39,28,26,30,13,10,F,2011
E01021870,Harlow 006E,677,41,24,43,38,35,40,41,46,40,56,57,26,25,35,38,33,35,17,7,F,2011
E01021831,Harlow 007A,725,33,37,38,38,36,54,40,44,56,46,44,35,41,48,44,42,23,15,11,F,2011
E01021868,Harlow 007B,862,58,42,53,60,55,51,55,55,66,61,67,29,45,32,51,29,26,21,6,F,2011
E01021869,Harlow 007C,693,42,29,37,44,32,48,42,41,55,44,39,50,38,29,37,49,21,11,5,F,2011
E01021871,Harlow 007D,769,39,42,43,36,52,50,59,45,34,47,53,46,37,33,44,37,32,18,22,F,2011
E01021872,Harlow 007E,937,87,53,42,73,116,101,100,68,56,42,45,28,23,15,20,28,22,12,6,F,2011
E01021821,Harlow 008A,692,50,36,33,36,30,45,45,49,44,61,47,37,24,29,29,39,28,19,11,F,2011
E01021834,Harlow 008B,821,61,55,45,39,40,55,60,50,45,55,55,58,43,31,38,33,28,25,5,F,2011
E01021835,Harlow 008C,767,50,52,46,48,33,50,52,42,65,56,45,38,50,37,27,30,28,10,8,F,2011
E01021836,Harlow 008D,755,48,43,42,45,56,44,59,46,37,55,57,44,35,33,19,26,38,18,10,F,2011
E01021837,Harlow 008E,751,46,46,36,31,31,64,48,57,39,60,52,47,35,35,46,46,15,13,4,F,2011
E01021829,Harlow 009A,731,37,41,42,43,29,32,53,66,51,57,44,60,58,48,19,17,14,8,12,F,2011
E01021830,Harlow 009B,590,28,29,34,28,30,27,27,32,32,41,53,41,52,39,34,35,19,7,2,F,2011
E01021832,Harlow 009C,639,38,42,29,31,31,50,48,43,45,60,41,64,48,24,14,16,10,4,1,F,2011
E01021833,Harlow 009D,645,36,36,28,41,29,39,30,40,31,49,44,45,49,42,38,27,28,8,5,F,2011
E01021865,Harlow 009E,686,43,35,43,39,35,50,61,48,46,57,53,54,52,23,14,6,12,12,3,F,2011
E01021838,Harlow 010A,787,38,42,45,49,42,35,45,43,62,73,61,32,40,44,37,55,33,5,6,F,2011
E01021858,Harlow 010B,761,63,39,36,44,47,62,71,55,43,53,53,41,40,41,28,22,8,9,6,F,2011
E01021859,Harlow 010C,739,70,49,37,50,46,77,46,55,58,51,41,41,27,20,27,24,11,6,3,F,2011
E01021860,Harlow 010D,785,67,60,44,54,51,54,57,50,62,52,28,45,44,53,31,18,11,2,2,F,2011
E01021861,Harlow 010E,669,32,39,47,45,40,43,37,56,73,50,41,32,36,17,24,25,20,7,5,F,2011
E01021862,Harlow 011A,759,52,50,53,50,64,40,55,48,69,63,42,35,34,39,26,26,9,3,1,F,2011
E01021863,Harlow 011B,779,66,52,54,53,63,54,60,44,46,69,56,32,47,36,22,11,5,5,4,F,2011
E01021864,Harlow 011C,711,59,38,47,49,48,69,53,58,52,49,49,39,34,25,19,8,11,3,1,F,2011
E01021866,Harlow 011D,686,60,29,28,35,30,74,59,50,49,51,57,48,37,17,14,17,12,9,10,F,2011
E01021867,Harlow 011E,714,18,37,46,39,34,42,33,46,53,57,51,56,62,45,43,29,14,5,4,F,2011
E07000074,,31234,1447,1578,1777,1706,1369,1215,1458,1915,2507,2472,2293,2179,2558,2114,1520,1162,923,573,468,F,2011
E01021908,Maldon 001A,1001,50,53,51,60,41,32,54,77,81,77,60,85,95,62,55,31,19,10,8,F,2011
E01021909,Maldon 001B,678,22,37,35,37,23,28,21,42,50,65,58,50,63,37,38,22,22,10,18,F,2011
E01021910,Maldon 001C,745,28,35,44,35,38,26,41,45,62,58,59,50,55,58,41,21,18,18,13,F,2011
E01021911,Maldon 001D,634,12,32,31,40,22,10,22,43,50,56,60,50,67,54,39,23,11,6,6,F,2011
E01021882,Maldon 002A,1051,49,51,52,53,23,24,43,54,74,82,77,77,114,89,66,35,44,22,22,F,2011
E01021883,Maldon 002B,803,45,49,41,39,33,27,42,51,80,59,49,66,74,60,32,19,18,14,5,F,2011
E01021912,Maldon 002C,1019,39,47,54,57,22,30,27,58,61,80,82,73,107,89,58,59,40,21,15,F,2011
E01021913,Maldon 002D,752,28,35,59,49,27,13,20,36,66,84,56,55,60,54,47,24,18,15,6,F,2011
E01021884,Maldon 003A,711,42,37,41,34,60,67,57,46,45,55,52,38,54,34,24,11,10,4,0,F,2011
E01021885,Maldon 003B,551,24,23,29,29,21,16,18,38,42,54,50,46,55,36,25,15,16,11,3,F,2011
E01021886,Maldon 003C,733,48,40,37,38,41,30,38,49,61,66,60,57,57,37,34,18,13,9,0,F,2011
E01021887,Maldon 003D,1161,79,86,84,56,42,58,73,124,105,86,72,58,69,56,40,28,18,13,14,F,2011
E01021888,Maldon 003E,994,87,47,50,47,66,48,61,67,72,52,48,62,65,50,35,37,36,27,37,F,2011
E01021889,Maldon 004A,1144,51,48,90,53,66,61,66,85,108,84,73,51,74,54,50,44,42,28,16,F,2011
E01021890,Maldon 004B,870,50,33,40,28,48,55,44,41,72,66,50,47,62,54,31,57,36,31,25,F,2011
E01021891,Maldon 004C,806,14,21,24,33,15,22,32,31,51,59,41,48,64,55,75,69,67,47,38,F,2011
E01021892,Maldon 004D,560,36,24,34,32,32,20,29,31,35,29,35,31,39,36,25,27,30,20,15,F,2011
E01021893,Maldon 005A,791,34,57,59,48,25,24,33,58,87,73,75,35,46,48,42,21,16,3,7,F,2011
E01021894,Maldon 005B,659,26,30,53,49,26,31,31,53,58,41,37,38,38,37,34,24,22,18,13,F,2011
E01021895,Maldon 005C,647,27,42,43,43,38,31,32,41,52,46,44,48,61,32,29,19,13,3,3,F,2011
E01021896,Maldon 005D,670,28,38,48,49,32,13,22,33,63,69,56,42,47,50,36,18,15,7,4,F,2011
E01021897,Maldon 005E,591,18,25,37,55,33,24,19,22,55,65,59,34,47,37,28,17,9,5,2,F,2011
E01021898,Maldon 005F,650,27,30,22,28,25,15,28,25,41,42,43,48,65,61,45,36,35,21,13,F,2011
E01021901,Maldon 006A,940,50,50,47,49,28,43,43,55,74,70,64,74,77,80,37,35,32,16,16,F,2011
E01021904,Maldon 006B,748,54,63,50,40,35,28,46,46,58,56,71,52,44,33,26,15,15,11,5,F,2011
E01021905,Maldon 006C,620,37,30,44,39,31,32,32,46,54,35,28,31,57,50,20,22,14,9,9,F,2011
E01021906,Maldon 006D,772,35,43,52,45,35,40,48,51,65,58,55,45,55,41,22,22,22,18,20,F,2011
E01021907,Maldon 006E,1074,53,47,41,52,43,41,53,44,91,99,85,88,108,62,46,40,40,21,20,F,2011
E01021873,Maldon 007A,670,17,43,45,44,34,17,22,44,62,68,46,65,54,46,26,16,10,8,3,F,2011
E01021874,Maldon 007B,693,25,36,51,46,39,29,34,49,61,60,68,42,48,32,34,20,6,8,5,F,2011
E01021875,Maldon 007C,706,20,18,27,33,26,27,20,25,43,44,42,76,71,58,58,44,27,21,26,F,2011
E01021899,Maldon 007D,677,31,27,59,39,44,20,32,45,67,50,63,56,52,32,23,19,11,5,2,F,2011
E01021900,Maldon 007E,550,32,37,39,25,27,23,17,38,51,57,47,26,36,31,20,13,17,9,5,F,2011
E01021902,Maldon 007F,887,26,50,58,68,32,26,25,44,83,74,90,73,76,71,42,35,10,1,3,F,2011
E01021903,Maldon 007G,802,29,37,52,41,40,25,31,58,51,65,83,52,70,68,37,23,22,12,6,F,2011
E01021878,Maldon 008C,713,25,30,31,32,21,21,35,32,51,51,46,45,70,71,37,41,34,23,17,F,2011
E01021879,Maldon 008D,691,42,25,25,39,34,34,36,53,51,53,41,49,64,45,35,24,18,16,7,F,2011
E01021880,Maldon 008E,718,30,22,20,25,27,35,43,37,43,45,47,71,53,70,37,50,33,11,19,F,2011
E01021881,Maldon 008F,590,30,25,17,36,33,33,34,33,34,40,41,48,50,47,28,28,21,6,6,F,2011
E01033057,Maldon 008G,1162,47,75,61,61,41,36,54,65,97,99,80,97,95,97,63,40,23,15,16,F,2011
E07000075,,42523,2108,2146,2510,2540,1984,1822,2107,2666,3354,3274,2901,2671,3114,2618,2042,1821,1394,928,523,F,2011
E01021942,Rochford 001A,798,18,25,32,23,23,17,26,23,42,40,47,68,101,107,80,50,42,22,12,F,2011
E01021943,Rochford 001B,905,29,36,49,71,39,32,29,43,64,72,64,69,87,76,57,28,27,18,15,F,2011
E01021944,Rochford 001C,817,29,33,48,50,38,27,26,60,66,67,58,59,79,62,50,28,16,14,7,F,2011
E01021945,Rochford 001D,784,27,29,26,63,45,28,27,40,59,63,52,54,74,69,47,34,22,13,12,F,2011
E01021914,Rochford 002A,1048,49,49,70,64,45,29,46,64,94,93,82,69,80,80,50,34,27,18,5,F,2011
E01021927,Rochford 002B,686,31,32,53,55,35,22,23,41,53,61,60,59,48,57,23,19,8,5,1,F,2011
E01021928,Rochford 002C,835,31,36,40,63,42,30,50,40,65,57,66,54,67,45,47,33,31,21,17,F,2011
E01021929,Rochford 002D,819,52,43,56,64,47,27,45,50,69,85,67,63,45,30,28,25,8,9,6,F,2011
E01021931,Rochford 002E,688,31,27,32,31,28,20,29,30,50,56,43,30,58,58,50,57,29,14,15,F,2011
E01021933,Rochford 003A,659,17,33,46,42,30,21,20,40,66,69,43,55,52,43,27,22,17,11,5,F,2011
E01021934,Rochford 003B,715,31,36,52,42,29,29,27,43,64,59,58,41,45,49,38,29,15,20,8,F,2011
E01021935,Rochford 003C,696,29,23,42,48,29,26,35,37,63,48,59,42,49,60,35,33,23,8,7,F,2011
E01021936,Rochford 003D,891,28,27,51,62,40,23,34,38,69,72,54,48,53,62,57,49,59,43,22,F,2011
E01021937,Rochford 003E,817,41,38,49,37,39,54,44,65,57,68,59,55,51,43,33,33,28,17,6,F,2011
E01021938,Rochford 003F,803,29,32,53,38,32,20,31,41,61,52,47,51,68,70,41,63,36,25,13,F,2011
E01021939,Rochford 003G,866,45,41,49,52,45,29,37,52,70,72,71,48,51,52,46,36,41,19,10,F,2011
E01021940,Rochford 003H,1064,34,66,79,72,36,41,32,68,103,80,84,69,92,68,41,47,26,23,3,F,2011
E01021941,Rochford 003I,1068,41,55,83,77,51,32,39,54,94,96,78,78,96,69,49,34,27,8,7,F,2011
E01021915,Rochford 004A,673,29,37,32,29,29,29,34,39,55,55,57,51,58,30,16,26,26,22,19,F,2011
E01021916,Rochford 004B,556,40,35,36,32,22,19,34,32,42,35,42,37,44,37,19,18,19,12,1,F,2011
E01021953,Rochford 004C,782,61,52,58,74,64,44,41,60,65,57,38,33,29,23,27,15,17,18,6,F,2011
E01021955,Rochford 004D,973,79,39,48,60,74,71,58,70,72,49,34,39,45,49,50,28,46,31,31,F,2011
E01021918,Rochford 005A,778,37,63,52,44,31,33,43,56,68,66,54,59,49,37,33,25,15,8,5,F,2011
E01021919,Rochford 005B,661,29,25,36,42,42,26,32,27,58,34,54,42,61,32,41,32,27,11,10,F,2011
E01021925,Rochford 005C,842,39,43,51,60,43,38,40,54,81,54,45,60,48,51,37,44,30,13,11,F,2011
E01021960,Rochford 005D,1023,43,44,55,61,36,22,33,55,73,82,69,70,85,72,71,66,46,28,12,F,2011
E01021961,Rochford 005E,775,32,29,46,32,39,27,33,50,60,51,46,45,60,59,62,59,18,21,6,F,2011
E01021920,Rochford 006A,1004,78,65,62,51,45,62,65,97,89,83,75,59,49,52,23,16,14,15,4,F,2011
E01021926,Rochford 006B,1085,84,87,68,30,48,84,91,115,94,62,48,38,49,44,43,44,28,17,11,F,2011
E01021957,Rochford 006C,736,48,39,39,33,30,47,56,58,36,56,55,56,46,39,35,18,22,19,4,F,2011
E01021958,Rochford 006D,646,46,42,34,23,29,59,61,51,56,55,51,25,40,23,19,14,10,4,4,F,2011
E01021959,Rochford 006E,889,63,75,69,60,44,44,61,85,70,81,43,34,50,39,27,18,12,9,5,F,2011
E01021930,Rochford 007A,659,43,33,34,30,39,51,60,44,56,39,44,26,39,38,17,36,12,12,6,F,2011
E01021932,Rochford 007B,774,48,26,48,45,36,33,41,42,63,53,55,46,50,43,50,40,29,22,4,F,2011
E01021952,Rochford 007C,767,35,39,53,35,31,32,47,52,60,55,52,48,42,52,33,32,17,29,23,F,2011
E01021954,Rochford 007D,776,44,41,46,54,32,52,52,47,60,69,49,40,50,35,27,23,22,21,12,F,2011
E01021956,Rochford 007E,756,50,38,29,37,27,49,47,49,54,41,57,70,52,32,36,43,21,16,8,F,2011
E01021950,Rochford 008A,752,37,36,40,38,44,30,37,37,63,65,43,58,60,45,36,36,19,21,7,F,2011
E01021951,Rochford 008B,673,32,34,41,48,37,20,31,39,58,52,39,39,46,47,35,33,15,20,7,F,2011
E01021962,Rochford 008C,675,31,29,35,28,45,45,46,37,40,39,39,28,44,34,31,33,35,30,26,F,2011
E01021963,Rochford 008D,684,30,45,38,37,25,18,29,48,52,51,54,43,49,47,33,32,31,11,11,F,2011
E01021964,Rochford 008E,828,37,50,38,51,28,42,46,53,65,54,46,51,56,52,32,49,43,23,12,F,2011
E01021966,Rochford 008F,938,44,38,55,57,38,39,51,54,59,66,52,36,71,48,44,49,60,52,25,F,2011
E01021946,Rochford 009A,776,31,39,56,56,44,24,26,44,53,66,69,56,64,62,39,25,13,9,0,F,2011
E01021947,Rochford 009B,608,22,25,29,41,19,18,19,30,49,43,43,33,69,40,42,38,29,11,8,F,2011
E01021948,Rochford 009C,680,36,38,30,40,45,39,34,59,48,59,44,41,43,35,33,26,15,9,6,F,2011
E01021949,Rochford 009D,769,34,41,31,42,37,26,28,52,54,62,43,52,64,45,49,37,42,19,11,F,2011
E01021965,Rochford 009E,1164,58,52,48,56,44,44,52,79,81,88,72,78,93,74,60,77,69,19,20,F,2011
E01021917,Rochford 010A,925,51,59,70,48,39,25,49,52,79,75,80,69,77,43,35,24,29,16,5,F,2011
E01021921,Rochford 010B,774,38,41,56,45,36,49,36,54,65,75,49,56,71,39,23,23,11,3,4,F,2011
E01021922,Rochford 010C,823,46,42,54,47,31,29,33,34,65,64,51,44,60,46,41,48,41,32,15,F,2011
E01021923,Rochford 010D,694,37,37,37,50,28,22,40,42,50,67,61,52,52,46,20,21,16,11,5,F,2011
E01021924,Rochford 010E,646,24,27,46,70,30,23,21,40,52,61,56,45,53,28,24,19,13,6,8,F,2011
E07000076,,71989,3361,3148,3655,3952,3188,2876,2944,3531,4495,4885,4545,4590,5977,5460,4479,3887,3231,2319,1466,F,2011
E01021997,Tendring 001A,631,52,32,37,41,42,47,37,37,39,33,42,42,42,33,28,17,12,14,4,F,2011
E01021998,Tendring 001B,674,40,30,39,56,50,37,35,38,51,46,46,42,36,36,36,20,19,13,4,F,2011
E01021999,Tendring 001C,919,48,52,56,46,44,42,49,48,49,77,45,49,71,43,50,46,30,42,32,F,2011
E01022001,Tendring 001D,833,61,42,34,46,69,66,49,49,46,60,54,48,49,41,26,23,26,17,27,F,2011
E01022000,Tendring 002A,854,55,62,61,53,41,47,46,42,69,64,43,54,54,38,46,37,25,11,6,F,2011
E01022006,Tendring 002C,865,60,50,46,68,48,50,43,56,60,54,43,47,49,51,42,32,32,22,12,F,2011
E01022007,Tendring 002D,854,59,47,62,65,37,61,49,39,60,70,63,60,59,41,22,24,22,10,4,F,2011
E01033051,Tendring 002F,1215,68,60,66,69,68,57,76,54,73,96,69,59,73,90,74,70,51,31,11,F,2011
E01021978,Tendring 003A,1137,41,60,74,61,35,31,43,72,64,114,91,93,108,85,61,49,23,22,10,F,2011
E01022013,Tendring 003B,783,35,47,29,56,29,33,44,46,47,60,47,66,63,64,33,36,22,15,11,F,2011
E01022014,Tendring 003C,716,31,39,37,47,37,24,26,34,65,55,53,39,54,43,47,33,21,19,12,F,2011
E01022015,Tendring 003D,743,39,43,43,46,47,42,49,50,72,76,44,45,41,35,19,22,13,15,2,F,2011
E01022019,Tendring 003E,752,29,34,37,39,31,24,27,40,58,73,59,68,66,49,36,32,20,13,17,F,2011
E01022020,Tendring 003F,935,40,48,55,35,40,53,47,60,60,66,70,59,68,57,43,48,40,26,20,F,2011
E01022021,Tendring 003G,704,52,36,43,39,36,35,40,46,45,54,56,39,49,41,27,29,23,4,10,F,2011
E01021991,Tendring 004A,501,17,23,29,26,13,16,14,34,32,42,43,47,34,46,24,26,19,8,8,F,2011
E01021992,Tendring 004B,596,32,39,31,26,29,25,36,36,35,53,50,37,43,32,25,21,24,18,4,F,2011
E01022002,Tendring 004C,994,54,57,69,63,28,35,46,67,81,71,46,76,84,53,48,49,39,18,10,F,2011
E01022004,Tendring 004D,872,33,35,40,40,33,40,43,34,63,39,52,57,92,80,58,57,31,26,19,F,2011
E01022005,Tendring 004E,869,44,39,38,43,29,28,31,43,73,67,50,61,73,60,51,47,47,26,19,F,2011
E01022028,Tendring 004F,700,28,51,41,39,20,24,30,39,55,52,56,49,60,53,31,16,30,16,10,F,2011
E01021971,Tendring 005A,505,14,21,36,30,13,15,20,24,36,46,48,49,49,33,29,18,15,5,4,F,2011
E01021972,Tendring 005B,628,38,30,36,38,26,28,27,39,58,62,49,40,42,40,26,24,12,7,6,F,2011
E01022051,Tendring 005C,709,21,37,48,30,21,20,21,41,63,60,59,57,61,49,36,32,22,20,11,F,2011
E01022052,Tendring 005D,737,42,41,37,47,33,18,34,49,55,45,55,51,55,55,36,37,22,17,8,F,2011
E01021985,Tendring 006A,720,36,25,22,23,18,22,20,27,33,41,42,38,75,77,49,62,41,39,30,F,2011
E01021986,Tendring 006B,795,20,23,29,32,35,21,16,28,34,45,50,48,52,82,54,49,64,61,52,F,2011
E01022054,Tendring 006C,798,35,31,33,45,23,19,28,30,48,47,45,48,65,63,60,61,45,36,36,F,2011
E01022055,Tendring 006D,751,17,30,31,16,21,19,27,32,24,29,34,50,81,62,70,62,63,48,35,F,2011
E01022056,Tendring 006E,814,54,36,41,46,44,33,35,46,45,59,49,49,77,59,43,26,32,28,12,F,2011
E01021973,Tendring 007A,569,18,33,35,31,17,15,20,27,43,47,40,54,51,52,30,23,19,11,3,F,2011
E01021974,Tendring 007B,579,33,27,23,43,28,32,30,24,47,53,49,47,41,37,23,14,14,7,7,F,2011
E01022016,Tendring 007C,897,28,28,38,41,34,17,26,37,41,51,66,61,115,98,64,61,41,31,19,F,2011
E01022017,Tendring 007D,712,40,35,35,41,23,24,33,37,56,59,57,42,74,50,29,37,27,6,7,F,2011
E01022018,Tendring 007E,738,32,35,32,31,32,24,25,59,46,50,35,54,70,60,49,42,36,18,8,F,2011
E01021987,Tendring 008A,667,22,22,30,25,14,12,17,24,42,35,23,44,88,67,54,43,38,48,19,F,2011
E01021994,Tendring 008B,610,14,11,16,17,18,9,16,18,30,34,37,22,55,74,74,50,51,40,24,F,2011
E01021995,Tendring 008C,731,30,24,31,24,22,19,27,22,33,36,45,44,59,65,59,59,65,45,22,F,2011
E01021996,Tendring 008D,750,27,28,43,46,27,22,27,25,46,51,39,34,41,51,51,61,62,42,27,F,2011
E01022009,Tendring 008E,715,18,31,33,31,21,15,23,26,40,55,49,49,93,70,53,49,24,20,15,F,2011
E01022010,Tendring 008F,816,31,36,38,42,33,28,30,33,53,57,42,46,74,65,63,60,43,20,22,F,2011
E01022011,Tendring 008G,932,44,44,57,57,38,32,35,47,73,59,60,79,73,69,49,33,38,30,15,F,2011
E01022012,Tendring 008H,1083,25,30,26,40,23,26,38,21,41,44,45,61,97,110,105,115,111,79,46,F,2011
E01021967,Tendring 009A,1038,48,52,53,65,30,42,40,64,62,82,77,71,78,94,61,53,30,22,14,F,2011
E01021983,Tendring 009B,680,14,13,29,44,21,20,29,27,46,54,45,57,60,74,39,34,40,19,15,F,2011
E01021993,Tendring 009C,1142,51,50,50,66,43,30,38,86,84,94,82,67,113,81,61,48,37,34,27,F,2011
E01022053,Tendring 009D,895,35,36,44,38,35,26,44,46,53,69,80,80,85,59,47,39,27,26,26,F,2011
E01021984,Tendring 010A,1089,36,37,31,26,49,31,29,28,51,64,66,91,108,121,115,89,54,44,19,F,2011
E01022039,Tendring 010B,798,39,42,51,66,43,34,31,44,74,44,52,47,42,52,40,33,38,15,11,F,2011
E01022040,Tendring 010C,915,36,25,44,43,28,25,31,34,56,54,55,51,103,103,78,51,49,35,14,F,2011
E01022041,Tendring 010D,792,24,22,27,33,37,40,21,31,42,39,46,51,73,78,74,59,47,31,17,F,2011
E01021979,Tendring 011A,774,31,43,60,52,24,26,38,41,68,59,42,42,61,52,44,38,26,19,8,F,2011
E01021980,Tendring 011B,903,36,33,44,47,38,29,36,50,59,49,53,49,80,74,68,52,28,37,41,F,2011
E01021981,Tendring 011C,855,34,31,40,53,31,30,27,59,65,61,49,55,79,59,52,52,32,28,18,F,2011
E01021982,Tendring 011D,913,64,42,45,57,51,57,65,62,72,72,65,54,74,49,30,21,17,11,5,F,2011
E01022046,Tendring 011E,787,24,36,29,47,32,21,22,25,55,63,53,47,81,78,60,50,31,22,11,F,2011
E01022008,Tendring 012A,1073,24,27,36,39,20,26,20,40,49,55,53,63,116,146,98,87,78,52,44,F,2011
E01022033,Tendring 012B,745,17,10,13,31,20,11,16,26,24,32,48,44,94,91,73,73,71,36,15,F,2011
E01022034,Tendring 012C,812,24,14,22,27,25,26,17,33,33,45,35,54,106,92,85,58,43,42,31,F,2011
E01022035,Tendring 012D,797,19,23,35,32,23,17,25,27,37,42,43,58,88,84,58,73,58,40,15,F,2011
E01021975,Tendring 013A,793,48,36,40,44,57,51,39,46,53,54,46,35,51,55,44,35,33,19,7,F,2011
E01021976,Tendring 013B,735,33,30,41,43,40,36,38,27,43,46,45,64,54,42,41,50,31,20,11,F,2011
E01021977,Tendring 013C,869,44,54,45,52,40,33,45,38,47,63,46,51,73,59,61,39,43,24,12,F,2011
E01022022,Tendring 013D,741,42,45,52,50,34,39,39,46,54,62,44,50,58,41,29,21,21,7,7,F,2011
E01022044,Tendring 013E,843,28,28,45,48,28,35,35,33,54,46,56,54,87,62,62,62,46,19,15,F,2011
E01022042,Tendring 014A,797,48,34,57,47,42,37,35,31,49,53,45,47,61,56,47,42,29,26,11,F,2011
E01022043,Tendring 014B,953,67,51,71,78,81,59,65,59,68,67,66,49,44,31,27,24,24,15,7,F,2011
E01022048,Tendring 014C,867,26,16,35,40,38,16,24,23,41,55,32,45,87,70,67,60,69,73,50,F,2011
E01022049,Tendring 014D,786,26,30,50,67,43,23,23,45,54,51,45,43,64,52,38,51,31,27,23,F,2011
E01022050,Tendring 014E,896,33,31,29,32,47,45,17,38,40,50,44,54,70,77,80,67,51,51,40,F,2011
E01022023,Tendring 015A,762,54,38,43,57,51,33,37,41,54,55,45,47,54,47,43,24,16,17,6,F,2011
E01022024,Tendring 015B,818,63,44,59,46,48,38,36,36,56,46,59,61,48,45,38,32,28,22,13,F,2011
E01022030,Tendring 015C,853,50,26,41,56,48,29,49,37,45,63,49,39,59,66,56,63,44,19,14,F,2011
E01022031,Tendring 015D,708,74,48,49,61,48,45,47,45,39,54,47,36,35,27,17,15,10,7,4,F,2011
E01022032,Tendring 015E,962,51,62,79,69,47,58,44,63,58,52,51,45,64,69,51,44,29,19,7,F,2011
E01021970,Tendring 016A,891,81,37,54,50,64,51,43,47,43,48,58,45,48,46,48,43,43,29,13,F,2011
E01022025,Tendring 016B,796,42,22,21,46,65,51,29,32,29,43,42,40,49,46,49,45,66,46,33,F,2011
E01022026,Tendring 016C,807,47,50,54,77,56,60,34,48,67,62,51,38,42,23,32,24,17,17,8,F,2011
E01022027,Tendring 016D,846,43,23,47,49,62,40,36,42,57,48,53,50,46,46,48,38,51,45,22,F,2011
E01021968,Tendring 017A,946,78,55,56,69,66,53,49,69,74,66,69,49,42,41,35,24,24,18,9,F,2011
E01021969,Tendring 017B,769,48,51,45,65,41,36,37,41,56,49,54,57,57,39,35,25,20,6,7,F,2011
E01022036,Tendring 017C,657,28,23,27,32,36,34,30,33,36,40,44,43,53,52,66,31,36,4,9,F,2011
E01022037,Tendring 017D,822,29,17,31,42,37,26,17,13,28,49,44,40,64,60,62,64,67,76,56,F,2011
E01022038,Tendring 017E,777,25,36,46,54,29,32,24,35,47,58,54,38,64,63,54,37,37,31,13,F,2011
E01021988,Tendring 018A,869,39,32,40,29,42,35,20,39,49,60,80,80,93,66,59,35,32,29,10,F,2011
E01021989,Tendring 018B,767,21,18,18,21,9,21,14,19,18,36,35,57,89,123,104,66,52,33,13,F,2011
E01021990,Tendring 018C,832,23,19,29,21,27,29,24,22,35,46,69,54,89,97,69,85,54,27,13,F,2011
E01022045,Tendring 018D,743,30,45,48,28,23,19,20,47,52,48,48,35,67,65,64,41,37,16,10,F,2011
E01022047,Tendring 018E,673,27,27,33,33,19,34,30,33,35,50,40,59,68,48,37,38,30,20,12,F,2011
E07000077,,40478,2208,2483,2577,2467,1796,1766,2181,2671,3302,3433,3030,2502,2639,2121,1589,1328,1125,734,526,F,2011
E01022057,Uttlesford 001A,889,34,64,55,67,29,32,38,42,67,97,83,52,71,47,30,35,30,10,6,F,2011
E01022075,Uttlesford 001B,939,44,58,58,53,37,32,37,60,65,77,88,50,61,42,37,55,33,23,29,F,2011
E01022077,Uttlesford 001C,798,35,34,54,54,27,28,35,63,72,67,64,64,70,38,31,29,22,8,3,F,2011
E01022094,Uttlesford 001D,881,56,72,65,54,20,32,30,63,72,68,79,61,47,39,45,26,36,11,5,F,2011
E01022074,Uttlesford 002A,795,44,48,65,52,44,34,52,50,73,63,47,36,44,44,32,23,24,15,5,F,2011
E01022076,Uttlesford 002B,900,36,38,34,29,31,33,50,36,56,42,59,46,54,56,43,59,79,69,50,F,2011
E01022078,Uttlesford 002C,798,44,47,58,55,29,49,48,79,56,53,51,48,55,36,28,25,16,14,7,F,2011
E01022079,Uttlesford 002D,894,52,41,49,36,38,43,45,61,69,72,62,65,56,50,28,31,42,25,29,F,2011
E01022080,Uttlesford 002E,760,40,40,47,47,65,64,63,52,63,68,81,50,28,15,10,9,11,5,2,F,2011
E01022081,Uttlesford 002F,1236,76,76,74,67,74,53,69,74,83,82,81,64,58,52,61,44,56,66,26,F,2011
E01022082,Uttlesford 002G,879,31,43,71,74,42,44,50,61,70,85,71,67,53,33,41,22,11,8,2,F,2011
E01022061,Uttlesford 003A,752,33,50,47,39,29,20,20,37,61,70,63,52,63,54,42,27,27,10,8,F,2011
E01022071,Uttlesford 003B,869,30,64,62,75,16,31,32,61,71,84,66,65,62,47,38,37,15,8,5,F,2011
E01022072,Uttlesford 003C,955,51,66,57,57,36,31,38,64,92,93,83,56,68,41,38,29,26,19,10,F,2011
E01022073,Uttlesford 003D,779,38,29,51,60,26,35,42,41,42,85,69,60,66,33,28,24,26,12,12,F,2011
E01022098,Uttlesford 003E,767,32,53,48,47,26,16,28,45,65,71,73,58,77,40,32,22,17,9,8,F,2011
E01022092,Uttlesford 004A,882,51,53,59,47,34,25,38,55,74,72,64,64,65,78,33,32,16,15,7,F,2011
E01022093,Uttlesford 004B,924,36,47,52,52,41,27,43,70,69,66,71,42,50,61,42,42,50,37,26,F,2011
E01022097,Uttlesford 004C,953,27,58,75,62,39,23,30,41,86,106,91,63,61,54,49,45,24,11,8,F,2011
E01022099,Uttlesford 004D,1107,80,104,73,60,57,74,83,87,79,72,62,69,65,50,34,21,25,7,5,F,2011
E01022062,Uttlesford 005A,1069,56,82,64,65,52,36,36,70,83,99,96,86,67,70,34,35,20,12,6,F,2011
E01022063,Uttlesford 005B,814,55,49,40,47,54,37,38,54,72,75,60,57,55,40,23,25,18,11,4,F,2011
E01022083,Uttlesford 005C,869,41,51,36,42,34,31,52,46,58,81,64,54,71,53,42,29,33,32,19,F,2011
E01022084,Uttlesford 005D,809,48,37,49,56,39,26,34,42,65,67,64,52,72,54,39,29,16,10,10,F,2011
E01022085,Uttlesford 005E,788,63,34,29,41,44,67,95,52,61,76,51,35,32,31,28,18,14,11,6,F,2011
E01022087,Uttlesford 005F,921,80,39,52,46,46,59,78,86,66,64,63,66,49,43,25,23,13,7,16,F,2011
E01022089,Uttlesford 005G,785,35,55,63,34,20,22,47,49,68,77,55,62,71,53,34,19,9,5,7,F,2011
E01022086,Uttlesford 006A,675,47,44,37,42,36,50,47,55,50,58,50,35,30,20,21,25,10,16,2,F,2011
E01022090,Uttlesford 006B,1210,93,80,80,56,81,92,95,91,101,91,83,62,59,49,35,27,20,8,7,F,2011
E01022091,Uttlesford 006C,1182,69,79,81,54,59,68,88,88,100,80,73,69,82,85,43,34,16,9,5,F,2011
E01022095,Uttlesford 006D,791,37,50,56,48,37,24,29,47,77,74,62,49,63,51,19,23,19,16,10,F,2011
E01022067,Uttlesford 007B,946,48,42,36,41,50,88,61,68,75,56,37,55,52,42,41,38,28,34,54,F,2011
E01022068,Uttlesford 007C,822,51,55,61,53,36,29,45,47,72,81,64,44,52,41,28,24,27,6,6,F,2011
E01033054,Uttlesford 007D,546,40,38,40,19,21,49,50,43,47,34,34,22,30,26,18,12,15,6,2,F,2011
E01033055,Uttlesford 007E,761,51,59,55,59,23,20,31,53,91,84,75,31,36,23,21,27,12,8,2,F,2011
E01033056,Uttlesford 007F,698,38,43,44,48,29,34,27,56,50,61,36,33,57,43,32,31,22,8,6,F,2011
E01022058,Uttlesford 008A,836,41,38,56,70,38,24,33,46,70,92,75,51,69,49,32,19,20,11,2,F,2011
E01022064,Uttlesford 008B,891,32,46,58,40,36,18,28,43,71,76,80,74,81,63,52,38,27,20,8,F,2011
E01022069,Uttlesford 008D,831,29,40,53,40,28,36,32,50,64,58,38,57,53,59,47,42,41,34,30,F,2011
E01022088,Uttlesford 008E,783,26,41,41,54,39,20,24,41,60,70,63,85,73,43,37,30,17,13,6,F,2011
E01033052,Uttlesford 008F,955,45,57,71,142,30,30,42,53,79,73,54,49,43,58,34,25,36,14,20,F,2011
E01033053,Uttlesford 008G,970,118,107,77,49,41,52,118,124,107,57,42,20,21,10,8,14,5,0,0,F,2011
E01022059,Uttlesford 009A,821,36,52,52,45,34,35,47,49,76,79,61,44,55,47,41,24,22,15,7,F,2011
E01022060,Uttlesford 009B,994,59,56,51,74,55,25,39,51,80,101,96,60,67,45,54,27,31,13,10,F,2011
E01022070,Uttlesford 009C,1007,58,65,77,60,51,32,42,62,92,93,58,52,64,65,44,23,29,16,24,F,2011
E01022096,Uttlesford 009D,947,42,59,64,55,43,36,52,63,82,83,88,66,61,48,35,30,19,17,4,F,2011
E07000095,,48296,3029,2706,2833,2868,2782,2923,3165,3260,3836,3766,3148,2666,2699,2258,2031,1755,1360,795,416,F,2011
E01023316,Broxbourne 001A,726,31,44,52,44,42,22,42,47,58,57,58,46,58,55,42,12,10,5,1,F,2011
E01023317,Broxbourne 001B,1320,94,89,76,82,78,74,97,125,115,84,79,61,59,56,56,26,27,19,23,F,2011
E01023318,Broxbourne 001C,832,40,45,53,56,43,39,40,61,61,64,56,60,72,66,30,25,14,7,0,F,2011
E01023319,Broxbourne 001D,801,34,33,34,49,37,20,35,39,62,64,51,61,64,55,64,51,24,18,6,F,2011
E01023327,Broxbourne 002A,758,64,50,49,47,37,46,48,66,57,55,35,37,37,36,29,23,25,10,7,F,2011
E01023328,Broxbourne 002B,705,38,49,45,50,46,43,56,53,55,72,44,30,29,22,19,23,16,9,6,F,2011
E01023329,Broxbourne 002C,670,39,41,47,35,20,31,46,40,50,53,43,49,46,24,35,32,21,12,6,F,2011
E01023330,Broxbourne 002D,754,65,53,32,50,45,53,74,72,66,50,44,29,37,25,23,18,11,6,1,F,2011
E01023331,Broxbourne 002E,800,47,56,53,44,46,44,57,69,62,66,46,44,45,34,32,27,14,11,3,F,2011
E01023320,Broxbourne 003A,979,62,43,32,41,67,97,84,64,48,60,38,51,55,43,48,46,52,27,21,F,2011
E01023321,Broxbourne 003B,1000,56,38,44,47,54,41,52,67,74,66,64,63,79,69,60,41,40,30,15,F,2011
E01023322,Broxbourne 003C,883,63,54,42,53,67,73,75,69,64,67,57,45,29,31,33,17,23,14,7,F,2011
E01023323,Broxbourne 003D,795,49,36,41,33,50,50,60,60,60,58,45,38,47,35,36,42,30,18,7,F,2011
E01023289,Broxbourne 004A,770,30,53,74,47,36,18,17,31,73,87,73,52,55,40,27,24,18,8,7,F,2011
E01023290,Broxbourne 004B,847,44,41,68,38,30,34,35,41,72,65,49,70,53,56,53,38,37,19,4,F,2011
E01023291,Broxbourne 004C,776,30,38,33,48,37,37,28,41,56,68,48,48,56,55,35,40,26,29,23,F,2011
E01023292,Broxbourne 004D,769,31,41,47,51,32,39,35,47,60,54,65,59,56,44,35,26,24,15,8,F,2011
E01023340,Broxbourne 005A,883,62,52,57,61,51,62,61,63,67,67,59,48,59,37,28,18,16,8,7,F,2011
E01023341,Broxbourne 005B,925,48,42,55,54,44,39,53,66,69,92,64,60,64,52,50,36,30,6,1,F,2011
E01023342,Broxbourne 005C,1400,149,82,63,67,110,165,161,90,94,88,80,52,56,43,31,32,20,12,5,F,2011
E01023343,Broxbourne 005D,997,101,67,80,45,70,94,83,68,69,73,59,51,31,26,17,24,17,10,12,F,2011
E01023344,Broxbourne 005E,892,57,54,44,48,36,55,60,57,90,59,63,53,51,54,43,30,20,12,6,F,2011
E01023307,Broxbourne 006A,817,50,51,60,56,55,28,39,53,72,84,64,32,44,44,31,27,15,8,4,F,2011
E01023308,Broxbourne 006B,857,39,42,40,69,51,32,40,50,64,84,58,73,69,48,41,21,25,5,6,F,2011
E01023309,Broxbourne 006C,890,42,35,54,72,58,41,40,38,79,81,60,66,72,46,38,37,21,9,1,F,2011
E01023310,Broxbourne 006D,1190,108,85,86,79,82,113,108,93,93,67,66,31,35,39,24,25,32,15,9,F,2011
E01023311,Broxbourne 007A,843,40,36,50,44,54,33,41,46,62,60,75,50,64,55,46,42,34,9,2,F,2011
E01023312,Broxbourne 007B,825,38,35,57,71,57,46,47,42,86,77,91,60,37,36,19,17,5,2,2,F,2011
E01023313,Broxbourne 007C,836,37,48,51,36,42,23,22,39,67,68,58,47,68,66,48,60,31,20,5,F,2011
E01023315,Broxbourne 007D,965,85,60,92,63,56,47,63,88,115,91,71,55,29,22,10,9,6,3,0,F,2011
E01023302,Broxbourne 008A,777,31,36,46,46,37,40,46,45,54,58,50,39,48,31,52,45,39,24,10,F,2011
E01023303,Broxbourne 008B,813,52,44,45,61,52,67,64,58,71,62,46,40,44,38,28,18,13,5,5,F,2011
E01023304,Broxbourne 008C,800,46,41,36,46,55,47,60,46,57,60,43,53,45,38,34,43,32,11,7,F,2011
E01023305,Broxbourne 008D,717,40,50,56,61,32,34,40,53,65,78,60,27,29,24,22,21,15,9,1,F,2011
E01023306,Broxbourne 008E,762,38,24,38,53,39,36,43,48,67,62,53,60,59,44,45,25,19,6,3,F,2011
E01023314,Broxbourne 009A,679,32,31,46,45,27,42,41,48,58,54,59,49,47,33,22,23,15,5,2,F,2011
E01023324,Broxbourne 009B,751,37,42,53,44,39,37,37,45,53,62,47,52,50,39,34,19,21,25,15,F,2011
E01023325,Broxbourne 009C,751,58,48,32,45,47,57,50,50,52,57,54,43,34,37,26,21,17,11,12,F,2011
E01023326,Broxbourne 009D,860,49,55,63,50,50,53,33,58,78,56,57,49,57,47,34,26,30,11,4,F,2011
E01023297,Broxbourne 010A,680,49,39,39,27,33,29,45,46,59,50,50,44,46,39,25,23,19,14,4,F,2011
E01023298,Broxbourne 010B,828,48,35,35,37,41,38,51,40,66,52,50,50,32,42,62,63,47,28,11,F,2011
E01023299,Broxbourne 010C,834,52,49,48,44,38,51,51,58,62,70,57,37,52,44,42,40,22,9,8,F,2011
E01023300,Broxbourne 010D,788,72,43,40,42,42,75,49,62,60,34,45,27,31,23,32,31,35,29,16,F,2011
E01023301,Broxbourne 010E,817,64,45,47,53,64,65,66,67,67,48,43,38,37,26,27,22,17,15,6,F,2011
E01023293,Broxbourne 011A,885,56,59,58,47,47,35,49,41,69,85,69,49,47,50,50,23,33,7,11,F,2011
E01023294,Broxbourne 011B,815,40,50,54,34,36,47,52,58,58,60,44,38,36,38,38,44,32,33,23,F,2011
E01023295,Broxbourne 011C,726,44,31,47,40,42,38,42,36,55,67,47,65,39,38,37,29,19,10,0,F,2011
E01023296,Broxbourne 011D,874,54,49,48,72,39,44,47,65,68,72,54,52,48,32,43,34,27,19,7,F,2011
E01023332,Broxbourne 012A,1116,69,61,57,51,67,81,105,63,72,77,46,45,54,43,39,71,63,40,12,F,2011
E01023333,Broxbourne 012B,946,74,49,50,61,53,80,75,73,83,81,62,38,36,28,31,32,19,17,4,F,2011
E01023334,Broxbourne 012C,861,39,45,52,47,32,35,50,54,49,75,54,43,71,40,45,48,42,28,12,F,2011
E01023335,Broxbourne 012D,854,42,41,44,45,45,37,45,54,67,75,64,53,44,37,45,58,34,15,9,F,2011
E01023336,Broxbourne 013A,1081,73,67,56,68,66,109,107,97,86,80,71,54,41,28,28,22,15,10,3,F,2011
E01023337,Broxbourne 013B,852,55,50,39,59,78,50,54,53,75,76,66,30,40,34,35,26,17,8,7,F,2011
E01023338,Broxbourne 013C,1133,95,72,55,49,91,101,112,104,87,62,46,38,50,37,52,40,17,16,9,F,2011
E01023339,Broxbourne 013D,791,47,57,38,61,57,56,52,53,78,72,48,32,26,34,20,19,17,14,10,F,2011
E07000096,,73805,4737,4092,4331,4425,3854,4420,4785,5203,5583,5741,5163,4319,4301,3273,2723,2530,2135,1342,848,F,2011
E01023430,Dacorum 001A,593,21,36,44,27,17,25,22,39,46,51,57,44,42,35,29,18,18,5,17,F,2011
E01023431,Dacorum 001B,647,29,33,36,34,24,33,27,38,56,67,53,61,49,33,31,19,12,6,6,F,2011
E01023432,Dacorum 001C,719,44,51,32,32,28,39,52,57,67,58,55,47,41,38,23,26,18,9,2,F,2011
E01023433,Dacorum 001D,758,46,37,37,43,51,52,75,70,67,65,42,41,36,22,22,27,8,13,4,F,2011
E01023423,Dacorum 002A,720,39,38,31,44,26,20,27,43,64,53,58,51,48,29,36,31,27,26,29,F,2011
E01023424,Dacorum 002B,705,40,41,58,44,28,20,21,46,76,66,72,49,46,37,28,19,7,3,4,F,2011
E01023425,Dacorum 002C,710,47,58,44,51,31,21,25,51,49,66,62,49,50,33,23,22,13,10,5,F,2011
E01023426,Dacorum 002D,832,49,32,65,127,24,47,65,62,56,59,51,28,39,21,29,25,23,17,13,F,2011
E01023418,Dacorum 003A,727,37,39,42,45,41,40,36,36,60,64,46,32,54,33,33,28,26,18,17,F,2011
E01023419,Dacorum 003B,1078,74,66,74,68,67,56,69,103,106,85,87,54,53,43,31,24,12,3,3,F,2011
E01023420,Dacorum 003C,802,37,44,53,58,39,24,21,55,70,66,61,49,43,55,47,28,26,21,5,F,2011
E01023352,Dacorum 004A,1255,79,67,83,71,39,32,60,84,98,129,99,85,91,77,68,48,22,17,6,F,2011
E01023421,Dacorum 004B,745,46,35,51,41,26,27,45,58,54,81,46,33,59,47,37,29,21,6,3,F,2011
E01023422,Dacorum 004C,638,30,35,36,48,16,10,19,37,50,57,61,31,68,47,32,26,19,12,4,F,2011
E01023434,Dacorum 005A,775,63,40,41,40,56,75,85,60,48,56,55,40,47,36,16,9,7,0,1,F,2011
E01023435,Dacorum 005B,736,76,29,28,43,52,85,87,75,46,53,59,40,36,9,5,6,5,2,0,F,2011
E01023436,Dacorum 005C,602,32,38,29,45,28,37,44,36,44,45,55,53,49,25,17,9,4,8,4,F,2011
E01023437,Dacorum 005D,795,80,48,45,46,81,109,82,70,48,44,45,41,24,16,11,1,4,0,0,F,2011
E01023355,Dacorum 006A,783,31,39,46,46,21,25,17,55,53,70,62,57,75,55,42,40,20,16,13,F,2011
E01023356,Dacorum 006B,571,21,38,30,31,15,12,15,22,51,46,51,40,40,39,39,28,24,18,11,F,2011
E01023416,Dacorum 006C,750,38,32,51,30,24,23,17,33,49,69,62,49,63,47,48,44,39,21,11,F,2011
E01023417,Dacorum 006D,716,44,34,26,21,30,24,50,56,52,49,44,34,35,32,50,36,41,30,28,F,2011
E01023393,Dacorum 007A,810,46,49,39,36,66,61,64,64,27,63,61,37,42,41,30,30,25,20,9,F,2011
E01023394,Dacorum 007B,685,58,31,47,40,36,47,65,41,39,44,55,58,56,24,21,14,5,4,0,F,2011
E01023395,Dacorum 007C,811,58,56,60,49,51,67,63,60,57,58,47,60,54,23,26,9,7,3,3,F,2011
E01023396,Dacorum 007D,789,62,44,49,51,46,58,62,50,47,50,57,81,63,27,18,11,8,3,2,F,2011
E01023397,Dacorum 007E,681,61,45,38,50,38,65,52,34,49,41,62,59,30,17,15,11,7,3,4,F,2011
E01023401,Dacorum 008A,949,88,42,39,57,77,98,77,69,70,70,55,41,41,16,28,18,24,21,18,F,2011
E01023402,Dacorum 008B,829,58,57,52,55,52,53,65,58,64,49,39,31,50,52,32,24,31,5,2,F,2011
E01023403,Dacorum 008C,813,47,47,32,35,57,69,59,51,46,48,44,34,30,31,30,46,47,31,29,F,2011
E01023404,Dacorum 008D,687,56,46,36,47,59,69,42,59,45,53,36,44,24,10,17,8,15,14,7,F,2011
E01023405,Dacorum 008E,752,66,51,40,46,54,60,57,61,42,47,40,34,27,28,27,35,22,9,6,F,2011
E01023361,Dacorum 009A,854,56,25,20,33,43,75,82,109,78,40,39,53,44,30,28,32,33,23,11,F,2011
E01023362,Dacorum 009B,904,45,44,36,50,17,33,42,70,62,77,63,61,59,34,37,60,49,47,18,F,2011
E01023363,Dacorum 009C,810,69,48,54,37,25,32,64,73,75,72,53,61,48,34,27,17,15,3,3,F,2011
E01023364,Dacorum 009D,665,44,30,44,36,22,23,29,36,59,44,49,47,56,48,36,32,16,9,5,F,2011
E01023390,Dacorum 010A,1020,79,58,54,51,60,62,85,72,71,86,75,45,51,36,44,38,30,17,6,F,2011
E01023391,Dacorum 010B,896,62,51,66,62,38,50,61,56,85,79,68,46,37,34,25,35,26,12,3,F,2011
E01023399,Dacorum 010C,824,49,17,34,47,65,56,62,56,61,52,49,47,51,29,42,37,35,17,18,F,2011
E01023392,Dacorum 011A,863,48,39,61,54,51,42,67,50,68,68,69,39,35,32,29,30,33,23,25,F,2011
E01023427,Dacorum 011B,834,43,56,56,50,39,65,47,60,69,60,74,50,38,33,27,28,18,17,4,F,2011
E01023428,Dacorum 011C,756,39,32,37,55,48,47,57,54,63,79,55,52,49,23,23,17,12,10,4,F,2011
E01023429,Dacorum 011D,956,65,46,50,61,48,59,50,50,63,73,44,51,59,44,31,47,61,35,19,F,2011
E01023369,Dacorum 012A,763,55,48,42,34,45,34,51,56,65,45,31,37,39,39,40,38,38,19,7,F,2011
E01023370,Dacorum 012B,839,87,53,32,35,33,66,64,90,83,58,50,40,38,24,16,25,27,6,12,F,2011
E01023371,Dacorum 012C,789,41,68,61,60,34,25,27,45,76,77,74,52,59,37,17,13,14,6,3,F,2011
E01023372,Dacorum 012D,763,48,45,61,42,21,17,21,44,47,75,56,50,66,46,30,38,20,19,17,F,2011
E01023345,Dacorum 013A,787,42,40,34,62,48,57,69,59,72,57,62,36,37,32,19,27,18,12,4,F,2011
E01023346,Dacorum 013B,693,69,35,38,42,41,54,48,44,37,44,46,31,35,36,24,34,18,12,5,F,2011
E01023347,Dacorum 013C,702,24,36,39,42,24,34,33,34,29,56,44,58,42,36,31,36,39,36,29,F,2011
E01023348,Dacorum 013D,884,76,39,42,37,61,60,60,46,48,58,45,43,37,22,26,30,44,63,47,F,2011
E01023365,Dacorum 014A,639,50,20,33,30,29,35,78,49,37,55,30,46,51,29,14,15,24,11,3,F,2011
E01023366,Dacorum 014B,759,65,39,38,49,32,43,55,75,69,53,54,54,34,35,25,22,11,4,2,F,2011
E01023367,Dacorum 014C,615,38,54,47,25,11,12,14,36,52,50,41,33,49,33,27,27,26,21,19,F,2011
E01023368,Dacorum 014D,906,95,57,57,59,25,24,52,99,76,93,57,39,40,44,28,23,15,12,11,F,2011
E01023349,Dacorum 015A,1033,95,67,64,61,72,83,77,71,74,67,55,49,41,34,37,33,22,16,15,F,2011
E01023350,Dacorum 015B,851,48,49,45,57,53,56,79,56,59,63,48,37,36,29,31,35,41,22,7,F,2011
E01023351,Dacorum 015C,826,61,37,47,39,40,72,63,62,48,49,64,47,42,37,34,30,33,17,4,F,2011
E01023398,Dacorum 015D,1192,78,54,63,57,130,134,126,100,69,68,78,69,39,44,30,24,13,9,7,F,2011
E01023400,Dacorum 015E,929,36,34,41,51,64,91,53,52,50,58,47,46,45,33,43,41,49,48,47,F,2011
E01023383,Dacorum 016A,769,31,35,62,53,37,52,37,49,66,76,61,41,34,41,16,36,25,9,8,F,2011
E01023384,Dacorum 016B,982,74,62,46,53,54,86,74,70,71,72,72,50,38,33,38,24,40,19,6,F,2011
E01023385,Dacorum 016C,823,31,35,46,71,41,34,37,46,61,75,61,51,45,49,31,39,42,24,4,F,2011
E01023409,Dacorum 017A,726,47,33,41,34,42,39,37,48,44,72,49,26,48,40,41,30,27,19,9,F,2011
E01023410,Dacorum 017B,704,20,22,45,47,27,34,17,23,44,57,57,56,51,48,53,51,26,24,2,F,2011
E01023411,Dacorum 017C,789,55,48,56,48,46,63,60,52,59,46,46,39,41,34,24,33,26,11,2,F,2011
E01023412,Dacorum 017D,623,19,30,31,34,26,17,18,29,43,58,52,50,55,45,37,43,26,8,2,F,2011
E01023413,Dacorum 017E,698,52,42,48,46,44,53,47,57,48,56,39,54,49,29,9,11,11,3,0,F,2011
E01023354,Dacorum 018B,826,43,39,54,56,32,48,64,61,82,73,49,60,40,49,22,31,15,6,2,F,2011
E01023379,Dacorum 018C,828,52,39,47,37,43,45,50,67,61,73,63,35,54,45,38,32,24,14,9,F,2011
E01023380,Dacorum 018D,587,43,34,26,31,29,36,52,35,43,45,48,42,41,24,17,24,12,3,2,F,2011
E01023381,Dacorum 018E,659,23,36,41,34,31,19,12,39,54,67,57,52,51,44,29,27,23,12,8,F,2011
E01023382,Dacorum 018F,768,50,41,57,37,47,48,41,57,66,54,44,32,47,29,25,29,29,25,10,F,2011
E01033022,Dacorum 018G,633,54,23,20,24,46,120,98,74,33,29,31,31,25,8,7,4,4,1,1,F,2011
E01033023,Dacorum 018H,727,52,31,31,21,46,81,95,71,57,41,41,35,31,26,21,18,13,8,8,F,2011
E01023386,Dacorum 019A,768,50,37,46,40,68,62,42,48,51,55,62,50,51,28,23,20,18,11,6,F,2011
E01023387,Dacorum 019B,740,65,38,48,53,28,42,58,53,68,57,50,42,35,22,14,16,15,20,16,F,2011
E01023388,Dacorum 019C,812,58,45,51,59,44,52,58,72,65,61,57,45,34,31,26,24,17,10,3,F,2011
E01023389,Dacorum 019D,853,50,59,47,60,53,32,56,50,62,67,77,64,55,32,29,32,15,8,5,F,2011
E01023357,Dacorum 020A,836,49,60,49,50,50,59,57,51,65,51,55,46,33,35,25,36,36,13,16,F,2011
E01023358,Dacorum 020B,765,62,61,65,67,50,44,61,46,65,49,40,30,40,26,12,15,17,13,2,F,2011
E01023359,Dacorum 020C,967,75,70,86,69,53,65,80,64,79,79,53,33,36,31,16,20,30,19,9,F,2011
E01023360,Dacorum 020D,724,44,55,46,52,42,55,46,65,68,54,45,42,34,17,14,15,21,6,3,F,2011
E01023414,Dacorum 020E,726,57,42,38,53,47,59,67,51,57,53,52,37,22,20,20,18,15,13,5,F,2011
E01023415,Dacorum 020F,711,36,48,45,42,33,29,41,43,54,50,46,43,51,33,36,37,26,13,5,F,2011
E01023373,Dacorum 021A,601,21,38,41,40,31,23,29,45,54,48,40,33,41,32,21,24,19,12,9,F,2011
E01023374,Dacorum 021B,724,42,53,36,32,29,30,35,49,60,63,53,54,48,37,35,31,28,5,4,F,2011
E01023375,Dacorum 021C,762,35,33,43,56,28,7,28,42,60,69,63,52,58,54,43,40,32,13,6,F,2011
E01023376,Dacorum 021D,657,38,41,54,37,30,32,47,48,59,48,43,37,53,35,18,15,11,6,5,F,2011
E01023377,Dacorum 021E,639,23,50,50,30,18,11,18,22,57,57,50,43,52,51,38,25,25,13,6,F,2011
E01023378,Dacorum 021F,848,41,43,71,59,31,26,18,51,67,71,83,54,72,64,46,24,18,3,6,F,2011
E01023406,Dacorum 022A,1004,45,54,42,58,39,43,64,70,82,82,76,55,55,41,54,41,39,28,36,F,2011
E01023407,Dacorum 022B,862,50,64,55,62,43,28,25,66,68,80,69,46,66,45,39,24,10,17,5,F,2011
E01023408,Dacorum 022C,849,40,52,57,61,27,22,33,52,69,75,80,53,53,50,44,28,33,13,7,F,2011
E07000097,,70262,4121,4061,4383,4336,3204,3730,4436,5153,6007,5910,4936,3910,4242,3313,2546,2300,1728,1209,737,F,2011
E01023462,East Hertfordshire 001A,650,40,38,45,35,20,23,32,36,58,61,55,54,57,31,27,16,14,6,2,F,2011
E01023464,East Hertfordshire 001B,1094,49,78,79,72,51,39,46,64,110,90,89,68,82,65,45,30,24,8,5,F,2011
E01023465,East Hertfordshire 001C,719,33,34,45,53,42,13,32,47,66,68,62,43,57,42,32,18,14,13,5,F,2011
E01023466,East Hertfordshire 001D,914,40,50,49,47,37,36,31,58,79,62,59,46,64,56,31,45,54,41,29,F,2011
E01023467,East Hertfordshire 002A,1199,44,65,79,74,39,30,39,72,101,99,83,84,110,86,63,62,36,19,14,F,2011
E01023494,East Hertfordshire 002B,622,35,38,39,40,20,26,17,30,51,61,54,29,51,41,35,22,16,11,6,F,2011
E01023495,East Hertfordshire 002C,621,25,48,36,41,18,8,30,42,60,60,47,54,46,34,26,17,17,8,4,F,2011
E01023508,East Hertfordshire 002D,754,41,46,61,52,26,31,30,54,58,78,53,46,60,39,27,19,16,11,6,F,2011
E01023509,East Hertfordshire 002E,672,39,46,36,47,31,23,46,53,56,59,48,37,41,35,23,20,11,15,6,F,2011
E01023452,East Hertfordshire 003A,714,44,61,60,64,21,25,33,48,101,81,52,40,33,20,10,12,5,4,0,F,2011
E01023453,East Hertfordshire 003B,738,44,40,73,72,26,23,32,45,65,70,60,41,29,35,25,30,17,8,3,F,2011
E01023454,East Hertfordshire 003C,682,46,46,53,47,27,28,34,52,62,69,55,43,45,28,15,18,8,3,3,F,2011
E01023455,East Hertfordshire 003D,696,32,41,43,39,31,31,29,44,60,65,45,38,41,40,20,19,23,31,24,F,2011
E01023463,East Hertfordshire 003E,618,26,30,45,39,23,7,28,35,41,60,55,40,53,43,26,27,14,18,8,F,2011
E01023493,East Hertfordshire 003F,1234,66,96,95,67,34,43,47,79,133,146,93,67,88,62,46,28,24,14,6,F,2011
E01023449,East Hertfordshire 004A,840,46,49,52,48,29,42,31,60,79,82,53,38,58,39,43,28,34,19,10,F,2011
E01023450,East Hertfordshire 004B,976,36,37,38,53,77,113,97,68,72,69,47,30,47,25,45,37,39,26,20,F,2011
E01023451,East Hertfordshire 004C,1110,71,54,47,53,53,54,67,76,90,76,83,58,80,45,50,63,46,31,13,F,2011
E01023438,East Hertfordshire 005A,749,42,49,44,51,41,43,62,53,64,65,51,38,36,30,24,27,17,11,1,F,2011
E01023439,East Hertfordshire 005B,705,35,41,61,49,36,20,38,49,54,56,53,31,55,41,25,33,15,9,4,F,2011
E01023440,East Hertfordshire 005C,843,31,52,50,69,23,27,30,50,61,70,66,52,68,46,51,41,34,18,4,F,2011
E01023441,East Hertfordshire 005D,756,40,49,74,105,42,56,45,60,50,65,34,21,27,19,19,14,10,12,14,F,2011
E01023442,East Hertfordshire 005E,1067,68,77,82,74,76,83,80,69,97,90,75,54,39,26,25,25,8,13,6,F,2011
E01023498,East Hertfordshire 006A,1349,75,91,107,69,56,60,80,110,113,111,90,68,102,66,41,42,29,26,13,F,2011
E01023506,East Hertfordshire 006B,700,34,45,45,33,28,28,34,41,59,52,49,49,46,52,34,27,26,14,4,F,2011
E01023507,East Hertfordshire 006C,826,45,54,52,68,31,28,49,52,69,77,67,50,60,39,32,25,17,8,3,F,2011
E01023443,East Hertfordshire 007A,810,43,51,50,45,46,51,47,58,72,73,64,45,41,25,20,25,28,16,10,F,2011
E01023444,East Hertfordshire 007B,829,72,53,43,34,45,67,78,71,69,65,49,35,34,39,21,18,18,12,6,F,2011
E01023445,East Hertfordshire 007C,888,48,50,45,64,56,50,50,69,81,75,44,47,47,28,35,39,35,18,7,F,2011
E01023446,East Hertfordshire 007D,1112,82,28,27,39,74,173,149,111,57,54,54,44,43,33,42,35,36,22,9,F,2011
E01023447,East Hertfordshire 007E,680,43,50,53,48,38,32,46,50,57,58,48,32,24,24,24,18,18,14,3,F,2011
E01023448,East Hertfordshire 007F,773,46,66,50,53,26,38,52,81,82,74,69,40,29,16,17,18,11,1,4,F,2011
E01023456,East Hertfordshire 008A,718,53,33,59,57,33,36,39,58,66,77,75,38,31,21,14,12,13,3,0,F,2011
E01023457,East Hertfordshire 008B,785,44,40,46,55,32,54,59,67,66,77,50,47,48,32,22,18,17,9,2,F,2011
E01023458,East Hertfordshire 008C,665,37,42,47,49,35,39,25,56,60,49,44,46,34,28,24,27,12,6,5,F,2011
E01023459,East Hertfordshire 008D,713,42,33,39,52,39,34,29,33,57,64,69,49,45,45,21,16,15,15,16,F,2011
E01023460,East Hertfordshire 008E,759,40,55,70,61,26,17,35,56,91,83,48,26,38,38,31,16,18,8,2,F,2011
E01023461,East Hertfordshire 008F,820,41,70,115,74,29,12,23,58,125,95,68,35,28,14,13,11,6,3,0,F,2011
E01023491,East Hertfordshire 009A,637,30,32,53,35,24,17,37,43,67,59,48,40,47,37,20,18,16,12,2,F,2011
E01023492,East Hertfordshire 009B,741,28,45,41,46,27,25,29,58,60,63,61,64,62,33,29,31,13,15,11,F,2011
E01023496,East Hertfordshire 009C,708,34,26,60,54,33,29,36,52,55,57,47,55,50,33,21,26,19,14,7,F,2011
E01023497,East Hertfordshire 009D,812,40,47,46,51,24,30,33,39,63,81,60,49,50,48,41,53,27,20,10,F,2011
E01023485,East Hertfordshire 010A,1146,54,68,59,68,50,45,33,70,89,103,102,86,89,71,50,52,25,18,14,F,2011
E01023486,East Hertfordshire 010B,1292,75,67,86,75,49,47,43,61,125,115,120,88,126,67,54,46,28,10,10,F,2011
E01033609,East Hertfordshire 010E,1209,80,75,76,52,63,57,90,88,83,98,90,81,78,67,45,39,21,14,12,F,2011
E01023499,East Hertfordshire 011A,896,39,50,57,61,41,40,54,64,81,59,70,45,52,51,28,39,27,24,14,F,2011
E01023500,East Hertfordshire 011B,835,28,38,57,42,36,19,30,40,82,67,71,70,70,58,44,35,22,14,12,F,2011
E01023501,East Hertfordshire 011C,794,31,45,50,34,40,31,37,63,63,63,62,54,59,46,41,32,25,11,7,F,2011
E01023502,East Hertfordshire 011D,901,65,53,46,36,50,47,63,79,85,62,72,44,43,44,43,23,23,17,6,F,2011
E01023503,East Hertfordshire 011E,865,38,42,45,43,41,46,47,49,66,69,49,62,70,63,49,39,21,16,10,F,2011
E01023512,East Hertfordshire 012A,967,72,60,48,46,57,73,98,73,108,67,52,41,45,37,40,23,12,14,1,F,2011
E01023513,East Hertfordshire 012B,761,47,47,45,46,34,31,47,43,70,61,46,26,60,48,32,33,26,13,6,F,2011
E01023514,East Hertfordshire 012C,957,59,38,18,29,62,100,92,77,50,52,51,33,38,36,39,46,35,50,52,F,2011
E01023518,East Hertfordshire 012D,1039,81,56,71,54,77,57,69,57,72,79,73,42,47,40,46,45,31,15,27,F,2011
E01023519,East Hertfordshire 012E,897,60,52,59,59,49,41,86,94,74,75,56,41,37,34,22,29,10,11,8,F,2011
E01023520,East Hertfordshire 012F,816,68,41,35,55,31,39,46,56,75,67,43,47,50,51,43,29,16,21,3,F,2011
E01023510,East Hertfordshire 013A,786,39,35,62,58,26,26,39,58,47,77,67,40,40,49,25,28,34,17,19,F,2011
E01023511,East Hertfordshire 013B,770,49,31,26,22,49,103,85,67,53,41,37,36,36,32,23,30,19,23,8,F,2011
E01023515,East Hertfordshire 013C,774,41,44,44,41,42,79,71,57,71,68,53,43,50,25,16,12,9,3,5,F,2011
E01023516,East Hertfordshire 013D,1020,55,45,50,52,40,71,71,65,93,100,86,84,80,43,27,33,14,10,1,F,2011
E01023517,East Hertfordshire 013E,826,63,37,43,61,40,43,69,64,68,68,52,35,42,49,30,35,15,11,1,F,2011
E01023470,East Hertfordshire 014A,931,71,36,27,22,42,88,101,92,71,62,57,50,41,26,27,23,40,32,23,F,2011
E01023471,East Hertfordshire 014B,705,40,34,36,41,17,36,51,44,55,54,48,54,47,39,36,28,25,9,11,F,2011
E01023472,East Hertfordshire 014C,713,47,45,36,27,31,31,61,66,59,52,31,29,48,31,37,27,19,18,18,F,2011
E01023473,East Hertfordshire 014D,736,38,44,35,30,28,19,20,37,63,51,57,47,63,48,49,34,42,22,9,F,2011
E01023474,East Hertfordshire 014E,806,76,52,43,40,21,28,65,77,75,67,51,44,39,49,25,25,15,9,5,F,2011
E01023487,East Hertfordshire 015A,705,41,26,49,46,32,40,53,46,56,56,49,48,20,27,17,29,32,22,16,F,2011
E01023488,East Hertfordshire 015B,863,86,78,49,44,52,79,71,77,49,49,45,43,24,24,14,23,28,13,15,F,2011
E01023489,East Hertfordshire 015C,670,42,27,32,25,14,41,61,56,57,50,40,48,34,46,20,36,25,12,4,F,2011
E01023490,East Hertfordshire 015D,654,53,63,39,33,29,16,36,67,64,57,41,33,44,31,20,16,5,6,1,F,2011
E01023482,East Hertfordshire 016A,1008,106,65,76,65,33,57,96,103,105,105,69,37,37,19,16,15,1,3,0,F,2011
E01023483,East Hertfordshire 016B,1005,66,72,70,70,41,51,70,78,83,97,76,51,53,38,25,27,12,16,9,F,2011
E01023484,East Hertfordshire 016C,779,43,49,68,39,44,49,68,75,74,71,38,31,34,32,20,14,14,9,7,F,2011
E01023475,East Hertfordshire 017A,753,61,44,36,48,39,37,54,70,51,63,56,36,33,38,23,23,21,15,5,F,2011
E01023476,East Hertfordshire 017B,752,43,37,43,36,30,28,29,41,59,65,55,46,55,59,49,38,21,14,4,F,2011
E01023477,East Hertfordshire 017C,1033,75,53,70,65,59,94,87,98,97,85,74,42,36,32,20,12,19,12,3,F,2011
E01023478,East Hertfordshire 017D,847,55,31,30,23,61,111,107,81,57,56,38,22,28,29,33,23,28,18,16,F,2011
E01023479,East Hertfordshire 017E,791,47,41,35,36,39,63,73,70,70,67,47,62,46,34,23,17,12,7,2,F,2011
E01023468,East Hertfordshire 018A,681,36,39,52,61,36,31,31,46,60,67,54,46,37,34,23,11,6,6,5,F,2011
E01023469,East Hertfordshire 018B,775,40,55,39,51,35,34,47,64,63,55,56,53,63,37,30,19,15,11,8,F,2011
E01023480,East Hertfordshire 018C,812,38,33,54,52,38,27,36,39,64,70,63,48,70,56,43,32,19,17,13,F,2011
E01023481,East Hertfordshire 018D,798,35,39,80,170,29,25,39,51,52,61,53,38,41,33,15,12,8,15,2,F,2011
E01023504,East Hertfordshire 018E,717,34,49,46,46,16,38,44,60,63,55,48,41,56,26,30,29,18,11,7,F,2011
E01023505,East Hertfordshire 018F,879,54,49,27,54,36,68,80,83,68,58,62,52,55,35,19,13,20,15,31,F,2011
E07000098,,51895,3252,2966,2961,3008,3070,3229,3229,3559,3900,4077,3447,2886,2955,2393,1891,1728,1515,1138,691,F,2011
E01023576,Hertsmere 001A,771,20,23,38,32,52,27,17,27,48,59,55,44,57,58,51,42,44,51,26,F,2011
E01023577,Hertsmere 001B,913,26,42,41,44,73,53,34,36,55,57,56,49,79,74,55,51,48,29,11,F,2011
E01023578,Hertsmere 001C,848,23,35,31,47,54,35,29,28,42,70,67,55,65,55,54,56,45,34,23,F,2011
E01023579,Hertsmere 001D,768,38,29,40,46,111,67,44,49,50,50,47,42,29,17,14,24,29,21,21,F,2011
E01023580,Hertsmere 001E,906,40,42,42,42,76,46,57,60,59,78,51,47,31,38,36,43,42,44,32,F,2011
E01023567,Hertsmere 002A,1054,65,74,69,68,70,39,45,75,116,87,71,70,60,40,34,30,31,7,3,F,2011
E01023568,Hertsmere 002B,788,28,37,49,34,34,27,23,32,62,55,64,54,62,47,59,35,43,24,19,F,2011
E01023569,Hertsmere 002C,850,41,53,62,52,60,38,26,48,84,74,60,50,60,47,26,25,26,12,6,F,2011
E01023570,Hertsmere 002D,796,37,41,50,36,85,72,45,48,61,60,53,37,40,31,24,26,26,15,9,F,2011
E01023571,Hertsmere 003A,792,38,40,46,38,31,24,29,44,53,50,49,48,61,49,41,50,47,33,21,F,2011
E01023572,Hertsmere 003B,756,32,30,32,42,63,47,34,50,61,67,60,51,41,37,25,30,28,21,5,F,2011
E01023573,Hertsmere 003C,662,41,20,23,32,86,48,38,40,48,41,54,40,32,33,23,12,28,19,4,F,2011
E01023574,Hertsmere 003D,859,63,44,50,52,80,51,53,51,76,58,61,46,46,37,23,16,27,14,11,F,2011
E01023575,Hertsmere 003E,840,38,30,56,49,75,48,36,41,50,89,59,63,56,52,25,25,26,15,7,F,2011
E01023581,Hertsmere 004A,683,49,66,48,27,21,24,51,82,58,58,45,48,51,16,23,12,1,3,0,F,2011
E01023582,Hertsmere 004B,918,65,63,56,46,34,40,61,86,84,89,65,45,44,25,20,16,24,27,28,F,2011
E01023583,Hertsmere 004C,752,58,46,37,37,43,34,48,43,51,64,61,42,50,38,21,18,18,25,18,F,2011
E01023584,Hertsmere 004D,525,30,18,25,31,29,31,25,48,39,45,27,38,42,31,23,18,13,8,4,F,2011
E01023523,Hertsmere 005A,840,34,55,57,63,35,33,42,52,68,77,67,59,51,47,32,33,19,11,5,F,2011
E01023524,Hertsmere 005B,770,24,44,73,64,38,21,12,45,51,95,63,31,50,36,40,40,22,15,6,F,2011
E01023525,Hertsmere 005C,852,64,40,40,37,36,59,64,66,66,67,48,45,43,45,26,28,38,23,17,F,2011
E01023526,Hertsmere 005D,913,45,49,68,51,35,38,28,58,80,81,76,48,63,59,49,40,21,18,6,F,2011
E01023527,Hertsmere 005E,761,49,47,51,39,40,39,36,57,64,52,42,51,51,35,38,29,24,10,7,F,2011
E01023534,Hertsmere 006A,863,41,67,66,57,63,56,54,52,70,69,73,53,34,30,26,15,16,15,6,F,2011
E01023535,Hertsmere 006B,918,48,67,49,53,49,54,59,63,77,83,66,42,57,20,22,21,31,33,24,F,2011
E01023536,Hertsmere 006C,870,73,53,49,50,62,95,68,54,59,52,47,38,30,38,31,25,23,16,7,F,2011
E01023537,Hertsmere 006D,906,51,58,70,61,54,52,57,65,66,78,55,41,59,38,34,25,19,14,9,F,2011
E01023538,Hertsmere 006E,885,62,51,39,40,59,51,77,59,61,56,43,41,48,38,35,37,32,30,26,F,2011
E01023529,Hertsmere 007A,783,67,40,48,57,43,60,63,45,76,66,56,28,40,26,14,16,19,13,6,F,2011
E01023530,Hertsmere 007B,645,71,41,21,33,47,79,64,47,33,36,31,30,22,17,17,16,19,15,6,F,2011
E01023531,Hertsmere 007C,1021,91,66,51,54,63,106,81,75,75,57,59,39,54,47,19,28,23,20,13,F,2011
E01023532,Hertsmere 007D,823,80,45,34,26,50,67,86,63,53,51,48,42,47,30,34,25,22,10,10,F,2011
E01023533,Hertsmere 007E,836,64,64,52,71,37,43,70,54,67,58,45,45,40,32,19,25,22,21,7,F,2011
E01023552,Hertsmere 008A,859,41,55,67,64,37,45,47,60,68,72,65,53,52,51,23,19,12,23,5,F,2011
E01023553,Hertsmere 008B,860,33,54,54,114,47,51,50,73,68,80,45,39,38,29,23,25,17,10,10,F,2011
E01023554,Hertsmere 008C,876,69,52,43,62,72,77,72,69,63,67,58,48,39,18,26,14,13,11,3,F,2011
E01023555,Hertsmere 008D,854,57,49,49,55,59,50,49,59,65,69,50,54,42,34,40,34,20,14,5,F,2011
E01023544,Hertsmere 009A,609,51,49,27,19,28,45,52,38,53,51,50,37,33,23,24,11,11,5,2,F,2011
E01023545,Hertsmere 009B,623,53,21,30,24,46,62,67,54,42,42,62,29,31,15,17,11,1,5,11,F,2011
E01023546,Hertsmere 009C,930,85,64,39,54,49,66,81,83,96,62,56,48,36,29,26,13,26,9,8,F,2011
E01023547,Hertsmere 009D,838,56,44,46,61,58,71,69,57,76,67,58,41,38,25,17,16,16,18,4,F,2011
E01023528,Hertsmere 010A,812,66,39,40,55,42,54,55,57,51,78,57,65,45,41,24,19,13,7,4,F,2011
E01023564,Hertsmere 010B,900,79,54,52,47,41,74,69,66,65,74,54,51,38,25,23,34,22,15,17,F,2011
E01023565,Hertsmere 010C,862,58,70,50,49,43,33,60,72,72,60,58,46,53,48,23,27,23,12,5,F,2011
E01023566,Hertsmere 010D,864,41,54,59,64,30,26,33,50,64,71,63,59,58,54,27,30,33,24,24,F,2011
E01023539,Hertsmere 011A,1474,162,96,50,40,95,196,198,150,81,81,61,61,53,36,32,26,26,20,10,F,2011
E01023540,Hertsmere 011B,878,63,62,49,63,36,53,46,67,64,74,51,46,53,34,31,28,30,21,7,F,2011
E01023541,Hertsmere 011C,958,73,66,62,39,54,107,76,65,70,72,63,57,52,26,20,17,24,13,2,F,2011
E01023542,Hertsmere 011D,893,60,46,54,65,68,58,64,65,70,75,75,52,39,24,16,19,19,18,6,F,2011
E01023543,Hertsmere 011E,707,44,30,38,45,42,72,43,34,53,57,59,54,41,35,19,16,12,9,4,F,2011
E01023558,Hertsmere 012A,901,52,50,54,72,32,41,64,63,73,65,64,44,56,46,36,33,28,17,11,F,2011
E01023559,Hertsmere 012B,763,30,36,50,48,47,50,48,53,46,84,52,38,51,41,26,24,16,15,8,F,2011
E01023560,Hertsmere 012C,791,74,51,56,41,37,55,59,60,55,45,35,36,38,41,32,29,16,20,11,F,2011
E01023561,Hertsmere 012D,860,61,41,61,57,43,58,60,48,65,63,61,42,39,52,34,23,31,12,9,F,2011
E01023562,Hertsmere 012E,734,35,46,42,52,32,34,26,52,54,71,55,47,53,44,38,27,12,9,5,F,2011
E01023563,Hertsmere 012F,813,52,45,35,47,38,49,42,61,65,57,51,41,59,35,28,31,28,25,24,F,2011
E01023548,Hertsmere 013A,931,46,32,40,38,25,45,43,58,52,72,48,65,65,65,64,62,45,36,30,F,2011
E01023549,Hertsmere 013B,940,55,31,54,37,39,44,46,54,55,62,41,36,69,68,51,66,55,42,35,F,2011
E01023550,Hertsmere 013C,846,40,61,45,42,33,32,49,67,67,84,56,43,54,45,40,41,21,17,9,F,2011
E01023551,Hertsmere 013D,786,36,46,60,40,39,25,22,52,61,66,60,57,47,55,44,35,15,18,8,F,2011
E01023556,Hertsmere 013E,774,40,52,33,48,31,27,43,77,61,56,64,51,41,46,37,32,15,11,9,F,2011
E01023557,Hertsmere 013F,792,44,50,59,55,39,25,40,52,62,71,51,44,47,45,37,34,19,16,2,F,2011
E07000099,,64978,3963,3629,3794,3659,2960,3905,4190,4751,5036,5138,4270,3654,3947,3067,2543,2337,1812,1435,888,F,2011
E01023660,North Hertfordshire 001A,1133,70,35,44,44,64,94,89,87,71,51,78,64,68,52,38,55,37,55,37,F,2011
E01023661,North Hertfordshire 001B,695,34,37,41,58,27,49,52,43,63,46,40,37,50,36,25,30,7,11,9,F,2011
E01023662,North Hertfordshire 001C,785,54,52,57,56,40,56,63,65,74,71,60,40,35,19,23,11,5,2,2,F,2011
E01023654,North Hertfordshire 002A,786,46,36,36,38,40,49,46,51,68,65,49,64,78,52,25,17,16,6,4,F,2011
E01023655,North Hertfordshire 002B,771,41,36,37,48,32,34,32,38,50,66,62,65,69,42,37,44,14,18,6,F,2011
E01023656,North Hertfordshire 002C,1109,78,43,39,60,81,106,121,85,66,75,55,49,57,36,34,31,40,35,18,F,2011
E01023657,North Hertfordshire 002D,1255,73,70,74,45,38,85,91,95,115,66,73,73,107,71,63,48,27,24,17,F,2011
E01023658,North Hertfordshire 002E,797,47,59,44,47,41,34,50,48,64,62,45,40,61,43,43,29,20,12,8,F,2011
E01023659,North Hertfordshire 002F,662,28,36,48,43,29,25,29,36,64,58,61,60,57,39,23,10,8,7,1,F,2011
E01023635,North Hertfordshire 003A,768,43,41,47,50,18,39,45,51,50,79,38,32,43,32,47,43,39,20,11,F,2011
E01023636,North Hertfordshire 003B,907,59,41,49,43,42,49,62,57,71,63,68,50,45,40,48,40,37,33,10,F,2011
E01023637,North Hertfordshire 003C,884,61,45,58,40,41,52,60,53,54,54,52,52,46,39,39,51,34,25,28,F,2011
E01023638,North Hertfordshire 003D,813,51,49,32,51,42,59,54,52,60,62,57,54,34,39,37,30,20,17,13,F,2011
E01023587,North Hertfordshire 004A,531,33,22,42,30,27,26,41,46,41,64,41,34,34,22,9,11,3,4,1,F,2011
E01023588,North Hertfordshire 004B,685,34,42,45,47,33,24,36,62,78,69,54,31,26,26,25,13,21,17,2,F,2011
E01023589,North Hertfordshire 004C,784,34,30,44,47,19,50,51,57,53,67,60,44,49,31,26,40,41,28,13,F,2011
E01023590,North Hertfordshire 004D,871,56,46,48,48,35,48,59,70,76,71,65,42,44,36,29,40,28,15,15,F,2011
E01023591,North Hertfordshire 004E,761,21,39,55,53,26,20,40,52,61,59,61,37,57,43,30,39,31,17,20,F,2011
E01023592,North Hertfordshire 004F,816,47,57,71,60,38,29,63,67,61,53,45,32,27,19,32,26,31,30,28,F,2011
E01023593,North Hertfordshire 004G,701,51,36,37,41,43,34,52,50,50,64,45,30,31,25,33,33,23,17,6,F,2011
E01023585,North Hertfordshire 005A,594,32,45,40,30,21,16,19,25,33,65,52,53,43,41,26,20,16,9,8,F,2011
E01023586,North Hertfordshire 005B,802,38,55,50,35,28,28,39,53,67,66,52,64,57,60,29,35,24,16,6,F,2011
E01023597,North Hertfordshire 005C,625,26,37,45,24,24,20,18,39,56,44,61,48,41,43,32,26,18,14,9,F,2011
E01023598,North Hertfordshire 005D,710,60,48,40,39,27,30,38,60,48,54,47,44,63,32,33,24,16,3,4,F,2011
E01023600,North Hertfordshire 005F,725,41,41,29,25,26,33,41,42,57,63,53,42,50,36,31,31,28,29,27,F,2011
E01023663,North Hertfordshire 005G,1062,43,65,73,70,30,33,33,72,86,105,98,80,82,66,47,34,15,15,15,F,2011
E01033024,North Hertfordshire 005H,798,76,61,69,41,35,33,66,114,100,83,46,25,24,8,8,5,3,0,1,F,2011
E01033025,North Hertfordshire 005I,679,80,63,39,12,28,83,102,89,49,41,26,17,20,11,6,6,5,2,0,F,2011
E01033026,North Hertfordshire 005J,769,88,47,44,30,38,86,81,93,58,49,33,23,24,11,9,15,16,14,10,F,2011
E01033027,North Hertfordshire 005K,721,72,60,28,23,50,139,112,85,49,33,21,14,11,7,7,8,1,1,0,F,2011
E01023630,North Hertfordshire 006A,902,67,64,60,53,55,59,58,52,77,59,36,49,38,37,31,30,27,24,26,F,2011
E01023631,North Hertfordshire 006B,875,85,50,52,40,60,78,66,61,58,60,54,37,51,21,26,34,18,17,7,F,2011
E01023632,North Hertfordshire 006C,720,45,30,25,48,54,44,44,58,56,61,40,52,37,20,25,19,14,23,25,F,2011
E01023633,North Hertfordshire 006D,698,54,45,44,32,30,70,49,46,59,59,50,25,21,36,27,7,18,18,8,F,2011
E01023634,North Hertfordshire 006E,667,34,29,33,29,36,37,36,30,54,39,53,33,61,43,35,32,31,16,6,F,2011
E01023649,North Hertfordshire 007A,651,35,30,33,33,27,59,65,57,55,46,30,27,36,32,25,27,16,12,6,F,2011
E01023650,North Hertfordshire 007B,754,62,63,50,52,38,63,49,67,55,65,42,36,27,24,19,8,16,13,5,F,2011
E01023651,North Hertfordshire 007C,617,35,42,43,26,21,31,50,59,53,39,28,31,35,39,32,24,12,12,5,F,2011
E01023652,North Hertfordshire 007D,785,44,48,62,46,28,38,54,60,74,60,38,34,47,38,32,27,25,14,16,F,2011
E01023644,North Hertfordshire 008A,852,48,38,43,73,31,29,39,35,49,77,49,48,66,57,33,44,42,28,23,F,2011
E01023645,North Hertfordshire 008B,793,37,40,46,63,37,44,32,49,51,66,42,49,61,44,43,33,24,24,8,F,2011
E01023646,North Hertfordshire 008C,741,71,49,52,53,36,42,50,68,58,61,37,30,45,23,23,14,16,10,3,F,2011
E01023647,North Hertfordshire 008D,775,33,42,49,50,34,22,23,38,53,78,66,54,58,44,47,39,22,14,9,F,2011
E01023648,North Hertfordshire 008E,640,25,21,31,53,37,13,26,26,27,41,55,47,56,57,32,38,29,12,14,F,2011
E01023639,North Hertfordshire 009A,703,41,32,49,41,22,26,38,53,36,71,32,44,68,41,31,22,24,20,12,F,2011
E01023640,North Hertfordshire 009B,641,32,31,36,39,46,42,41,33,41,34,42,25,42,41,45,30,20,11,10,F,2011
E01023641,North Hertfordshire 009C,660,36,32,42,43,38,39,33,55,51,38,43,33,51,43,28,28,13,13,1,F,2011
E01023642,North Hertfordshire 009D,669,27,35,40,35,25,19,25,42,36,48,45,63,80,46,38,38,16,8,3,F,2011
E01023643,North Hertfordshire 009E,699,34,35,50,56,39,34,32,52,51,58,54,34,26,27,42,24,22,11,18,F,2011
E01023601,North Hertfordshire 010A,1039,64,40,37,51,74,186,118,92,67,60,50,39,32,22,22,21,20,28,16,F,2011
E01023602,North Hertfordshire 010B,790,78,44,35,29,31,73,98,90,70,55,48,37,30,21,17,14,10,9,1,F,2011
E01023603,North Hertfordshire 010C,807,65,49,50,49,49,42,46,81,67,64,58,39,29,30,25,25,21,11,7,F,2011
E01023604,North Hertfordshire 010D,672,36,37,39,32,26,30,39,56,66,66,51,35,49,22,27,23,21,6,11,F,2011
E01023605,North Hertfordshire 010E,733,64,28,37,36,77,130,80,61,50,46,28,20,19,19,13,16,4,5,0,F,2011
E01023617,North Hertfordshire 011A,749,45,34,38,35,21,21,33,48,68,58,57,50,48,42,45,43,31,28,4,F,2011
E01023618,North Hertfordshire 011B,785,54,59,40,49,39,37,63,59,63,62,50,37,51,33,26,18,26,12,7,F,2011
E01023619,North Hertfordshire 011C,780,47,30,29,30,53,90,72,81,66,63,48,53,41,27,14,14,9,10,3,F,2011
E01023620,North Hertfordshire 011D,668,33,53,40,56,25,33,39,47,58,55,52,37,32,23,21,20,20,17,7,F,2011
E01023621,North Hertfordshire 011E,695,41,39,37,32,32,59,51,52,62,55,51,43,40,38,22,10,14,14,3,F,2011
E01023611,North Hertfordshire 012A,870,57,51,53,61,44,50,46,56,70,69,60,43,34,30,47,46,27,18,8,F,2011
E01023612,North Hertfordshire 012B,940,84,57,53,33,37,54,64,86,91,61,53,59,49,45,33,33,20,11,17,F,2011
E01023613,North Hertfordshire 012C,863,62,54,51,53,67,76,54,56,62,64,47,35,33,32,27,20,35,26,9,F,2011
E01023614,North Hertfordshire 012D,992,45,47,61,69,32,32,45,67,60,103,92,60,83,64,43,37,30,15,7,F,2011
E01023615,North Hertfordshire 012E,779,33,33,42,32,24,23,28,37,63,74,47,66,72,51,43,45,29,20,17,F,2011
E01023616,North Hertfordshire 012F,1084,66,31,34,42,47,100,88,81,73,59,43,45,50,43,36,55,47,88,56,F,2011
E01023606,North Hertfordshire 013A,860,60,50,46,65,38,62,65,68,62,66,45,44,48,37,29,31,18,18,8,F,2011
E01023607,North Hertfordshire 013B,773,58,51,57,41,19,29,42,57,90,53,49,30,51,35,40,34,22,9,6,F,2011
E01023608,North Hertfordshire 013C,775,34,40,37,46,25,28,28,54,57,66,49,42,50,67,51,44,34,17,6,F,2011
E01023609,North Hertfordshire 013D,800,35,34,48,44,37,69,57,62,65,53,48,46,32,35,23,32,32,37,11,F,2011
E01023610,North Hertfordshire 013E,715,50,57,64,47,20,22,50,59,68,63,46,50,35,17,13,15,16,12,11,F,2011
E01023594,North Hertfordshire 014A,1111,52,50,54,69,36,50,49,67,87,88,94,82,83,74,52,43,42,30,9,F,2011
E01023622,North Hertfordshire 014B,624,16,41,43,46,19,15,25,47,40,55,48,34,51,28,24,26,19,23,24,F,2011
E01023623,North Hertfordshire 014C,739,36,48,44,29,21,19,29,49,56,81,45,57,62,50,36,33,22,17,5,F,2011
E01023624,North Hertfordshire 014D,666,37,57,54,28,26,28,35,59,52,68,51,36,44,23,19,21,16,10,2,F,2011
E01023625,North Hertfordshire 014E,565,20,29,41,62,17,16,18,23,51,56,46,38,57,36,18,14,11,8,4,F,2011
E01023653,North Hertfordshire 014F,1125,77,84,81,51,35,35,62,80,83,99,75,72,70,67,56,34,23,23,18,F,2011
E01023595,North Hertfordshire 015A,783,33,34,46,49,36,39,43,58,53,62,73,44,45,43,30,25,28,21,21,F,2011
E01023596,North Hertfordshire 015B,578,15,25,27,43,28,15,21,35,42,51,38,29,43,44,34,34,29,18,7,F,2011
E01023626,North Hertfordshire 015C,1087,65,69,68,61,35,33,41,54,84,95,106,79,74,82,55,47,21,15,3,F,2011
E01023627,North Hertfordshire 015D,911,38,43,62,52,39,47,36,45,60,88,77,64,53,43,35,34,34,31,30,F,2011
E01023628,North Hertfordshire 015E,876,55,55,48,50,44,57,61,64,73,76,55,54,52,37,20,35,24,12,4,F,2011
E01023629,North Hertfordshire 015F,903,46,46,53,44,50,53,69,42,70,76,56,64,66,37,39,32,28,20,12,F,2011
E07000100,,71914,5048,4435,4441,4017,3208,4043,4945,5714,5732,5553,4651,4008,4020,3189,2560,2291,1899,1347,813,F,2011
E01023690,St Albans 001A,848,74,61,62,48,20,24,49,73,72,70,39,45,41,30,35,21,24,32,28,F,2011
E01023691,St Albans 001B,746,48,64,62,63,22,8,24,56,70,67,61,36,48,43,30,17,18,7,2,F,2011
E01023692,St Albans 001C,735,64,48,59,45,36,31,57,61,68,49,53,29,40,27,24,17,10,8,9,F,2011
E01023693,St Albans 001D,667,44,42,40,45,20,31,43,42,54,67,51,34,46,32,25,13,25,11,2,F,2011
E01023694,St Albans 001E,753,65,56,64,54,25,10,25,65,56,78,63,44,44,37,24,20,13,8,2,F,2011
E01023685,St Albans 002A,849,80,63,60,45,28,27,55,86,96,56,58,50,43,28,27,16,25,6,0,F,2011
E01023686,St Albans 002B,820,72,67,54,40,20,24,28,59,75,58,68,50,46,37,26,24,28,23,21,F,2011
E01023687,St Albans 002C,795,56,65,55,63,44,34,44,62,71,65,54,39,29,25,22,32,21,10,4,F,2011
E01023688,St Albans 002D,723,46,45,44,41,29,42,69,66,63,51,42,32,29,32,22,24,17,21,8,F,2011
E01023689,St Albans 002E,711,45,43,72,86,12,17,20,60,60,73,42,33,24,32,22,22,30,13,5,F,2011
E01023699,St Albans 003A,816,55,55,51,35,18,28,27,57,69,56,52,29,63,52,36,38,41,29,25,F,2011
E01023700,St Albans 003B,714,33,55,63,46,23,8,17,38,51,63,69,46,44,39,27,27,30,26,9,F,2011
E01023701,St Albans 003C,925,65,59,28,36,50,60,55,58,71,50,62,43,38,43,47,42,47,48,23,F,2011
E01023702,St Albans 003D,834,94,54,52,33,18,42,81,83,80,61,40,32,46,21,19,31,17,15,15,F,2011
E01023703,St Albans 003E,744,74,53,62,37,19,19,31,78,78,61,55,39,39,25,13,30,14,7,10,F,2011
E01023746,St Albans 004A,820,89,57,39,45,36,60,62,76,55,46,52,49,35,43,24,18,17,14,3,F,2011
E01023747,St Albans 004B,947,66,64,72,56,38,22,44,80,92,69,53,55,47,34,42,33,37,25,18,F,2011
E01023748,St Albans 004C,713,31,29,49,54,23,16,19,31,39,66,58,51,67,50,50,32,25,16,7,F,2011
E01023749,St Albans 004D,881,49,56,63,56,25,28,29,54,73,82,63,62,59,51,37,35,30,22,7,F,2011
E01023695,St Albans 005A,788,52,46,50,51,21,8,32,53,71,63,66,54,50,50,40,27,26,24,4,F,2011
E01023696,St Albans 005B,879,52,61,62,48,31,14,18,48,66,85,68,51,68,58,54,51,23,13,8,F,2011
E01023697,St Albans 005C,960,86,64,44,49,23,52,85,98,70,70,68,41,57,32,24,39,27,19,12,F,2011
E01023698,St Albans 005D,793,57,40,35,52,27,19,37,58,69,67,72,64,58,49,41,15,19,9,5,F,2011
E01023722,St Albans 006A,713,47,44,38,34,25,27,33,49,67,53,44,59,47,44,32,29,23,15,3,F,2011
E01023723,St Albans 006B,868,50,49,61,70,39,34,51,70,79,73,47,61,50,37,44,23,20,6,4,F,2011
E01023724,St Albans 006C,841,46,54,46,24,15,32,30,80,59,56,53,41,63,61,46,35,45,25,30,F,2011
E01023725,St Albans 006D,775,57,54,48,45,26,21,32,54,71,67,49,49,66,42,39,26,20,8,1,F,2011
E01023713,St Albans 007A,960,65,91,79,67,41,45,55,71,93,71,51,55,55,28,24,30,12,13,14,F,2011
E01023734,St Albans 007B,847,48,41,63,47,35,50,49,52,76,78,72,58,58,37,35,22,17,6,3,F,2011
E01023735,St Albans 007C,891,50,27,50,50,59,59,63,62,56,87,66,64,46,37,27,26,33,20,9,F,2011
E01023736,St Albans 007D,826,39,39,42,38,47,44,48,59,58,59,63,46,46,56,27,22,25,32,36,F,2011
E01023709,St Albans 008A,869,41,48,58,50,42,53,44,50,60,76,74,58,46,35,34,43,28,19,10,F,2011
E01023710,St Albans 008B,793,34,50,67,47,34,23,25,50,59,72,70,60,57,38,32,33,29,11,2,F,2011
E01023711,St Albans 008C,813,49,40,68,47,32,27,39,49,60,67,57,46,50,32,35,56,33,19,7,F,2011
E01023712,St Albans 008D,856,50,38,57,54,47,69,80,75,65,59,49,50,46,25,21,34,21,7,9,F,2011
E01023669,St Albans 009A,935,83,89,49,67,50,61,90,95,75,74,40,48,32,23,16,16,17,6,4,F,2011
E01023670,St Albans 009B,1181,107,88,52,40,45,56,120,130,106,69,73,46,48,32,13,19,40,47,50,F,2011
E01023671,St Albans 009C,1005,58,51,87,76,50,52,65,70,66,85,46,55,53,36,26,43,43,30,13,F,2011
E01023672,St Albans 009D,1010,70,89,80,84,40,45,49,99,75,84,51,44,49,38,29,35,19,16,14,F,2011
E01023673,St Albans 010A,712,41,41,57,52,22,27,26,47,53,77,62,51,52,39,31,14,11,8,1,F,2011
E01023714,St Albans 010B,936,36,74,95,79,46,20,20,33,77,98,84,61,49,46,46,28,25,11,8,F,2011
E01023715,St Albans 010C,834,56,77,73,56,32,26,28,46,80,74,61,46,56,25,30,18,24,14,12,F,2011
E01023716,St Albans 010D,1051,105,63,58,37,39,71,125,116,84,80,56,51,38,38,30,18,14,22,6,F,2011
E01023666,St Albans 011A,854,66,28,41,26,75,156,122,90,53,43,26,26,21,30,16,16,13,5,1,F,2011
E01023674,St Albans 011B,967,106,70,37,54,34,82,116,111,62,75,53,34,47,23,25,14,13,4,7,F,2011
E01023675,St Albans 011C,710,26,53,62,53,20,18,26,38,50,83,58,46,49,32,32,22,21,14,7,F,2011
E01023676,St Albans 011D,1112,94,50,49,52,63,162,146,103,68,64,53,40,34,27,21,33,20,22,11,F,2011
E01023726,St Albans 012A,825,72,32,12,14,40,129,158,106,58,48,37,31,22,23,9,17,5,5,7,F,2011
E01023727,St Albans 012B,937,64,37,20,16,63,168,131,90,61,41,31,31,37,25,20,22,30,32,18,F,2011
E01023728,St Albans 012C,1115,97,52,37,40,55,98,122,118,86,73,64,58,51,48,26,23,28,21,18,F,2011
E01023729,St Albans 012D,894,86,58,27,22,62,149,122,84,59,53,35,33,21,24,14,12,16,8,9,F,2011
E01023664,St Albans 013A,876,57,51,83,64,36,50,66,69,91,81,56,54,39,30,22,9,9,6,3,F,2011
E01023665,St Albans 013B,803,75,54,52,41,47,64,80,66,69,54,39,36,38,31,11,13,22,9,2,F,2011
E01023667,St Albans 013C,735,63,54,33,34,42,63,80,79,58,41,41,41,36,19,18,18,5,6,4,F,2011
E01023668,St Albans 013D,671,23,52,57,46,29,19,32,45,75,73,54,33,35,33,22,14,17,7,5,F,2011
E01023742,St Albans 014A,742,44,29,39,23,28,12,29,46,51,35,42,69,75,72,45,38,26,22,17,F,2011
E01023743,St Albans 014B,857,55,41,42,36,24,50,64,63,68,71,57,47,53,49,36,35,33,26,7,F,2011
E01023744,St Albans 014C,743,31,27,43,37,28,19,23,32,42,58,54,60,62,56,59,50,25,26,11,F,2011
E01023745,St Albans 014D,874,69,39,41,31,24,41,80,75,85,72,44,50,63,49,31,33,20,17,10,F,2011
E01023677,St Albans 015A,597,50,49,39,43,27,30,59,80,77,55,30,25,10,4,8,7,1,3,0,F,2011
E01023678,St Albans 015B,949,89,66,60,35,43,40,79,99,93,83,64,41,53,37,24,26,12,3,2,F,2011
E01023679,St Albans 015C,742,41,46,46,35,34,32,34,57,59,65,68,46,52,37,36,18,23,7,6,F,2011
E01023680,St Albans 015D,676,35,58,53,52,23,24,42,38,66,56,50,40,38,31,25,21,11,10,3,F,2011
E01023681,St Albans 016A,777,56,33,32,42,65,80,70,61,42,52,59,42,37,28,16,27,16,11,8,F,2011
E01023682,St Albans 016B,887,53,50,50,62,50,61,61,71,66,63,49,40,47,26,35,37,23,24,19,F,2011
E01023683,St Albans 016C,861,76,54,42,42,45,70,53,60,65,55,44,43,35,34,38,41,35,20,9,F,2011
E01023684,St Albans 016D,825,44,42,37,37,35,46,51,55,51,57,63,52,70,55,49,34,28,15,4,F,2011
E01023737,St Albans 017A,707,56,46,39,45,53,60,71,50,45,38,41,39,34,21,25,22,10,7,5,F,2011
E01023738,St Albans 017B,773,65,43,40,50,63,58,67,67,55,44,37,40,39,32,20,19,14,12,8,F,2011
E01023739,St Albans 017C,794,57,49,46,34,43,39,65,51,64,44,34,29,43,38,22,27,29,39,41,F,2011
E01023740,St Albans 017D,666,55,32,30,26,25,68,73,77,58,42,36,28,32,20,12,14,21,9,8,F,2011
E01023741,St Albans 017E,840,91,62,41,19,34,43,77,91,78,71,60,48,33,30,25,15,10,5,7,F,2011
E01023704,St Albans 018A,828,67,34,44,35,62,86,83,69,50,59,56,62,45,34,18,10,8,2,4,F,2011
E01023705,St Albans 018B,876,73,55,59,55,69,61,69,54,61,55,54,52,42,36,37,20,13,9,2,F,2011
E01023706,St Albans 018C,830,46,34,43,62,54,56,52,55,65,68,56,54,47,38,41,27,21,8,3,F,2011
E01023708,St Albans 018E,778,41,42,46,49,36,45,47,55,63,64,42,55,45,35,27,26,24,23,13,F,2011
E01033028,St Albans 018F,763,50,57,66,69,45,40,50,58,63,55,57,38,36,26,25,11,11,4,2,F,2011
E01033029,St Albans 018G,802,74,59,53,49,40,45,72,101,77,70,40,32,35,26,9,7,6,7,0,F,2011
E01023718,St Albans 019A,869,43,50,53,37,28,31,39,57,67,61,51,69,66,57,53,51,33,20,3,F,2011
E01023719,St Albans 019B,584,33,40,29,40,29,31,27,44,38,48,38,37,41,26,23,31,16,9,4,F,2011
E01023720,St Albans 019C,911,72,42,51,45,46,89,94,80,62,58,55,44,48,31,22,22,16,20,14,F,2011
E01023721,St Albans 019D,717,37,52,46,38,40,22,26,47,54,51,54,42,53,53,29,26,19,19,9,F,2011
E01023717,St Albans 020A,630,37,34,41,44,30,18,39,51,49,49,49,45,34,32,21,22,14,13,8,F,2011
E01023730,St Albans 020B,887,46,61,66,56,20,29,21,65,70,65,58,62,61,55,45,43,30,27,7,F,2011
E01023731,St Albans 020C,750,45,38,49,32,38,28,45,35,56,75,42,44,56,43,44,37,27,11,5,F,2011
E01023732,St Albans 020D,871,35,49,41,44,41,46,34,48,50,80,74,62,55,51,49,48,27,26,11,F,2011
E01023733,St Albans 020E,832,24,37,54,59,46,19,25,24,64,73,69,51,82,63,47,39,35,13,8,F,2011
E07000101,,42618,2852,2396,2345,2729,2708,3166,2940,2851,3294,3421,2833,2163,2063,1760,1486,1453,1141,633,384,F,2011
E01023787,Stevenage 001A,677,51,54,44,40,33,39,59,61,60,47,43,30,42,31,22,14,4,2,1,F,2011
E01023788,Stevenage 001B,810,70,54,50,55,43,55,56,68,54,60,50,35,49,28,28,23,12,12,8,F,2011
E01023789,Stevenage 001C,1018,97,79,62,87,75,88,91,70,72,71,51,39,46,27,25,19,3,10,6,F,2011
E01023790,Stevenage 001D,877,64,65,77,66,59,76,53,61,76,85,50,41,38,30,18,7,4,2,5,F,2011
E01023776,Stevenage 002A,1225,104,56,40,52,95,154,109,67,78,73,81,56,50,61,45,36,36,19,13,F,2011
E01023777,Stevenage 002B,905,55,57,45,45,42,57,67,64,76,80,55,45,50,55,36,34,20,14,8,F,2011
E01023778,Stevenage 002C,915,81,66,59,76,50,61,55,55,90,68,52,39,32,29,33,29,24,9,7,F,2011
E01023799,Stevenage 002D,719,39,26,49,57,60,31,43,34,65,67,65,50,50,22,24,16,9,9,3,F,2011
E01023800,Stevenage 002E,1031,57,44,30,63,68,73,66,78,65,69,80,68,48,61,41,49,42,15,14,F,2011
E01023801,Stevenage 002F,1255,135,78,85,73,77,111,146,128,103,90,73,42,49,23,21,8,4,6,3,F,2011
E01023771,Stevenage 003A,800,37,36,45,56,38,66,47,70,75,66,53,36,48,43,34,25,14,7,4,F,2011
E01023772,Stevenage 003B,836,55,24,40,48,49,69,60,55,63,70,66,54,33,54,32,21,18,17,8,F,2011
E01023773,Stevenage 003C,719,57,39,47,54,53,60,59,51,67,71,42,37,30,14,15,11,10,1,1,F,2011
E01023774,Stevenage 003D,795,42,39,53,58,50,58,61,50,62,66,31,36,32,39,27,25,28,19,19,F,2011
E01023767,Stevenage 004A,715,40,30,35,50,39,36,55,55,67,66,73,61,41,25,14,17,5,5,1,F,2011
E01023768,Stevenage 004B,828,52,40,59,49,45,49,55,71,76,95,69,45,42,30,20,16,9,5,1,F,2011
E01023769,Stevenage 004C,873,58,39,48,47,41,51,44,61,57,79,59,47,45,55,38,39,27,21,17,F,2011
E01023770,Stevenage 004D,727,22,35,31,44,37,45,32,45,62,85,65,61,45,31,35,29,14,7,2,F,2011
E01023795,Stevenage 005A,782,44,26,34,39,64,56,46,50,48,55,57,52,44,49,33,36,25,16,8,F,2011
E01023796,Stevenage 005B,733,57,40,29,25,54,67,56,41,51,45,37,45,47,31,28,29,31,14,6,F,2011
E01023797,Stevenage 005C,670,25,39,34,36,39,44,56,43,48,33,52,53,63,21,24,20,25,6,9,F,2011
E01023798,Stevenage 005D,742,58,44,39,35,49,61,60,60,55,53,54,35,43,31,19,23,12,6,5,F,2011
E01023775,Stevenage 006A,944,57,42,28,45,70,103,62,58,55,61,49,40,40,34,35,53,48,37,27,F,2011
E01023779,Stevenage 006B,830,49,54,47,43,70,77,61,55,64,61,53,43,27,39,26,26,16,12,7,F,2011
E01023780,Stevenage 006C,697,37,30,28,49,47,47,30,45,59,54,57,26,27,48,43,29,21,6,14,F,2011
E01023781,Stevenage 006D,844,72,46,34,49,65,62,71,52,66,53,47,33,41,44,37,34,20,9,9,F,2011
E01023782,Stevenage 006E,670,15,26,32,41,40,34,34,40,52,53,41,50,53,42,37,33,26,12,9,F,2011
E01023759,Stevenage 007A,810,56,54,65,62,36,53,46,59,67,62,52,30,37,31,31,38,23,6,2,F,2011
E01023760,Stevenage 007B,763,46,39,39,52,40,57,37,41,60,71,56,41,51,28,43,26,24,9,3,F,2011
E01023761,Stevenage 007C,1119,72,86,65,72,86,109,84,88,92,84,59,47,45,34,38,29,23,5,1,F,2011
E01023762,Stevenage 007D,777,49,36,55,33,41,46,49,51,56,74,52,40,34,42,42,52,16,6,3,F,2011
E01023755,Stevenage 008A,850,51,47,57,79,59,58,57,49,67,62,55,44,39,31,26,23,28,13,5,F,2011
E01023756,Stevenage 008B,848,67,61,70,72,42,67,50,67,66,75,36,36,37,31,14,21,21,9,6,F,2011
E01023757,Stevenage 008C,1003,79,66,61,60,82,61,76,75,67,80,54,45,38,43,35,24,38,14,5,F,2011
E01023758,Stevenage 008D,893,78,31,25,37,72,101,58,55,40,52,38,31,39,32,45,48,57,36,18,F,2011
E01023750,Stevenage 009A,686,36,27,28,31,42,43,42,36,38,52,43,38,24,18,20,40,42,44,42,F,2011
E01023751,Stevenage 009B,609,46,40,41,34,35,40,43,39,42,52,41,31,36,20,23,24,13,7,2,F,2011
E01023752,Stevenage 009C,665,51,50,35,39,35,45,49,37,69,51,41,20,31,26,29,30,13,12,2,F,2011
E01023753,Stevenage 009D,741,40,35,36,58,42,54,50,38,74,79,79,47,30,18,17,14,16,11,3,F,2011
E01023754,Stevenage 009E,711,55,52,53,75,32,33,45,46,69,61,52,29,36,20,19,17,13,1,3,F,2011
E01023791,Stevenage 010A,798,35,39,42,68,51,51,37,54,67,68,52,48,31,35,33,39,31,11,6,F,2011
E01023792,Stevenage 010B,843,70,54,52,71,48,71,64,56,70,69,37,34,32,25,22,30,20,13,5,F,2011
E01023793,Stevenage 010C,742,50,48,37,54,38,52,61,56,58,52,47,30,33,37,21,32,22,11,3,F,2011
E01023794,Stevenage 010D,817,50,61,57,64,59,62,55,52,55,67,60,29,30,25,26,28,19,14,4,F,2011
E01023783,Stevenage 011A,817,52,45,31,55,58,61,63,62,62,69,51,43,30,28,20,21,34,16,16,F,2011
E01023784,Stevenage 011B,855,55,50,51,53,44,41,37,40,69,66,65,52,49,47,39,37,36,20,4,F,2011
E01023785,Stevenage 011C,798,68,53,41,47,68,80,59,37,67,62,48,33,36,29,23,22,14,8,3,F,2011
E01023786,Stevenage 011D,803,51,47,43,57,53,64,52,46,62,62,59,32,29,25,19,34,40,15,13,F,2011
E01023763,Stevenage 012A,740,39,37,36,41,60,51,45,46,55,77,66,43,48,36,16,28,11,3,2,F,2011
E01023764,Stevenage 012B,717,33,40,29,31,61,44,34,34,52,61,76,55,41,34,33,24,19,11,5,F,2011
E01023765,Stevenage 012C,759,34,40,46,42,39,37,46,45,47,71,52,44,35,36,33,45,34,24,9,F,2011
E01023766,Stevenage 012D,817,59,50,46,60,33,55,67,54,57,66,57,42,37,32,29,26,27,16,4,F,2011
E07000102,,45199,2688,2562,2802,2661,2198,2456,2878,3121,3450,3626,3086,2603,2692,2122,1784,1661,1305,889,615,F,2011
E01023802,Three Rivers 001A,872,66,42,47,38,44,45,61,65,79,79,62,38,50,47,28,28,25,20,8,F,2011
E01023803,Three Rivers 001B,780,24,55,50,48,27,15,29,48,60,66,70,47,58,39,27,50,29,26,12,F,2011
E01023804,Three Rivers 001C,785,37,41,35,43,48,34,50,48,50,61,48,50,46,53,36,33,23,35,14,F,2011
E01023807,Three Rivers 001D,740,29,31,65,43,36,23,22,37,66,73,60,54,70,42,34,28,11,8,8,F,2011
E01023808,Three Rivers 001E,1255,100,64,61,48,62,124,126,124,78,94,61,71,51,64,61,30,20,11,5,F,2011
E01023829,Three Rivers 002A,897,58,56,66,81,43,55,47,61,82,61,71,51,49,26,19,25,26,14,6,F,2011
E01023830,Three Rivers 002B,723,49,27,26,23,43,45,74,50,39,53,46,40,43,39,35,30,29,25,7,F,2011
E01023832,Three Rivers 002C,873,71,50,67,69,43,50,66,77,87,88,52,35,44,28,18,16,7,4,1,F,2011
E01023833,Three Rivers 002D,1218,85,84,85,75,37,66,93,118,130,118,74,62,65,38,30,29,22,7,0,F,2011
E01023834,Three Rivers 002E,804,38,59,65,56,34,41,40,60,69,75,49,55,46,51,29,14,17,4,2,F,2011
E01023823,Three Rivers 003A,767,37,37,50,54,40,29,31,35,55,74,43,47,49,28,33,44,25,22,34,F,2011
E01023824,Three Rivers 003B,1018,57,61,73,71,40,31,33,69,77,91,91,64,63,47,50,38,39,13,10,F,2011
E01023831,Three Rivers 003C,1061,74,69,82,80,56,62,77,78,83,91,81,47,43,23,42,25,20,17,11,F,2011
E01023854,Three Rivers 003D,948,35,39,55,50,33,30,36,48,62,78,82,77,90,62,54,46,39,17,15,F,2011
E01023812,Three Rivers 004A,740,42,34,54,42,41,27,23,30,64,66,62,58,65,51,29,26,13,9,4,F,2011
E01023813,Three Rivers 004B,825,22,46,73,70,42,20,28,26,65,76,71,58,54,27,40,25,24,39,19,F,2011
E01023814,Three Rivers 004C,636,19,23,35,29,21,16,21,25,45,45,43,27,31,20,25,43,57,61,50,F,2011
E01023851,Three Rivers 004D,912,50,30,76,104,38,80,90,66,53,45,51,35,44,21,33,40,28,17,11,F,2011
E01023815,Three Rivers 005A,784,63,57,42,36,34,32,36,49,72,57,44,50,71,44,35,30,24,5,3,F,2011
E01023816,Three Rivers 005B,661,40,49,58,31,17,17,25,55,46,59,42,34,39,40,25,38,20,18,8,F,2011
E01023817,Three Rivers 005C,703,36,37,58,52,23,38,47,38,58,59,49,34,36,27,28,32,33,9,9,F,2011
E01023818,Three Rivers 005D,711,23,42,61,56,27,13,13,33,49,63,66,57,52,35,32,26,34,19,10,F,2011
E01023819,Three Rivers 006A,833,72,57,45,34,42,42,68,72,55,62,61,48,51,29,24,28,22,11,10,F,2011
E01023820,Three Rivers 006B,665,20,27,49,37,36,24,28,35,37,65,48,37,49,38,35,28,31,24,17,F,2011
E01023821,Three Rivers 006C,661,42,40,47,27,28,25,43,48,54,39,59,46,38,31,28,21,25,12,8,F,2011
E01023822,Three Rivers 006D,693,53,31,41,35,34,24,33,53,54,66,47,49,35,35,26,38,24,8,7,F,2011
E01023825,Three Rivers 006E,1147,80,69,87,51,45,56,88,110,83,103,91,63,62,47,44,42,17,4,5,F,2011
E01023826,Three Rivers 006F,738,40,44,58,45,34,25,32,47,68,69,64,44,47,19,25,30,26,11,10,F,2011
E01023847,Three Rivers 007A,993,77,78,51,37,45,68,96,93,96,89,60,39,57,29,24,26,11,9,8,F,2011
E01023848,Three Rivers 007B,829,58,65,50,57,31,57,55,65,61,64,58,34,42,38,24,26,26,11,7,F,2011
E01023850,Three Rivers 007C,697,45,26,14,8,21,64,94,58,43,38,43,31,30,25,26,33,29,32,37,F,2011
E01023852,Three Rivers 007D,794,38,49,43,32,32,34,49,52,60,66,38,37,53,45,31,36,30,35,34,F,2011
E01023853,Three Rivers 007E,1040,52,58,65,78,39,23,41,53,85,105,77,77,69,68,56,42,23,12,17,F,2011
E01023827,Three Rivers 008A,1148,83,92,80,76,84,81,97,96,75,85,62,49,44,31,35,13,28,26,11,F,2011
E01023828,Three Rivers 008B,770,54,58,41,37,55,62,66,59,68,48,39,34,32,22,29,20,23,18,5,F,2011
E01023845,Three Rivers 008C,943,52,43,75,53,44,48,68,55,77,91,68,63,66,35,39,27,17,8,14,F,2011
E01023846,Three Rivers 008D,766,35,36,43,47,55,26,31,44,63,66,58,65,60,53,36,16,18,8,6,F,2011
E01023835,Three Rivers 009A,728,37,38,42,39,34,31,28,49,72,62,44,46,58,36,30,36,21,11,14,F,2011
E01023836,Three Rivers 009B,746,57,40,38,42,44,58,73,56,61,55,40,27,41,26,19,29,21,12,7,F,2011
E01023837,Three Rivers 009C,811,70,56,30,39,39,74,78,65,61,58,47,45,39,30,35,20,12,10,3,F,2011
E01023838,Three Rivers 009D,648,50,40,47,26,31,56,46,47,42,49,46,37,29,35,23,25,7,10,2,F,2011
E01023805,Three Rivers 010A,863,53,66,60,68,50,49,56,68,75,73,52,34,32,38,15,24,23,18,9,F,2011
E01023809,Three Rivers 010B,877,35,31,42,48,38,38,53,44,51,57,47,51,59,71,63,68,45,25,11,F,2011
E01023810,Three Rivers 010C,907,27,34,44,51,47,46,45,32,57,59,80,62,79,89,61,36,35,18,5,F,2011
E01023811,Three Rivers 010D,771,37,24,26,40,30,36,42,43,47,54,45,52,63,71,46,43,30,18,24,F,2011
E01023839,Three Rivers 011A,1161,45,60,64,82,55,58,47,61,76,107,86,90,100,52,62,56,34,19,7,F,2011
E01023840,Three Rivers 011B,875,47,43,35,29,36,46,59,76,67,57,58,39,58,50,30,42,39,29,35,F,2011
E01023841,Three Rivers 011C,780,22,34,45,40,40,58,43,37,56,53,69,71,58,53,32,33,24,11,1,F,2011
E01023849,Three Rivers 011D,724,24,39,42,44,24,29,24,35,58,63,55,55,45,54,43,36,26,17,11,F,2011
E01023806,Three Rivers 012A,1146,94,82,55,75,69,80,111,110,60,82,73,60,47,43,29,29,23,16,8,F,2011
E01023842,Three Rivers 012B,852,60,47,60,74,64,75,48,57,75,56,47,39,28,28,25,17,18,17,17,F,2011
E01023843,Three Rivers 012C,1038,89,57,66,54,60,79,92,94,85,70,64,60,35,32,30,30,20,15,6,F,2011
E01023844,Three Rivers 012D,842,85,65,33,57,83,91,76,67,59,43,42,28,27,17,16,15,12,14,12,F,2011
E07000103,,45632,3350,2648,2579,2589,2864,4159,4105,3570,3475,3143,2619,2140,2069,1635,1368,1201,1036,662,420,F,2011
E01023904,Watford 001A,1048,65,75,66,76,63,65,65,80,87,84,66,52,51,37,35,22,28,19,12,F,2011
E01023905,Watford 001B,979,60,63,71,59,44,81,69,100,78,68,62,38,49,36,24,31,23,19,4,F,2011
E01023906,Watford 001C,749,41,35,52,56,34,54,57,49,63,52,49,34,58,25,19,25,24,15,7,F,2011
E01023907,Watford 001D,857,53,39,47,38,48,47,83,67,62,64,43,39,42,43,45,34,37,16,10,F,2011
E01023890,Watford 002A,647,40,36,42,44,36,40,47,58,42,57,54,46,24,22,25,14,7,10,3,F,2011
E01023891,Watford 002B,720,39,52,52,73,39,38,54,68,65,65,37,31,20,26,17,20,13,5,6,F,2011
E01023892,Watford 002C,708,45,46,52,45,44,38,46,55,69,69,36,31,40,33,19,25,5,6,4,F,2011
E01023893,Watford 002D,894,49,48,41,57,45,55,51,49,70,76,65,41,44,44,58,45,25,16,15,F,2011
E01023894,Watford 002E,749,38,49,50,62,52,32,47,58,67,61,59,36,41,41,20,13,12,7,4,F,2011
E01023873,Watford 003A,680,47,42,36,50,38,57,50,51,60,59,24,34,26,30,9,35,19,10,3,F,2011
E01023874,Watford 003B,682,48,45,44,42,27,42,41,45,48,46,33,37,42,39,28,32,29,12,2,F,2011
E01023875,Watford 003C,942,41,41,53,41,52,79,51,64,65,61,69,69,58,45,37,39,40,29,8,F,2011
E01023876,Watford 003D,945,95,73,58,73,76,97,66,69,64,71,47,36,20,21,23,25,17,12,2,F,2011
E01023877,Watford 003E,881,52,57,57,62,46,52,62,61,70,67,43,46,52,38,31,30,27,10,18,F,2011
E01023868,Watford 004A,877,55,55,70,61,36,39,53,61,82,61,43,49,35,40,45,39,25,17,11,F,2011
E01023869,Watford 004B,668,52,40,49,40,36,61,55,53,55,45,47,33,38,27,15,11,7,4,0,F,2011
E01023870,Watford 004C,761,49,70,72,64,44,40,64,61,56,53,47,30,33,20,21,10,20,2,5,F,2011
E01023871,Watford 004D,610,47,17,32,30,35,68,72,57,40,42,24,22,29,23,13,17,13,14,15,F,2011
E01023872,Watford 004E,854,57,60,47,67,55,64,59,73,57,74,59,54,32,38,24,16,12,4,2,F,2011
E01023895,Watford 005A,790,66,39,28,27,48,122,114,73,56,51,40,33,30,25,12,10,9,5,2,F,2011
E01023896,Watford 005B,688,43,39,57,47,40,47,47,56,51,55,46,44,30,33,23,19,7,3,1,F,2011
E01023897,Watford 005C,778,35,31,37,43,37,30,45,43,47,53,60,58,57,45,45,43,27,27,15,F,2011
E01023898,Watford 005D,776,50,46,47,42,40,39,44,48,74,66,71,50,50,30,32,27,13,5,2,F,2011
E01023855,Watford 006A,889,85,50,23,31,55,140,125,86,79,36,47,33,38,13,23,9,8,5,3,F,2011
E01023856,Watford 006B,1150,97,59,51,57,79,147,172,111,84,78,51,40,40,25,21,14,13,7,4,F,2011
E01023857,Watford 006C,820,66,70,54,61,71,67,59,60,75,53,45,31,33,15,20,15,13,5,7,F,2011
E01023858,Watford 006D,835,66,45,40,42,68,99,121,73,63,61,50,33,21,23,14,8,6,1,1,F,2011
E01023878,Watford 007A,980,47,50,43,56,48,60,62,41,66,81,75,52,75,52,47,51,34,30,10,F,2011
E01023879,Watford 007B,1146,103,61,40,34,66,166,119,84,63,52,54,48,34,42,34,34,45,40,27,F,2011
E01023880,Watford 007C,937,56,40,34,39,51,90,100,85,61,52,56,31,43,34,28,32,40,31,34,F,2011
E01023881,Watford 007D,830,51,61,44,33,44,44,47,54,61,73,47,52,63,33,36,17,26,23,21,F,2011
E01023886,Watford 008A,1335,106,74,74,61,91,152,159,147,106,66,75,49,59,37,32,24,12,8,3,F,2011
E01023887,Watford 008B,844,31,56,56,46,36,24,22,40,67,76,52,60,54,56,47,52,40,20,9,F,2011
E01023888,Watford 008C,803,49,42,52,47,61,60,53,37,59,68,53,43,55,30,28,33,21,7,5,F,2011
E01023889,Watford 008D,905,69,44,59,69,33,31,40,45,70,77,65,63,56,58,41,24,32,19,10,F,2011
E01023859,Watford 009A,1031,110,39,34,34,79,192,200,80,73,44,44,26,15,21,10,7,12,6,5,F,2011
E01023860,Watford 009B,876,78,38,32,49,73,130,89,93,61,59,53,35,28,24,14,10,8,1,1,F,2011
E01023861,Watford 009C,1026,73,32,21,32,112,217,129,62,58,38,50,35,32,18,23,24,23,28,19,F,2011
E01023862,Watford 009D,991,70,43,46,27,60,141,101,82,80,56,48,34,40,21,30,28,42,23,19,F,2011
E01023899,Watford 010A,750,77,48,43,34,69,87,93,61,51,37,25,24,22,17,16,8,16,10,12,F,2011
E01023900,Watford 010B,821,77,55,49,53,54,77,88,69,66,63,32,34,41,18,16,10,10,5,4,F,2011
E01023901,Watford 010C,953,112,72,65,31,52,104,109,102,85,49,55,29,27,17,20,10,9,5,0,F,2011
E01023902,Watford 010D,784,65,33,47,40,76,100,76,75,63,57,42,27,24,25,12,6,8,6,2,F,2011
E01023903,Watford 010E,752,73,44,50,50,50,62,75,72,76,45,39,28,24,22,12,14,12,2,2,F,2011
E01023863,Watford 011A,841,66,48,35,44,75,90,99,67,70,61,37,36,32,20,29,14,10,4,4,F,2011
E01023864,Watford 011B,823,73,51,36,44,43,93,79,64,62,40,27,25,26,26,25,24,27,32,26,F,2011
E01023865,Watford 011C,887,70,58,62,77,71,74,82,76,64,52,39,35,18,19,23,22,32,7,6,F,2011
E01023866,Watford 011D,855,98,82,58,43,59,72,89,65,57,42,36,34,31,37,23,14,9,4,2,F,2011
E01023867,Watford 011E,1049,105,74,53,45,77,147,133,86,67,61,56,42,32,23,19,10,10,5,4,F,2011
E01023882,Watford 012A,804,40,36,49,50,43,38,45,55,62,65,78,58,58,38,29,25,14,14,7,F,2011
E01023883,Watford 012B,859,47,51,70,61,61,43,56,57,65,57,44,45,46,40,31,28,27,20,10,F,2011
E01023884,Watford 012C,858,65,38,42,47,37,74,77,84,71,71,55,53,47,30,21,23,13,8,2,F,2011
E01023885,Watford 012D,915,58,56,57,53,55,51,64,58,62,73,65,62,54,40,24,29,25,19,10,F,2011
E07000104,,56215,3291,3003,3040,3975,5662,3855,3549,3504,3649,4074,3433,2779,2758,2313,2030,1940,1671,1043,646,F,2011
E01023965,Welwyn Hatfield 001A,707,40,37,50,40,26,17,24,35,61,69,58,42,58,59,33,27,16,10,5,F,2011
E01023966,Welwyn Hatfield 001B,812,28,44,48,51,25,9,21,42,59,83,65,64,69,62,55,40,22,19,6,F,2011
E01023967,Welwyn Hatfield 001C,700,38,35,47,32,27,26,52,48,57,76,48,31,30,32,22,34,20,21,24,F,2011
E01023971,Welwyn Hatfield 001D,830,38,57,61,46,31,22,26,46,60,79,65,50,65,45,46,42,28,18,5,F,2011
E01023968,Welwyn Hatfield 002B,651,20,38,38,44,18,15,14,28,51,54,51,51,54,50,50,34,24,15,2,F,2011
E01023969,Welwyn Hatfield 002C,698,25,37,39,37,26,20,39,38,53,58,37,41,47,52,39,44,40,14,12,F,2011
E01023970,Welwyn Hatfield 002D,721,59,41,37,35,38,44,51,49,50,63,46,26,34,25,26,34,37,16,10,F,2011
E01033310,Welwyn Hatfield 002E,831,77,61,51,45,48,66,83,99,85,63,44,30,28,18,14,9,4,5,1,F,2011
E01033313,Welwyn Hatfield 002F,748,48,57,48,54,34,44,60,67,66,54,55,35,44,28,14,10,14,6,10,F,2011
E01023959,Welwyn Hatfield 003A,749,40,51,45,46,29,18,25,32,62,71,62,48,49,51,32,35,27,15,11,F,2011
E01023960,Welwyn Hatfield 003B,811,47,45,48,47,35,29,51,57,61,72,57,36,50,38,38,48,28,17,7,F,2011
E01023961,Welwyn Hatfield 003C,777,66,38,36,53,37,54,50,56,42,73,51,38,37,24,35,41,33,5,8,F,2011
E01023962,Welwyn Hatfield 003D,790,31,66,64,58,27,18,29,59,61,79,51,38,51,42,34,39,24,16,3,F,2011
E01023912,Welwyn Hatfield 004A,754,51,50,40,47,43,40,47,58,52,51,51,47,42,44,29,36,18,7,1,F,2011
E01023913,Welwyn Hatfield 004B,685,69,31,32,36,51,53,53,33,43,52,43,37,44,39,25,24,15,3,2,F,2011
E01023914,Welwyn Hatfield 004C,862,52,37,39,54,45,46,51,44,63,82,42,54,33,41,60,53,33,21,12,F,2011
E01023915,Welwyn Hatfield 004D,783,65,46,47,43,49,66,72,61,59,65,50,39,26,28,22,18,17,8,2,F,2011
E01023950,Welwyn Hatfield 005A,786,28,47,47,56,40,47,43,62,60,84,106,67,38,23,10,18,6,3,1,F,2011
E01023951,Welwyn Hatfield 005B,766,52,37,32,46,58,57,46,47,42,69,58,46,50,31,32,19,29,14,1,F,2011
E01023952,Welwyn Hatfield 005C,878,59,26,22,24,50,92,75,68,63,54,65,55,43,32,24,34,33,23,36,F,2011
E01023953,Welwyn Hatfield 005D,704,42,32,45,30,30,56,48,54,57,53,67,50,43,19,25,19,22,9,3,F,2011
E01023916,Welwyn Hatfield 006A,903,74,57,56,63,35,46,67,79,69,71,53,37,38,35,39,27,20,26,11,F,2011
E01023917,Welwyn Hatfield 006B,903,60,46,45,46,23,34,49,55,68,73,74,55,61,45,49,44,32,37,7,F,2011
E01023918,Welwyn Hatfield 006C,961,49,36,35,38,36,45,45,52,38,51,46,47,46,64,66,60,88,61,58,F,2011
E01023919,Welwyn Hatfield 006D,867,39,64,74,44,29,19,23,50,55,83,60,51,60,54,39,36,31,33,23,F,2011
E01023954,Welwyn Hatfield 007A,910,72,76,56,52,64,84,98,62,58,69,50,34,30,23,23,20,22,9,8,F,2011
E01023955,Welwyn Hatfield 007B,733,66,59,52,42,37,42,54,74,49,57,35,25,34,30,27,16,13,12,9,F,2011
E01023956,Welwyn Hatfield 007C,716,61,45,56,57,41,57,60,48,69,57,58,35,21,18,12,7,7,6,1,F,2011
E01023957,Welwyn Hatfield 007D,788,87,54,54,66,52,63,80,65,68,47,42,39,25,16,8,12,5,1,4,F,2011
E01023958,Welwyn Hatfield 007E,766,56,60,65,65,52,65,67,57,59,55,37,26,18,14,11,24,18,11,6,F,2011
E01023943,Welwyn Hatfield 008A,802,58,54,57,50,44,41,63,59,64,66,56,46,30,29,21,17,29,16,2,F,2011
E01023944,Welwyn Hatfield 008B,1051,72,76,57,54,54,73,95,91,87,74,58,44,46,45,25,31,47,17,5,F,2011
E01023945,Welwyn Hatfield 008C,817,51,59,45,49,33,44,57,61,64,68,49,44,43,34,32,32,36,13,3,F,2011
E01023946,Welwyn Hatfield 008D,803,36,52,51,52,39,42,58,77,75,62,56,41,39,17,23,30,34,14,5,F,2011
E01023939,Welwyn Hatfield 009A,625,34,19,29,18,37,46,39,36,42,39,46,28,34,21,37,32,28,40,20,F,2011
E01023940,Welwyn Hatfield 009B,888,60,68,52,53,35,64,81,59,54,61,52,46,41,38,39,32,20,23,10,F,2011
E01023941,Welwyn Hatfield 009C,1430,137,104,65,71,85,186,184,139,83,100,66,37,42,45,18,27,28,8,5,F,2011
E01023942,Welwyn Hatfield 009D,909,63,70,64,86,44,56,68,65,85,62,54,40,27,32,19,24,26,18,6,F,2011
E01023929,Welwyn Hatfield 010A,817,63,41,48,48,49,76,44,54,47,56,55,54,44,33,28,22,24,15,16,F,2011
E01023930,Welwyn Hatfield 010B,794,55,38,44,39,62,88,62,67,51,38,48,42,47,31,21,17,19,19,6,F,2011
E01023938,Welwyn Hatfield 010D,1363,47,33,34,276,383,87,43,34,47,66,54,53,58,34,30,25,24,19,16,F,2011
E01033308,Welwyn Hatfield 010E,1461,38,19,10,370,624,159,76,35,15,20,12,5,8,10,6,8,10,15,21,F,2011
E01033311,Welwyn Hatfield 010F,754,54,45,38,42,77,73,55,43,45,53,45,53,37,31,22,11,19,6,5,F,2011
E01033314,Welwyn Hatfield 010G,1074,64,69,44,98,383,106,87,71,44,45,17,15,15,8,0,4,0,3,1,F,2011
E01023924,Welwyn Hatfield 011A,750,42,28,23,47,128,94,65,36,39,40,24,40,29,15,27,16,18,26,13,F,2011
E01023925,Welwyn Hatfield 011B,656,22,23,30,29,40,39,36,40,39,54,52,41,63,41,26,29,12,15,25,F,2011
E01023926,Welwyn Hatfield 011C,848,36,27,40,47,52,73,59,50,51,58,52,58,59,53,43,36,31,9,14,F,2011
E01023927,Welwyn Hatfield 011D,882,75,59,43,57,69,106,70,69,47,56,47,38,32,25,18,24,27,14,6,F,2011
E01023920,Welwyn Hatfield 012A,795,45,53,32,50,91,76,60,53,50,54,36,34,27,28,28,15,15,19,29,F,2011
E01023921,Welwyn Hatfield 012B,1019,81,27,29,63,232,132,69,61,40,48,38,42,30,26,24,20,31,15,11,F,2011
E01023922,Welwyn Hatfield 012C,883,70,53,49,52,146,98,57,41,57,37,54,25,23,20,25,29,28,14,5,F,2011
E01023923,Welwyn Hatfield 012D,902,44,24,48,56,204,72,55,30,49,54,54,37,32,24,32,43,27,11,6,F,2011
E01023932,Welwyn Hatfield 013A,781,24,25,46,54,210,84,34,44,47,41,45,24,25,17,18,17,13,11,2,F,2011
E01023934,Welwyn Hatfield 013B,680,38,24,30,36,236,70,53,36,31,26,24,17,15,13,4,12,13,2,0,F,2011
E01023935,Welwyn Hatfield 013C,626,24,19,25,41,196,26,24,33,21,44,38,19,22,15,21,24,26,5,3,F,2011
E01023936,Welwyn Hatfield 013D,1106,61,56,52,71,198,91,64,63,59,60,62,28,41,36,43,41,39,20,21,F,2011
E01023937,Welwyn Hatfield 013E,618,16,18,30,44,202,44,35,17,20,34,24,17,17,11,27,22,26,11,3,F,2011
E01023933,Welwyn Hatfield 014A,763,37,32,39,42,123,71,61,37,33,42,33,45,50,24,26,23,22,14,9,F,2011
E01023963,Welwyn Hatfield 014B,1153,50,52,64,53,99,70,71,63,78,94,92,52,52,50,55,59,49,32,18,F,2011
E01023964,Welwyn Hatfield 014C,794,34,36,32,52,83,61,22,42,53,44,49,54,47,54,44,44,19,18,6,F,2011
E01023908,Welwyn Hatfield 015A,777,28,36,50,52,45,25,34,41,59,84,52,40,54,41,28,43,26,26,13,F,2011
E01023909,Welwyn Hatfield 015B,810,22,38,87,190,33,29,22,37,40,55,48,46,47,38,25,19,21,9,4,F,2011
E01023910,Welwyn Hatfield 015C,703,25,46,44,41,46,22,25,37,48,59,61,56,55,54,40,23,12,6,3,F,2011
E01023911,Welwyn Hatfield 015D,867,44,39,57,46,44,46,35,50,57,73,54,48,45,56,60,44,30,23,16,F,2011
E01023947,Welwyn Hatfield 016A,795,33,42,43,39,30,36,34,39,53,81,49,58,70,42,36,37,37,23,13,F,2011
E01023948,Welwyn Hatfield 016B,836,35,33,44,45,33,30,19,29,59,67,68,73,75,65,58,42,34,17,10,F,2011
E01023949,Welwyn Hatfield 016C,993,34,56,56,65,37,25,30,40,76,92,82,65,69,75,62,62,45,16,6,F,2011
E07000143,,66161,3572,3173,3576,3762,3393,3522,3339,3821,4577,4772,4173,4134,5008,4129,3479,2841,2263,1633,994,F,2011
E01026436,Breckland 001A,1175,64,50,54,70,48,50,45,73,62,87,102,83,101,87,58,58,38,24,21,F,2011
E01026461,Breckland 001C,685,16,26,23,31,26,21,20,29,40,46,46,64,57,64,53,38,34,19,32,F,2011
E01026483,Breckland 001E,573,20,26,24,28,24,26,31,30,54,45,34,37,43,28,34,33,28,21,7,F,2011
E01033042,Breckland 001F,1065,81,62,61,48,45,71,56,79,73,65,72,71,82,52,52,38,33,20,4,F,2011
E01026442,Breckland 002A,1099,52,39,50,54,37,34,43,55,81,78,67,79,116,112,65,53,32,30,22,F,2011
E01026443,Breckland 002B,1055,48,52,70,79,44,39,34,61,88,74,81,88,80,70,47,35,32,24,9,F,2011
E01026445,Breckland 002C,1142,49,43,59,56,49,37,37,50,61,90,84,99,112,105,77,51,45,24,14,F,2011
E01026462,Breckland 002D,1157,43,54,59,53,42,40,34,67,71,108,96,73,107,86,61,58,45,33,27,F,2011
E01026428,Breckland 003A,1455,95,77,96,122,96,77,76,110,109,109,86,82,76,63,63,35,37,32,14,F,2011
E01026429,Breckland 003B,770,36,41,35,40,42,43,40,46,53,43,44,57,69,37,37,31,32,22,22,F,2011
E01026430,Breckland 003C,940,46,26,66,59,42,35,44,36,71,56,50,54,75,52,50,53,45,29,51,F,2011
E01026431,Breckland 003D,602,24,25,17,27,9,18,24,30,35,37,42,37,45,44,33,43,46,34,32,F,2011
E01026446,Breckland 004A,967,32,36,37,39,43,21,37,42,64,64,45,64,87,83,106,68,55,22,22,F,2011
E01026452,Breckland 004B,854,34,36,47,52,37,29,27,54,49,62,65,74,76,54,51,45,25,23,14,F,2011
E01026453,Breckland 004C,777,32,34,45,40,35,28,43,36,44,65,60,60,64,64,36,27,28,27,9,F,2011
E01026454,Breckland 004D,850,58,49,68,68,51,57,56,61,87,83,50,55,37,22,18,14,8,3,5,F,2011
E01026425,Breckland 005A,1005,54,57,63,60,40,45,66,65,65,53,41,39,72,62,64,60,43,36,20,F,2011
E01026426,Breckland 005B,1193,66,51,56,90,112,72,68,97,83,70,69,60,69,52,42,35,40,37,24,F,2011
E01026427,Breckland 005C,1178,77,58,81,72,53,53,59,67,79,53,64,61,83,103,69,53,45,36,12,F,2011
E01026432,Breckland 005D,755,40,39,34,39,29,45,34,38,55,46,46,43,74,51,43,34,41,15,9,F,2011
E01026433,Breckland 005E,769,86,44,44,46,70,78,68,67,53,41,34,38,36,15,16,14,13,6,0,F,2011
E01026434,Breckland 005F,1017,47,57,34,48,63,68,70,55,52,66,50,68,72,82,68,46,29,22,20,F,2011
E01026479,Breckland 006A,781,33,26,38,53,31,17,31,43,48,62,57,59,80,56,42,41,28,24,12,F,2011
E01026480,Breckland 006B,755,29,27,52,26,32,26,29,41,43,67,60,57,83,62,35,32,31,15,8,F,2011
E01026481,Breckland 006C,614,44,24,21,24,30,29,34,42,51,33,47,49,46,31,30,24,28,16,11,F,2011
E01026484,Breckland 006D,692,27,48,33,38,21,30,25,30,50,59,55,44,74,55,28,40,17,7,11,F,2011
E01026485,Breckland 006E,540,29,21,34,31,14,13,20,28,45,49,43,54,48,51,25,15,11,5,4,F,2011
E01026455,Breckland 007A,1052,50,44,44,57,61,56,46,63,59,52,40,59,72,50,81,71,52,65,30,F,2011
E01026456,Breckland 007B,621,20,13,31,39,25,25,14,28,37,45,51,46,36,46,45,42,35,25,18,F,2011
E01026457,Breckland 007C,684,16,21,17,20,26,18,8,14,25,47,39,46,80,72,69,62,36,47,21,F,2011
E01026458,Breckland 007D,794,47,40,48,50,57,43,43,53,39,48,45,43,60,47,37,34,29,22,9,F,2011
E01026459,Breckland 007E,744,31,34,22,35,36,36,27,35,30,44,49,44,54,55,55,48,47,39,23,F,2011
E01026437,Breckland 008A,609,29,20,31,26,17,17,12,35,40,42,34,50,61,62,42,48,26,13,4,F,2011
E01026438,Breckland 008B,527,26,12,34,43,22,18,26,22,30,42,34,37,51,43,29,26,17,11,4,F,2011
E01026451,Breckland 008C,1086,46,49,59,74,35,43,35,54,79,73,67,65,94,93,56,58,37,48,21,F,2011
E01026495,Breckland 008D,672,25,37,38,29,23,18,32,34,40,42,45,47,77,53,46,35,29,12,10,F,2011
E01026496,Breckland 008E,556,14,19,26,22,16,15,19,18,32,32,34,41,52,55,48,40,33,23,17,F,2011
E01026486,Breckland 009A,790,30,24,39,26,48,36,27,36,45,51,37,40,67,84,59,55,50,28,8,F,2011
E01026487,Breckland 009B,787,55,41,50,52,53,61,58,53,58,56,40,39,45,38,21,23,23,11,10,F,2011
E01026488,Breckland 009C,595,27,14,18,29,46,38,24,25,23,42,23,30,30,31,27,42,43,37,46,F,2011
E01026489,Breckland 009D,678,30,16,30,36,19,31,21,23,38,37,35,42,59,61,76,54,40,26,4,F,2011
E01026490,Breckland 009E,839,30,19,36,48,24,29,27,42,52,53,42,46,77,69,65,73,50,48,9,F,2011
E01026419,Breckland 010A,605,27,27,27,42,26,29,28,28,39,50,47,51,55,43,39,18,21,6,2,F,2011
E01026420,Breckland 010B,550,11,30,34,27,23,17,19,34,41,54,50,33,56,40,29,19,21,5,7,F,2011
E01026464,Breckland 010D,640,26,26,51,40,17,18,31,27,54,61,51,45,65,46,39,12,16,13,2,F,2011
E01026491,Breckland 010E,1108,44,58,68,59,42,38,42,48,90,95,103,85,104,77,59,45,25,18,8,F,2011
E01033040,Breckland 010F,577,80,52,39,37,48,70,63,49,39,22,16,24,16,4,9,6,1,2,0,F,2011
E01033041,Breckland 010G,520,34,33,30,36,37,42,37,35,48,39,33,31,30,13,10,8,4,7,13,F,2011
E01026422,Breckland 011A,990,37,37,38,34,31,40,38,47,52,54,65,60,93,87,92,71,59,40,15,F,2011
E01026423,Breckland 011B,943,61,61,52,43,49,70,60,60,78,75,57,43,59,46,32,24,36,16,21,F,2011
E01026447,Breckland 011C,784,37,29,49,54,59,44,56,54,67,55,38,37,40,31,25,35,35,27,12,F,2011
E01026449,Breckland 011D,1000,71,40,51,61,60,66,70,66,62,84,59,49,54,43,29,27,37,39,32,F,2011
E01026450,Breckland 011E,911,54,42,57,53,44,51,51,49,76,66,47,48,60,61,45,33,35,24,15,F,2011
E01026424,Breckland 012A,1058,49,61,49,55,40,37,50,59,82,91,72,61,92,75,54,54,38,26,13,F,2011
E01026444,Breckland 012B,1032,46,46,51,55,36,58,39,54,75,80,77,92,107,71,63,30,27,19,6,F,2011
E01026492,Breckland 012C,653,37,41,34,13,33,33,39,45,44,44,42,49,56,42,25,34,19,13,10,F,2011
E01026493,Breckland 012D,552,14,21,28,24,14,26,15,31,36,41,45,48,68,42,34,26,16,14,9,F,2011
E01026421,Breckland 013A,892,40,38,53,50,32,19,33,46,60,74,80,67,74,52,59,46,18,32,19,F,2011
E01026435,Breckland 013B,1121,65,51,82,78,49,41,58,76,97,96,78,71,83,70,41,31,28,21,5,F,2011
E01026448,Breckland 013C,1126,71,53,79,86,46,55,69,100,91,108,72,63,67,52,43,36,23,10,2,F,2011
E01026439,Breckland 014A,763,32,31,32,44,31,42,35,41,56,58,38,61,66,77,42,30,30,11,6,F,2011
E01026440,Breckland 014B,586,23,36,38,44,36,27,27,31,56,64,51,42,35,26,18,18,11,1,2,F,2011
E01026441,Breckland 014C,806,39,45,47,41,22,28,33,40,52,52,48,64,66,52,56,41,35,25,20,F,2011
E01026494,Breckland 014D,1105,41,54,64,62,39,35,52,62,90,91,77,101,103,72,58,39,33,25,7,F,2011
E01026465,Breckland 015A,915,63,56,42,50,59,70,63,43,57,72,53,45,62,46,44,33,32,18,7,F,2011
E01026466,Breckland 015B,959,78,52,56,69,82,92,68,65,72,74,50,53,39,33,27,23,7,15,4,F,2011
E01026467,Breckland 015C,1164,119,112,113,93,93,92,91,73,88,69,57,40,40,27,25,16,9,1,6,F,2011
E01026468,Breckland 016A,1229,52,52,51,37,101,113,61,62,73,72,77,65,77,67,81,53,50,49,36,F,2011
E01026469,Breckland 016B,777,45,38,31,47,58,65,48,36,55,58,31,37,58,36,46,34,31,16,7,F,2011
E01026470,Breckland 016C,1360,109,65,68,91,128,145,137,113,119,107,68,39,59,41,32,23,12,3,1,F,2011
E01026471,Breckland 016D,633,57,37,24,38,47,51,55,39,49,59,47,24,33,33,19,9,8,3,1,F,2011
E01026472,Breckland 016E,604,33,32,32,36,36,45,44,41,33,50,34,44,46,33,29,22,11,2,1,F,2011
E01026473,Breckland 016F,735,53,45,53,34,40,61,58,50,66,48,43,39,53,37,32,15,7,1,0,F,2011
E01026474,Breckland 017A,893,69,65,49,50,64,67,52,51,59,61,55,44,51,37,45,24,18,21,11,F,2011
E01026475,Breckland 017B,742,45,31,27,51,44,48,18,46,60,60,57,50,53,39,38,30,23,19,3,F,2011
E01026476,Breckland 017C,725,50,39,48,44,47,67,43,58,51,52,57,25,45,23,33,28,9,3,3,F,2011
E01026477,Breckland 017D,739,52,33,44,56,53,52,40,50,54,59,48,41,24,24,34,37,24,12,2,F,2011
E01026478,Breckland 017E,865,70,73,61,49,54,82,46,45,63,60,45,39,40,29,34,26,18,15,16,F,2011
E07000144,,63838,2863,3018,3501,3466,2600,2706,3100,3890,4783,4923,4417,4226,5028,4118,3322,2951,2411,1545,970,F,2011
E01026499,Broadland 001A,817,32,33,36,41,37,31,33,39,42,47,57,50,71,42,38,55,52,47,34,F,2011
E01026500,Broadland 001B,888,34,48,55,38,30,24,39,64,58,53,59,61,77,79,63,51,30,15,10,F,2011
E01026501,Broadland 001C,819,26,32,31,51,36,25,24,35,62,58,63,65,80,73,43,43,29,28,15,F,2011
E01026502,Broadland 001D,572,32,30,22,26,9,18,22,42,43,30,40,49,67,59,25,18,19,18,3,F,2011
E01026503,Broadland 001E,732,32,30,30,28,20,21,24,36,45,42,50,58,87,73,38,44,35,23,16,F,2011
E01026522,Broadland 002A,729,31,47,45,45,28,27,29,48,55,66,52,44,57,50,30,31,20,15,9,F,2011
E01026523,Broadland 002B,918,48,40,62,58,52,39,35,55,75,83,63,68,70,58,32,29,24,19,8,F,2011
E01026524,Broadland 002C,727,41,36,35,28,24,28,43,43,48,62,53,66,60,59,26,28,24,14,9,F,2011
E01026525,Broadland 002D,528,23,25,27,24,18,17,11,35,35,43,45,51,69,47,31,13,9,2,3,F,2011
E01026547,Broadland 002E,714,29,29,49,43,24,26,36,45,56,53,47,50,67,41,37,27,25,24,6,F,2011
E01026548,Broadland 002F,679,36,43,41,38,31,25,32,37,45,58,45,51,55,51,27,23,22,11,8,F,2011
E01026514,Broadland 003A,771,33,47,51,38,22,30,34,48,63,77,58,54,57,57,30,29,21,15,7,F,2011
E01026515,Broadland 003B,536,32,21,26,25,15,23,20,31,43,36,49,43,50,31,23,33,13,14,8,F,2011
E01026516,Broadland 003C,644,34,21,36,46,32,27,22,42,53,42,36,45,48,36,31,28,31,20,14,F,2011
E01026517,Broadland 003D,754,38,36,39,36,24,26,33,48,45,53,42,49,73,43,44,24,35,30,36,F,2011
E01026533,Broadland 004A,599,19,23,28,36,36,20,20,27,45,38,49,61,60,51,37,24,12,7,6,F,2011
E01026534,Broadland 004B,818,48,43,72,54,31,33,45,53,69,66,53,58,59,58,37,15,12,7,5,F,2011
E01026535,Broadland 004C,842,37,54,45,51,46,40,50,52,65,69,68,55,72,47,33,29,16,10,3,F,2011
E01026536,Broadland 004D,856,51,42,53,56,28,35,46,59,79,74,55,60,80,48,28,32,15,4,11,F,2011
E01026537,Broadland 004E,798,41,58,58,48,34,46,65,65,92,75,47,44,32,20,17,15,16,9,16,F,2011
E01026549,Broadland 005A,872,34,37,48,44,27,31,33,58,63,71,62,66,82,65,59,35,30,17,10,F,2011
E01026550,Broadland 005B,569,22,27,42,43,33,26,30,47,45,48,49,34,45,19,24,11,12,10,2,F,2011
E01026551,Broadland 005C,609,31,34,27,39,27,38,26,34,51,50,45,35,48,43,27,27,15,9,3,F,2011
E01026552,Broadland 005D,695,18,25,39,27,23,20,19,36,56,52,56,46,59,79,52,38,26,11,13,F,2011
E01026562,Broadland 006A,620,31,27,47,47,15,22,30,49,54,53,43,44,39,22,30,18,24,14,11,F,2011
E01026563,Broadland 006B,723,51,43,57,55,45,65,50,54,82,61,55,35,31,16,11,4,4,0,4,F,2011
E01026564,Broadland 006C,788,37,36,64,49,33,23,41,71,86,75,48,43,26,26,30,27,33,15,25,F,2011
E01026565,Broadland 006D,596,41,38,39,38,43,50,65,63,59,54,33,21,21,10,6,7,5,1,2,F,2011
E01026566,Broadland 006E,768,28,40,52,42,47,38,36,56,60,54,66,38,49,53,36,28,22,9,14,F,2011
E01026567,Broadland 006F,839,23,25,32,32,21,16,33,31,49,51,52,54,99,99,81,59,47,26,9,F,2011
E01026568,Broadland 006G,820,33,38,60,51,36,31,33,56,68,76,70,67,55,49,37,27,14,12,7,F,2011
E01026518,Broadland 007A,706,50,48,59,53,35,36,58,57,79,80,39,21,23,24,14,12,9,6,3,F,2011
E01026519,Broadland 007B,885,54,69,45,44,63,64,84,75,79,56,58,46,45,22,33,26,9,6,7,F,2011
E01026520,Broadland 007C,576,22,12,21,28,21,19,22,19,40,43,38,50,51,47,48,48,29,13,5,F,2011
E01026521,Broadland 007D,695,20,35,23,39,19,11,24,22,42,46,37,43,60,54,46,48,43,52,31,F,2011
E01026545,Broadland 008A,825,77,49,43,48,26,50,62,70,78,48,49,39,54,46,34,26,12,10,4,F,2011
E01026546,Broadland 008B,761,28,41,56,39,30,25,24,52,50,83,53,52,71,58,30,33,15,16,5,F,2011
E01026578,Broadland 008C,1020,58,77,84,51,45,56,63,93,78,75,47,53,58,48,40,32,31,17,14,F,2011
E01026579,Broadland 008D,743,17,24,37,39,28,15,24,41,49,67,68,63,74,61,54,41,20,14,7,F,2011
E01026580,Broadland 008E,848,24,21,57,34,28,19,30,30,47,53,45,57,73,75,66,54,56,57,22,F,2011
E01026540,Broadland 009A,775,28,23,54,39,22,30,39,33,54,49,50,51,79,52,49,49,39,21,14,F,2011
E01026541,Broadland 009B,1250,89,73,76,65,47,84,118,97,101,69,71,50,74,60,40,52,34,34,16,F,2011
E01026542,Broadland 009C,737,30,34,27,37,31,29,39,50,50,53,58,34,62,44,49,50,27,25,8,F,2011
E01026543,Broadland 009D,735,28,32,31,47,41,30,37,35,50,57,48,49,65,48,41,44,37,13,2,F,2011
E01026544,Broadland 009E,834,48,39,44,30,51,58,72,67,62,55,64,70,59,39,24,18,21,7,6,F,2011
E01026526,Broadland 010A,726,23,25,25,32,33,27,31,39,42,45,67,37,71,51,53,45,56,17,7,F,2011
E01026527,Broadland 010B,784,27,30,30,36,31,22,31,30,49,52,45,51,59,67,62,78,51,25,8,F,2011
E01026528,Broadland 010C,733,24,22,27,34,31,23,18,26,46,52,40,54,56,51,46,61,50,33,39,F,2011
E01026529,Broadland 010D,798,25,31,46,39,38,39,28,37,58,66,71,57,60,52,55,37,26,26,7,F,2011
E01026530,Broadland 011A,837,25,39,36,48,32,31,36,45,57,53,55,58,78,75,60,44,44,17,4,F,2011
E01026531,Broadland 011B,857,31,32,36,52,20,40,34,48,59,58,76,64,57,49,65,55,36,30,15,F,2011
E01026532,Broadland 011C,887,26,30,47,58,45,56,34,47,68,76,52,61,66,66,32,48,30,27,18,F,2011
E01026553,Broadland 012A,717,41,27,41,33,27,41,35,44,54,60,49,37,44,37,38,31,28,27,23,F,2011
E01026554,Broadland 012B,618,28,25,38,38,29,37,32,33,41,56,62,41,38,28,29,20,24,10,9,F,2011
E01026555,Broadland 012C,780,26,42,42,54,42,28,35,32,78,64,54,50,53,43,46,42,27,10,12,F,2011
E01026556,Broadland 012D,739,34,38,43,38,43,40,50,51,48,62,49,47,53,40,28,33,20,13,9,F,2011
E01026557,Broadland 013A,705,26,25,26,42,26,25,29,32,46,62,49,43,60,36,55,56,38,22,7,F,2011
E01026558,Broadland 013B,663,30,25,31,16,16,31,29,33,29,36,47,42,76,41,61,52,45,17,6,F,2011
E01026559,Broadland 013C,740,32,31,28,51,32,20,19,39,55,66,55,60,64,39,38,49,37,14,11,F,2011
E01026560,Broadland 013D,692,30,19,26,27,24,25,26,26,38,46,36,42,57,55,74,61,54,13,13,F,2011
E01026561,Broadland 013E,721,22,21,14,33,30,37,23,34,29,35,45,51,84,78,74,46,42,19,4,F,2011
E01026504,Broadland 014A,805,35,40,51,43,18,18,37,48,53,76,56,59,73,73,39,29,27,17,13,F,2011
E01026505,Broadland 014B,735,31,41,41,45,20,18,34,44,43,58,48,58,53,46,33,37,36,30,19,F,2011
E01026506,Broadland 014C,712,31,26,39,36,23,16,26,36,49,52,44,65,79,60,45,33,28,15,9,F,2011
E01026507,Broadland 014D,684,36,34,32,35,28,35,29,43,45,55,45,52,64,48,32,29,22,15,5,F,2011
E01026512,Broadland 014E,666,29,36,49,36,22,24,25,36,50,61,51,43,66,41,31,18,23,15,10,F,2011
E01026513,Broadland 014F,686,40,36,42,48,28,38,32,44,46,53,52,41,51,41,28,21,28,14,3,F,2011
E01026569,Broadland 015A,739,31,29,28,25,29,19,42,46,46,48,39,45,57,52,52,46,48,36,21,F,2011
E01026570,Broadland 015B,838,30,46,43,44,19,33,28,46,52,63,57,49,59,52,58,60,59,23,17,F,2011
E01026571,Broadland 015C,760,23,34,46,39,23,22,39,55,57,61,60,46,47,46,32,26,57,27,20,F,2011
E01026572,Broadland 015D,749,29,35,40,40,24,26,34,45,56,76,63,49,53,50,38,39,32,12,8,F,2011
E01026573,Broadland 015E,695,25,26,46,43,27,29,29,46,56,51,48,34,40,39,45,39,35,23,14,F,2011
E01026574,Broadland 016A,899,62,52,57,67,35,47,76,63,83,82,71,54,51,26,26,26,11,5,5,F,2011
E01026575,Broadland 016B,881,46,29,53,42,44,43,57,59,55,65,45,51,51,45,36,51,43,33,33,F,2011
E01026576,Broadland 016C,1048,90,90,59,59,67,89,77,116,109,96,62,43,34,18,19,7,6,5,2,F,2011
E01026577,Broadland 016D,839,40,39,33,50,45,55,36,58,59,52,59,71,62,48,32,33,29,26,12,F,2011
E01026508,Broadland 017A,750,28,27,43,40,33,21,34,33,58,65,45,45,66,59,35,39,34,22,23,F,2011
E01026509,Broadland 017B,797,20,38,35,39,31,28,34,35,61,69,62,74,77,59,48,36,23,22,6,F,2011
E01026510,Broadland 017C,852,19,34,39,40,29,33,31,37,61,63,54,64,55,70,51,54,50,35,33,F,2011
E01026511,Broadland 017D,575,17,23,24,38,24,20,25,31,46,68,54,46,56,34,22,21,9,11,6,F,2011
E01026497,Broadland 018A,747,32,26,31,39,39,27,36,33,59,43,50,53,69,60,38,40,33,24,15,F,2011
E01026498,Broadland 018B,719,21,33,34,34,21,23,17,36,51,55,48,35,56,45,42,46,51,48,23,F,2011
E01026538,Broadland 018C,812,41,46,49,44,32,33,42,40,62,65,51,52,75,55,50,31,25,11,8,F,2011
E01026539,Broadland 018D,823,38,51,46,39,26,40,35,64,79,53,66,59,65,61,43,27,20,9,2,F,2011
E07000145,,49573,2721,2375,2732,3006,2836,2866,2402,2644,3360,3552,3122,3090,3637,3138,2444,2084,1713,1196,655,F,2011
E01026605,Great Yarmouth 001A,891,22,36,38,33,38,28,25,44,58,46,54,70,83,79,59,61,51,35,31,F,2011
E01026606,Great Yarmouth 001B,821,23,37,35,42,22,17,25,39,38,54,56,81,89,68,70,45,40,20,20,F,2011
E01026607,Great Yarmouth 001C,796,26,33,56,39,33,22,30,46,53,62,60,71,82,51,47,35,25,18,7,F,2011
E01026627,Great Yarmouth 001D,718,22,31,30,39,19,17,23,26,46,51,51,40,91,75,43,54,33,20,7,F,2011
E01026628,Great Yarmouth 001E,701,26,17,38,41,19,16,25,29,55,65,54,73,69,57,36,33,25,15,8,F,2011
E01026629,Great Yarmouth 001F,775,39,31,50,52,30,29,37,44,53,58,59,45,61,59,38,23,36,20,11,F,2011
E01026608,Great Yarmouth 002A,631,29,20,40,29,33,22,32,41,49,52,48,48,65,48,30,19,14,9,3,F,2011
E01026609,Great Yarmouth 002B,603,22,26,41,33,24,25,30,32,52,59,55,45,56,36,23,24,11,6,3,F,2011
E01026636,Great Yarmouth 002C,776,26,27,43,41,23,25,23,28,47,64,77,56,82,70,38,37,33,19,17,F,2011
E01026637,Great Yarmouth 002D,1017,34,43,49,61,47,39,37,50,64,65,78,78,92,91,66,53,36,20,14,F,2011
E01026638,Great Yarmouth 002E,821,46,42,70,55,48,42,44,56,61,62,46,34,71,37,33,28,19,21,6,F,2011
E01026589,Great Yarmouth 003A,725,51,37,32,40,34,46,33,44,59,53,44,35,65,49,33,36,18,10,6,F,2011
E01026590,Great Yarmouth 003B,718,29,16,28,36,27,32,27,34,49,44,50,34,83,83,54,32,34,19,7,F,2011
E01026591,Great Yarmouth 003C,922,29,30,46,53,35,34,34,42,58,57,63,77,100,81,66,53,27,26,11,F,2011
E01026592,Great Yarmouth 003D,753,13,14,38,28,27,15,16,22,49,45,51,49,79,80,69,57,53,36,12,F,2011
E01026593,Great Yarmouth 003E,658,20,19,28,33,27,17,28,33,39,51,39,46,51,65,57,44,32,16,13,F,2011
E01026594,Great Yarmouth 003F,919,44,48,49,59,46,50,50,44,75,55,55,36,58,62,51,47,36,33,21,F,2011
E01026599,Great Yarmouth 004A,711,44,41,36,54,62,46,46,39,55,56,45,42,33,35,30,12,17,9,9,F,2011
E01026639,Great Yarmouth 004B,778,36,25,41,56,45,42,30,42,52,56,68,55,55,46,37,30,27,23,12,F,2011
E01026640,Great Yarmouth 004C,839,36,33,38,45,27,26,25,35,48,59,34,43,73,69,64,69,58,43,14,F,2011
E01026641,Great Yarmouth 004D,793,37,49,70,69,40,43,27,46,65,55,47,32,63,43,34,29,24,12,8,F,2011
E01026595,Great Yarmouth 005A,919,71,37,35,51,75,72,50,36,67,54,50,65,44,49,41,36,31,42,13,F,2011
E01026596,Great Yarmouth 005B,886,61,57,49,51,47,64,46,42,62,68,48,43,60,43,37,37,29,33,9,F,2011
E01026597,Great Yarmouth 005C,936,76,51,49,78,86,75,52,59,72,56,39,59,56,35,23,23,20,13,14,F,2011
E01026598,Great Yarmouth 005D,792,62,39,32,58,89,62,39,57,46,41,51,45,48,36,24,19,12,20,12,F,2011
E01026622,Great Yarmouth 006A,821,64,65,68,60,55,61,52,49,57,61,38,44,30,33,24,25,19,8,8,F,2011
E01026623,Great Yarmouth 006B,689,41,35,44,34,56,60,40,39,54,62,44,33,29,29,23,19,23,12,12,F,2011
E01026624,Great Yarmouth 006C,889,72,48,58,83,77,63,52,53,61,44,49,42,45,40,29,24,13,20,16,F,2011
E01026625,Great Yarmouth 006D,881,98,68,54,60,73,82,50,51,52,52,51,38,39,44,25,12,21,8,3,F,2011
E01026626,Great Yarmouth 006E,935,78,52,47,61,82,103,61,55,53,54,46,55,43,40,32,29,21,13,10,F,2011
E01026600,Great Yarmouth 007A,748,49,46,51,49,47,63,41,48,50,47,45,33,51,38,26,27,22,12,3,F,2011
E01026633,Great Yarmouth 007B,904,75,53,47,73,73,99,59,52,68,60,51,48,35,43,30,18,11,3,6,F,2011
E01026634,Great Yarmouth 007C,767,74,57,59,53,62,56,56,46,52,49,43,46,33,37,12,8,16,6,2,F,2011
E01026635,Great Yarmouth 007D,1128,105,71,63,82,121,115,77,64,68,82,57,58,49,38,41,18,6,7,6,F,2011
E01026581,Great Yarmouth 008A,831,39,37,74,52,35,47,45,64,60,88,60,57,64,36,30,15,17,10,1,F,2011
E01026582,Great Yarmouth 008B,1002,58,42,43,58,50,56,69,55,60,71,48,81,68,55,75,43,41,15,14,F,2011
E01026583,Great Yarmouth 008C,685,26,27,41,38,24,33,28,37,45,45,52,54,72,49,23,31,28,23,9,F,2011
E01026584,Great Yarmouth 008D,749,22,26,41,28,21,20,29,36,44,49,32,49,75,77,64,55,43,28,10,F,2011
E01026601,Great Yarmouth 009A,778,59,26,38,57,77,70,58,43,51,53,45,42,39,40,28,18,14,10,10,F,2011
E01026602,Great Yarmouth 009B,761,19,32,44,30,32,42,28,22,59,45,45,47,68,59,58,43,54,19,15,F,2011
E01026603,Great Yarmouth 009C,869,69,64,49,57,65,58,55,39,63,66,61,52,34,25,33,24,26,23,6,F,2011
E01026604,Great Yarmouth 009D,779,42,41,35,53,52,68,33,36,53,61,43,49,50,48,27,29,24,23,12,F,2011
E01026632,Great Yarmouth 009E,883,61,35,47,45,68,65,39,49,52,55,48,49,66,50,39,45,34,16,20,F,2011
E01026610,Great Yarmouth 010A,790,60,54,42,53,62,61,51,57,43,58,56,40,50,36,31,11,12,11,2,F,2011
E01026611,Great Yarmouth 010B,791,22,30,25,41,46,44,18,28,28,55,48,53,52,71,43,52,54,45,36,F,2011
E01026612,Great Yarmouth 010C,1300,60,69,67,77,51,69,70,78,85,103,74,67,90,92,73,65,58,37,15,F,2011
E01026630,Great Yarmouth 010D,905,69,67,70,70,67,55,47,54,89,56,54,41,48,34,32,21,12,11,8,F,2011
E01026631,Great Yarmouth 010E,837,52,53,38,53,62,66,54,49,59,65,48,43,50,44,36,23,18,17,7,F,2011
E01026617,Great Yarmouth 011A,645,21,24,39,34,25,31,32,30,38,42,43,42,42,49,46,52,30,17,8,F,2011
E01026618,Great Yarmouth 011B,821,57,25,41,51,51,46,41,41,59,57,46,59,65,40,51,24,29,22,16,F,2011
E01026619,Great Yarmouth 011C,791,58,42,50,66,62,65,45,44,50,53,39,36,37,31,24,28,32,24,5,F,2011
E01026620,Great Yarmouth 011D,763,48,52,34,36,28,45,37,37,44,34,43,42,39,35,37,51,53,47,21,F,2011
E01026621,Great Yarmouth 011E,725,34,32,45,64,35,34,36,43,47,62,53,38,46,34,23,33,36,27,3,F,2011
E01026613,Great Yarmouth 012A,653,28,23,38,33,16,24,36,36,43,56,55,49,72,51,29,26,18,12,8,F,2011
E01026614,Great Yarmouth 012B,806,27,27,33,36,36,26,27,32,64,78,69,68,80,64,46,38,19,16,20,F,2011
E01026615,Great Yarmouth 012C,675,20,27,39,43,32,30,18,32,41,62,60,55,76,55,31,26,10,16,2,F,2011
E01026616,Great Yarmouth 012D,617,49,26,36,35,34,39,36,37,53,59,40,56,34,31,21,16,6,5,4,F,2011
E01026585,Great Yarmouth 013A,671,19,28,25,35,23,24,21,34,46,47,48,44,54,54,50,51,30,23,15,F,2011
E01026586,Great Yarmouth 013B,558,17,25,20,28,28,28,16,27,34,45,27,28,54,35,35,40,34,23,14,F,2011
E01026587,Great Yarmouth 013C,883,49,35,42,46,49,55,42,54,69,70,57,59,58,59,45,44,27,18,5,F,2011
E01026588,Great Yarmouth 013D,1344,56,72,84,56,56,57,69,83,94,118,82,91,91,95,69,64,61,31,15,F,2011
E07000146,,75495,3932,3470,3879,4059,3846,4094,3653,4164,5046,5230,4888,4867,5837,5107,4137,3543,2853,1851,1039,F,2011
E01026680,King's Lynn and West Norfolk 001A,819,14,19,19,31,28,21,18,23,22,40,29,44,88,72,65,98,98,66,24,F,2011
E01026681,King's Lynn and West Norfolk 001B,715,18,20,27,25,13,25,9,21,38,47,51,59,83,84,61,50,46,27,11,F,2011
E01026682,King's Lynn and West Norfolk 001C,686,17,24,22,29,18,18,16,17,32,42,44,38,63,61,51,49,52,48,45,F,2011
E01026683,King's Lynn and West Norfolk 001D,672,21,20,34,37,41,31,26,30,35,32,47,49,74,49,47,40,33,21,5,F,2011
E01026645,King's Lynn and West Norfolk 002A,665,12,24,16,16,19,25,18,22,27,33,42,54,91,76,57,44,43,31,15,F,2011
E01026646,King's Lynn and West Norfolk 002B,889,32,37,38,34,32,22,23,40,39,53,66,62,92,83,68,62,47,44,15,F,2011
E01026656,King's Lynn and West Norfolk 002C,1011,47,41,41,54,39,41,47,47,63,68,61,80,102,90,62,51,35,30,12,F,2011
E01026695,King's Lynn and West Norfolk 002D,1046,40,41,45,40,30,41,42,43,74,85,75,79,102,109,79,48,32,29,12,F,2011
E01026676,King's Lynn and West Norfolk 003A,890,22,23,29,30,21,14,30,24,46,51,56,62,107,106,96,59,59,33,22,F,2011
E01026677,King's Lynn and West Norfolk 003B,800,35,31,35,34,29,23,25,42,54,43,47,55,70,65,58,36,40,47,31,F,2011
E01026678,King's Lynn and West Norfolk 003C,818,24,21,34,30,20,23,25,25,39,52,47,43,88,85,66,77,54,40,25,F,2011
E01026701,King's Lynn and West Norfolk 003D,847,17,24,29,26,21,17,27,36,33,49,59,63,108,115,72,56,53,26,16,F,2011
E01026702,King's Lynn and West Norfolk 003E,686,45,19,30,22,22,31,33,36,40,34,51,42,60,72,32,50,33,18,16,F,2011
E01026703,King's Lynn and West Norfolk 003F,590,32,16,33,17,26,20,17,33,33,51,35,54,66,50,40,32,24,7,4,F,2011
E01026653,King's Lynn and West Norfolk 004A,931,33,31,34,35,17,18,29,46,53,49,48,71,100,108,79,72,48,40,20,F,2011
E01026654,King's Lynn and West Norfolk 004B,835,24,38,51,36,32,30,35,52,52,42,48,49,67,65,65,58,46,28,17,F,2011
E01026655,King's Lynn and West Norfolk 004C,725,24,22,29,34,22,18,29,30,31,50,39,49,72,86,60,50,35,22,23,F,2011
E01026718,King's Lynn and West Norfolk 004D,1166,50,56,50,61,43,47,48,45,77,89,92,84,105,93,77,62,46,32,9,F,2011
E01026691,King's Lynn and West Norfolk 005A,597,33,32,36,35,16,17,29,33,37,58,40,43,55,47,36,17,15,10,8,F,2011
E01026692,King's Lynn and West Norfolk 005B,663,27,34,37,47,27,44,31,50,50,49,54,65,37,35,22,18,21,9,6,F,2011
E01026708,King's Lynn and West Norfolk 005C,697,24,34,38,37,27,16,24,33,48,61,55,44,71,47,43,35,26,16,18,F,2011
E01026709,King's Lynn and West Norfolk 005D,1012,54,54,73,60,28,40,59,56,70,68,45,72,75,65,57,54,34,30,18,F,2011
E01026710,King's Lynn and West Norfolk 005E,600,16,23,27,22,19,17,18,25,34,56,49,58,54,57,40,32,17,16,20,F,2011
E01026669,King's Lynn and West Norfolk 006A,850,38,25,33,34,51,40,44,33,53,47,71,56,67,73,60,53,46,15,11,F,2011
E01026670,King's Lynn and West Norfolk 006B,841,51,61,48,58,55,59,45,62,68,54,51,33,44,33,34,29,20,15,21,F,2011
E01026671,King's Lynn and West Norfolk 006C,700,34,36,43,44,37,31,31,36,64,69,55,46,55,46,27,22,13,9,2,F,2011
E01026672,King's Lynn and West Norfolk 006D,764,40,32,35,49,34,33,25,48,55,60,67,63,47,44,41,33,33,15,10,F,2011
E01026673,King's Lynn and West Norfolk 006E,774,46,41,41,41,35,66,60,61,60,63,65,43,40,34,27,20,15,12,4,F,2011
E01026687,King's Lynn and West Norfolk 007A,795,75,35,46,41,74,63,51,49,51,49,26,47,28,26,32,34,29,27,12,F,2011
E01026688,King's Lynn and West Norfolk 007B,799,98,49,50,58,65,81,52,49,73,44,32,33,33,22,15,18,13,11,3,F,2011
E01026689,King's Lynn and West Norfolk 007C,767,60,31,38,44,90,94,61,47,55,45,43,36,30,34,17,20,14,5,3,F,2011
E01026690,King's Lynn and West Norfolk 007D,764,74,40,48,58,68,55,44,39,53,47,44,32,50,34,31,18,18,5,6,F,2011
E01026647,King's Lynn and West Norfolk 008A,1105,41,40,59,63,31,37,38,59,79,99,70,84,93,106,82,56,42,17,9,F,2011
E01026711,King's Lynn and West Norfolk 008B,797,45,48,51,62,47,41,41,48,53,64,64,52,56,43,30,26,13,8,5,F,2011
E01026712,King's Lynn and West Norfolk 008C,845,33,30,50,63,29,26,41,39,68,64,74,54,77,51,47,40,31,22,6,F,2011
E01026713,King's Lynn and West Norfolk 008D,766,24,25,47,53,29,23,32,36,56,62,58,64,72,48,49,36,19,18,15,F,2011
E01026666,King's Lynn and West Norfolk 009A,1015,68,62,97,76,59,74,53,68,65,68,67,45,51,33,34,32,34,21,8,F,2011
E01026667,King's Lynn and West Norfolk 009B,828,42,23,40,57,71,59,44,43,44,55,65,53,59,49,40,30,12,20,22,F,2011
E01026668,King's Lynn and West Norfolk 009C,795,45,33,49,64,66,43,36,45,63,55,45,55,47,37,30,28,24,17,13,F,2011
E01026693,King's Lynn and West Norfolk 009D,956,40,43,50,61,53,54,49,56,75,84,64,53,58,50,45,43,53,19,6,F,2011
E01026662,King's Lynn and West Norfolk 010A,1263,131,87,101,76,119,164,118,97,83,58,46,47,37,32,28,17,9,9,4,F,2011
E01026663,King's Lynn and West Norfolk 010B,932,58,73,53,68,71,69,62,62,56,71,38,42,37,45,48,26,25,19,9,F,2011
E01026664,King's Lynn and West Norfolk 010C,1150,99,61,43,55,115,133,105,100,78,72,49,55,67,35,28,25,18,11,1,F,2011
E01026714,King's Lynn and West Norfolk 010D,1058,42,52,52,82,72,78,57,56,84,79,72,88,72,49,45,35,27,13,3,F,2011
E01026698,King's Lynn and West Norfolk 011A,991,51,24,22,38,70,93,70,45,54,43,68,54,64,45,50,58,66,40,36,F,2011
E01026699,King's Lynn and West Norfolk 011B,757,57,33,18,26,78,85,56,40,51,43,44,39,34,27,31,25,34,26,10,F,2011
E01026700,King's Lynn and West Norfolk 011C,640,45,28,21,32,51,93,38,42,53,42,38,32,35,32,27,13,6,9,3,F,2011
E01026704,King's Lynn and West Norfolk 011D,956,99,79,60,69,90,93,56,60,53,60,53,40,36,37,27,19,15,7,3,F,2011
E01026705,King's Lynn and West Norfolk 011E,808,73,47,40,40,56,63,50,50,55,50,53,44,45,41,34,25,25,15,2,F,2011
E01026706,King's Lynn and West Norfolk 011F,797,55,47,41,52,65,63,52,45,57,63,42,33,54,38,24,20,22,19,5,F,2011
E01026665,King's Lynn and West Norfolk 012A,1162,59,49,67,61,51,44,53,66,82,94,91,65,114,83,67,48,35,20,13,F,2011
E01026674,King's Lynn and West Norfolk 012B,591,15,22,28,41,10,18,13,29,48,45,37,54,73,49,40,25,24,10,10,F,2011
E01026675,King's Lynn and West Norfolk 012C,623,29,31,32,41,19,28,23,37,46,57,43,46,52,47,28,28,13,15,8,F,2011
E01026694,King's Lynn and West Norfolk 012D,1243,51,43,52,72,49,52,44,75,81,106,87,95,135,104,57,58,54,17,11,F,2011
E01026684,King's Lynn and West Norfolk 013A,613,19,31,36,42,20,23,30,22,53,39,49,53,59,38,23,27,25,11,13,F,2011
E01026685,King's Lynn and West Norfolk 013B,660,25,22,37,38,37,29,20,29,38,52,49,40,57,43,54,41,27,12,10,F,2011
E01026719,King's Lynn and West Norfolk 013C,1139,44,53,77,63,55,50,43,73,95,112,87,84,92,87,42,33,24,20,5,F,2011
E01026720,King's Lynn and West Norfolk 013D,641,26,35,34,38,30,27,26,40,41,51,50,49,55,53,34,19,16,8,9,F,2011
E01026721,King's Lynn and West Norfolk 013E,668,23,39,42,48,24,20,34,48,50,56,37,42,54,51,32,31,21,13,3,F,2011
E01026642,King's Lynn and West Norfolk 014A,703,31,31,29,33,25,21,24,35,50,44,43,44,75,60,49,42,30,22,15,F,2011
E01026643,King's Lynn and West Norfolk 014B,686,18,25,38,41,29,19,18,30,54,59,55,68,76,65,35,20,23,11,2,F,2011
E01026644,King's Lynn and West Norfolk 014C,1147,191,94,48,54,129,228,141,108,64,38,20,9,10,4,4,3,1,0,1,F,2011
E01026723,King's Lynn and West Norfolk 014D,813,30,41,41,45,32,19,40,33,63,71,67,57,64,60,47,46,37,15,5,F,2011
E01026724,King's Lynn and West Norfolk 014E,872,41,38,28,30,44,46,38,32,44,59,55,53,57,58,74,69,44,37,25,F,2011
E01026725,King's Lynn and West Norfolk 014F,744,30,26,39,38,33,31,26,43,42,56,77,58,64,56,43,35,20,18,9,F,2011
E01026696,King's Lynn and West Norfolk 015A,617,36,31,41,47,37,24,24,41,56,45,36,39,45,22,32,18,9,18,16,F,2011
E01026697,King's Lynn and West Norfolk 015B,654,23,30,29,27,40,36,24,38,39,47,46,63,49,50,37,26,31,14,5,F,2011
E01026722,King's Lynn and West Norfolk 015C,1279,79,79,78,72,82,72,74,81,105,98,77,63,84,86,52,49,27,17,4,F,2011
E01026726,King's Lynn and West Norfolk 015D,1040,46,43,59,56,50,36,47,68,81,83,80,71,85,61,61,47,34,23,9,F,2011
E01026659,King's Lynn and West Norfolk 016A,763,43,35,34,35,44,46,52,51,57,50,55,55,58,37,37,27,26,16,5,F,2011
E01026660,King's Lynn and West Norfolk 016B,856,44,27,45,48,29,41,28,50,63,62,46,64,71,72,52,45,28,32,9,F,2011
E01026661,King's Lynn and West Norfolk 016C,762,39,28,51,52,33,28,29,39,60,64,52,39,55,61,41,44,27,14,6,F,2011
E01026715,King's Lynn and West Norfolk 016D,746,40,27,41,37,39,36,35,46,49,63,62,45,53,47,43,40,21,15,7,F,2011
E01026716,King's Lynn and West Norfolk 016E,949,46,42,52,52,41,34,33,56,69,75,67,77,80,70,44,49,31,17,14,F,2011
E01026717,King's Lynn and West Norfolk 016F,750,41,34,43,61,31,29,31,45,57,74,56,53,60,42,34,31,14,11,3,F,2011
E01026686,King's Lynn and West Norfolk 017C,1062,41,45,27,29,43,53,67,58,46,44,39,69,74,88,76,84,86,69,24,F,2011
E01026707,King's Lynn and West Norfolk 017D,1091,13,13,17,13,27,15,17,17,38,43,53,63,97,124,155,168,137,55,26,F,2011
E01033036,King's Lynn and West Norfolk 017E,836,49,56,67,60,40,40,52,54,73,53,50,43,48,39,35,23,28,17,9,F,2011
E01033037,King's Lynn and West Norfolk 017F,777,48,58,69,59,48,56,55,72,76,50,41,40,33,19,15,14,15,8,1,F,2011
E01033038,King's Lynn and West Norfolk 017G,939,66,34,62,48,55,73,57,48,54,53,41,45,45,46,31,53,47,40,41,F,2011
E01033039,King's Lynn and West Norfolk 017H,520,22,15,20,29,28,23,18,22,26,27,31,32,37,35,35,38,39,20,23,F,2011
E01026679,King's Lynn and West Norfolk 018A,1199,50,64,69,60,39,52,56,73,93,95,100,97,88,71,62,54,46,19,11,F,2011
E01026727,King's Lynn and West Norfolk 018B,1282,49,62,65,67,39,55,50,57,89,104,94,105,117,99,92,66,43,18,11,F,2011
E01026728,King's Lynn and West Norfolk 018C,1174,45,55,63,71,46,42,46,79,76,85,94,74,107,78,86,54,38,23,12,F,2011
E01026648,King's Lynn and West Norfolk 019A,768,40,37,46,46,30,38,37,36,55,54,54,67,62,52,47,22,22,15,8,F,2011
E01026649,King's Lynn and West Norfolk 019B,785,49,48,39,24,39,37,48,56,60,53,63,52,49,41,36,32,27,22,10,F,2011
E01026650,King's Lynn and West Norfolk 019C,628,75,57,31,38,56,59,45,47,44,34,27,29,30,16,14,13,5,5,3,F,2011
E01026651,King's Lynn and West Norfolk 019D,1181,53,60,81,61,43,53,50,66,87,83,96,82,97,85,49,47,46,29,13,F,2011
E01026652,King's Lynn and West Norfolk 019E,659,38,41,39,26,29,49,36,40,56,40,37,41,58,44,26,23,19,11,6,F,2011
E07000147,,52445,2151,2032,2409,2638,2246,2030,1935,2298,3109,3464,3584,3733,4763,4249,3425,3043,2534,1699,1103,F,2011
E01026770,North Norfolk 001A,1062,40,22,25,40,55,40,29,51,46,55,61,81,88,60,64,83,68,73,81,F,2011
E01026771,North Norfolk 001B,863,34,42,30,33,24,27,30,47,37,58,47,63,88,70,65,40,56,39,33,F,2011
E01026772,North Norfolk 001C,890,30,32,44,39,26,25,22,27,46,63,41,56,91,90,92,85,42,29,10,F,2011
E01026773,North Norfolk 001D,1085,43,41,52,34,38,32,45,47,44,60,67,74,89,120,80,67,76,53,23,F,2011
E01026739,North Norfolk 002A,1078,30,39,49,52,28,29,32,34,55,73,85,85,107,93,80,75,60,44,28,F,2011
E01026763,North Norfolk 002B,706,34,26,46,44,35,29,25,44,44,37,30,46,59,55,40,33,31,21,27,F,2011
E01026764,North Norfolk 002C,635,10,7,21,25,25,18,16,17,25,28,45,69,72,56,72,45,36,35,13,F,2011
E01026765,North Norfolk 002D,677,29,21,26,29,21,23,12,22,40,45,59,55,65,77,48,40,31,22,12,F,2011
E01026734,North Norfolk 003A,563,33,11,10,27,55,43,28,29,29,41,37,43,48,35,22,26,24,12,10,F,2011
E01026735,North Norfolk 003B,630,27,13,11,18,44,31,23,25,20,35,33,39,51,50,41,44,58,35,32,F,2011
E01026736,North Norfolk 003C,686,28,27,23,25,28,33,31,19,28,45,35,49,73,65,43,54,34,31,15,F,2011
E01026777,North Norfolk 003D,593,27,14,10,21,32,30,16,16,33,28,55,44,59,56,45,40,32,21,14,F,2011
E01026778,North Norfolk 003E,808,12,14,22,18,23,24,15,17,25,39,51,40,71,83,69,79,84,75,47,F,2011
E01026779,North Norfolk 003F,771,58,44,48,51,40,38,49,49,62,48,55,43,66,38,27,22,17,9,7,F,2011
E01026741,North Norfolk 004A,985,20,26,33,32,21,18,20,41,59,52,54,79,110,101,85,73,66,58,37,F,2011
E01026742,North Norfolk 004B,853,19,13,72,107,16,12,11,13,32,31,37,36,72,77,83,76,83,43,20,F,2011
E01026743,North Norfolk 004C,1202,56,40,48,40,44,56,45,56,64,56,59,85,99,99,85,93,97,50,30,F,2011
E01026762,North Norfolk 005A,1250,52,42,59,58,53,39,36,51,65,76,85,99,126,114,101,62,65,51,16,F,2011
E01026766,North Norfolk 005B,1131,40,36,52,68,52,37,36,62,72,74,103,110,97,111,60,57,27,25,12,F,2011
E01026781,North Norfolk 005C,1071,34,31,37,56,29,30,34,30,54,70,101,85,96,100,91,76,67,30,20,F,2011
E01026731,North Norfolk 006A,562,10,17,37,29,23,3,12,17,25,21,25,31,70,56,51,52,36,27,20,F,2011
E01026732,North Norfolk 006B,632,24,22,26,30,26,12,22,33,40,57,47,61,72,53,38,35,22,5,7,F,2011
E01026733,North Norfolk 006C,1206,63,53,71,75,32,38,35,47,88,100,93,85,118,81,77,56,47,34,13,F,2011
E01026737,North Norfolk 006D,1196,41,52,72,73,50,32,49,41,83,121,89,98,138,79,63,44,33,19,19,F,2011
E01026738,North Norfolk 007A,1270,34,60,70,52,57,29,37,56,97,80,98,91,136,130,89,66,48,22,18,F,2011
E01026750,North Norfolk 007B,726,34,30,29,34,26,35,15,27,34,53,45,46,64,69,48,56,41,29,11,F,2011
E01026751,North Norfolk 007C,757,25,31,42,27,28,21,19,28,37,36,45,49,79,74,55,75,37,28,21,F,2011
E01026752,North Norfolk 007D,723,23,27,32,38,22,23,26,27,53,44,58,70,78,62,39,46,28,13,14,F,2011
E01026729,North Norfolk 008A,1145,52,58,52,47,54,54,44,71,70,91,90,102,122,76,58,40,36,17,11,F,2011
E01026730,North Norfolk 008B,1262,66,52,70,72,78,63,58,59,96,97,83,64,102,91,69,60,35,35,12,F,2011
E01026788,North Norfolk 008C,638,27,29,32,37,17,24,18,26,43,49,42,57,53,58,54,32,20,11,9,F,2011
E01026780,North Norfolk 009A,1306,82,59,77,59,76,89,64,67,91,106,87,83,102,85,65,54,32,22,6,F,2011
E01026782,North Norfolk 009B,1119,38,48,51,61,46,31,59,45,76,77,80,77,96,102,81,55,50,29,17,F,2011
E01026787,North Norfolk 009C,523,21,36,33,29,25,11,30,21,39,49,42,32,43,36,26,20,10,13,7,F,2011
E01026753,North Norfolk 010A,837,51,44,41,49,64,52,30,31,48,42,53,40,69,45,40,40,42,37,19,F,2011
E01026754,North Norfolk 010B,749,34,42,47,50,39,45,47,46,51,64,53,38,49,39,39,27,20,12,7,F,2011
E01026755,North Norfolk 010C,630,15,22,17,20,12,11,13,13,38,42,45,39,66,55,82,48,44,28,20,F,2011
E01026756,North Norfolk 010D,661,55,40,32,45,42,40,34,36,44,41,35,33,44,41,29,24,28,11,7,F,2011
E01026757,North Norfolk 010E,803,37,31,28,45,43,44,49,48,48,50,65,55,65,49,44,38,21,27,16,F,2011
E01026758,North Norfolk 010F,715,33,36,32,41,46,45,42,40,51,54,39,32,46,48,44,38,23,16,9,F,2011
E01026759,North Norfolk 010G,718,30,37,46,44,29,31,23,39,42,48,32,44,52,38,40,43,48,30,22,F,2011
E01026760,North Norfolk 010H,691,27,23,30,31,51,22,22,38,49,45,39,36,42,41,41,36,40,31,47,F,2011
E01026761,North Norfolk 010I,815,33,59,34,37,44,37,32,42,56,47,38,52,62,63,61,47,39,17,15,F,2011
E01026745,North Norfolk 011A,874,36,35,38,50,37,40,37,34,59,61,61,79,61,60,52,55,37,32,10,F,2011
E01026746,North Norfolk 011B,851,38,27,39,49,40,33,55,42,52,66,68,57,76,60,41,45,36,17,10,F,2011
E01026747,North Norfolk 011C,677,41,16,23,42,59,51,34,32,40,40,31,31,37,46,40,33,36,31,14,F,2011
E01026748,North Norfolk 011D,737,30,16,30,39,23,39,34,31,40,36,47,46,66,75,54,60,40,22,9,F,2011
E01026749,North Norfolk 011E,841,61,48,47,49,40,47,36,54,53,40,51,33,43,43,25,59,46,31,35,F,2011
E01026740,North Norfolk 012A,1251,54,50,55,55,48,30,41,60,78,98,105,109,151,110,62,53,55,24,13,F,2011
E01026767,North Norfolk 012B,626,23,31,32,31,21,16,23,25,41,51,58,58,67,45,40,25,22,12,5,F,2011
E01026768,North Norfolk 012C,574,48,28,27,20,60,78,52,28,44,35,36,32,30,17,14,10,7,6,2,F,2011
E01026789,North Norfolk 012D,619,24,22,36,34,23,26,23,29,53,54,57,52,52,43,30,18,20,14,9,F,2011
E01026790,North Norfolk 012E,589,35,19,35,39,17,14,32,37,45,45,55,37,56,43,26,25,17,7,5,F,2011
E01026774,North Norfolk 013A,743,25,41,43,47,27,35,32,31,49,70,57,42,61,56,41,40,25,13,8,F,2011
E01026775,North Norfolk 013B,694,33,33,43,53,37,27,31,41,39,34,39,47,48,43,38,35,36,23,14,F,2011
E01026776,North Norfolk 013C,800,39,35,13,33,48,45,30,27,45,59,57,49,58,63,53,52,37,30,27,F,2011
E01026786,North Norfolk 013D,1089,33,49,53,54,31,36,39,62,69,83,104,100,104,95,57,44,35,22,19,F,2011
E01026744,North Norfolk 014A,1019,25,28,37,39,31,23,17,37,48,56,68,80,100,101,86,86,84,46,27,F,2011
E01026769,North Norfolk 014B,1127,37,30,53,64,26,26,26,48,62,71,79,105,133,98,81,66,62,33,27,F,2011
E01026783,North Norfolk 014C,917,17,26,30,45,19,20,15,34,43,61,66,90,102,106,70,63,55,38,17,F,2011
E01026784,North Norfolk 014D,521,22,28,29,26,22,19,22,21,30,41,34,32,43,42,35,35,22,10,8,F,2011
E01026785,North Norfolk 014E,673,19,21,27,27,18,19,21,30,40,35,48,58,80,82,54,37,28,19,10,F,2011
E07000148,,66908,4110,3125,2781,4242,7939,6406,5128,4243,3997,3807,3456,3368,3377,2604,2198,2033,1861,1359,874,F,2011
E01026797,Norwich 001A,1154,104,71,46,52,110,147,128,101,68,57,72,52,41,33,19,15,19,12,7,F,2011
E01026798,Norwich 001B,753,49,58,49,58,49,68,53,60,59,50,37,39,36,28,29,18,10,3,0,F,2011
E01026799,Norwich 001C,734,55,38,45,40,54,70,67,53,42,35,54,59,38,30,18,19,6,9,2,F,2011
E01026800,Norwich 001D,951,99,51,55,70,101,101,83,70,53,55,46,31,42,28,23,14,11,10,8,F,2011
E01026801,Norwich 001E,825,36,37,35,46,41,34,55,42,46,76,55,51,70,48,38,36,36,29,14,F,2011
E01026802,Norwich 001F,821,50,43,25,50,72,89,64,46,49,54,47,46,43,34,41,27,22,15,4,F,2011
E01026828,Norwich 002A,897,87,63,68,69,67,76,57,64,63,65,42,29,41,26,26,23,19,9,3,F,2011
E01026829,Norwich 002B,1049,94,85,50,58,108,146,108,72,57,43,41,40,30,31,27,13,21,13,12,F,2011
E01026830,Norwich 002C,624,49,21,18,37,53,60,50,42,32,28,33,25,29,50,24,31,16,17,9,F,2011
E01026831,Norwich 002D,594,33,29,13,19,75,87,86,47,48,28,45,21,20,14,10,6,6,5,2,F,2011
E01026832,Norwich 002E,725,53,57,71,48,35,56,46,58,63,40,40,25,29,34,26,20,16,7,1,F,2011
E01026833,Norwich 002F,659,70,43,33,41,49,60,50,45,40,39,40,14,23,31,24,13,20,14,10,F,2011
E01026834,Norwich 002G,795,68,54,50,58,36,60,54,46,56,70,41,32,45,37,26,22,20,16,4,F,2011
E01026841,Norwich 003A,688,47,19,16,31,88,122,92,64,38,41,28,16,31,17,13,9,8,4,4,F,2011
E01026842,Norwich 003B,814,61,31,19,36,82,128,104,61,53,40,30,43,42,23,24,15,13,5,4,F,2011
E01026843,Norwich 003C,1013,72,50,34,50,73,93,72,79,64,71,48,70,56,47,35,24,27,22,26,F,2011
E01026844,Norwich 003D,863,68,64,40,50,57,97,78,82,53,46,39,53,38,30,20,22,14,10,2,F,2011
E01026845,Norwich 003E,778,57,25,24,25,88,146,120,67,55,39,33,28,26,12,6,9,10,3,5,F,2011
E01026846,Norwich 003F,798,59,29,21,49,93,126,109,65,41,45,30,37,22,19,20,13,12,5,3,F,2011
E01026803,Norwich 004A,784,58,32,38,40,53,49,48,33,41,42,37,31,42,34,53,65,44,27,17,F,2011
E01026804,Norwich 004B,750,37,32,49,45,33,31,41,43,51,53,49,37,43,49,48,51,39,15,4,F,2011
E01026805,Norwich 004C,742,53,41,31,40,50,47,40,37,46,53,42,32,29,34,37,70,37,15,8,F,2011
E01026806,Norwich 004D,561,26,17,21,22,26,31,36,27,32,31,44,49,48,51,36,30,20,7,7,F,2011
E01026807,Norwich 004E,640,49,46,35,34,29,46,54,55,46,36,51,33,36,28,19,17,18,6,2,F,2011
E01026808,Norwich 004F,671,56,58,48,48,38,48,48,58,43,62,41,26,22,10,23,22,7,12,1,F,2011
E01026809,Norwich 004G,740,62,35,19,37,62,56,45,25,51,44,34,33,35,35,56,62,28,14,7,F,2011
E01026791,Norwich 005A,732,61,46,35,49,89,44,58,49,57,44,48,45,39,25,12,7,9,10,5,F,2011
E01026792,Norwich 005B,755,66,30,40,38,45,59,47,55,42,43,55,59,54,30,28,20,16,14,14,F,2011
E01026793,Norwich 005C,949,92,80,82,77,87,81,65,72,64,41,36,38,36,25,29,18,12,10,4,F,2011
E01026794,Norwich 005D,1029,74,54,45,47,71,102,86,73,67,68,78,81,52,47,24,16,16,14,14,F,2011
E01026796,Norwich 005F,854,47,33,42,65,182,59,39,46,51,37,40,32,33,34,24,27,27,27,9,F,2011
E01033435,Norwich 005G,941,90,63,47,39,150,136,108,75,57,50,34,31,22,18,8,6,3,3,1,F,2011
E01033436,Norwich 005H,718,50,40,30,40,101,53,44,43,45,37,42,29,52,31,15,17,22,23,4,F,2011
E01026863,Norwich 006A,914,55,35,27,54,183,85,66,54,61,49,45,42,41,36,27,15,18,14,7,F,2011
E01026864,Norwich 006B,779,59,43,37,46,48,73,42,51,54,47,50,58,46,35,29,19,19,13,10,F,2011
E01026865,Norwich 006C,980,88,62,56,63,125,103,84,75,53,54,47,32,38,19,25,24,16,8,8,F,2011
E01026866,Norwich 006D,788,40,40,24,48,114,90,65,53,35,46,39,48,42,33,20,15,21,9,6,F,2011
E01026867,Norwich 006E,814,67,72,66,65,71,59,47,53,62,57,44,33,32,19,24,22,15,3,3,F,2011
E01026868,Norwich 006F,828,68,72,49,66,131,65,54,51,60,42,41,28,36,21,22,10,10,1,1,F,2011
E01026869,Norwich 006G,702,61,55,40,38,47,58,49,52,46,43,39,35,40,41,25,11,9,10,3,F,2011
E01026822,Norwich 007A,985,49,18,19,36,147,139,81,56,36,43,37,44,51,46,40,43,48,40,12,F,2011
E01026823,Norwich 007B,883,22,13,9,45,151,141,94,44,57,46,41,50,36,32,33,28,15,12,14,F,2011
E01026824,Norwich 007C,743,54,22,15,12,99,74,67,46,40,30,33,43,57,42,31,26,21,23,8,F,2011
E01026825,Norwich 007D,608,26,22,12,19,81,94,53,56,38,24,36,38,27,13,19,9,20,10,11,F,2011
E01026826,Norwich 007E,726,38,31,16,27,77,98,57,34,42,39,35,36,28,22,21,25,23,33,44,F,2011
E01026827,Norwich 007F,774,51,27,18,25,76,64,53,42,31,41,30,35,61,58,34,41,34,28,25,F,2011
E01026835,Norwich 009A,787,42,25,24,33,172,79,46,59,45,40,32,52,35,24,13,16,13,14,23,F,2011
E01026836,Norwich 009B,799,32,53,32,32,149,69,68,49,56,54,47,47,39,18,22,14,8,6,4,F,2011
E01026837,Norwich 009C,723,35,27,17,38,92,74,65,46,45,42,48,53,48,21,21,13,9,19,10,F,2011
E01026838,Norwich 009D,851,46,52,36,29,171,64,58,54,57,55,46,48,39,26,13,21,15,14,7,F,2011
E01026839,Norwich 009E,846,36,23,39,30,300,79,77,48,46,30,41,26,23,13,11,8,7,8,1,F,2011
E01026840,Norwich 009F,817,36,30,20,40,135,118,96,67,54,47,37,42,34,25,12,11,8,3,2,F,2011
E01026858,Norwich 010A,792,39,27,36,42,112,60,40,39,45,36,29,38,34,31,48,37,50,32,17,F,2011
E01026859,Norwich 010B,874,64,59,53,55,119,62,53,68,61,56,34,36,27,25,24,34,25,11,8,F,2011
E01026860,Norwich 010C,2307,25,20,12,911,835,131,49,22,28,28,41,28,37,27,24,33,40,12,4,F,2011
E01026861,Norwich 010D,793,37,37,37,58,175,50,45,45,50,45,33,37,36,17,22,22,19,21,7,F,2011
E01026862,Norwich 010E,681,26,32,43,55,93,25,31,35,47,48,41,36,28,39,34,16,23,18,11,F,2011
E01026852,Norwich 011A,689,33,29,32,27,27,27,37,42,38,50,47,60,62,33,17,28,29,40,31,F,2011
E01026853,Norwich 011B,819,38,25,20,20,66,99,57,64,49,47,40,67,47,31,27,31,44,27,20,F,2011
E01026855,Norwich 011D,764,29,20,24,26,115,82,63,60,38,54,38,39,56,26,17,21,30,20,6,F,2011
E01026856,Norwich 011E,961,32,34,40,28,243,127,91,39,60,51,42,56,45,23,16,9,9,11,5,F,2011
E01026857,Norwich 011F,801,24,25,36,42,111,44,44,30,50,42,42,50,43,48,43,42,42,29,14,F,2011
E01033434,Norwich 011G,500,22,17,8,15,74,91,66,38,20,14,16,27,27,17,14,11,14,7,2,F,2011
E01033437,Norwich 011H,716,33,33,28,34,61,60,53,56,49,45,27,31,50,41,30,21,27,21,16,F,2011
E01026810,Norwich 012A,750,25,32,30,41,43,32,32,40,31,52,50,42,56,58,43,48,36,37,22,F,2011
E01026811,Norwich 012B,791,30,26,28,38,20,18,14,31,48,58,60,69,68,62,52,52,54,37,26,F,2011
E01026812,Norwich 012C,727,37,36,35,31,37,22,37,34,55,58,43,65,71,44,39,29,28,13,13,F,2011
E01026813,Norwich 012D,727,17,25,25,36,32,16,22,39,35,47,59,41,67,69,52,53,51,31,10,F,2011
E01026814,Norwich 012E,781,39,34,31,38,97,43,45,39,48,58,39,38,51,32,28,32,39,33,17,F,2011
E01026815,Norwich 012F,788,30,30,49,46,76,61,42,37,52,48,57,54,46,34,33,23,26,26,18,F,2011
E01026816,Norwich 013A,897,51,29,24,37,71,107,81,75,62,41,43,42,43,24,29,36,31,33,38,F,2011
E01026817,Norwich 013B,742,45,30,35,32,43,46,42,51,42,34,40,48,59,57,38,35,25,25,15,F,2011
E01026818,Norwich 013C,755,43,42,49,47,32,74,51,53,44,61,46,45,50,30,14,25,33,10,6,F,2011
E01026819,Norwich 013D,755,62,52,58,61,59,53,50,64,52,55,39,32,41,16,16,22,15,5,3,F,2011
E01026820,Norwich 013E,903,75,55,48,53,52,52,50,54,66,57,44,46,42,37,41,44,44,26,17,F,2011
E01026821,Norwich 013F,814,47,35,39,49,48,50,49,43,39,59,45,48,52,38,34,49,53,28,9,F,2011
E01033438,Norwich 014A,695,21,11,13,19,61,60,50,26,34,31,30,21,36,42,37,46,61,51,45,F,2011
E01033439,Norwich 014B,668,20,17,18,20,96,117,66,48,39,45,43,25,19,15,10,10,19,15,26,F,2011
E01033440,Norwich 014C,458,27,15,10,23,66,85,69,30,25,22,26,21,14,11,5,3,3,2,1,F,2011
E01033441,Norwich 014D,546,22,11,8,15,89,142,85,30,22,16,17,18,26,15,8,11,4,3,4,F,2011
E01026848,Norwich 015A,966,59,35,39,47,97,91,72,49,72,54,57,54,45,33,42,31,28,34,27,F,2011
E01026849,Norwich 015B,813,49,21,14,29,86,103,81,58,56,54,42,47,55,37,27,16,8,17,13,F,2011
E01026850,Norwich 015C,887,72,34,29,13,87,142,104,59,49,49,46,50,46,25,31,15,18,11,7,F,2011
E07000149,,63767,3328,3109,3659,3636,2772,2955,3203,3907,4658,4869,4458,4104,4827,4129,3082,2704,2162,1422,783,F,2011
E01026916,South Norfolk 001A,1011,41,45,49,38,33,35,34,53,73,73,80,82,100,79,62,44,63,22,5,F,2011
E01026917,South Norfolk 001B,756,37,24,24,31,40,39,28,38,44,62,50,36,51,48,50,52,43,39,20,F,2011
E01026918,South Norfolk 001C,832,39,41,28,42,25,52,38,39,65,57,57,56,70,65,51,48,38,15,6,F,2011
E01026924,South Norfolk 001E,773,27,42,44,36,31,26,39,37,55,63,64,55,62,55,49,40,28,16,4,F,2011
E01026925,South Norfolk 001F,1100,88,56,57,73,82,97,98,79,86,93,62,40,53,36,27,15,31,16,11,F,2011
E01033538,South Norfolk 001G,1123,140,85,53,41,168,203,162,83,49,49,27,23,14,9,10,6,1,0,0,F,2011
E01033540,South Norfolk 001H,749,59,36,22,24,36,49,52,47,38,54,52,43,73,56,42,32,22,9,3,F,2011
E01026881,South Norfolk 002A,702,39,44,32,40,36,61,38,60,39,61,50,41,29,32,31,28,23,14,4,F,2011
E01026882,South Norfolk 002B,1091,75,57,53,48,44,64,66,65,62,69,66,63,70,66,62,59,52,28,22,F,2011
E01026883,South Norfolk 002C,859,44,45,44,65,37,33,38,44,58,76,52,48,83,49,47,37,32,18,9,F,2011
E01026895,South Norfolk 002D,757,65,38,31,55,28,43,65,56,56,57,43,40,50,52,32,23,17,3,3,F,2011
E01026896,South Norfolk 002E,622,34,36,39,32,21,13,26,37,45,55,57,49,56,46,34,22,14,3,3,F,2011
E01026905,South Norfolk 003A,548,24,19,18,22,14,15,16,19,24,31,29,46,42,51,45,42,46,28,17,F,2011
E01026906,South Norfolk 003B,710,21,22,34,38,21,18,23,28,40,52,48,66,84,86,44,40,21,16,8,F,2011
E01026907,South Norfolk 003C,957,52,45,63,62,35,52,53,63,75,62,70,56,69,56,43,47,24,23,7,F,2011
E01026908,South Norfolk 003D,767,42,48,42,56,41,52,59,76,66,71,51,26,31,29,13,15,17,14,18,F,2011
E01026909,South Norfolk 004A,737,38,36,33,24,27,29,28,48,56,39,46,47,62,57,54,40,28,23,22,F,2011
E01026910,South Norfolk 004B,753,43,44,41,36,19,32,33,39,54,58,56,53,62,69,35,32,22,18,7,F,2011
E01026947,South Norfolk 004C,675,49,34,44,37,28,24,25,49,64,51,43,56,49,40,20,14,19,20,9,F,2011
E01026948,South Norfolk 004D,1007,34,54,193,210,31,21,21,42,62,63,71,50,50,37,28,19,12,6,3,F,2011
E01026870,South Norfolk 005A,824,28,26,35,34,39,46,46,45,59,61,41,38,60,59,60,42,44,37,24,F,2011
E01026871,South Norfolk 005B,669,13,22,38,43,35,26,24,34,48,63,56,48,55,53,39,40,20,8,4,F,2011
E01026921,South Norfolk 005C,699,23,33,30,29,38,32,38,32,57,46,49,47,72,50,39,35,33,11,5,F,2011
E01026922,South Norfolk 005D,786,40,38,38,44,30,35,39,50,57,56,40,40,46,54,32,45,42,32,28,F,2011
E01026875,South Norfolk 006A,583,29,34,34,37,19,10,27,32,50,39,51,42,56,46,29,16,17,13,2,F,2011
E01026876,South Norfolk 006B,816,26,36,62,41,25,16,17,37,54,65,63,51,70,70,54,47,37,29,16,F,2011
E01026926,South Norfolk 006C,810,45,33,47,60,26,20,20,54,48,82,56,46,70,59,51,38,21,26,8,F,2011
E01026927,South Norfolk 006D,938,33,50,46,63,37,29,49,77,76,83,66,56,68,60,45,49,19,26,6,F,2011
E01026928,South Norfolk 006E,749,39,26,28,39,39,28,37,52,54,52,48,39,41,54,39,42,47,25,20,F,2011
E01026936,South Norfolk 006F,730,28,25,39,47,35,21,17,40,63,62,51,59,55,41,50,42,35,17,3,F,2011
E01026937,South Norfolk 006G,778,50,34,57,44,23,25,47,50,58,70,73,62,43,37,29,30,24,20,2,F,2011
E01026884,South Norfolk 007A,610,36,35,55,40,29,23,28,49,35,58,46,40,35,35,29,18,14,4,1,F,2011
E01026885,South Norfolk 007B,708,28,41,63,36,38,36,35,53,73,60,46,42,53,51,26,14,9,3,1,F,2011
E01026933,South Norfolk 007C,1475,108,95,90,90,76,88,90,108,113,123,92,79,79,67,52,50,36,25,14,F,2011
E01026945,South Norfolk 007D,1159,74,87,100,64,48,71,81,111,134,102,72,46,51,32,41,18,15,7,5,F,2011
E01026946,South Norfolk 007E,557,21,18,23,26,13,10,20,19,44,32,37,44,37,54,49,50,39,15,6,F,2011
E01026879,South Norfolk 008A,625,40,21,37,62,29,25,31,35,50,36,51,31,42,41,32,24,16,15,7,F,2011
E01026880,South Norfolk 008B,761,19,36,51,39,19,14,21,35,66,46,47,70,68,64,56,45,26,22,17,F,2011
E01026911,South Norfolk 008C,597,31,20,37,27,22,23,22,41,45,43,40,40,29,33,37,36,30,26,15,F,2011
E01026912,South Norfolk 008D,778,28,36,50,53,28,38,32,44,63,70,65,49,50,60,34,38,14,18,8,F,2011
E01026929,South Norfolk 008E,662,19,35,35,32,16,21,19,33,53,60,57,49,61,51,35,29,25,19,13,F,2011
E01026930,South Norfolk 008F,748,36,35,46,52,16,13,30,36,63,73,54,57,69,46,40,31,28,15,8,F,2011
E01026913,South Norfolk 009A,849,50,46,45,30,55,52,58,53,64,70,68,56,41,43,32,25,29,22,10,F,2011
E01026914,South Norfolk 009B,798,31,34,54,42,24,26,27,51,58,65,70,61,57,62,40,38,30,17,11,F,2011
E01026915,South Norfolk 009C,1031,86,61,51,50,48,60,88,94,55,57,88,66,67,65,36,26,17,10,6,F,2011
E01026919,South Norfolk 009D,808,60,53,39,35,31,50,55,65,66,57,54,37,51,35,39,24,20,20,17,F,2011
E01026920,South Norfolk 009E,595,23,26,40,39,27,23,18,36,43,52,54,51,42,39,30,24,16,9,3,F,2011
E01026941,South Norfolk 009F,620,18,30,32,33,16,13,16,23,46,51,59,61,59,53,24,32,22,20,12,F,2011
E01026942,South Norfolk 009G,583,28,32,39,34,24,21,25,39,44,60,48,38,43,41,31,17,12,4,3,F,2011
E01026898,South Norfolk 010A,705,44,35,36,30,31,25,33,30,50,53,45,49,64,53,46,34,22,16,9,F,2011
E01026899,South Norfolk 010B,757,39,46,58,32,22,21,42,53,56,57,52,56,66,54,28,29,21,17,8,F,2011
E01026943,South Norfolk 010C,749,22,34,44,38,23,12,27,51,52,72,56,73,78,68,38,23,17,16,5,F,2011
E01026944,South Norfolk 010D,594,24,40,38,50,13,15,22,43,47,57,41,43,47,34,31,25,14,10,0,F,2011
E01026877,South Norfolk 011A,781,31,33,60,41,20,21,33,44,66,64,61,59,62,79,38,28,22,12,7,F,2011
E01026878,South Norfolk 011B,612,34,41,35,42,28,19,33,41,49,66,50,34,49,28,21,18,16,5,3,F,2011
E01026897,South Norfolk 011C,1387,62,66,76,77,61,47,63,79,92,127,97,103,136,101,67,55,35,28,15,F,2011
E01026938,South Norfolk 011D,1042,56,62,55,51,50,68,67,84,82,83,76,59,62,56,38,33,32,18,10,F,2011
E01026939,South Norfolk 011E,836,43,39,52,49,40,37,53,53,64,61,66,58,79,50,33,32,16,9,2,F,2011
E01026940,South Norfolk 011F,938,81,50,58,70,56,66,57,79,71,70,53,41,43,38,29,22,29,14,11,F,2011
E01026892,South Norfolk 012A,666,35,28,44,38,29,33,27,26,58,56,50,39,52,48,24,26,32,9,12,F,2011
E01026893,South Norfolk 012B,513,7,19,22,25,17,16,14,24,29,42,45,38,47,45,36,41,19,18,9,F,2011
E01026894,South Norfolk 012C,1281,59,51,84,71,52,47,57,58,79,94,93,110,110,89,64,54,46,30,33,F,2011
E01026903,South Norfolk 012D,596,31,23,34,39,25,22,22,39,38,56,64,43,59,33,20,27,10,11,0,F,2011
E01026904,South Norfolk 012E,708,37,31,39,54,21,27,32,33,73,53,49,40,76,50,28,26,23,10,6,F,2011
E01026872,South Norfolk 013A,1088,58,42,47,49,48,35,44,71,80,92,76,84,108,72,63,54,45,11,9,F,2011
E01026900,South Norfolk 013B,769,43,30,32,27,45,30,29,46,40,36,47,53,66,52,35,59,47,32,20,F,2011
E01026901,South Norfolk 013C,711,36,40,36,30,30,45,44,37,49,44,44,38,43,54,48,33,26,26,8,F,2011
E01026902,South Norfolk 013D,932,39,39,36,51,59,58,46,48,60,52,47,66,84,52,43,59,45,30,18,F,2011
E01026873,South Norfolk 014A,638,28,34,45,36,16,20,20,33,49,51,64,49,71,50,27,18,16,7,4,F,2011
E01026874,South Norfolk 014B,789,40,32,53,47,20,30,30,47,54,71,70,60,83,52,31,23,23,16,7,F,2011
E01026886,South Norfolk 014C,678,26,28,31,37,32,22,23,38,53,63,61,63,65,57,31,23,13,8,4,F,2011
E01026887,South Norfolk 014D,729,46,41,38,43,29,34,44,46,55,51,52,48,66,36,23,24,27,19,7,F,2011
E01026934,South Norfolk 014E,514,17,28,20,23,28,19,23,31,45,30,46,25,47,40,29,25,19,12,7,F,2011
E01026935,South Norfolk 014F,689,32,23,42,32,26,28,28,29,50,43,58,53,75,49,34,42,16,17,12,F,2011
E01026888,South Norfolk 015A,871,33,33,40,40,28,33,39,53,39,53,35,54,56,65,48,65,63,52,42,F,2011
E01026889,South Norfolk 015B,802,38,21,38,39,43,31,34,33,65,53,52,63,57,49,57,43,49,27,10,F,2011
E01026891,South Norfolk 015D,856,53,29,38,40,38,64,46,49,57,43,41,38,72,61,46,41,41,34,25,F,2011
E01026931,South Norfolk 015E,611,31,46,33,48,12,27,34,36,49,50,40,35,49,35,23,31,19,10,3,F,2011
E01026932,South Norfolk 015F,626,31,30,28,36,36,38,30,39,50,51,34,41,38,38,35,24,20,18,9,F,2011
E01033539,South Norfolk 015G,706,55,41,43,34,50,62,68,54,43,44,35,25,37,30,30,19,18,12,6,F,2011
E01033541,South Norfolk 015H,718,36,25,39,42,42,50,40,50,64,41,42,43,50,38,29,28,31,22,6,F,2011
E07000200,,44870,2130,2446,2635,2508,1858,1904,2090,2600,3342,3414,3033,3007,3585,3039,2163,1853,1543,1063,657,F,2011
E01029876,Babergh 001A,1064,42,55,88,66,31,40,29,63,84,85,81,67,86,80,58,39,49,15,6,F,2011
E01029898,Babergh 001B,903,26,36,30,28,23,32,26,35,43,59,54,84,88,91,61,72,57,41,17,F,2011
E01029907,Babergh 001C,1115,28,64,59,46,31,24,39,61,85,77,87,98,123,93,63,48,44,30,15,F,2011
E01029881,Babergh 002A,1041,40,72,68,56,29,30,33,55,87,93,86,76,70,77,31,51,42,24,21,F,2011
E01029884,Babergh 002B,776,43,49,54,47,61,33,41,65,58,62,43,53,57,35,27,14,16,13,5,F,2011
E01029885,Babergh 002C,1070,50,42,55,50,45,32,59,55,76,88,88,78,91,92,58,32,36,26,17,F,2011
E01029900,Babergh 003A,839,26,47,43,41,23,28,27,47,58,46,57,64,87,69,49,46,35,31,15,F,2011
E01029901,Babergh 003B,1090,55,36,50,35,30,51,44,62,78,73,74,88,107,96,53,48,45,44,21,F,2011
E01029917,Babergh 003C,981,54,40,57,57,55,61,42,42,72,75,58,60,80,51,57,50,36,27,7,F,2011
E01029892,Babergh 004A,951,51,60,47,51,42,49,69,50,65,56,58,61,57,54,49,49,43,26,14,F,2011
E01029893,Babergh 004B,1382,109,111,94,67,54,84,116,109,76,82,65,70,100,68,58,40,39,28,12,F,2011
E01029894,Babergh 004C,585,27,20,33,36,19,32,29,33,57,37,45,37,47,46,26,28,18,9,6,F,2011
E01029895,Babergh 004D,613,24,36,44,35,28,20,26,40,43,56,44,44,46,46,35,19,15,8,4,F,2011
E01029896,Babergh 004E,740,22,34,45,48,27,31,23,26,58,53,44,44,42,61,33,52,48,36,13,F,2011
E01029911,Babergh 004F,1113,55,60,84,60,40,32,35,62,81,77,96,71,104,94,57,55,25,21,4,F,2011
E01029877,Babergh 005A,649,34,34,27,42,22,15,31,31,37,80,45,47,54,49,25,26,22,20,8,F,2011
E01029878,Babergh 005B,618,30,26,35,31,26,18,28,37,31,34,47,50,52,46,33,35,22,14,23,F,2011
E01029879,Babergh 005C,759,28,38,38,45,16,25,31,48,56,72,59,65,70,63,27,25,17,15,21,F,2011
E01029908,Babergh 005D,844,68,58,44,35,44,72,99,90,69,74,45,45,35,23,17,8,10,7,1,F,2011
E01029909,Babergh 005E,795,62,31,34,46,56,75,71,57,75,70,53,45,40,28,18,13,15,4,2,F,2011
E01029910,Babergh 005F,576,31,32,28,45,27,46,40,42,54,40,44,42,33,17,19,15,12,8,1,F,2011
E01029880,Babergh 006A,854,37,40,58,42,25,22,32,39,57,61,61,85,81,64,48,41,28,25,8,F,2011
E01029921,Babergh 006B,632,21,32,27,30,23,16,19,30,47,54,48,49,58,59,37,33,29,11,9,F,2011
E01029922,Babergh 006C,666,27,41,31,31,26,22,18,31,49,59,43,59,65,50,38,23,23,16,14,F,2011
E01029923,Babergh 006D,712,36,38,43,38,25,38,46,53,52,51,52,47,64,48,22,28,10,11,10,F,2011
E01029912,Babergh 007A,863,69,45,43,46,47,50,48,62,56,68,38,47,41,37,37,49,34,21,25,F,2011
E01029913,Babergh 007B,581,10,24,22,15,16,19,13,26,28,18,25,39,58,67,61,39,51,34,16,F,2011
E01029914,Babergh 007C,826,77,62,53,56,46,65,81,54,72,58,44,38,39,37,20,10,9,1,4,F,2011
E01029915,Babergh 007D,641,28,36,27,35,36,27,35,31,57,51,45,38,38,43,26,26,23,23,16,F,2011
E01029916,Babergh 007E,688,41,55,61,48,35,40,42,58,60,44,39,40,30,24,28,13,16,7,7,F,2011
E01029918,Babergh 007F,535,26,33,22,24,39,36,34,36,37,34,32,21,37,28,23,22,15,20,16,F,2011
E01029919,Babergh 007G,782,32,37,33,44,36,37,34,44,58,53,43,36,76,63,41,43,36,24,12,F,2011
E01029920,Babergh 007H,942,44,24,27,33,60,70,39,43,51,51,51,36,64,57,44,62,71,58,57,F,2011
E01029886,Babergh 008A,697,32,40,38,34,25,23,43,43,40,44,40,30,51,44,42,33,44,21,30,F,2011
E01029887,Babergh 008B,916,53,56,44,56,54,53,45,57,62,71,55,58,63,76,49,31,16,10,7,F,2011
E01029888,Babergh 008C,618,33,38,41,41,35,37,37,54,46,37,36,34,49,35,30,16,8,9,2,F,2011
E01029889,Babergh 008D,685,50,52,52,49,31,44,41,43,63,49,35,37,40,36,28,19,8,6,2,F,2011
E01029890,Babergh 008E,667,34,38,66,49,41,31,33,65,56,75,50,30,39,28,13,8,6,4,1,F,2011
E01029891,Babergh 008F,960,75,51,50,46,75,79,54,67,76,84,51,48,65,58,30,24,21,4,2,F,2011
E01029875,Babergh 009A,1088,49,70,63,53,29,24,46,60,86,94,83,73,104,87,56,38,38,22,13,F,2011
E01029899,Babergh 009B,923,33,59,53,40,26,23,44,54,68,64,74,75,98,64,53,44,28,17,6,F,2011
E01029902,Babergh 009C,1061,29,67,54,49,47,19,39,51,89,95,106,82,87,82,43,46,39,21,16,F,2011
E01029906,Babergh 009D,983,53,52,43,34,29,30,36,44,79,80,60,75,77,64,54,52,48,44,29,F,2011
E01029870,Babergh 010A,609,33,45,47,34,29,35,39,40,43,47,54,28,35,34,23,21,10,6,6,F,2011
E01029872,Babergh 010B,692,28,35,43,31,24,17,22,32,68,48,58,55,75,33,35,32,30,14,12,F,2011
E01029882,Babergh 010C,792,27,45,64,47,28,19,23,28,74,61,57,48,68,43,48,47,35,21,9,F,2011
E01029883,Babergh 010D,988,24,48,76,46,22,17,31,47,82,88,72,76,85,89,62,51,29,32,11,F,2011
E01029903,Babergh 010E,707,33,45,46,36,15,18,21,40,50,62,41,60,89,63,40,19,17,7,5,F,2011
E01029904,Babergh 010F,728,24,34,34,41,28,20,29,43,57,60,38,51,74,74,33,42,21,18,7,F,2011
E01029905,Babergh 010G,559,26,32,32,27,17,17,18,25,41,48,38,42,58,46,39,24,14,10,5,F,2011
E01029871,Babergh 011A,714,25,28,33,36,24,18,22,30,54,48,58,61,62,51,54,26,40,23,21,F,2011
E01029873,Babergh 011B,1094,36,58,61,56,32,41,29,44,78,91,95,78,105,81,62,52,42,36,17,F,2011
E01029874,Babergh 011C,888,46,43,47,76,52,33,32,62,85,91,64,61,56,36,48,26,21,7,2,F,2011
E01029897,Babergh 011D,1275,34,62,144,218,52,34,27,54,78,86,74,81,85,59,42,48,37,33,27,F,2011
E07000201,,29782,2057,1573,1511,1486,2149,2645,2214,1881,1923,1917,1726,1583,1819,1471,1171,972,843,577,264,F,2011
E01029926,Forest Heath 001A,846,38,30,31,23,33,34,41,32,44,49,49,60,90,82,70,53,41,31,15,F,2011
E01029927,Forest Heath 001B,1187,66,75,65,67,84,112,74,69,70,75,77,62,62,50,49,42,38,35,15,F,2011
E01029928,Forest Heath 001C,917,65,49,37,51,54,91,61,53,56,51,54,62,60,44,44,41,24,15,5,F,2011
E01029929,Forest Heath 001D,1131,61,54,54,55,49,66,68,56,84,61,80,81,99,76,52,55,38,33,9,F,2011
E01029930,Forest Heath 001E,757,35,29,52,36,54,60,51,40,50,52,39,37,51,48,44,22,29,12,16,F,2011
E01029942,Forest Heath 002C,736,41,27,36,35,43,48,44,42,42,49,40,51,63,50,36,36,23,21,9,F,2011
E01029944,Forest Heath 002E,842,38,44,39,37,51,44,49,38,52,45,48,56,66,83,50,37,34,20,11,F,2011
E01033453,Forest Heath 002F,1497,152,107,82,61,273,200,126,101,74,77,52,45,46,28,25,22,14,10,2,F,2011
E01029945,Forest Heath 003E,956,60,53,50,39,56,64,49,58,55,77,65,82,61,56,41,36,29,20,5,F,2011
E01032523,Forest Heath 003F,616,82,41,41,32,63,74,59,52,48,37,25,16,19,9,3,6,8,0,1,F,2011
E01032524,Forest Heath 003G,504,31,35,25,27,34,44,30,33,37,19,37,26,44,32,15,10,14,10,1,F,2011
E01032525,Forest Heath 003H,1418,133,136,101,88,94,160,130,112,83,80,61,52,68,43,31,16,21,7,2,F,2011
E01032526,Forest Heath 003I,790,41,36,42,36,38,61,42,44,58,66,59,67,61,48,33,25,16,12,5,F,2011
E01029938,Forest Heath 004A,684,56,40,52,54,37,56,57,42,52,52,44,34,42,19,18,9,9,9,2,F,2011
E01029939,Forest Heath 004B,773,58,43,37,37,36,65,66,60,53,50,61,39,43,32,29,28,25,8,3,F,2011
E01029940,Forest Heath 004C,733,54,33,56,39,33,40,64,38,46,39,48,26,68,45,33,30,19,17,5,F,2011
E01029946,Forest Heath 004D,1081,83,65,67,60,71,79,79,63,74,73,60,57,66,46,32,42,31,22,11,F,2011
E01029947,Forest Heath 004E,1115,45,34,36,49,79,83,55,56,70,52,63,65,67,78,77,72,55,48,31,F,2011
E01029941,Forest Heath 005A,903,63,52,46,40,27,48,52,70,82,57,52,55,77,68,34,30,29,16,5,F,2011
E01029957,Forest Heath 005C,853,33,53,44,35,22,37,34,52,61,73,60,56,83,66,58,24,35,19,8,F,2011
E01033451,Forest Heath 005D,771,96,77,37,28,96,141,108,68,41,30,28,8,6,4,0,2,1,0,0,F,2011
E01033452,Forest Heath 005E,675,55,43,49,29,49,68,50,58,56,40,37,28,37,23,20,12,13,7,1,F,2011
E01033454,Forest Heath 005F,608,48,35,25,35,50,74,72,52,36,35,35,30,30,15,12,10,10,3,1,F,2011
E01029937,Forest Heath 006A,961,53,36,36,47,45,70,58,64,65,90,69,55,64,58,45,37,42,18,9,F,2011
E01029953,Forest Heath 006B,736,50,28,44,47,55,78,55,37,54,69,37,28,42,26,24,25,16,15,6,F,2011
E01029954,Forest Heath 006C,1231,95,76,65,64,95,127,110,72,74,74,72,71,52,47,31,30,32,26,18,F,2011
E01029955,Forest Heath 006D,940,66,35,43,39,75,94,91,63,61,57,53,57,46,59,33,24,18,17,9,F,2011
E01029956,Forest Heath 006E,671,57,25,32,46,61,97,58,63,53,48,32,36,19,11,15,7,5,4,2,F,2011
E01029925,Forest Heath 008A,849,47,34,18,28,58,86,67,55,42,60,58,45,45,46,45,34,37,28,16,F,2011
E01029949,Forest Heath 008B,728,37,30,34,50,62,52,58,33,38,57,50,37,37,38,28,27,33,21,6,F,2011
E01029950,Forest Heath 008C,894,79,45,34,58,102,91,61,57,62,53,35,32,42,34,33,27,24,17,8,F,2011
E01029951,Forest Heath 008D,714,36,19,32,36,41,33,46,29,33,63,52,43,69,49,44,37,34,13,5,F,2011
E01029952,Forest Heath 008E,647,32,21,31,34,26,40,46,51,46,37,38,29,37,24,30,43,32,29,21,F,2011
E01032612,Forest Heath 008F,1018,71,33,38,44,103,128,103,68,71,70,56,55,57,34,37,21,14,14,1,F,2011
E07000202,,67094,4436,3641,3579,4193,5046,5226,4904,4425,4564,4487,4141,3716,3650,2691,2271,2137,1852,1321,814,F,2011
E01030032,Ipswich 001A,782,57,71,59,86,42,45,48,66,63,61,31,30,43,25,13,16,14,8,4,F,2011
E01030033,Ipswich 001B,773,29,30,42,39,44,35,31,49,44,52,62,46,57,65,59,37,29,17,6,F,2011
E01030034,Ipswich 001C,724,21,20,34,41,30,25,33,25,39,48,64,60,70,60,49,49,34,17,5,F,2011
E01030035,Ipswich 001D,933,60,72,68,84,57,59,59,53,71,69,54,54,42,48,25,24,20,10,4,F,2011
E01030036,Ipswich 001E,903,38,47,53,64,41,46,52,51,54,63,53,43,47,57,49,39,47,42,17,F,2011
E01029973,Ipswich 002A,781,29,33,37,35,44,27,31,40,41,55,56,51,68,56,53,42,39,31,13,F,2011
E01029974,Ipswich 002B,800,42,44,44,54,45,38,53,62,62,57,62,59,40,31,30,23,19,21,14,F,2011
E01029975,Ipswich 002C,668,34,37,38,41,40,28,37,37,55,48,50,37,33,32,26,30,40,17,8,F,2011
E01029976,Ipswich 002D,763,40,41,34,39,39,38,46,37,52,52,63,68,54,35,37,25,35,17,11,F,2011
E01029977,Ipswich 002E,788,44,48,40,46,33,29,51,44,60,59,53,56,61,42,34,37,30,15,6,F,2011
E01030027,Ipswich 003A,1017,79,49,33,62,99,144,97,71,71,75,50,57,57,23,18,13,9,7,3,F,2011
E01030028,Ipswich 003B,837,60,41,42,55,61,61,59,45,63,75,58,50,44,36,27,28,19,7,6,F,2011
E01030029,Ipswich 003C,823,58,49,53,48,45,41,60,54,62,50,65,38,55,41,30,23,32,16,3,F,2011
E01030030,Ipswich 003D,1003,68,57,52,49,102,116,94,79,69,62,40,56,44,29,24,24,15,16,7,F,2011
E01030031,Ipswich 003E,799,54,46,57,56,53,56,58,57,59,35,48,34,41,29,23,23,30,32,8,F,2011
E01029997,Ipswich 004A,826,53,70,57,54,30,29,55,59,81,63,54,40,36,33,27,31,27,22,5,F,2011
E01029998,Ipswich 004B,978,53,51,83,79,33,38,58,77,78,74,55,57,53,34,35,33,26,43,18,F,2011
E01029999,Ipswich 004C,861,70,53,59,66,35,36,55,70,64,72,53,62,39,35,26,28,19,17,2,F,2011
E01030000,Ipswich 004D,795,59,43,57,60,45,50,43,81,73,57,49,41,45,34,21,8,15,8,6,F,2011
E01030001,Ipswich 004E,826,40,26,39,55,40,38,34,37,49,65,71,56,69,41,42,38,45,25,16,F,2011
E01030007,Ipswich 005A,852,55,61,60,44,59,44,60,65,68,62,60,58,38,35,13,23,17,14,16,F,2011
E01030008,Ipswich 005B,693,28,42,38,48,25,29,19,31,42,56,62,44,41,36,34,32,25,19,42,F,2011
E01030009,Ipswich 005C,738,36,30,41,44,24,30,34,34,52,48,48,46,42,25,32,49,42,42,39,F,2011
E01030010,Ipswich 005D,934,58,49,40,45,90,73,75,77,64,58,46,40,55,40,32,27,19,23,23,F,2011
E01030011,Ipswich 005E,819,35,40,53,40,18,23,29,42,46,59,79,66,63,43,48,42,35,37,21,F,2011
E01030022,Ipswich 006A,1068,100,65,55,54,92,131,113,79,94,69,58,44,46,22,9,12,9,11,5,F,2011
E01030023,Ipswich 006B,888,82,48,37,49,103,139,98,64,49,53,44,37,35,17,12,8,7,2,4,F,2011
E01030024,Ipswich 006C,965,60,39,28,117,163,96,77,64,53,42,49,41,29,32,16,22,16,14,7,F,2011
E01030025,Ipswich 006D,898,61,38,43,59,94,93,81,46,75,47,51,46,40,28,22,22,18,17,17,F,2011
E01030026,Ipswich 006E,880,84,57,58,62,84,83,79,73,61,64,32,34,41,27,11,11,7,6,6,F,2011
E01029958,Ipswich 007A,709,52,38,36,39,53,57,52,54,64,47,43,46,37,26,26,17,11,7,4,F,2011
E01029960,Ipswich 007C,930,56,46,48,50,101,109,90,81,58,60,45,41,38,33,27,14,9,17,7,F,2011
E01029961,Ipswich 007D,779,62,56,55,44,60,57,70,70,61,55,56,35,32,18,14,17,8,6,3,F,2011
E01029962,Ipswich 007E,771,56,46,42,43,72,92,77,69,73,51,33,31,27,17,13,10,8,10,1,F,2011
E01033124,Ipswich 007F,549,9,2,3,133,205,62,28,19,9,6,11,9,11,8,10,3,5,11,5,F,2011
E01033125,Ipswich 007G,448,26,14,6,18,74,73,50,29,19,32,23,14,13,7,16,11,13,6,4,F,2011
E01033129,Ipswich 007H,542,29,25,21,56,82,63,62,40,35,23,27,17,22,9,9,9,4,2,7,F,2011
E01030002,Ipswich 008A,991,59,49,41,38,51,81,74,74,83,54,51,52,58,32,44,35,42,42,31,F,2011
E01030003,Ipswich 008B,915,63,44,54,56,50,61,72,71,69,74,52,46,36,29,30,28,26,18,36,F,2011
E01030004,Ipswich 008C,685,37,39,44,58,42,31,38,53,35,58,60,50,40,26,25,22,16,10,1,F,2011
E01030005,Ipswich 008D,1200,123,92,74,74,89,154,115,91,85,69,51,52,36,27,22,15,13,8,10,F,2011
E01030006,Ipswich 008E,935,65,54,46,38,66,73,79,72,77,54,47,32,36,40,30,42,43,21,20,F,2011
E01029963,Ipswich 009A,778,35,39,33,42,17,29,24,44,42,66,62,55,76,46,48,42,38,27,13,F,2011
E01029964,Ipswich 009B,638,45,34,38,33,32,34,53,43,56,55,39,40,36,23,18,24,18,10,7,F,2011
E01029965,Ipswich 009C,773,28,32,45,42,41,29,31,56,46,64,56,44,42,47,38,43,48,29,12,F,2011
E01029966,Ipswich 009D,688,20,37,42,34,37,19,34,37,50,55,43,48,52,45,38,26,29,22,20,F,2011
E01029967,Ipswich 009E,687,22,24,23,34,24,16,17,32,32,43,34,39,61,52,68,67,62,28,9,F,2011
E01029984,Ipswich 010A,785,66,48,46,53,69,70,56,55,54,61,39,49,38,32,19,12,8,6,4,F,2011
E01029985,Ipswich 010B,1105,70,53,45,66,146,156,100,61,61,68,75,61,47,33,25,16,15,4,3,F,2011
E01029986,Ipswich 010C,810,61,53,68,60,58,51,49,67,54,54,47,37,34,19,15,30,40,8,5,F,2011
E01029987,Ipswich 010D,802,67,36,56,64,33,56,48,37,55,49,44,47,49,30,28,36,38,22,7,F,2011
E01029988,Ipswich 010E,823,72,41,30,37,86,103,79,60,46,36,61,48,32,25,18,10,17,18,4,F,2011
E01029990,Ipswich 011B,783,68,46,43,37,61,82,83,70,63,58,40,31,31,24,11,10,9,6,10,F,2011
E01029991,Ipswich 011C,810,44,46,26,32,36,48,57,47,59,55,71,56,69,45,38,37,22,16,6,F,2011
E01029992,Ipswich 011D,691,48,36,36,26,43,52,60,52,40,51,53,39,35,25,22,26,21,14,12,F,2011
E01033123,Ipswich 011E,886,72,45,28,31,118,113,84,67,54,56,52,58,41,16,14,14,12,8,3,F,2011
E01033126,Ipswich 011F,607,61,15,5,9,112,160,109,37,14,16,20,15,15,4,5,7,1,2,0,F,2011
E01029968,Ipswich 012A,731,57,44,38,34,76,64,73,66,47,53,40,38,27,22,18,13,7,7,7,F,2011
E01029969,Ipswich 012B,765,49,38,39,48,61,60,41,53,48,50,39,34,32,25,24,27,31,31,35,F,2011
E01029970,Ipswich 012C,872,52,49,36,62,46,64,66,62,50,62,65,60,62,38,33,20,18,15,12,F,2011
E01029971,Ipswich 012D,773,50,49,31,38,47,47,54,26,57,45,59,44,56,31,34,24,28,33,20,F,2011
E01033122,Ipswich 012F,684,76,34,37,41,102,116,76,35,48,28,26,22,10,13,5,2,2,6,5,F,2011
E01033130,Ipswich 012G,475,30,23,15,22,56,67,46,34,31,35,21,24,17,13,16,10,7,7,1,F,2011
E01030012,Ipswich 013A,555,17,22,18,30,33,30,25,30,34,33,40,41,28,37,50,45,23,14,5,F,2011
E01030013,Ipswich 013B,747,48,37,32,48,46,50,39,33,45,40,46,46,46,31,22,51,59,20,8,F,2011
E01030014,Ipswich 013C,722,27,35,40,41,25,26,46,39,41,45,57,35,42,35,45,64,54,19,6,F,2011
E01030015,Ipswich 013D,667,47,26,32,37,39,27,40,35,41,52,50,41,62,51,40,20,13,12,2,F,2011
E01030016,Ipswich 013E,727,32,28,36,51,50,43,43,32,42,61,52,59,57,46,37,22,19,13,4,F,2011
E01029994,Ipswich 014B,827,53,57,72,53,44,53,45,61,49,69,42,51,52,33,21,28,20,14,10,F,2011
E01029995,Ipswich 014C,806,43,42,34,45,42,66,54,57,66,64,64,46,58,38,30,23,10,13,11,F,2011
E01029996,Ipswich 014D,845,52,58,49,74,47,48,64,40,59,67,60,39,56,29,36,29,23,11,4,F,2011
E01033127,Ipswich 014E,776,90,66,42,43,77,92,96,62,54,39,35,34,24,9,6,6,0,1,0,F,2011
E01033128,Ipswich 014F,565,45,34,21,29,41,54,59,46,45,41,35,27,20,21,8,13,10,13,3,F,2011
E01033131,Ipswich 014G,770,50,58,64,72,45,53,72,63,47,56,41,46,21,19,15,22,15,8,3,F,2011
E01030017,Ipswich 015A,701,48,28,36,40,60,29,40,47,40,52,60,51,39,44,30,23,24,8,2,F,2011
E01030018,Ipswich 015B,720,55,29,43,41,82,56,53,36,52,52,40,51,41,24,24,20,11,3,7,F,2011
E01030019,Ipswich 015C,794,41,37,51,56,40,51,44,49,67,36,49,41,70,43,32,22,30,23,12,F,2011
E01030020,Ipswich 015D,780,35,36,34,45,46,52,30,38,39,53,66,62,88,42,29,33,16,16,20,F,2011
E01030021,Ipswich 015E,725,74,42,34,44,70,68,56,28,48,40,51,35,43,35,14,16,14,7,6,F,2011
E01029978,Ipswich 016A,669,48,27,36,38,46,56,42,41,40,43,42,42,41,28,30,31,17,12,9,F,2011
E01029979,Ipswich 016B,853,60,78,72,51,48,56,72,50,52,45,34,38,41,31,29,24,23,34,15,F,2011
E01029980,Ipswich 016C,887,109,42,48,66,83,92,59,72,52,43,49,37,33,27,24,27,14,8,2,F,2011
E01029981,Ipswich 016D,590,39,33,20,25,32,38,38,37,39,56,40,47,34,27,28,31,13,10,3,F,2011
E01029982,Ipswich 016E,739,47,61,64,55,43,48,66,47,62,43,38,34,38,28,19,19,16,4,7,F,2011
E01029983,Ipswich 016F,794,59,41,37,42,51,69,55,49,61,64,45,48,40,42,24,30,20,8,9,F,2011
E07000203,,48916,2578,2654,2873,2692,2143,2201,2447,2825,3601,3859,3533,3285,3804,3065,2327,1915,1466,1007,641,F,2011
E01030052,Mid Suffolk 001A,1129,72,58,49,71,48,36,46,57,67,77,72,75,99,87,65,51,52,26,21,F,2011
E01030058,Mid Suffolk 001B,1053,45,55,63,56,39,27,32,42,82,83,80,87,97,97,57,47,28,20,16,F,2011
E01030064,Mid Suffolk 001C,1162,46,58,75,50,55,38,61,56,74,113,78,85,100,80,82,47,28,16,20,F,2011
E01030088,Mid Suffolk 001D,596,30,33,36,36,17,20,18,39,43,51,54,47,67,33,26,18,15,10,3,F,2011
E01030039,Mid Suffolk 002A,722,30,38,55,50,18,18,24,43,52,70,57,52,68,53,28,25,19,13,9,F,2011
E01030054,Mid Suffolk 002B,634,31,29,46,40,21,15,22,24,48,62,50,46,65,55,39,21,8,7,5,F,2011
E01030055,Mid Suffolk 002C,702,33,34,30,47,24,25,27,38,61,67,61,46,79,42,19,24,14,11,20,F,2011
E01030066,Mid Suffolk 002D,823,29,43,54,47,32,18,30,44,62,55,63,51,64,61,40,42,49,34,5,F,2011
E01030067,Mid Suffolk 002E,660,29,41,34,32,24,20,32,37,52,50,43,52,55,44,34,35,26,11,9,F,2011
E01030068,Mid Suffolk 002F,845,46,39,48,58,29,33,40,43,68,81,65,53,63,73,38,34,12,12,10,F,2011
E01030053,Mid Suffolk 003A,1146,44,53,70,55,32,36,49,65,89,93,73,84,115,100,78,37,35,25,13,F,2011
E01030082,Mid Suffolk 003B,1277,44,52,78,69,41,47,51,51,92,97,89,103,110,91,90,71,57,29,15,F,2011
E01030090,Mid Suffolk 003C,1217,63,73,77,66,51,43,46,69,82,105,107,100,107,95,58,36,18,15,6,F,2011
E01030040,Mid Suffolk 004A,628,36,32,39,39,24,21,25,32,36,60,59,47,59,39,31,16,14,12,7,F,2011
E01030049,Mid Suffolk 004B,861,43,41,60,54,40,21,32,47,70,85,67,43,75,54,41,31,32,18,7,F,2011
E01030050,Mid Suffolk 004C,1050,76,69,64,64,62,55,79,81,94,85,56,58,53,59,26,36,22,9,2,F,2011
E01030084,Mid Suffolk 004D,811,22,50,55,41,29,22,25,44,63,75,55,65,64,68,45,36,23,22,7,F,2011
E01030085,Mid Suffolk 004E,825,42,49,39,55,43,48,46,58,61,69,57,50,51,41,35,28,28,12,13,F,2011
E01030037,Mid Suffolk 005A,603,34,29,40,27,27,26,23,40,52,42,55,34,42,46,33,23,14,9,7,F,2011
E01030038,Mid Suffolk 005B,613,37,19,29,41,30,21,19,31,34,63,51,38,48,40,33,30,27,9,13,F,2011
E01030059,Mid Suffolk 005C,1141,59,56,65,62,57,40,48,59,95,74,97,102,108,76,47,33,24,25,14,F,2011
E01030081,Mid Suffolk 005D,1136,51,56,56,61,47,39,61,47,87,92,80,78,92,79,70,59,43,27,11,F,2011
E01030051,Mid Suffolk 006A,856,54,40,49,50,41,31,40,45,66,53,64,53,77,56,43,42,25,17,10,F,2011
E01030056,Mid Suffolk 006B,1109,43,55,45,61,42,35,50,60,53,89,96,81,103,82,62,55,47,38,12,F,2011
E01030065,Mid Suffolk 006C,1055,48,67,69,52,25,32,46,51,74,88,85,88,97,84,53,38,27,20,11,F,2011
E01030086,Mid Suffolk 006D,599,32,40,34,42,11,25,25,36,54,43,53,58,46,25,29,19,15,6,6,F,2011
E01030089,Mid Suffolk 006E,1012,32,40,59,62,44,33,30,47,79,93,86,65,86,65,55,59,43,21,13,F,2011
E01030048,Mid Suffolk 007A,1252,60,80,83,71,39,48,51,76,76,89,91,106,81,82,63,53,53,35,15,F,2011
E01030057,Mid Suffolk 007B,1158,48,84,81,63,42,34,52,62,108,97,104,101,89,63,50,25,29,13,13,F,2011
E01030083,Mid Suffolk 007C,1158,57,68,70,63,43,27,60,66,95,103,92,93,112,65,57,43,25,11,8,F,2011
E01030087,Mid Suffolk 007D,669,37,40,51,41,23,16,23,33,68,69,48,41,55,36,32,22,19,11,4,F,2011
E01030073,Mid Suffolk 008A,804,36,30,36,25,36,47,23,28,48,51,43,50,61,48,53,58,63,48,20,F,2011
E01030077,Mid Suffolk 008B,802,52,37,44,46,37,45,34,41,52,46,37,30,55,32,36,54,54,35,35,F,2011
E01030079,Mid Suffolk 008C,887,59,60,78,58,51,45,56,53,77,64,48,50,52,38,28,24,20,14,12,F,2011
E01030080,Mid Suffolk 008D,854,48,50,56,52,43,41,40,50,70,58,51,48,49,53,49,41,33,13,9,F,2011
E01030063,Mid Suffolk 009A,1234,65,76,91,68,22,38,53,73,86,85,107,85,82,68,51,44,50,48,42,F,2011
E01030069,Mid Suffolk 009B,648,20,32,36,40,26,25,26,27,56,59,65,55,62,50,21,21,5,20,2,F,2011
E01030072,Mid Suffolk 009C,821,46,39,35,27,43,47,31,55,47,56,49,52,61,48,47,40,36,37,25,F,2011
E01030075,Mid Suffolk 009D,839,60,65,62,55,29,47,58,66,79,96,52,49,48,32,14,13,8,5,1,F,2011
E01030060,Mid Suffolk 010A,857,50,50,49,50,52,53,42,52,77,73,62,42,38,41,45,31,25,17,8,F,2011
E01030071,Mid Suffolk 010B,759,28,28,35,36,50,60,55,46,48,53,49,52,46,36,34,35,33,20,15,F,2011
E01030076,Mid Suffolk 010D,738,47,43,41,43,53,63,64,37,44,62,54,39,39,38,22,24,11,9,5,F,2011
E01030078,Mid Suffolk 010E,842,39,52,51,44,53,47,57,75,61,73,63,53,56,35,33,22,19,7,2,F,2011
E01033316,Mid Suffolk 010F,831,101,66,46,40,69,108,98,71,50,56,28,33,24,20,13,2,1,3,2,F,2011
E01033317,Mid Suffolk 010G,789,87,58,43,45,60,86,74,71,52,42,46,33,31,19,14,15,4,4,5,F,2011
E01033319,Mid Suffolk 010H,975,104,78,67,45,73,94,105,87,68,69,42,34,30,30,22,20,3,3,1,F,2011
E01030041,Mid Suffolk 011A,1076,49,38,48,57,38,35,34,70,73,92,103,73,116,84,51,40,32,24,19,F,2011
E01030043,Mid Suffolk 011B,614,34,33,28,29,27,50,37,57,48,44,44,32,59,45,20,15,6,6,0,F,2011
E01030061,Mid Suffolk 011C,803,25,29,43,30,27,34,40,34,57,34,64,41,62,49,59,56,38,50,31,F,2011
E01030062,Mid Suffolk 011D,698,36,27,28,38,33,36,38,36,39,53,49,54,52,51,50,39,23,11,5,F,2011
E01030070,Mid Suffolk 011E,782,83,47,36,27,88,97,88,62,49,35,36,26,36,27,21,10,9,4,1,F,2011
E01030042,Mid Suffolk 012A,786,28,45,37,47,28,24,32,39,56,53,62,59,80,73,46,40,25,9,3,F,2011
E01030044,Mid Suffolk 012B,595,18,25,21,26,24,20,22,31,45,33,37,40,70,45,38,48,20,19,13,F,2011
E01030045,Mid Suffolk 012C,919,39,60,64,45,24,31,49,69,61,71,59,63,59,50,42,33,36,32,32,F,2011
E01030046,Mid Suffolk 012D,816,34,39,57,46,23,32,40,39,57,78,48,64,73,53,42,33,24,15,19,F,2011
E01030047,Mid Suffolk 012E,645,37,26,38,47,34,46,38,33,64,50,47,46,36,29,17,21,17,10,9,F,2011
E07000204,,55517,3236,2963,3010,3162,2846,3281,3050,3396,4090,4196,3459,3333,3884,3322,2563,2065,1699,1184,778,F,2011
E01030095,St Edmundsbury 001A,592,24,26,34,37,18,25,26,36,53,60,38,45,45,44,26,25,18,9,3,F,2011
E01030096,St Edmundsbury 001B,730,26,35,30,42,31,27,32,33,56,55,67,57,77,59,25,39,13,19,7,F,2011
E01030097,St Edmundsbury 001C,607,21,34,38,27,30,21,14,27,47,51,36,53,54,43,43,26,26,10,6,F,2011
E01030145,St Edmundsbury 001D,708,23,30,39,53,34,31,33,29,68,59,44,53,48,41,30,32,26,18,17,F,2011
E01030146,St Edmundsbury 001E,555,28,26,19,20,20,21,27,29,24,29,29,25,56,67,46,38,23,22,6,F,2011
E01030094,St Edmundsbury 002A,736,36,46,50,44,39,27,34,52,57,50,60,44,53,35,32,27,26,16,8,F,2011
E01030121,St Edmundsbury 002B,1219,64,79,71,85,46,36,48,64,118,96,71,66,87,71,46,66,36,38,31,F,2011
E01030132,St Edmundsbury 002C,679,99,52,32,28,64,108,59,47,53,36,16,20,19,17,15,6,6,1,1,F,2011
E01030133,St Edmundsbury 002D,748,47,48,35,29,38,42,42,53,59,60,40,50,52,56,32,18,28,14,5,F,2011
E01030130,St Edmundsbury 003A,683,41,37,39,48,31,33,49,44,39,48,42,33,39,41,31,29,30,19,10,F,2011
E01030131,St Edmundsbury 003B,654,56,56,34,44,42,37,35,26,45,56,35,37,23,17,23,18,29,28,13,F,2011
E01030139,St Edmundsbury 003C,870,52,47,54,70,46,53,55,57,59,62,46,45,46,47,37,38,26,20,10,F,2011
E01030140,St Edmundsbury 003D,632,31,21,50,49,39,42,41,32,56,52,42,38,39,31,34,13,8,11,3,F,2011
E01030141,St Edmundsbury 003E,836,54,52,51,61,57,61,36,67,82,57,42,33,38,58,35,21,22,5,4,F,2011
E01030103,St Edmundsbury 004A,1072,30,48,43,47,35,26,30,55,67,76,71,89,105,89,65,49,66,34,47,F,2011
E01030104,St Edmundsbury 004B,1086,35,48,53,60,34,30,38,47,69,104,81,85,81,93,85,57,43,25,18,F,2011
E01030138,St Edmundsbury 004C,1170,51,69,76,68,48,46,46,59,86,105,86,73,119,79,53,42,33,22,9,F,2011
E01030127,St Edmundsbury 005B,619,41,30,31,35,43,62,53,32,50,53,58,35,32,20,17,13,5,7,2,F,2011
E01030128,St Edmundsbury 005C,728,51,38,44,36,44,79,72,49,70,63,51,37,40,18,16,6,13,0,1,F,2011
E01030129,St Edmundsbury 005D,707,39,32,35,41,36,39,33,63,52,60,58,45,58,34,35,24,9,10,4,F,2011
E01033044,St Edmundsbury 005E,741,81,58,58,58,43,91,75,83,61,42,33,27,17,7,4,2,1,0,0,F,2011
E01033045,St Edmundsbury 005F,553,55,39,36,46,29,53,57,54,56,35,35,18,11,10,14,4,1,0,0,F,2011
E01033050,St Edmundsbury 005G,650,51,50,33,28,35,52,51,61,57,60,41,38,38,22,18,6,6,1,2,F,2011
E01030091,St Edmundsbury 006A,920,43,21,17,31,61,120,62,43,47,47,53,38,61,53,46,50,42,46,39,F,2011
E01030093,St Edmundsbury 006B,771,26,38,29,33,49,84,55,40,41,57,52,34,53,47,25,55,25,17,11,F,2011
E01030137,St Edmundsbury 006D,796,47,40,38,32,67,102,59,41,56,56,43,46,49,30,26,26,13,16,9,F,2011
E01033043,St Edmundsbury 006E,625,37,15,27,26,47,54,33,37,49,48,45,20,28,32,23,26,31,27,20,F,2011
E01033046,St Edmundsbury 006F,525,34,17,16,21,75,61,45,28,25,39,28,21,21,20,15,20,15,8,16,F,2011
E01033047,St Edmundsbury 006G,571,25,30,33,33,14,58,37,30,48,49,49,32,27,31,17,20,18,14,6,F,2011
E01030092,St Edmundsbury 007A,886,66,23,35,37,47,66,56,57,77,58,56,49,60,43,39,42,42,19,14,F,2011
E01030123,St Edmundsbury 007B,780,66,36,41,56,48,38,43,58,63,60,39,52,37,25,37,34,23,18,6,F,2011
E01030124,St Edmundsbury 007C,787,22,33,37,33,18,43,25,43,53,43,53,48,69,69,67,51,34,33,13,F,2011
E01030125,St Edmundsbury 007D,796,34,34,44,53,29,40,30,45,52,61,48,48,68,56,59,40,33,17,5,F,2011
E01030148,St Edmundsbury 007E,635,20,29,39,30,28,17,23,38,45,44,48,49,60,50,28,21,24,24,18,F,2011
E01030149,St Edmundsbury 007F,771,24,36,46,42,31,24,40,31,56,75,40,63,68,60,52,34,31,11,7,F,2011
E01030098,St Edmundsbury 008A,1211,69,74,80,64,36,25,53,75,101,78,75,78,107,78,78,48,52,25,15,F,2011
E01030100,St Edmundsbury 008B,1070,40,56,48,53,27,35,36,53,73,96,74,96,108,84,56,60,36,23,16,F,2011
E01030119,St Edmundsbury 008C,1141,59,57,65,52,35,38,56,62,98,83,75,68,94,95,64,48,45,34,13,F,2011
E01030134,St Edmundsbury 008D,618,30,38,22,31,20,24,34,25,36,57,31,48,50,45,25,24,28,24,26,F,2011
E01030135,St Edmundsbury 008E,712,24,35,57,77,10,16,30,34,55,65,42,52,59,50,42,32,14,14,4,F,2011
E01030142,St Edmundsbury 009B,891,39,33,30,45,38,44,25,41,55,53,60,69,87,80,68,50,41,24,9,F,2011
E01030143,St Edmundsbury 009C,776,55,44,54,39,48,53,50,57,51,54,40,40,62,44,25,17,20,12,11,F,2011
E01030144,St Edmundsbury 009D,650,37,29,44,32,22,30,24,29,38,53,42,46,63,54,32,31,19,17,8,F,2011
E01030147,St Edmundsbury 009E,752,37,31,26,22,24,19,28,34,38,44,47,49,69,79,67,53,46,27,12,F,2011
E01033048,St Edmundsbury 009F,662,32,26,19,28,44,45,49,32,35,43,39,36,33,25,32,31,31,37,45,F,2011
E01033049,St Edmundsbury 009G,667,20,8,17,21,32,41,43,31,35,44,29,22,37,40,39,41,50,65,52,F,2011
E01030099,St Edmundsbury 010A,1008,41,46,49,47,37,28,23,48,60,93,71,92,88,98,70,35,38,22,22,F,2011
E01030101,St Edmundsbury 010B,1068,40,49,54,46,29,43,36,46,78,79,46,77,95,84,78,64,57,40,27,F,2011
E01030150,St Edmundsbury 010C,1101,41,62,51,54,36,31,48,52,84,94,84,101,108,89,56,42,41,17,10,F,2011
E01030120,St Edmundsbury 011A,1079,55,59,61,53,29,25,50,62,71,95,82,102,96,93,46,33,28,29,10,F,2011
E01030122,St Edmundsbury 011B,1032,54,69,57,41,30,40,50,62,78,77,71,62,85,87,50,27,35,36,21,F,2011
E01030151,St Edmundsbury 011C,1015,43,50,59,66,47,29,27,63,73,106,94,67,75,75,57,29,32,19,4,F,2011
E01030109,St Edmundsbury 012A,954,90,57,52,57,47,79,69,54,71,57,39,38,47,44,53,38,27,22,13,F,2011
E01030110,St Edmundsbury 012B,1494,126,107,92,90,90,112,133,116,109,88,76,53,79,64,53,47,32,21,6,F,2011
E01030111,St Edmundsbury 012C,698,34,35,58,51,24,15,35,40,55,60,57,62,57,42,22,21,20,7,3,F,2011
E01030112,St Edmundsbury 012D,819,51,35,43,40,67,47,32,48,55,62,66,55,71,51,34,28,21,5,8,F,2011
E01030115,St Edmundsbury 013A,1210,118,94,87,84,96,79,89,102,94,73,59,49,55,54,39,21,12,3,2,F,2011
E01030116,St Edmundsbury 013B,1162,73,77,87,86,61,66,90,113,108,91,71,33,53,48,38,22,26,9,10,F,2011
E01030117,St Edmundsbury 013C,810,64,55,40,50,40,73,52,66,81,75,51,34,44,33,22,17,8,4,1,F,2011
E01030118,St Edmundsbury 013D,846,81,59,61,60,48,68,54,71,68,70,50,35,32,28,27,21,6,5,2,F,2011
E01030105,St Edmundsbury 014A,897,65,47,49,67,93,73,61,64,65,64,48,52,45,33,27,20,11,6,7,F,2011
E01030106,St Edmundsbury 014B,1230,107,76,74,81,98,118,92,84,87,85,61,54,59,51,24,37,25,14,3,F,2011
E01030107,St Edmundsbury 014C,814,34,38,43,48,51,28,26,57,63,64,65,64,86,45,37,30,16,12,7,F,2011
E01030108,St Edmundsbury 014D,950,60,66,56,73,77,65,53,60,62,80,55,49,65,31,40,25,14,11,8,F,2011
E01030113,St Edmundsbury 014E,959,75,50,33,55,66,81,49,59,60,61,46,51,62,54,49,36,27,16,29,F,2011
E01030114,St Edmundsbury 014F,783,62,48,55,66,48,62,59,66,57,46,37,53,35,29,17,19,16,5,3,F,2011
E07000205,,63693,3053,3265,3696,3548,2474,2432,2777,3487,4489,4820,4431,4257,5118,4225,3395,2974,2467,1705,1080,F,2011
E01030201,Suffolk Coastal 001A,1034,49,32,43,58,40,31,27,50,49,88,100,119,112,73,62,53,29,12,7,F,2011
E01030219,Suffolk Coastal 001B,1010,46,30,50,50,34,25,35,41,56,82,65,89,92,112,60,51,48,30,14,F,2011
E01030222,Suffolk Coastal 001C,989,27,31,35,32,27,18,25,36,52,59,78,93,116,99,79,60,56,33,33,F,2011
E01030154,Suffolk Coastal 002A,1094,38,54,90,65,35,28,32,44,83,101,91,92,115,74,52,41,31,17,11,F,2011
E01030172,Suffolk Coastal 002B,856,32,39,76,50,26,20,29,57,58,81,54,49,67,51,49,48,41,18,11,F,2011
E01030173,Suffolk Coastal 002C,879,30,31,55,111,29,32,31,33,55,47,43,42,59,63,43,62,51,37,25,F,2011
E01030174,Suffolk Coastal 002D,731,29,29,61,51,28,23,15,43,53,76,55,41,58,49,36,22,27,26,9,F,2011
E01030176,Suffolk Coastal 002E,1018,35,51,55,55,31,16,33,58,72,100,78,89,100,76,65,44,35,15,10,F,2011
E01030186,Suffolk Coastal 003A,738,22,30,45,41,27,16,19,31,43,58,53,60,84,50,49,45,25,27,13,F,2011
E01030208,Suffolk Coastal 003B,642,16,30,32,36,17,25,16,18,49,46,47,40,71,60,48,46,27,10,8,F,2011
E01030209,Suffolk Coastal 003C,798,41,38,32,29,39,37,40,33,44,55,42,39,38,69,63,54,53,34,18,F,2011
E01030210,Suffolk Coastal 003D,1119,90,70,84,66,41,46,64,74,107,84,59,59,72,55,53,49,19,12,15,F,2011
E01030212,Suffolk Coastal 003E,1007,35,47,51,49,34,24,27,38,63,86,79,80,118,98,56,44,37,31,10,F,2011
E01030152,Suffolk Coastal 004A,1109,33,26,29,23,22,25,17,26,46,44,59,86,114,132,98,99,105,76,49,F,2011
E01030153,Suffolk Coastal 004B,637,16,22,27,20,22,24,25,26,26,25,59,47,55,58,52,50,36,31,16,F,2011
E01030187,Suffolk Coastal 004C,813,53,35,49,49,42,32,34,44,47,54,53,45,59,60,45,38,32,24,18,F,2011
E01030188,Suffolk Coastal 004D,836,46,51,45,46,60,45,63,56,55,51,53,50,55,43,28,22,26,23,18,F,2011
E01030189,Suffolk Coastal 004E,887,54,58,65,58,51,46,43,58,54,65,70,40,65,49,32,33,20,19,7,F,2011
E01030193,Suffolk Coastal 005A,817,44,35,56,50,29,17,22,41,62,82,72,63,74,57,49,21,25,11,7,F,2011
E01030194,Suffolk Coastal 005B,873,37,42,43,47,31,51,43,38,65,50,65,60,63,46,48,48,45,31,20,F,2011
E01030195,Suffolk Coastal 005C,835,21,40,72,43,24,19,12,36,58,83,75,72,94,55,35,42,28,20,6,F,2011
E01030220,Suffolk Coastal 005D,1133,48,53,64,68,35,28,43,56,62,72,74,83,86,82,66,75,56,44,38,F,2011
E01030175,Suffolk Coastal 006A,1188,60,65,77,74,24,30,39,71,97,96,78,87,103,87,62,52,48,27,11,F,2011
E01030200,Suffolk Coastal 006B,1139,47,67,77,59,44,25,51,53,90,102,88,95,103,79,57,40,34,19,9,F,2011
E01030221,Suffolk Coastal 006C,1008,44,51,49,38,29,25,37,63,61,87,78,81,108,79,67,55,34,17,5,F,2011
E01030199,Suffolk Coastal 007C,936,43,40,46,61,30,23,33,42,70,77,68,72,99,67,60,34,41,20,10,F,2011
E01033443,Suffolk Coastal 007F,685,62,45,38,43,34,58,61,58,44,49,28,40,50,21,23,9,12,4,6,F,2011
E01033445,Suffolk Coastal 007G,900,73,67,59,56,40,46,69,85,81,66,55,37,42,42,31,17,14,12,8,F,2011
E01033446,Suffolk Coastal 007H,1011,37,49,47,43,44,29,31,52,79,88,99,80,94,65,61,57,32,14,10,F,2011
E01033448,Suffolk Coastal 007I,658,28,46,51,33,16,11,25,26,53,52,56,53,62,46,29,25,22,20,4,F,2011
E01033449,Suffolk Coastal 007J,864,64,51,55,64,44,50,57,55,88,62,55,57,46,34,27,17,13,13,12,F,2011
E01030155,Suffolk Coastal 008A,1044,55,55,59,73,43,45,38,65,77,78,75,63,92,58,53,44,30,26,15,F,2011
E01030185,Suffolk Coastal 008B,1137,62,70,79,70,44,55,36,64,72,71,83,54,68,71,54,54,56,49,25,F,2011
E01030203,Suffolk Coastal 008C,1067,23,50,55,35,15,15,14,36,61,74,65,49,76,82,85,81,111,73,67,F,2011
E01030211,Suffolk Coastal 008D,1086,29,39,39,44,24,39,56,50,71,55,54,65,113,96,68,74,70,55,45,F,2011
E01030179,Suffolk Coastal 009A,1413,124,128,109,81,69,96,119,121,139,111,70,58,39,45,30,26,16,19,13,F,2011
E01030180,Suffolk Coastal 009B,711,42,45,47,36,39,27,32,61,59,68,55,38,45,27,31,21,24,9,5,F,2011
E01030183,Suffolk Coastal 009C,1002,39,32,40,47,26,32,36,43,63,63,68,64,99,92,75,74,64,31,14,F,2011
E01030184,Suffolk Coastal 009D,916,38,37,33,48,43,45,35,43,49,47,61,56,74,58,62,58,58,41,30,F,2011
E01030207,Suffolk Coastal 009E,747,24,31,33,37,22,16,27,31,43,56,56,42,82,72,67,43,38,20,7,F,2011
E01030181,Suffolk Coastal 010A,999,68,78,71,69,55,38,74,88,114,104,55,36,44,20,21,21,13,14,16,F,2011
E01030190,Suffolk Coastal 010C,900,24,38,52,50,19,20,17,41,61,60,69,63,88,99,80,51,39,19,10,F,2011
E01030191,Suffolk Coastal 010D,811,28,49,46,33,34,41,41,51,56,44,74,53,75,47,38,48,29,19,5,F,2011
E01030192,Suffolk Coastal 010E,747,33,28,42,55,31,30,29,33,33,65,78,81,76,36,35,24,18,18,2,F,2011
E01030198,Suffolk Coastal 010F,653,24,29,27,22,21,36,20,22,40,49,64,63,58,49,48,35,19,20,7,F,2011
E01033442,Suffolk Coastal 010G,859,101,104,71,51,33,64,90,99,93,56,40,19,17,9,3,5,3,1,0,F,2011
E01033444,Suffolk Coastal 010H,771,83,95,58,51,28,57,88,85,87,60,27,25,9,8,5,3,1,0,1,F,2011
E01033447,Suffolk Coastal 010I,755,48,40,71,39,27,26,33,50,66,56,48,36,54,49,32,35,20,20,5,F,2011
E01030196,Suffolk Coastal 011A,856,51,48,55,67,47,42,51,59,80,86,55,63,47,34,26,22,14,6,3,F,2011
E01030197,Suffolk Coastal 011B,806,24,40,58,33,32,19,24,35,37,68,68,68,60,60,77,57,27,10,9,F,2011
E01030204,Suffolk Coastal 011C,928,31,59,66,61,26,25,35,67,86,82,71,46,66,56,46,51,31,15,8,F,2011
E01030205,Suffolk Coastal 011D,668,36,44,56,57,31,21,29,51,81,79,48,44,34,21,10,10,13,2,1,F,2011
E01030206,Suffolk Coastal 011E,780,30,34,37,46,31,24,15,33,53,66,50,53,80,48,51,57,47,19,6,F,2011
E01030171,Suffolk Coastal 012A,980,45,60,63,63,41,41,53,52,69,78,73,86,73,52,33,34,35,16,13,F,2011
E01030214,Suffolk Coastal 012B,653,38,25,40,45,47,40,31,51,51,58,59,48,51,21,15,14,10,9,0,F,2011
E01030215,Suffolk Coastal 012C,648,31,35,26,25,29,47,53,38,39,38,56,58,46,28,32,33,18,8,8,F,2011
E01030216,Suffolk Coastal 012D,781,34,29,46,42,31,28,34,47,48,60,58,55,76,59,35,29,38,25,7,F,2011
E01030217,Suffolk Coastal 012E,649,26,34,32,27,20,21,29,40,36,55,58,57,75,49,32,29,16,8,5,F,2011
E01030218,Suffolk Coastal 012F,754,38,32,52,47,28,27,52,46,62,49,63,72,60,46,27,21,15,10,7,F,2011
E01030158,Suffolk Coastal 013C,733,16,18,16,26,23,14,14,22,25,42,48,57,105,96,68,64,39,24,16,F,2011
E01030159,Suffolk Coastal 013D,784,35,42,51,48,24,28,38,47,57,70,44,43,62,56,38,33,30,24,14,F,2011
E01030164,Suffolk Coastal 013E,801,22,27,37,47,22,23,15,24,56,67,66,70,51,68,51,41,42,48,24,F,2011
E01030166,Suffolk Coastal 013F,799,26,24,36,43,17,13,18,21,47,56,56,58,70,82,56,62,43,39,32,F,2011
E01033450,Suffolk Coastal 013G,1266,39,50,61,52,39,28,29,48,74,77,76,101,118,117,108,91,77,43,38,F,2011
E01030160,Suffolk Coastal 014A,723,36,29,34,39,40,26,32,35,53,51,45,42,60,45,43,39,24,34,16,F,2011
E01030161,Suffolk Coastal 014B,734,52,48,44,41,56,49,49,51,61,50,37,28,48,28,33,17,19,15,8,F,2011
E01030168,Suffolk Coastal 014C,759,46,50,40,50,42,35,45,43,54,48,56,44,47,46,33,21,24,22,13,F,2011
E01030169,Suffolk Coastal 014D,772,61,43,34,47,75,73,57,55,57,75,47,32,39,24,19,14,9,9,2,F,2011
E01030170,Suffolk Coastal 014E,914,48,60,57,54,35,49,44,42,57,63,57,62,49,59,44,50,50,16,18,F,2011
E01030162,Suffolk Coastal 015A,736,37,33,26,33,45,39,30,34,46,42,38,36,44,42,32,32,38,46,63,F,2011
E01030163,Suffolk Coastal 015B,765,38,36,49,48,41,42,44,51,66,62,40,44,58,52,33,15,15,22,9,F,2011
E01030165,Suffolk Coastal 015C,803,34,33,49,55,32,42,44,38,51,60,46,46,55,46,48,37,34,31,22,F,2011
E01030167,Suffolk Coastal 015D,739,34,29,41,43,18,29,29,32,37,53,45,39,61,41,33,51,48,43,33,F,2011
E07000206,,59323,3075,2890,3155,3290,2931,2868,2798,3176,3906,4021,3765,3744,4526,3993,3196,2925,2404,1607,1053,F,2011
E01030240,Waveney 001A,822,26,29,33,46,27,24,19,34,44,54,56,55,74,89,72,42,42,31,25,F,2011
E01030241,Waveney 001B,739,34,30,37,18,23,24,20,44,37,45,47,69,77,74,63,38,32,21,6,F,2011
E01030242,Waveney 001C,696,24,20,20,34,19,23,27,29,43,52,52,48,81,75,41,41,31,25,11,F,2011
E01030259,Waveney 001D,570,15,27,35,33,20,25,28,38,37,52,38,43,52,42,24,21,16,11,13,F,2011
E01030260,Waveney 001E,504,23,31,25,35,22,13,28,30,45,34,42,48,41,27,20,10,16,9,5,F,2011
E01030261,Waveney 002A,732,63,49,57,47,44,41,60,33,55,51,51,40,35,27,16,33,18,3,9,F,2011
E01030262,Waveney 002B,661,25,42,48,36,37,41,27,45,43,43,33,33,38,45,30,33,37,17,8,F,2011
E01030277,Waveney 002C,629,30,35,26,53,39,36,21,45,49,40,49,34,37,40,21,22,32,10,10,F,2011
E01030279,Waveney 002D,725,43,44,59,56,31,46,34,40,61,43,45,52,38,47,27,21,13,16,9,F,2011
E01030281,Waveney 002E,1253,88,64,89,74,68,62,86,93,117,93,76,62,75,59,55,28,32,16,16,F,2011
E01030266,Waveney 003A,866,40,31,57,43,33,49,49,43,64,64,43,57,69,56,30,51,43,26,18,F,2011
E01030267,Waveney 003B,685,36,38,36,48,39,23,30,39,65,39,47,42,63,44,35,24,16,15,6,F,2011
E01030271,Waveney 003C,742,17,24,23,29,17,20,26,25,37,43,47,46,92,74,74,62,44,27,15,F,2011
E01030278,Waveney 003D,835,34,35,31,35,42,23,28,25,48,42,54,52,76,91,65,59,52,32,11,F,2011
E01030280,Waveney 003E,704,25,25,32,26,19,27,23,37,47,49,41,58,63,59,59,45,48,15,6,F,2011
E01030246,Waveney 004A,720,56,51,44,53,51,59,49,48,59,56,33,36,47,29,13,18,9,7,2,F,2011
E01030248,Waveney 004B,758,56,42,47,59,53,59,43,44,57,53,55,42,41,43,17,14,20,9,4,F,2011
E01030249,Waveney 004C,845,58,50,47,68,81,58,66,60,55,53,41,47,50,34,19,17,22,15,4,F,2011
E01030250,Waveney 004D,929,88,55,54,72,109,71,61,47,60,70,54,43,37,24,30,18,19,11,6,F,2011
E01030264,Waveney 004E,732,74,59,37,41,62,55,61,41,48,52,41,24,27,32,29,16,20,6,7,F,2011
E01030265,Waveney 004F,748,74,55,37,51,61,64,46,38,50,52,47,39,46,23,26,17,10,8,4,F,2011
E01030255,Waveney 005A,686,51,55,41,48,48,49,47,40,46,39,50,44,36,30,25,16,13,4,4,F,2011
E01030263,Waveney 005B,672,15,28,29,16,31,25,29,26,45,48,42,42,65,67,37,45,46,26,10,F,2011
E01030270,Waveney 005C,773,37,41,38,32,32,52,52,38,45,51,43,46,52,48,37,44,34,30,21,F,2011
E01030289,Waveney 005D,748,42,32,62,35,54,32,40,49,46,50,40,50,43,53,40,24,27,19,10,F,2011
E01030290,Waveney 005E,769,37,37,30,40,24,39,29,39,42,29,44,56,71,67,54,60,41,25,5,F,2011
E01030233,Waveney 006A,763,27,40,36,29,18,22,30,35,64,59,52,62,101,58,44,30,27,22,7,F,2011
E01030235,Waveney 006B,780,37,28,46,40,28,28,24,43,36,48,58,42,72,57,55,52,28,33,25,F,2011
E01030268,Waveney 006C,698,28,42,51,49,28,23,25,49,47,50,54,50,60,49,33,28,18,8,6,F,2011
E01030269,Waveney 006D,845,31,29,26,32,35,32,35,39,45,54,42,63,88,67,47,56,46,39,39,F,2011
E01030288,Waveney 006E,730,22,21,34,40,24,14,17,29,50,48,32,48,82,72,74,60,34,16,13,F,2011
E01030247,Waveney 007A,732,43,36,20,43,63,57,33,41,37,43,41,32,46,27,29,33,41,40,27,F,2011
E01030254,Waveney 007B,766,59,45,42,60,60,66,46,41,61,60,43,44,43,24,24,15,15,10,8,F,2011
E01030256,Waveney 007C,742,38,30,43,56,45,53,27,45,43,49,51,49,47,30,28,31,30,18,29,F,2011
E01030258,Waveney 007D,731,41,44,37,51,52,45,47,40,48,63,39,43,44,35,20,11,23,31,17,F,2011
E01030276,Waveney 007E,650,29,29,37,38,50,38,15,46,52,37,36,51,43,39,30,28,23,20,9,F,2011
E01030257,Waveney 008A,826,44,39,36,45,40,49,36,43,49,58,59,51,47,41,29,52,46,31,31,F,2011
E01030274,Waveney 008B,637,23,22,36,21,29,23,15,23,38,40,25,39,53,47,48,40,51,42,22,F,2011
E01030275,Waveney 008C,571,22,29,22,36,25,22,34,29,38,52,44,35,53,36,42,16,20,6,10,F,2011
E01030287,Waveney 008D,750,31,23,41,38,30,31,26,29,38,36,49,48,59,68,71,61,37,25,9,F,2011
E01030291,Waveney 008E,805,63,58,52,59,40,46,34,43,48,57,48,52,52,43,33,27,27,14,9,F,2011
E01030234,Waveney 009A,868,83,64,63,55,71,82,79,67,69,60,46,33,34,20,19,10,9,1,3,F,2011
E01030236,Waveney 009B,906,60,50,35,36,45,47,41,57,51,56,69,47,75,68,49,57,35,17,11,F,2011
E01030237,Waveney 009C,1490,96,100,87,77,80,87,100,108,128,103,100,79,74,81,63,55,29,22,21,F,2011
E01030238,Waveney 009D,962,65,52,61,79,46,45,58,55,83,90,59,60,55,60,34,23,19,12,6,F,2011
E01030223,Waveney 010A,902,50,37,60,42,52,37,40,47,52,59,50,58,68,59,57,55,31,27,21,F,2011
E01030224,Waveney 010B,891,34,29,31,31,29,37,23,35,46,46,54,58,74,68,66,73,53,59,45,F,2011
E01030225,Waveney 010C,850,51,39,31,31,70,43,48,48,52,46,56,47,50,42,46,46,50,32,22,F,2011
E01030227,Waveney 010D,764,45,50,51,45,41,50,43,33,48,50,38,45,55,41,37,36,25,17,14,F,2011
E01030228,Waveney 010E,939,41,45,42,60,29,38,37,49,49,55,52,62,76,76,74,52,53,34,15,F,2011
E01030226,Waveney 011A,958,64,59,76,46,50,57,51,72,78,63,56,61,59,45,42,32,30,11,6,F,2011
E01030286,Waveney 011B,1110,48,47,63,56,52,37,38,67,75,97,109,94,98,80,52,51,24,15,7,F,2011
E01030292,Waveney 011C,746,32,34,35,38,32,25,31,40,50,58,42,41,67,59,60,45,27,18,12,F,2011
E01030293,Waveney 011D,867,32,48,48,67,23,22,47,59,69,67,49,58,77,48,56,41,30,17,9,F,2011
E01030294,Waveney 011E,778,50,40,51,47,34,38,33,44,59,51,53,45,52,51,36,42,22,18,12,F,2011
E01030239,Waveney 012A,1021,73,93,81,76,53,70,85,76,94,84,64,39,47,31,22,18,11,3,1,F,2011
E01030251,Waveney 012B,807,34,37,51,37,35,40,32,41,49,63,61,56,70,72,39,42,26,19,3,F,2011
E01030252,Waveney 012C,892,25,35,33,34,28,30,31,40,51,60,45,63,90,94,62,67,40,29,35,F,2011
E01030253,Waveney 012D,919,48,52,47,56,51,39,57,66,47,80,56,40,63,47,45,53,36,27,9,F,2011
E01030272,Waveney 012E,795,14,26,37,36,29,24,23,50,44,53,53,51,67,71,68,52,50,34,13,F,2011
E01030273,Waveney 012F,791,26,21,19,21,34,25,18,17,42,46,44,54,83,102,85,66,49,27,12,F,2011
E01030230,Waveney 013A,971,41,26,40,50,43,43,44,52,55,44,62,74,67,73,42,59,54,54,48,F,2011
E01030231,Waveney 013B,811,49,41,51,50,46,42,53,52,49,46,52,50,55,41,37,41,38,14,4,F,2011
E01030232,Waveney 013C,878,56,44,54,57,30,50,44,62,63,44,54,45,70,53,40,34,31,25,22,F,2011
E01030285,Waveney 013D,1120,49,52,66,68,37,34,40,48,82,89,93,104,122,67,61,49,31,21,7,F,2011
E01030282,Waveney 014A,625,15,4,8,11,10,18,19,12,18,21,35,42,63,67,60,63,64,54,41,F,2011
E01030283,Waveney 014B,713,27,36,39,61,27,26,17,26,41,58,60,52,28,44,40,45,36,23,27,F,2011
E01030284,Waveney 014C,664,16,19,24,21,16,18,24,14,37,33,40,56,60,59,49,67,55,33,23,F,2011
E01030295,Waveney 014D,1128,56,47,61,59,42,39,45,58,72,99,88,98,115,82,51,48,43,15,10,F,2011
E01030229,Waveney 015A,1092,47,47,55,57,38,24,45,42,79,94,79,75,103,82,65,67,42,34,17,F,2011
E01030243,Waveney 015B,751,36,29,43,51,37,32,32,38,50,53,44,47,46,67,42,37,31,21,15,F,2011
E01030244,Waveney 015C,906,25,18,30,37,37,38,26,25,50,49,62,50,78,82,66,71,73,53,36,F,2011
E01030245,Waveney 015D,839,38,25,49,33,31,42,21,31,35,53,56,43,69,69,65,69,58,32,20,F,2011
E09000007,,111999,6349,5455,4719,6126,11482,13361,12101,9555,7903,6581,5333,4663,4807,3968,3005,2485,1992,1314,800,F,2011
E01000907,Camden 001A,766,48,48,40,37,42,55,88,54,73,56,46,47,35,27,27,19,12,5,7,F,2011
E01000908,Camden 001B,880,32,47,37,28,31,63,63,70,108,75,69,52,56,30,42,33,21,12,11,F,2011
E01000909,Camden 001C,842,44,35,33,49,40,68,68,53,62,60,67,50,61,42,39,25,21,22,3,F,2011
E01000912,Camden 001D,855,50,27,39,39,59,92,56,63,67,68,57,49,45,50,35,18,18,16,7,F,2011
E01000913,Camden 001E,862,40,47,47,43,32,45,65,49,69,69,58,62,72,59,37,25,26,10,7,F,2011
E01000893,Camden 002A,819,57,32,38,32,24,70,82,71,73,61,50,43,51,32,47,22,15,14,5,F,2011
E01000894,Camden 002B,708,59,33,36,22,26,49,72,84,54,40,40,33,38,37,27,24,16,10,8,F,2011
E01000895,Camden 002C,812,36,52,22,23,28,78,77,77,82,49,29,29,55,37,24,35,41,19,19,F,2011
E01000896,Camden 002D,865,55,55,45,26,33,76,72,80,69,67,43,36,38,52,33,28,21,21,15,F,2011
E01000899,Camden 002E,839,54,54,45,31,14,53,55,84,70,73,53,38,66,45,33,37,13,13,8,F,2011
E01000910,Camden 003A,755,36,34,29,47,27,71,69,51,59,65,49,44,46,51,24,19,21,6,7,F,2011
E01000911,Camden 003B,820,49,59,40,37,33,68,69,68,70,61,53,47,32,39,32,30,14,13,6,F,2011
E01000921,Camden 003C,1015,54,39,28,41,102,197,153,97,73,58,41,39,26,29,20,7,6,5,0,F,2011
E01000923,Camden 003D,800,59,32,20,33,46,93,74,71,75,52,46,55,45,26,21,16,18,8,10,F,2011
E01000928,Camden 003E,833,45,38,48,39,51,78,87,68,57,61,49,47,43,37,24,18,25,8,10,F,2011
E01000878,Camden 004A,857,44,28,21,138,99,76,61,58,43,32,27,38,42,27,32,30,23,21,17,F,2011
E01000879,Camden 004B,743,53,39,17,51,67,49,64,64,62,57,36,30,36,28,28,28,15,10,9,F,2011
E01000880,Camden 004C,828,70,53,56,37,23,51,75,95,75,60,45,25,44,29,19,16,22,14,19,F,2011
E01000884,Camden 004D,746,63,41,52,31,30,56,48,62,72,56,46,44,36,43,28,10,17,9,2,F,2011
E01000885,Camden 004E,785,56,48,30,34,32,42,61,54,60,50,38,33,49,58,35,30,32,28,15,F,2011
E01000871,Camden 005A,840,51,47,63,23,50,108,73,66,42,81,45,54,39,29,21,20,14,7,7,F,2011
E01000872,Camden 005B,933,47,33,39,34,76,165,150,77,63,58,43,48,37,18,14,16,5,6,4,F,2011
E01000873,Camden 005C,824,47,39,28,24,40,124,121,64,60,53,35,35,49,29,29,17,16,8,6,F,2011
E01000874,Camden 005D,812,56,40,21,22,54,91,108,100,59,43,33,30,35,43,26,13,19,13,6,F,2011
E01000877,Camden 005E,792,58,27,19,12,67,123,118,87,50,41,38,38,34,34,16,11,10,5,4,F,2011
E01000886,Camden 006A,735,39,34,36,41,25,64,76,75,55,60,55,38,47,28,32,11,8,10,1,F,2011
E01000887,Camden 006B,775,39,39,28,24,35,114,112,73,54,51,40,30,42,28,14,20,14,7,11,F,2011
E01000888,Camden 006C,806,62,49,45,53,31,77,71,73,81,50,48,36,46,27,21,19,10,5,2,F,2011
E01000892,Camden 006D,955,72,49,47,46,54,88,93,94,87,50,61,44,29,51,22,30,15,17,6,F,2011
E01000903,Camden 006E,734,71,18,17,36,48,88,83,70,43,47,33,43,38,22,27,14,16,9,11,F,2011
E01000889,Camden 007A,871,50,57,49,64,75,84,79,47,61,64,43,47,39,26,29,14,25,11,7,F,2011
E01000890,Camden 007B,831,46,51,47,48,62,69,46,48,55,55,49,52,35,33,47,35,28,19,6,F,2011
E01000891,Camden 007C,819,36,50,55,57,77,104,70,48,52,51,36,35,39,27,18,18,18,17,11,F,2011
E01000901,Camden 007D,1033,72,73,67,61,135,117,103,85,77,63,44,36,29,24,15,13,6,5,8,F,2011
E01000922,Camden 007E,787,35,30,25,108,92,81,89,64,59,31,43,28,21,24,21,13,14,7,2,F,2011
E01000927,Camden 007F,897,63,45,34,30,90,115,106,73,68,40,39,50,39,43,20,18,13,6,5,F,2011
E01000881,Camden 008A,726,29,22,46,19,48,111,88,79,51,63,29,30,18,34,18,17,13,9,2,F,2011
E01000882,Camden 008B,763,44,40,34,11,36,84,97,78,68,62,40,27,35,32,34,19,10,8,4,F,2011
E01000883,Camden 008C,687,40,29,20,14,48,103,91,85,63,28,19,25,28,30,20,15,8,14,7,F,2011
E01000897,Camden 008D,833,76,51,31,33,23,51,88,88,78,56,37,35,42,31,38,30,18,17,10,F,2011
E01000898,Camden 008E,883,42,42,36,24,63,106,113,102,68,48,37,36,42,35,30,22,15,12,10,F,2011
E01000866,Camden 009A,1083,53,49,55,45,108,136,127,68,72,69,65,51,44,40,31,26,21,13,10,F,2011
E01000870,Camden 009B,915,41,39,63,54,75,120,95,51,70,75,63,46,31,35,22,14,10,8,3,F,2011
E01000924,Camden 009C,849,44,24,31,32,70,114,118,72,68,49,46,32,45,42,25,15,15,5,2,F,2011
E01000925,Camden 009D,823,52,53,73,47,85,80,64,51,72,40,42,37,34,23,21,17,17,11,4,F,2011
E01000926,Camden 009E,923,50,36,31,36,101,105,269,55,56,51,24,27,22,19,13,9,7,8,4,F,2011
E01000969,Camden 010A,1047,51,23,34,26,66,195,214,113,50,56,51,33,46,33,19,10,13,7,7,F,2011
E01000970,Camden 010B,719,18,17,2,10,49,190,156,88,45,21,21,18,29,27,13,5,3,3,4,F,2011
E01000971,Camden 010C,775,73,37,25,11,39,107,95,90,63,39,32,40,43,26,21,13,7,10,4,F,2011
E01000972,Camden 010D,1023,45,50,33,60,86,146,141,91,64,68,50,39,41,42,23,22,11,7,4,F,2011
E01000973,Camden 010E,981,45,26,27,35,85,212,164,96,69,47,37,35,30,29,16,13,8,1,6,F,2011
E01000842,Camden 011A,754,45,29,17,23,26,79,108,82,70,49,37,30,34,42,29,22,14,11,7,F,2011
E01000844,Camden 011B,863,64,42,20,10,40,91,159,108,69,70,31,27,39,26,30,18,9,2,8,F,2011
E01000848,Camden 011C,811,52,32,20,14,22,82,120,114,62,67,32,39,47,30,16,19,24,17,2,F,2011
E01000849,Camden 011D,818,50,30,17,21,32,129,121,103,56,47,35,29,43,34,20,23,15,10,3,F,2011
E01000900,Camden 012A,937,56,41,56,50,89,95,105,89,62,72,34,45,37,34,25,17,16,9,5,F,2011
E01000902,Camden 012B,761,64,58,42,48,51,82,79,60,68,43,35,35,31,14,11,18,9,8,5,F,2011
E01000904,Camden 012C,1047,51,47,58,49,106,127,129,94,75,63,47,34,45,33,31,25,18,12,3,F,2011
E01000905,Camden 012D,1082,87,73,79,42,99,108,83,110,60,55,48,35,41,31,44,26,30,21,10,F,2011
E01000906,Camden 012E,843,22,21,17,25,53,128,142,83,47,48,34,37,33,34,22,45,31,13,8,F,2011
E01000875,Camden 013A,779,39,25,21,21,76,160,111,82,55,32,27,27,25,31,20,10,8,8,1,F,2011
E01000876,Camden 013B,866,45,49,42,34,81,100,93,76,82,49,32,50,44,30,22,14,14,3,6,F,2011
E01000931,Camden 013C,1017,76,42,42,51,79,153,121,78,64,65,41,45,50,31,20,31,17,7,4,F,2011
E01000932,Camden 013D,901,62,23,19,8,65,188,137,94,49,42,46,33,47,26,22,20,12,4,4,F,2011
E01000974,Camden 013E,876,53,29,27,43,82,160,103,76,53,53,39,43,27,29,10,29,10,8,2,F,2011
E01000843,Camden 014A,896,100,38,20,28,69,119,126,93,69,38,35,24,39,32,22,23,14,2,5,F,2011
E01000845,Camden 014B,772,35,28,30,17,51,118,86,83,62,38,39,39,41,29,23,19,13,13,8,F,2011
E01000846,Camden 014C,797,55,66,51,50,39,63,71,63,74,49,41,29,31,28,28,22,17,11,9,F,2011
E01000847,Camden 014D,865,74,65,61,45,52,86,64,82,68,55,42,26,30,27,29,22,19,14,4,F,2011
E01000864,Camden 015A,804,43,17,35,46,100,119,84,56,72,64,37,26,31,28,16,6,12,10,2,F,2011
E01000865,Camden 015B,756,18,23,30,145,164,74,53,34,41,32,33,21,25,21,18,12,4,6,2,F,2011
E01000867,Camden 015C,818,42,46,49,45,112,106,85,62,60,23,27,34,31,25,23,14,13,13,8,F,2011
E01000868,Camden 015D,699,65,50,47,34,39,80,63,73,62,52,36,31,27,9,11,12,7,0,1,F,2011
E01000869,Camden 015E,1048,52,49,40,43,162,134,123,92,79,43,43,34,48,43,22,19,14,5,3,F,2011
E01000962,Camden 016A,849,59,26,19,15,56,165,154,96,59,53,36,25,26,14,14,8,11,10,3,F,2011
E01000964,Camden 016B,823,59,36,37,33,31,101,98,89,58,55,47,41,39,27,15,18,11,17,11,F,2011
E01000965,Camden 016C,806,47,29,28,26,51,132,128,76,54,42,40,30,31,17,26,15,14,14,6,F,2011
E01000966,Camden 016D,766,50,25,22,15,45,111,118,92,57,35,47,21,45,30,18,16,12,5,2,F,2011
E01000968,Camden 016E,781,40,20,12,17,46,170,148,70,50,35,29,32,38,21,18,9,14,5,7,F,2011
E01000960,Camden 017A,940,60,38,38,33,58,148,153,93,53,53,32,32,37,34,20,19,23,9,7,F,2011
E01000961,Camden 017B,853,60,54,40,48,55,96,90,68,59,59,46,34,33,28,15,21,17,14,16,F,2011
E01000963,Camden 017C,1027,67,40,34,48,70,125,110,84,64,51,58,37,33,41,31,31,37,37,29,F,2011
E01000967,Camden 017D,757,41,40,33,37,44,61,56,58,61,52,58,48,41,44,21,26,19,7,10,F,2011
E01000857,Camden 018A,743,37,48,31,23,25,83,69,65,65,53,49,38,34,36,36,21,16,7,7,F,2011
E01000858,Camden 018B,949,47,63,55,72,102,123,86,73,69,54,64,37,33,22,22,11,9,3,4,F,2011
E01000859,Camden 018C,827,55,47,27,27,22,81,92,87,84,51,54,41,41,47,32,16,11,7,5,F,2011
E01000860,Camden 018D,686,34,25,25,16,34,39,55,65,40,58,43,33,57,65,36,28,17,8,8,F,2011
E01000862,Camden 018E,838,43,41,35,28,44,105,84,77,69,48,57,43,43,44,26,14,21,7,9,F,2011
E01000856,Camden 019A,828,48,57,45,50,97,108,73,75,53,52,45,31,38,18,15,8,9,5,1,F,2011
E01000861,Camden 019B,756,28,29,39,36,134,97,81,61,63,47,31,29,23,20,11,13,7,5,2,F,2011
E01000957,Camden 019C,846,49,39,41,42,108,120,96,76,61,44,41,32,30,27,14,13,8,5,0,F,2011
E01000958,Camden 019D,1239,92,54,66,115,254,118,136,94,60,65,61,32,20,25,16,13,8,9,1,F,2011
E01000959,Camden 019E,859,51,42,39,50,160,98,54,48,46,40,41,36,26,17,28,34,28,14,7,F,2011
E01000929,Camden 020A,889,59,56,66,59,62,78,67,76,60,60,46,48,42,41,25,12,16,11,5,F,2011
E01000930,Camden 020B,1006,56,49,35,32,80,149,108,78,62,42,33,40,63,44,31,39,22,30,13,F,2011
E01000933,Camden 020C,833,41,26,25,19,73,140,118,82,49,49,37,28,48,35,15,23,12,9,4,F,2011
E01000934,Camden 020D,863,58,50,40,48,57,82,104,52,66,44,42,41,37,29,29,25,28,16,15,F,2011
E01000935,Camden 020E,780,62,76,64,22,44,78,87,68,53,52,49,29,33,19,17,11,10,5,1,F,2011
E01000863,Camden 021A,698,24,31,16,41,113,118,99,57,45,40,35,16,15,17,13,8,4,4,2,F,2011
E01000946,Camden 021B,815,42,32,26,35,96,90,98,64,53,44,45,31,42,32,27,15,27,11,5,F,2011
E01000947,Camden 021C,880,28,25,28,46,196,126,104,57,43,49,52,29,29,20,14,18,7,5,4,F,2011
E01000948,Camden 021D,839,39,41,47,28,64,105,79,61,70,44,43,54,43,41,27,24,13,6,10,F,2011
E01000952,Camden 022A,898,46,37,58,58,164,85,62,62,60,56,44,33,29,32,26,21,13,8,4,F,2011
E01000953,Camden 022B,878,42,50,47,73,118,72,69,55,52,40,50,45,36,35,32,21,25,12,4,F,2011
E01000954,Camden 022C,867,69,94,59,57,78,72,70,77,64,50,32,27,26,16,17,23,15,15,6,F,2011
E01000955,Camden 022D,826,75,41,47,53,134,44,48,65,61,54,40,26,25,26,18,32,21,12,4,F,2011
E01000956,Camden 022E,789,53,63,57,40,141,94,77,57,49,41,25,31,17,16,7,10,7,3,1,F,2011
E01000944,Camden 023A,730,36,55,43,45,131,70,51,41,47,47,32,28,25,19,13,17,11,13,6,F,2011
E01000945,Camden 023B,964,34,51,30,142,280,89,55,77,36,35,24,30,24,23,11,12,8,3,0,F,2011
E01000949,Camden 023C,878,54,50,43,46,87,69,64,74,82,72,47,41,33,23,16,22,26,19,10,F,2011
E01000950,Camden 023D,713,53,59,42,46,95,69,50,60,38,53,27,38,23,12,8,16,16,6,2,F,2011
E01000951,Camden 023E,775,57,50,39,49,127,80,50,50,51,37,33,29,18,22,16,22,24,15,6,F,2011
E01000936,Camden 024A,939,29,62,41,134,192,114,68,72,54,37,26,22,27,13,10,13,11,8,6,F,2011
E01000938,Camden 024B,823,31,79,39,43,157,120,56,108,40,36,29,22,25,14,7,8,6,1,2,F,2011
E01000939,Camden 024C,626,30,64,40,44,119,42,41,57,30,24,24,20,26,9,25,9,9,9,4,F,2011
E01000940,Camden 024D,562,31,19,36,22,63,77,70,49,38,23,24,17,22,18,17,19,10,6,1,F,2011
E01000853,Camden 025A,831,42,49,35,29,85,90,61,53,57,37,37,40,47,40,34,34,33,17,11,F,2011
E01000937,Camden 025B,769,29,25,12,124,185,127,60,49,30,26,17,18,20,6,16,5,9,7,4,F,2011
E01000941,Camden 025C,589,40,42,31,28,65,51,41,63,43,30,43,24,22,11,16,8,19,9,3,F,2011
E01000942,Camden 025D,1065,16,12,9,284,380,99,66,22,33,25,17,23,20,16,20,14,6,1,2,F,2011
E01000943,Camden 025E,532,19,9,18,21,114,69,67,45,31,27,28,14,25,12,8,14,6,3,2,F,2011
E01000850,Camden 026A,774,23,14,5,89,147,125,71,71,36,40,26,40,16,21,18,15,7,8,2,F,2011
E01000851,Camden 026B,1057,22,17,22,234,308,119,72,55,43,40,30,19,27,21,9,6,5,5,3,F,2011
E01000852,Camden 026C,859,10,5,6,157,302,86,60,34,26,25,22,19,16,33,13,13,17,11,4,F,2011
E01000854,Camden 026D,797,35,57,17,62,191,93,54,67,28,34,31,23,26,36,17,10,11,2,3,F,2011
E01000915,Camden 027A,743,48,52,45,28,57,83,81,64,54,35,24,39,28,31,22,8,19,16,9,F,2011
E01000916,Camden 027B,850,42,41,34,39,135,128,103,59,48,46,32,29,29,22,16,22,9,12,4,F,2011
E01000917,Camden 027C,879,63,62,43,45,76,96,80,68,76,60,43,35,37,28,20,17,13,13,4,F,2011
E01000920,Camden 027D,899,55,34,24,32,128,113,88,82,65,49,50,43,43,22,18,18,25,5,5,F,2011
E01000855,Camden 028A,879,14,8,2,21,176,117,108,72,66,47,36,38,52,45,24,31,14,6,2,F,2011
E01000914,Camden 028B,834,27,17,13,28,159,108,95,52,49,54,35,36,48,27,23,28,11,15,9,F,2011
E01000918,Camden 028C,959,27,45,28,54,183,132,87,65,65,53,38,40,38,36,34,13,7,7,7,F,2011
E01000919,Camden 028D,925,20,70,17,88,163,98,88,77,70,48,35,37,47,19,25,10,4,6,3,F,2011
E09000001,,3279,138,86,71,96,270,406,339,247,246,247,171,218,229,137,112,110,82,48,26,F,2011
E01000001,City of London 001A,696,26,20,12,10,32,67,65,45,53,49,40,69,65,31,36,40,18,14,4,F,2011
E01000002,City of London 001B,668,38,27,19,15,26,45,39,58,66,59,53,47,60,39,35,13,12,7,10,F,2011
E01000003,City of London 001C,630,28,10,10,28,36,61,58,46,41,48,26,42,42,31,25,26,42,22,8,F,2011
E01000005,City of London 001E,455,26,23,26,21,48,53,40,25,37,32,23,22,21,19,8,21,5,2,3,F,2011
E01032739,City of London 001F,397,10,6,3,17,59,87,78,32,21,24,14,18,17,7,0,2,2,0,0,F,2011
E01032740,City of London 001G,433,10,0,1,5,69,93,59,41,28,35,15,20,24,10,8,8,3,3,1,F,2011
E09000012,,124588,9461,7677,6810,6909,11185,17158,14615,10710,8679,7791,5865,4553,3812,2770,2223,1785,1339,835,411,F,2011
E01001808,Hackney 001A,919,144,95,85,64,124,105,70,46,33,22,28,30,28,16,18,4,3,3,1,F,2011
E01001809,Hackney 001B,989,109,104,112,90,73,77,77,82,45,37,34,31,42,25,15,14,10,6,6,F,2011
E01001814,Hackney 001C,818,103,74,49,53,65,97,104,56,53,36,29,26,17,13,15,10,8,7,3,F,2011
E01001823,Hackney 001D,880,97,107,89,75,77,56,83,62,33,48,51,33,24,10,12,9,7,5,2,F,2011
E01001825,Hackney 001E,785,119,89,85,81,69,49,49,42,41,30,33,21,35,13,11,6,7,3,2,F,2011
E01001714,Hackney 002A,760,51,40,42,50,59,99,75,66,58,44,54,25,31,19,14,8,9,10,6,F,2011
E01001811,Hackney 002D,774,47,48,48,53,59,63,60,53,62,63,43,48,31,17,19,20,22,13,5,F,2011
E01001813,Hackney 002E,656,57,46,33,42,74,66,60,41,52,44,34,26,24,16,16,6,16,3,0,F,2011
E01033701,Hackney 002F,890,54,61,53,61,81,71,78,46,98,64,64,33,37,30,23,17,13,4,2,F,2011
E01001799,Hackney 003A,771,105,83,63,59,60,76,65,46,51,35,22,33,22,13,12,9,8,9,0,F,2011
E01001802,Hackney 003B,675,60,58,51,53,45,60,56,48,36,36,27,32,16,17,15,13,16,19,17,F,2011
E01001804,Hackney 003C,784,89,62,78,50,72,73,76,54,38,34,27,27,25,20,19,8,13,12,7,F,2011
E01001807,Hackney 003D,885,98,60,55,48,104,90,76,65,53,60,52,35,26,16,16,9,9,12,1,F,2011
E01001812,Hackney 003E,893,127,91,62,57,106,95,64,45,48,51,32,36,22,19,14,7,4,9,4,F,2011
E01001725,Hackney 004A,968,120,100,96,70,60,82,106,75,54,45,39,31,43,24,7,9,4,2,1,F,2011
E01001726,Hackney 004B,709,85,62,49,46,49,61,68,60,61,52,37,30,13,14,5,10,5,2,0,F,2011
E01001800,Hackney 004C,820,110,72,51,52,77,95,82,49,56,56,32,22,12,11,12,14,7,6,4,F,2011
E01001824,Hackney 004D,750,93,68,64,59,53,56,66,49,59,42,28,23,22,14,17,19,8,4,6,F,2011
E01001826,Hackney 004E,862,121,80,84,57,56,85,60,68,38,50,48,21,23,19,17,13,13,7,2,F,2011
E01001723,Hackney 006A,955,75,65,45,55,89,152,116,84,44,52,56,35,31,15,13,15,9,4,0,F,2011
E01001724,Hackney 006B,1138,89,49,41,49,91,224,191,135,81,52,31,30,23,13,17,11,4,3,4,F,2011
E01001727,Hackney 006C,963,113,101,86,78,65,83,107,78,51,44,42,31,27,16,16,12,9,4,0,F,2011
E01001768,Hackney 006D,932,49,40,43,40,72,171,136,69,74,62,44,38,31,23,17,17,4,1,1,F,2011
E01001769,Hackney 006E,826,45,48,43,36,58,115,104,72,69,71,56,31,29,17,16,9,4,1,2,F,2011
E01001715,Hackney 007A,636,37,11,13,7,65,158,134,67,44,33,21,14,10,9,6,2,3,1,1,F,2011
E01001716,Hackney 007B,627,29,39,22,25,63,117,82,59,41,42,27,29,14,15,9,5,3,5,1,F,2011
E01001717,Hackney 007C,647,33,35,51,51,60,93,77,47,49,42,35,25,18,13,9,6,1,0,2,F,2011
E01001718,Hackney 007D,864,37,25,18,19,114,217,149,89,46,53,20,27,17,13,5,9,2,2,2,F,2011
E01001719,Hackney 007E,580,32,21,30,33,46,50,67,44,42,41,31,26,24,24,21,20,13,10,5,F,2011
E01001720,Hackney 007F,901,40,21,22,32,103,228,148,74,54,51,37,24,21,21,9,7,4,2,3,F,2011
E01001742,Hackney 008A,971,73,53,48,49,51,112,134,113,79,74,55,27,37,15,12,14,10,9,6,F,2011
E01001801,Hackney 008B,903,111,89,71,49,61,64,69,62,50,43,30,37,27,23,20,22,20,28,27,F,2011
E01001803,Hackney 008C,952,65,78,64,59,49,98,125,87,66,59,57,37,33,25,18,12,13,2,5,F,2011
E01001806,Hackney 008D,831,50,47,29,40,58,110,87,93,60,62,42,43,35,22,20,15,7,9,2,F,2011
E01001741,Hackney 009A,799,63,50,36,39,35,105,96,82,71,64,40,26,35,19,15,11,8,0,4,F,2011
E01001805,Hackney 009B,627,52,28,18,33,59,126,97,46,30,43,24,19,22,9,8,9,1,2,1,F,2011
E01001829,Hackney 009C,946,83,61,42,33,54,106,108,105,76,72,48,47,39,24,11,14,12,8,3,F,2011
E01001831,Hackney 009D,842,43,30,26,25,82,158,124,72,61,46,28,39,26,18,25,13,12,11,3,F,2011
E01001832,Hackney 009E,831,52,36,26,31,66,155,120,75,41,64,39,30,33,18,18,12,11,1,3,F,2011
E01001764,Hackney 010A,840,58,48,36,57,59,113,124,86,57,49,40,37,20,18,15,12,10,0,1,F,2011
E01001765,Hackney 010B,875,64,75,72,75,73,66,62,70,66,61,48,32,22,24,26,18,9,8,4,F,2011
E01001767,Hackney 010D,812,56,58,35,55,71,106,94,85,45,61,39,35,16,20,10,9,14,2,1,F,2011
E01001770,Hackney 010E,859,80,45,33,58,74,90,98,87,65,61,36,32,37,18,22,14,7,2,0,F,2011
E01033703,Hackney 010F,717,40,25,41,30,51,120,112,69,39,35,40,21,15,21,18,8,18,8,6,F,2011
E01033713,Hackney 010G,652,51,44,32,20,61,78,102,86,49,38,23,31,9,7,12,2,5,2,0,F,2011
E01001792,Hackney 011A,901,62,49,49,57,66,105,95,76,52,58,57,44,38,20,24,22,18,6,3,F,2011
E01001793,Hackney 011B,852,66,48,38,34,71,125,91,76,68,54,39,50,27,23,19,11,8,4,0,F,2011
E01001794,Hackney 011C,1000,56,40,48,52,82,134,114,77,68,58,46,41,36,37,29,22,18,21,21,F,2011
E01001795,Hackney 011D,757,46,47,36,40,63,126,102,71,52,41,33,28,20,14,9,11,12,4,2,F,2011
E01001796,Hackney 011E,790,49,33,38,37,86,135,110,70,45,49,47,18,33,18,11,4,6,1,0,F,2011
E01001736,Hackney 012A,853,62,42,37,43,54,105,119,86,77,73,37,39,30,15,11,11,11,1,0,F,2011
E01001737,Hackney 012B,905,70,45,43,41,51,146,114,80,85,76,47,28,32,8,15,12,5,5,2,F,2011
E01001738,Hackney 012C,880,63,43,29,30,78,145,113,102,60,67,40,32,27,21,9,11,5,5,0,F,2011
E01001739,Hackney 012D,1084,69,53,38,48,74,146,148,116,88,73,51,47,49,27,12,19,11,10,5,F,2011
E01001786,Hackney 013A,947,114,85,47,72,81,62,71,86,68,73,54,42,26,25,26,6,5,4,0,F,2011
E01001787,Hackney 013B,837,70,62,62,49,50,65,66,59,56,47,47,34,39,34,33,32,19,9,4,F,2011
E01001788,Hackney 013C,848,77,75,72,57,48,59,70,72,68,58,44,41,24,20,17,19,13,12,2,F,2011
E01001790,Hackney 013D,685,55,69,62,53,46,51,51,52,63,53,43,30,29,10,7,8,2,0,1,F,2011
E01001740,Hackney 014A,807,65,59,46,48,65,84,87,72,52,47,41,30,34,23,23,12,9,8,2,F,2011
E01001747,Hackney 014B,1055,49,30,27,39,106,203,170,94,69,64,47,40,27,32,18,14,18,6,2,F,2011
E01001830,Hackney 014C,912,43,34,36,41,61,132,132,77,64,55,58,34,41,36,25,26,9,5,3,F,2011
E01001833,Hackney 014D,1120,87,42,60,41,117,172,135,100,96,74,54,46,32,17,12,14,12,6,3,F,2011
E01001834,Hackney 014E,1036,71,40,40,42,85,214,157,106,63,70,39,25,39,15,11,7,8,3,1,F,2011
E01001835,Hackney 014F,620,31,24,24,32,40,86,100,58,54,41,39,25,19,20,13,8,2,3,1,F,2011
E01001733,Hackney 015A,903,61,49,39,47,78,139,118,84,68,54,38,36,26,16,20,21,5,3,1,F,2011
E01001785,Hackney 015B,812,52,42,32,43,68,125,74,65,62,51,38,37,34,32,20,16,12,7,2,F,2011
E01001789,Hackney 015C,901,67,54,55,48,74,115,81,66,78,59,49,48,30,29,21,10,13,2,2,F,2011
E01001791,Hackney 015D,801,61,53,59,57,83,76,65,64,61,54,47,35,32,20,19,9,5,1,0,F,2011
E01001745,Hackney 016A,1137,91,80,59,67,101,158,151,113,72,75,55,41,24,13,15,10,9,2,1,F,2011
E01001746,Hackney 016B,874,78,76,64,61,64,79,80,84,93,65,37,27,32,13,9,3,5,1,3,F,2011
E01001757,Hackney 016C,929,84,67,57,65,95,79,74,87,82,65,65,32,31,11,18,9,6,1,1,F,2011
E01001758,Hackney 016D,1060,94,82,56,65,90,122,153,92,69,69,45,14,31,20,16,18,11,7,6,F,2011
E01001759,Hackney 016E,893,48,51,32,49,59,132,102,73,70,70,54,43,31,27,7,26,11,6,2,F,2011
E01001761,Hackney 016F,916,52,37,40,56,79,121,112,81,59,66,47,43,27,28,21,12,22,6,7,F,2011
E01001731,Hackney 017A,1153,83,83,58,65,117,198,152,103,78,55,50,29,25,14,6,19,12,2,4,F,2011
E01001734,Hackney 017B,898,50,39,42,33,102,159,119,65,70,52,41,29,31,24,23,6,6,5,2,F,2011
E01001760,Hackney 017C,900,45,41,40,40,65,169,117,89,55,55,48,31,26,18,17,24,13,6,1,F,2011
E01001762,Hackney 017D,915,49,26,28,43,100,187,161,77,56,60,33,29,18,16,9,12,5,5,1,F,2011
E01001846,Hackney 018A,641,28,40,30,48,43,53,50,39,59,44,48,37,34,24,19,16,17,7,5,F,2011
E01001847,Hackney 018B,554,37,29,32,30,30,60,62,57,55,45,24,30,22,10,10,10,6,4,1,F,2011
E01001848,Hackney 018C,832,63,49,47,49,57,93,85,71,67,64,35,28,21,31,22,22,16,11,1,F,2011
E01001849,Hackney 018D,1157,89,83,65,55,122,181,150,101,88,76,46,27,22,17,15,9,5,6,0,F,2011
E01001729,Hackney 019A,992,86,72,59,64,100,127,104,88,78,76,47,27,17,10,17,10,6,3,1,F,2011
E01001730,Hackney 019B,934,78,67,69,55,73,98,104,90,65,66,45,27,21,11,17,16,13,13,6,F,2011
E01001732,Hackney 019C,884,75,79,53,57,75,81,99,65,77,61,35,33,23,23,18,15,8,5,2,F,2011
E01001735,Hackney 019D,852,54,49,50,45,51,97,89,88,60,52,39,40,47,29,21,15,17,8,1,F,2011
E01001838,Hackney 019E,893,71,73,84,55,59,94,72,63,85,64,35,41,27,20,11,8,11,14,6,F,2011
E01001850,Hackney 019F,985,99,93,79,59,76,91,81,91,66,67,53,39,26,17,13,17,10,7,1,F,2011
E01001748,Hackney 020A,1102,45,48,40,42,128,213,165,90,84,78,39,39,24,24,20,10,9,1,3,F,2011
E01001749,Hackney 020B,883,62,30,41,33,49,163,124,88,69,59,40,39,24,21,17,13,5,4,2,F,2011
E01001763,Hackney 020C,846,64,33,32,48,55,102,96,84,70,58,52,31,39,25,22,16,11,4,4,F,2011
E01001816,Hackney 020D,839,49,52,43,57,60,94,82,80,65,69,50,37,32,29,13,12,8,6,1,F,2011
E01001819,Hackney 020E,806,45,33,33,39,58,107,80,54,71,49,52,52,35,30,22,22,15,6,3,F,2011
E01001744,Hackney 021B,978,46,40,53,56,70,158,106,75,69,52,57,40,40,38,23,22,21,6,6,F,2011
E01001750,Hackney 021C,937,42,33,47,54,102,143,136,79,61,59,43,30,29,24,22,17,9,4,3,F,2011
E01001751,Hackney 021D,745,28,22,24,16,41,140,102,73,68,50,41,38,23,27,22,17,8,5,0,F,2011
E01001756,Hackney 021E,1085,57,27,26,25,126,269,182,89,50,46,35,29,36,24,17,19,15,9,4,F,2011
E01033698,Hackney 021F,643,33,26,36,33,51,84,57,48,34,42,23,38,35,28,23,22,14,8,8,F,2011
E01033699,Hackney 021G,569,33,12,13,17,80,135,72,71,44,33,18,7,8,8,5,4,6,3,0,F,2011
E01033700,Hackney 021H,723,42,20,19,21,72,203,135,71,32,22,17,14,15,9,16,4,4,4,3,F,2011
E01033707,Hackney 021I,655,21,17,25,28,82,131,92,51,36,37,36,20,28,20,19,7,3,1,1,F,2011
E01001836,Hackney 022A,965,79,61,58,45,66,107,113,103,65,72,50,32,32,25,18,10,12,10,7,F,2011
E01001840,Hackney 022B,881,67,70,55,37,63,83,99,77,60,63,48,34,34,20,23,22,12,8,6,F,2011
E01001841,Hackney 022C,715,50,37,29,26,42,67,67,45,60,62,50,39,38,35,15,15,22,12,4,F,2011
E01001844,Hackney 022D,1012,65,53,43,79,158,124,107,82,61,68,45,38,27,17,16,11,7,8,3,F,2011
E01001845,Hackney 022E,801,49,48,59,46,69,60,56,72,75,55,50,37,28,26,24,15,22,8,2,F,2011
E01001837,Hackney 023B,769,57,30,27,19,31,121,102,97,53,62,39,32,41,19,17,10,5,5,2,F,2011
E01001839,Hackney 023C,1180,64,50,37,95,132,240,220,99,71,61,33,23,15,8,11,9,8,4,0,F,2011
E01001842,Hackney 023D,825,52,57,72,52,57,77,104,90,63,57,38,32,26,24,10,8,4,1,1,F,2011
E01001843,Hackney 023E,662,42,40,45,42,34,60,56,54,67,55,54,34,19,25,11,13,5,4,2,F,2011
E01033704,Hackney 023F,782,45,40,31,21,61,183,157,109,69,31,13,6,6,2,2,5,0,1,0,F,2011
E01033712,Hackney 023G,841,72,38,34,32,87,179,113,84,40,52,34,28,18,11,4,8,4,3,0,F,2011
E01001772,Hackney 024A,513,43,37,27,26,41,47,53,48,45,42,32,16,23,12,6,9,4,2,0,F,2011
E01001774,Hackney 024B,1083,79,57,59,58,99,213,148,107,69,65,31,24,19,10,14,11,4,13,3,F,2011
E01001775,Hackney 024C,907,70,64,52,65,77,119,90,69,70,62,37,29,33,15,21,13,14,6,1,F,2011
E01001815,Hackney 024D,925,73,54,60,58,59,86,96,67,80,60,58,51,32,23,18,20,13,12,5,F,2011
E01001820,Hackney 024E,747,45,48,31,47,62,85,62,48,55,57,66,43,27,21,18,15,6,8,3,F,2011
E01001821,Hackney 024F,755,47,47,44,43,64,97,66,59,68,51,35,31,20,26,23,12,15,6,1,F,2011
E01001752,Hackney 025A,1120,61,59,42,46,116,201,189,113,60,68,36,35,20,29,14,13,7,7,4,F,2011
E01001753,Hackney 025B,805,81,55,47,36,59,91,94,67,65,68,40,25,28,11,15,8,6,5,4,F,2011
E01001754,Hackney 025C,1138,63,67,52,47,88,188,170,94,83,81,51,38,34,26,19,11,18,4,4,F,2011
E01001755,Hackney 025D,923,77,58,58,67,90,124,87,63,62,67,42,26,32,11,14,15,16,12,2,F,2011
E01001773,Hackney 025E,1032,62,50,64,68,113,141,125,77,72,47,68,36,27,24,27,17,9,3,2,F,2011
E01001776,Hackney 025F,693,37,31,35,30,62,101,56,54,52,41,45,38,19,31,27,13,12,6,3,F,2011
E01001779,Hackney 026A,1192,72,78,52,47,115,199,168,125,89,64,54,38,25,11,13,10,15,13,4,F,2011
E01001781,Hackney 026B,823,47,37,61,51,116,118,48,70,53,48,39,40,21,16,11,12,18,10,7,F,2011
E01001782,Hackney 026C,1089,54,38,48,57,104,183,143,114,79,68,42,49,38,33,17,6,9,5,2,F,2011
E01001783,Hackney 026D,949,75,51,48,47,133,132,85,73,74,59,42,26,23,19,15,15,11,17,4,F,2011
E01001777,Hackney 027B,1166,53,86,77,55,142,214,149,96,72,57,51,24,20,17,17,14,14,5,3,F,2011
E01001780,Hackney 027D,852,55,43,27,34,92,122,88,89,71,38,29,36,37,24,17,26,11,11,2,F,2011
E01001784,Hackney 027E,1235,65,56,35,153,295,160,116,51,73,50,34,39,26,21,21,19,12,7,2,F,2011
E01033706,Hackney 027F,689,31,22,11,18,142,201,128,49,20,20,11,12,10,4,2,4,2,2,0,F,2011
E01033708,Hackney 027G,626,20,12,13,29,122,171,124,54,25,19,10,12,10,2,2,0,0,1,0,F,2011
E01033709,Hackney 027H,817,50,36,26,41,120,154,103,88,59,41,29,15,13,15,4,12,2,8,1,F,2011
E01033711,Hackney 027I,516,7,13,9,47,130,115,66,39,24,19,10,10,6,7,3,3,5,2,1,F,2011
E01001798,Hackney 028A,914,87,81,60,51,62,97,95,59,64,53,50,39,28,26,22,16,10,8,6,F,2011
E01001828,Hackney 028B,1048,91,96,77,55,87,102,106,92,64,74,59,42,37,25,13,14,7,5,2,F,2011
E01033702,Hackney 028C,603,70,62,39,28,50,72,69,64,40,36,24,19,13,6,6,4,1,0,0,F,2011
E01033705,Hackney 028D,766,56,61,70,61,66,104,86,71,48,51,26,14,20,10,10,6,2,2,2,F,2011
E01033710,Hackney 028E,573,72,30,29,24,54,103,94,59,31,23,24,10,4,3,3,3,5,1,1,F,2011
E01001722,Hackney 029A,1051,93,92,79,32,84,110,120,94,73,66,56,40,35,36,19,11,5,4,2,F,2011
E01001728,Hackney 029B,1091,219,115,61,79,137,115,75,49,51,49,35,28,18,18,18,13,6,5,0,F,2011
E01001822,Hackney 029C,909,93,72,63,62,82,89,72,63,61,65,63,31,29,22,12,11,10,4,5,F,2011
E01001827,Hackney 029D,975,95,96,99,74,70,61,83,65,50,70,59,45,29,23,17,13,11,10,5,F,2011
E09000013,,93349,5838,4294,3785,3856,8434,13515,11188,8396,6939,5864,4505,3869,3583,2686,2237,1648,1351,831,530,F,2011
E01001874,Hammersmith and Fulham 001A,1133,51,36,39,44,109,151,121,99,73,84,80,55,55,43,46,20,14,10,3,F,2011
E01001875,Hammersmith and Fulham 001B,989,66,62,70,69,72,105,68,76,78,57,62,49,51,27,27,23,12,12,3,F,2011
E01001876,Hammersmith and Fulham 001C,1049,72,78,62,61,77,106,117,120,83,60,66,40,30,20,21,15,11,5,5,F,2011
E01001877,Hammersmith and Fulham 001D,698,59,39,24,34,31,85,89,54,60,41,28,47,32,16,18,22,10,5,4,F,2011
E01001878,Hammersmith and Fulham 001E,916,67,51,68,66,79,77,62,82,63,69,56,47,33,31,20,14,19,8,4,F,2011
E01001955,Hammersmith and Fulham 002A,953,73,52,72,60,79,77,90,64,68,69,58,42,33,37,29,20,16,11,3,F,2011
E01001957,Hammersmith and Fulham 002B,830,69,45,63,62,73,70,67,60,61,71,60,22,41,24,19,7,9,4,3,F,2011
E01001958,Hammersmith and Fulham 002C,905,82,69,68,62,62,73,74,69,80,67,63,43,37,18,13,9,9,3,4,F,2011
E01001961,Hammersmith and Fulham 002D,854,77,67,66,57,67,72,60,68,74,57,46,41,32,24,15,13,12,5,1,F,2011
E01001954,Hammersmith and Fulham 003A,816,67,44,34,45,51,96,86,84,61,45,40,40,28,12,32,24,11,10,6,F,2011
E01001956,Hammersmith and Fulham 003B,837,61,40,43,54,59,95,74,65,62,65,51,30,38,36,26,15,13,6,4,F,2011
E01001959,Hammersmith and Fulham 003C,895,53,61,58,94,65,81,56,63,59,57,48,44,37,25,26,26,22,14,6,F,2011
E01001960,Hammersmith and Fulham 003D,962,61,43,34,29,115,168,165,100,63,45,31,25,23,22,14,10,8,4,2,F,2011
E01001943,Hammersmith and Fulham 004A,966,60,45,29,27,131,186,111,85,69,56,34,30,24,17,25,11,12,13,1,F,2011
E01001944,Hammersmith and Fulham 004B,850,61,44,56,43,58,105,79,65,68,57,53,48,39,27,19,12,10,5,1,F,2011
E01001945,Hammersmith and Fulham 004C,929,71,42,33,39,78,138,109,80,72,62,43,37,33,18,25,28,12,4,5,F,2011
E01001946,Hammersmith and Fulham 004D,845,65,40,33,36,67,131,113,73,64,51,34,38,31,18,19,11,4,9,8,F,2011
E01001862,Hammersmith and Fulham 005A,845,42,33,46,32,75,126,110,90,62,58,32,38,21,29,30,9,6,4,2,F,2011
E01001940,Hammersmith and Fulham 005B,850,60,42,35,26,84,124,111,64,59,68,38,29,23,26,19,21,10,8,3,F,2011
E01001941,Hammersmith and Fulham 005C,816,28,27,27,28,112,182,121,69,68,53,34,32,12,7,7,2,5,1,1,F,2011
E01001942,Hammersmith and Fulham 005D,876,56,18,21,24,73,154,133,92,58,58,46,32,38,21,12,19,12,6,3,F,2011
E01001858,Hammersmith and Fulham 006A,889,42,36,31,73,88,99,99,70,73,58,47,39,33,23,14,14,14,23,13,F,2011
E01001860,Hammersmith and Fulham 006B,830,60,33,49,37,86,110,93,80,73,55,44,20,23,16,23,8,12,5,3,F,2011
E01001861,Hammersmith and Fulham 006C,796,57,41,36,31,65,119,88,69,63,74,37,26,22,22,19,13,8,2,4,F,2011
E01001863,Hammersmith and Fulham 006D,770,59,39,22,31,67,108,89,66,74,36,45,42,38,17,14,13,4,4,2,F,2011
E01001864,Hammersmith and Fulham 006E,788,60,41,26,25,63,128,92,68,64,33,41,33,33,20,19,23,8,6,5,F,2011
E01001852,Hammersmith and Fulham 007A,891,35,23,15,15,63,213,154,84,66,43,30,41,37,26,13,13,11,5,4,F,2011
E01001853,Hammersmith and Fulham 007B,800,61,26,37,33,58,117,128,74,71,49,41,24,25,21,12,9,7,4,3,F,2011
E01001854,Hammersmith and Fulham 007C,883,60,28,17,32,72,153,125,100,70,48,37,31,30,20,15,17,13,11,4,F,2011
E01001857,Hammersmith and Fulham 007D,772,48,26,28,37,81,111,71,70,56,39,37,33,41,30,32,13,9,5,5,F,2011
E01001859,Hammersmith and Fulham 008A,1344,118,73,55,68,91,197,205,149,100,75,56,37,35,29,24,11,11,6,4,F,2011
E01001865,Hammersmith and Fulham 008B,794,64,33,29,27,43,103,126,70,66,48,40,42,23,29,16,17,11,2,5,F,2011
E01001927,Hammersmith and Fulham 008C,694,39,40,42,36,29,49,41,50,60,57,44,53,46,31,22,21,17,12,5,F,2011
E01001930,Hammersmith and Fulham 008D,955,41,45,43,51,48,95,86,69,70,71,45,46,54,40,34,26,27,34,30,F,2011
E01001895,Hammersmith and Fulham 009A,787,50,42,33,27,53,106,83,85,57,80,48,31,24,24,15,15,7,4,3,F,2011
E01001896,Hammersmith and Fulham 009B,726,33,36,27,23,74,94,94,70,51,53,32,36,26,23,26,10,11,6,1,F,2011
E01001897,Hammersmith and Fulham 009C,727,65,50,45,21,30,56,83,75,63,53,40,36,39,21,20,12,12,2,4,F,2011
E01001929,Hammersmith and Fulham 009D,644,55,35,19,15,26,62,73,78,63,42,29,26,41,28,15,12,12,10,3,F,2011
E01001851,Hammersmith and Fulham 010A,850,85,36,38,36,42,88,106,99,66,73,34,39,39,26,22,13,4,3,1,F,2011
E01001855,Hammersmith and Fulham 010B,882,54,24,19,24,66,149,155,93,72,47,50,32,33,29,15,8,6,1,5,F,2011
E01001856,Hammersmith and Fulham 010C,851,57,47,50,48,54,133,104,70,69,60,37,45,25,18,13,9,7,3,2,F,2011
E01001869,Hammersmith and Fulham 010D,707,50,39,39,35,29,71,76,60,52,49,40,25,41,23,20,17,21,11,9,F,2011
E01001873,Hammersmith and Fulham 010E,767,57,25,33,26,60,113,92,69,64,57,29,43,27,30,23,5,8,4,2,F,2011
E01001928,Hammersmith and Fulham 011A,864,50,64,48,38,32,91,97,68,79,57,54,44,53,28,22,16,9,6,8,F,2011
E01001931,Hammersmith and Fulham 011B,772,52,41,49,42,43,98,99,93,52,57,38,25,30,19,8,10,9,6,1,F,2011
E01001932,Hammersmith and Fulham 011C,729,43,21,22,27,79,113,95,59,61,62,35,28,27,20,14,10,6,6,1,F,2011
E01001933,Hammersmith and Fulham 011D,676,32,35,31,25,39,46,64,64,46,67,54,24,41,35,23,17,16,15,2,F,2011
E01001866,Hammersmith and Fulham 012A,835,31,37,23,44,77,119,98,65,63,52,53,38,37,24,23,12,16,15,8,F,2011
E01001867,Hammersmith and Fulham 012B,753,43,17,11,13,114,94,86,45,28,29,26,32,42,33,33,27,23,26,31,F,2011
E01001868,Hammersmith and Fulham 012C,705,31,32,48,38,58,75,69,47,51,60,47,40,33,33,12,13,10,4,4,F,2011
E01001870,Hammersmith and Fulham 012D,935,43,16,15,23,120,228,141,85,75,45,26,32,32,27,11,6,7,2,1,F,2011
E01001871,Hammersmith and Fulham 012E,795,23,10,17,27,99,157,103,67,49,40,32,34,34,22,21,23,19,8,10,F,2011
E01001872,Hammersmith and Fulham 012F,804,43,22,22,40,86,114,124,88,61,50,35,28,31,18,20,16,2,0,4,F,2011
E01001893,Hammersmith and Fulham 013A,643,32,36,46,41,57,75,67,50,48,42,38,32,24,10,23,9,8,3,2,F,2011
E01001894,Hammersmith and Fulham 013B,653,28,25,29,35,67,92,82,49,50,36,30,34,30,17,16,16,7,7,3,F,2011
E01001898,Hammersmith and Fulham 013C,758,45,30,32,27,56,125,106,83,49,48,40,16,24,24,21,15,9,5,3,F,2011
E01001899,Hammersmith and Fulham 013D,752,31,41,30,35,60,83,62,64,49,47,47,44,41,26,34,23,14,14,7,F,2011
E01001900,Hammersmith and Fulham 013E,903,35,49,34,30,101,151,88,82,43,58,35,33,35,20,19,24,21,20,25,F,2011
E01001889,Hammersmith and Fulham 014A,683,47,24,11,16,86,124,81,61,43,41,32,26,19,27,17,7,9,9,3,F,2011
E01001910,Hammersmith and Fulham 014B,745,28,24,10,15,70,151,120,87,60,46,27,33,23,15,12,12,4,6,2,F,2011
E01001913,Hammersmith and Fulham 014C,771,29,10,7,9,92,211,159,72,43,34,17,16,15,24,11,9,9,2,2,F,2011
E01001914,Hammersmith and Fulham 014D,840,41,10,10,16,131,203,133,92,49,35,31,28,25,9,14,3,6,3,1,F,2011
E01001885,Hammersmith and Fulham 015A,707,50,47,41,38,45,52,56,54,52,62,39,44,32,33,21,16,15,7,3,F,2011
E01001908,Hammersmith and Fulham 015B,790,44,18,11,13,100,180,136,74,57,37,29,32,30,10,7,5,3,4,0,F,2011
E01001909,Hammersmith and Fulham 015C,904,44,39,31,37,114,126,119,60,69,57,42,35,46,22,31,14,9,6,3,F,2011
E01001911,Hammersmith and Fulham 015D,922,58,51,60,53,83,112,89,66,74,69,52,39,28,24,27,22,7,6,2,F,2011
E01001912,Hammersmith and Fulham 015E,756,51,51,46,43,64,63,81,71,61,55,30,45,23,19,20,15,11,6,1,F,2011
E01001886,Hammersmith and Fulham 016A,807,50,33,31,52,94,87,81,81,52,53,43,36,38,26,19,16,9,5,1,F,2011
E01001887,Hammersmith and Fulham 016B,773,32,29,31,44,103,119,88,44,38,47,39,29,28,29,24,25,7,8,9,F,2011
E01001890,Hammersmith and Fulham 016C,911,50,21,10,23,181,149,109,103,73,45,43,39,22,10,10,8,9,4,2,F,2011
E01001892,Hammersmith and Fulham 016D,694,43,33,34,27,81,95,80,52,54,29,41,31,24,20,14,17,13,3,3,F,2011
E01001880,Hammersmith and Fulham 017A,779,35,30,27,27,55,138,117,57,48,47,31,42,32,25,25,16,14,8,5,F,2011
E01001881,Hammersmith and Fulham 017B,839,42,27,27,20,94,150,125,76,50,45,39,35,24,17,20,16,10,10,12,F,2011
E01001882,Hammersmith and Fulham 017C,929,59,23,18,25,136,202,140,101,56,43,32,25,12,14,17,8,9,7,2,F,2011
E01001883,Hammersmith and Fulham 017D,753,40,22,18,33,88,118,93,73,53,23,35,26,29,29,16,22,21,6,8,F,2011
E01001884,Hammersmith and Fulham 017E,929,43,40,39,37,90,142,115,76,64,48,46,28,40,22,27,23,24,13,12,F,2011
E01001888,Hammersmith and Fulham 018A,804,47,34,29,21,77,116,110,60,65,41,34,36,36,28,17,27,19,2,5,F,2011
E01001891,Hammersmith and Fulham 018B,1040,41,30,11,24,179,229,137,97,54,43,39,38,30,28,21,15,15,9,0,F,2011
E01001917,Hammersmith and Fulham 018C,751,44,30,24,23,54,80,80,58,46,56,39,43,43,38,31,25,21,9,7,F,2011
E01001918,Hammersmith and Fulham 018D,824,71,48,34,20,86,87,77,84,82,43,42,35,31,30,18,16,12,6,2,F,2011
E01001919,Hammersmith and Fulham 018E,865,59,62,54,50,42,73,59,70,88,70,48,42,35,35,16,18,20,17,7,F,2011
E01001879,Hammersmith and Fulham 019A,763,34,26,20,43,84,139,83,47,51,49,41,33,34,26,22,11,13,6,1,F,2011
E01001901,Hammersmith and Fulham 019B,840,71,43,26,26,78,114,126,80,65,53,38,27,26,19,16,13,10,5,4,F,2011
E01001902,Hammersmith and Fulham 019C,873,40,21,15,23,119,179,129,89,53,33,30,32,28,29,19,10,11,9,4,F,2011
E01001903,Hammersmith and Fulham 019D,813,45,31,45,50,83,99,88,64,61,59,37,37,33,21,28,9,15,5,3,F,2011
E01001920,Hammersmith and Fulham 020A,719,32,20,21,22,61,111,80,58,41,46,31,39,39,20,26,23,28,13,8,F,2011
E01001921,Hammersmith and Fulham 020B,768,49,38,17,36,66,95,97,84,50,58,44,24,37,26,16,9,13,5,4,F,2011
E01001922,Hammersmith and Fulham 020C,835,54,39,49,29,51,94,86,66,63,60,53,46,46,28,30,15,16,8,2,F,2011
E01001923,Hammersmith and Fulham 020D,766,41,34,31,35,59,102,93,56,58,51,42,38,42,27,12,17,17,9,2,F,2011
E01001924,Hammersmith and Fulham 020E,837,69,56,47,22,61,119,90,80,79,44,39,40,19,25,11,13,10,9,4,F,2011
E01001947,Hammersmith and Fulham 021A,797,53,53,52,55,63,85,70,72,71,65,47,35,17,20,12,14,8,1,4,F,2011
E01001948,Hammersmith and Fulham 021B,1071,77,64,40,26,90,186,177,109,75,43,39,40,36,30,18,9,7,4,1,F,2011
E01001949,Hammersmith and Fulham 021C,800,43,40,42,32,71,120,123,81,66,50,36,19,29,17,13,7,5,2,4,F,2011
E01001950,Hammersmith and Fulham 021D,826,77,52,33,26,63,153,94,79,70,41,32,30,20,15,18,9,4,7,3,F,2011
E01001951,Hammersmith and Fulham 021E,858,56,39,26,25,75,173,99,74,73,52,26,31,33,15,22,12,15,12,0,F,2011
E01001953,Hammersmith and Fulham 021F,710,28,26,26,24,85,144,102,49,47,35,21,28,12,16,21,13,18,13,2,F,2011
E01001904,Hammersmith and Fulham 022A,822,62,34,22,22,72,166,121,96,59,35,28,24,19,23,15,11,8,3,2,F,2011
E01001905,Hammersmith and Fulham 022B,892,74,49,22,15,89,130,109,96,51,53,40,31,28,35,21,6,20,11,12,F,2011
E01001906,Hammersmith and Fulham 022C,768,39,24,13,18,89,160,125,81,48,34,21,26,25,25,15,10,6,5,4,F,2011
E01001907,Hammersmith and Fulham 022D,704,56,46,28,21,34,114,86,71,58,49,22,29,34,15,14,15,6,5,1,F,2011
E01001935,Hammersmith and Fulham 023A,1092,78,39,27,37,114,193,125,85,80,69,53,38,47,39,27,21,11,6,3,F,2011
E01001939,Hammersmith and Fulham 023C,1152,56,48,60,100,107,147,110,84,79,78,52,45,43,41,37,34,21,7,3,F,2011
E01032788,Hammersmith and Fulham 023D,622,45,21,31,30,61,107,77,54,42,42,23,25,22,13,10,7,7,3,2,F,2011
E01032789,Hammersmith and Fulham 023E,620,44,31,22,23,53,107,106,81,59,26,21,16,11,5,3,3,3,5,1,F,2011
E01032790,Hammersmith and Fulham 023F,580,43,48,21,19,32,80,72,64,54,33,17,26,18,18,4,6,7,10,8,F,2011
E01001915,Hammersmith and Fulham 024A,770,49,55,48,32,37,79,56,62,60,70,36,33,42,24,24,16,21,15,11,F,2011
E01001916,Hammersmith and Fulham 024B,747,34,32,33,17,30,66,59,51,40,50,50,42,55,37,41,32,41,18,19,F,2011
E01001926,Hammersmith and Fulham 024C,730,55,44,21,13,62,87,94,89,55,48,31,29,27,15,21,11,20,5,3,F,2011
E01001952,Hammersmith and Fulham 024D,830,34,15,16,15,123,193,134,78,42,38,22,19,33,23,10,9,14,3,9,F,2011
E01001925,Hammersmith and Fulham 025A,827,55,71,43,40,45,81,66,83,84,62,56,28,30,27,18,15,18,2,3,F,2011
E01001934,Hammersmith and Fulham 025B,839,53,51,47,39,63,107,59,65,66,66,60,39,27,25,19,24,13,11,5,F,2011
E01001937,Hammersmith and Fulham 025C,909,72,45,18,17,107,138,98,82,68,48,45,41,36,35,34,9,8,6,2,F,2011
E01001938,Hammersmith and Fulham 025D,815,59,51,38,30,69,103,109,68,68,55,46,23,30,18,17,13,8,5,5,F,2011
E09000014,,128729,8910,7755,7368,7076,9288,14108,13608,11048,10080,9114,7212,5739,4974,3636,3048,2462,1714,989,600,F,2011
E01001969,Haringey 001A,984,74,41,34,46,70,120,136,78,64,58,62,29,47,29,33,22,15,13,13,F,2011
E01001971,Haringey 001B,978,63,73,82,67,67,79,83,81,79,86,55,33,36,20,20,27,10,10,7,F,2011
E01001974,Haringey 001C,1081,62,44,37,37,82,183,140,108,73,62,55,38,40,35,34,20,15,10,6,F,2011
E01001975,Haringey 001D,872,66,25,24,41,71,140,134,94,53,58,44,32,35,19,16,13,4,0,3,F,2011
E01002036,Haringey 002A,807,67,67,46,66,54,69,59,68,54,71,56,36,20,25,18,14,13,2,2,F,2011
E01002037,Haringey 002B,808,79,65,53,56,60,77,50,62,61,54,59,35,31,23,22,7,7,4,3,F,2011
E01002039,Haringey 002C,870,92,61,85,66,64,65,73,68,73,62,56,25,23,16,13,16,4,2,6,F,2011
E01002040,Haringey 002D,1013,88,74,69,73,66,105,75,66,78,75,69,43,45,24,30,9,11,7,6,F,2011
E01001962,Haringey 004A,893,69,72,67,49,32,59,53,90,78,73,61,53,46,39,20,18,8,5,1,F,2011
E01001970,Haringey 004B,1023,60,73,65,64,107,99,108,79,88,87,58,38,33,25,5,19,5,5,5,F,2011
E01001972,Haringey 004C,831,59,38,38,42,56,89,71,92,57,64,39,48,31,29,30,25,13,7,3,F,2011
E01001973,Haringey 004D,1170,62,67,68,62,72,132,104,84,102,73,72,52,57,47,36,31,24,19,6,F,2011
E01002090,Haringey 005A,811,53,60,53,65,59,56,53,61,64,64,59,50,32,32,20,13,9,6,2,F,2011
E01002093,Haringey 005B,965,67,88,72,73,50,58,76,61,81,96,58,39,43,32,23,26,9,5,8,F,2011
E01002096,Haringey 005C,871,55,65,92,78,49,47,60,73,66,63,54,42,25,24,20,20,20,14,4,F,2011
E01002097,Haringey 005D,927,67,98,87,71,59,67,69,69,96,78,59,28,23,18,13,10,4,8,3,F,2011
E01002091,Haringey 006A,983,59,76,85,72,62,67,59,62,71,73,52,52,40,44,29,34,18,19,9,F,2011
E01002092,Haringey 006B,886,86,73,59,72,59,92,99,76,74,65,49,26,17,14,12,4,8,0,1,F,2011
E01002094,Haringey 006C,841,57,58,86,62,49,65,51,74,79,81,56,37,27,19,14,12,10,4,0,F,2011
E01002095,Haringey 006D,892,63,64,89,75,55,65,77,66,81,85,50,44,30,11,16,8,8,3,2,F,2011
E01002098,Haringey 007A,698,46,29,26,27,41,96,92,64,53,45,52,41,16,15,15,15,13,6,6,F,2011
E01002101,Haringey 007B,872,60,45,43,43,70,97,116,79,60,68,42,36,26,27,21,22,10,7,0,F,2011
E01002102,Haringey 007C,1002,63,47,48,53,96,129,144,102,69,54,46,30,35,24,26,15,13,6,2,F,2011
E01002105,Haringey 007D,1027,78,42,58,41,105,158,151,71,71,55,49,35,32,17,25,18,11,8,2,F,2011
E01002099,Haringey 008A,1089,81,81,82,67,86,108,115,81,86,73,58,39,33,27,22,24,13,8,5,F,2011
E01002100,Haringey 008B,971,67,70,64,58,85,103,107,79,64,61,46,44,36,25,26,19,6,7,4,F,2011
E01002103,Haringey 008C,904,52,58,31,46,80,132,101,68,57,60,47,44,34,28,19,24,14,4,5,F,2011
E01002104,Haringey 008D,731,31,38,51,39,65,66,73,55,49,49,41,48,42,21,20,19,12,6,6,F,2011
E01001963,Haringey 009A,903,60,65,67,42,35,53,63,72,94,80,73,41,53,39,21,15,19,8,3,F,2011
E01001964,Haringey 009B,804,53,37,31,41,42,76,89,102,74,59,55,48,37,21,19,5,10,4,1,F,2011
E01001965,Haringey 009C,842,63,74,43,31,28,62,82,77,105,68,57,56,39,18,9,14,11,5,0,F,2011
E01001966,Haringey 009D,756,43,56,42,51,36,45,44,61,50,66,58,51,47,42,31,15,11,7,0,F,2011
E01002027,Haringey 010A,801,51,45,36,33,86,82,79,57,61,55,60,29,29,30,18,29,11,7,3,F,2011
E01002028,Haringey 010B,898,42,34,57,46,94,111,86,82,62,67,44,41,47,24,24,16,10,8,3,F,2011
E01002032,Haringey 010C,950,63,65,55,60,70,110,103,75,75,76,44,47,42,18,14,16,10,6,1,F,2011
E01002033,Haringey 010D,1004,63,77,78,49,55,118,104,84,66,78,60,39,29,31,27,23,13,6,4,F,2011
E01001976,Haringey 011A,842,67,51,56,48,50,76,86,73,69,63,60,36,20,25,25,20,11,5,1,F,2011
E01001977,Haringey 011B,810,79,61,54,52,51,85,81,60,59,52,32,33,27,26,24,16,10,6,2,F,2011
E01001978,Haringey 011C,940,65,50,54,60,68,96,95,79,75,67,60,25,31,28,27,28,19,9,4,F,2011
E01001979,Haringey 011D,1098,87,80,87,86,104,111,94,75,96,66,69,42,39,18,16,12,11,5,0,F,2011
E01002074,Haringey 012A,1079,111,83,86,71,66,85,97,81,87,88,59,38,27,18,27,24,12,12,7,F,2011
E01002077,Haringey 012B,1050,106,67,83,67,118,113,79,81,83,76,60,28,32,10,11,15,12,7,2,F,2011
E01002079,Haringey 012C,864,67,70,57,48,72,66,67,69,86,66,44,46,29,30,17,18,7,2,3,F,2011
E01002081,Haringey 012D,902,57,56,53,92,112,69,61,64,57,63,48,38,35,30,26,19,17,5,0,F,2011
E01002082,Haringey 013A,782,40,61,72,80,55,46,59,54,78,51,58,38,39,16,17,13,4,1,0,F,2011
E01002086,Haringey 013B,827,53,50,48,57,51,81,63,60,65,77,48,47,26,24,20,21,24,4,8,F,2011
E01002088,Haringey 013C,919,54,39,41,43,75,122,125,80,53,48,44,49,37,23,32,27,15,7,5,F,2011
E01002089,Haringey 013D,765,67,67,60,65,50,54,58,54,53,74,44,47,22,22,10,12,4,2,0,F,2011
E01001967,Haringey 014A,896,54,59,63,54,48,57,47,79,60,88,70,52,42,31,24,19,21,11,17,F,2011
E01001968,Haringey 014B,926,57,50,38,54,43,87,116,93,66,90,46,40,51,28,23,17,7,7,13,F,2011
E01001996,Haringey 014C,833,48,44,46,44,44,63,75,81,70,77,63,53,31,30,18,13,12,11,10,F,2011
E01001997,Haringey 014D,791,40,38,30,30,49,129,84,91,70,51,34,39,42,19,10,2,11,14,8,F,2011
E01002075,Haringey 015A,911,66,67,72,78,123,66,77,60,65,73,42,29,29,22,17,18,4,3,0,F,2011
E01002076,Haringey 015B,976,67,71,63,78,101,75,93,70,74,71,50,39,38,25,30,16,6,7,2,F,2011
E01002078,Haringey 015C,1094,69,62,81,83,81,99,104,97,98,90,71,48,44,27,18,11,5,4,2,F,2011
E01002080,Haringey 015D,706,52,35,29,45,90,78,60,42,52,45,48,24,39,21,19,12,8,2,5,F,2011
E01002026,Haringey 016A,844,60,54,64,49,76,95,81,58,54,53,43,38,29,32,20,12,16,7,3,F,2011
E01002029,Haringey 016B,940,56,44,50,95,125,111,115,73,83,42,35,19,19,25,17,16,7,7,1,F,2011
E01002030,Haringey 016C,780,55,43,34,36,79,93,77,68,50,56,40,36,32,18,30,14,14,2,3,F,2011
E01002031,Haringey 016D,962,52,39,42,43,103,168,134,79,47,48,49,32,34,28,25,15,13,8,3,F,2011
E01001991,Haringey 017A,936,70,53,60,45,44,96,114,83,82,83,39,28,19,20,13,15,18,28,26,F,2011
E01001992,Haringey 017B,856,43,63,62,44,25,65,57,48,75,82,51,45,58,39,35,22,26,10,6,F,2011
E01001993,Haringey 017C,860,58,68,77,52,22,28,33,58,86,67,71,63,48,43,27,23,9,20,7,F,2011
E01001995,Haringey 017D,1291,110,85,87,89,69,85,102,129,106,120,90,62,45,30,23,22,17,13,7,F,2011
E01001980,Haringey 018A,923,62,81,55,53,70,89,88,103,57,63,54,43,29,22,18,19,7,5,5,F,2011
E01001981,Haringey 018B,882,52,84,49,41,73,110,79,71,60,65,54,26,35,27,18,16,13,7,2,F,2011
E01001982,Haringey 018C,863,73,39,47,55,67,99,79,68,66,66,48,41,39,22,23,15,9,6,1,F,2011
E01001983,Haringey 018D,856,60,56,48,51,56,73,81,81,68,67,62,41,32,26,13,21,8,7,5,F,2011
E01002083,Haringey 019A,714,39,33,26,25,66,105,65,55,46,28,48,31,35,27,27,23,20,11,4,F,2011
E01002084,Haringey 019B,786,59,53,34,39,77,99,68,69,64,42,38,37,25,20,24,21,14,3,0,F,2011
E01002085,Haringey 019C,1093,71,67,51,52,115,140,128,86,78,62,54,57,34,28,44,9,10,6,1,F,2011
E01002087,Haringey 019D,769,51,30,31,40,78,99,78,59,71,49,33,32,34,13,24,24,11,8,4,F,2011
E01002014,Haringey 020B,867,61,44,25,47,39,133,121,103,66,42,45,35,36,29,18,12,6,5,0,F,2011
E01002015,Haringey 020C,766,31,41,49,36,39,64,67,52,65,58,48,51,56,30,27,21,17,9,5,F,2011
E01002018,Haringey 020D,742,43,53,38,37,31,44,67,62,71,70,45,46,36,29,18,19,18,12,3,F,2011
E01033085,Haringey 020E,863,56,48,29,49,70,147,177,93,57,43,25,20,12,12,8,7,6,3,1,F,2011
E01033086,Haringey 020F,586,44,35,45,36,35,42,51,48,44,54,26,34,26,17,18,13,15,3,0,F,2011
E01002020,Haringey 021A,822,36,35,46,35,50,79,97,76,83,55,45,51,50,20,29,13,13,4,5,F,2011
E01002022,Haringey 021B,983,48,41,26,41,50,158,156,103,80,47,49,43,34,21,16,13,21,19,17,F,2011
E01002023,Haringey 021C,767,37,44,40,46,35,49,64,62,50,61,64,59,44,28,27,16,20,13,8,F,2011
E01002025,Haringey 021D,847,50,43,62,41,47,57,103,72,59,61,64,44,49,34,24,17,14,5,1,F,2011
E01002013,Haringey 022A,760,64,47,28,26,29,46,77,98,79,62,43,37,44,25,15,16,9,8,7,F,2011
E01002019,Haringey 022B,683,49,31,31,32,38,46,38,49,57,50,61,52,51,36,24,20,8,6,4,F,2011
E01002021,Haringey 022C,778,46,44,50,39,37,43,56,57,58,56,58,61,62,44,20,16,14,11,6,F,2011
E01002024,Haringey 022D,686,48,38,44,29,22,61,55,50,64,64,49,33,29,30,13,25,16,12,4,F,2011
E01001998,Haringey 023A,959,47,46,19,21,104,168,134,95,63,54,40,26,36,24,27,29,16,7,3,F,2011
E01001999,Haringey 023B,978,68,31,32,35,111,162,136,82,71,48,44,26,32,23,30,20,17,7,3,F,2011
E01002003,Haringey 023C,1115,80,72,57,61,147,164,155,88,74,51,39,34,32,14,14,13,16,3,1,F,2011
E01002004,Haringey 023D,920,54,33,35,49,113,109,107,71,58,56,49,52,36,28,22,25,19,3,1,F,2011
E01002067,Haringey 024A,856,62,47,50,39,60,84,84,69,62,62,63,39,48,33,18,16,12,4,4,F,2011
E01002069,Haringey 024B,986,59,41,51,59,97,99,99,75,64,70,74,47,43,26,26,18,16,12,10,F,2011
E01002070,Haringey 024C,1018,83,69,57,59,70,101,98,82,95,83,48,56,32,34,16,21,8,2,4,F,2011
E01002073,Haringey 024D,880,90,29,50,70,56,91,81,68,90,60,46,44,36,18,20,12,12,2,5,F,2011
E01002066,Haringey 025A,1025,76,90,75,70,85,95,102,82,102,75,57,25,25,15,20,18,10,0,3,F,2011
E01002068,Haringey 025B,852,68,31,38,40,78,127,112,72,51,59,38,42,29,19,23,15,5,5,0,F,2011
E01002071,Haringey 025C,825,62,53,65,49,45,96,99,56,70,68,39,32,25,19,19,19,7,1,1,F,2011
E01002072,Haringey 025D,965,64,40,51,71,124,115,75,67,71,53,61,42,30,31,33,17,5,6,9,F,2011
E01002043,Haringey 026A,989,95,65,52,50,86,138,130,105,43,68,32,37,21,29,15,13,6,4,0,F,2011
E01002045,Haringey 026B,976,87,78,66,58,68,88,104,88,82,78,46,34,35,20,18,13,8,3,2,F,2011
E01002046,Haringey 026C,886,50,63,55,50,51,91,67,64,71,58,42,46,53,38,38,19,7,14,9,F,2011
E01002049,Haringey 026D,966,53,66,58,73,62,95,81,77,80,67,65,41,39,38,33,23,8,2,5,F,2011
E01002042,Haringey 027A,694,48,29,30,22,54,92,107,54,42,60,28,33,15,17,21,14,23,4,1,F,2011
E01002044,Haringey 027B,841,66,22,25,26,103,138,129,81,41,35,41,26,26,19,25,20,11,7,0,F,2011
E01002047,Haringey 027C,851,59,28,23,24,82,177,120,68,36,39,40,32,37,17,26,23,8,10,2,F,2011
E01002048,Haringey 027D,917,80,48,42,40,86,105,104,77,60,55,49,56,20,16,28,20,11,14,6,F,2011
E01002016,Haringey 028A,1021,60,55,56,49,45,132,136,112,90,66,56,53,35,21,20,21,4,8,2,F,2011
E01002017,Haringey 028B,868,48,43,26,40,83,112,105,97,72,59,46,49,34,21,9,4,11,9,0,F,2011
E01002059,Haringey 028C,847,64,53,52,42,39,78,61,79,77,76,62,47,37,23,18,14,14,8,3,F,2011
E01002060,Haringey 028D,901,54,49,47,34,29,97,112,102,87,82,54,50,34,26,19,11,9,4,1,F,2011
E01002050,Haringey 029A,932,88,126,113,67,58,68,88,61,50,48,31,42,21,25,20,12,6,7,1,F,2011
E01002051,Haringey 029B,833,57,48,53,50,60,103,96,72,65,50,55,33,28,15,20,16,7,3,2,F,2011
E01002052,Haringey 029C,1015,138,136,104,70,46,76,103,70,46,50,31,33,41,24,14,13,14,5,1,F,2011
E01002055,Haringey 029D,814,92,101,72,54,50,87,77,52,29,42,37,30,29,20,15,10,12,2,3,F,2011
E01001994,Haringey 030A,916,48,42,40,41,53,122,101,86,55,46,46,56,52,33,28,28,20,12,7,F,2011
E01002008,Haringey 030B,837,44,51,49,34,26,43,51,55,77,68,65,46,62,42,38,31,25,16,14,F,2011
E01002010,Haringey 030C,881,62,42,38,37,36,70,80,88,64,67,66,32,40,32,35,21,27,9,35,F,2011
E01002011,Haringey 030D,811,47,37,28,16,39,107,126,86,78,56,41,32,29,28,17,17,13,10,4,F,2011
E01002000,Haringey 031A,874,69,37,32,38,84,140,101,93,55,60,37,21,23,19,17,18,19,10,1,F,2011
E01002001,Haringey 031B,803,45,36,27,23,93,136,111,67,59,42,36,34,23,22,16,17,10,3,3,F,2011
E01002002,Haringey 031C,834,42,28,26,32,103,138,131,56,72,56,37,25,31,14,19,14,7,3,0,F,2011
E01002058,Haringey 031D,819,46,38,20,24,70,160,104,83,63,49,38,38,21,20,18,12,11,3,1,F,2011
E01002053,Haringey 032A,885,55,56,74,54,64,91,71,71,60,69,58,34,42,24,19,20,12,7,4,F,2011
E01002054,Haringey 032B,858,67,64,67,56,50,91,76,87,67,72,60,21,25,13,17,12,6,5,2,F,2011
E01002056,Haringey 032C,962,56,66,53,55,105,119,96,86,86,58,37,34,32,25,14,15,16,6,3,F,2011
E01002057,Haringey 032D,802,55,44,40,37,79,101,92,68,66,49,40,33,24,24,21,12,8,6,3,F,2011
E01001984,Haringey 033A,773,55,37,20,18,29,105,77,96,84,55,31,35,33,26,30,19,14,7,2,F,2011
E01001985,Haringey 033B,857,59,49,40,30,30,87,97,71,93,63,54,46,31,35,17,18,14,11,12,F,2011
E01001987,Haringey 033C,904,55,38,39,28,30,85,115,80,107,71,48,43,44,47,29,17,13,8,7,F,2011
E01001989,Haringey 033D,912,66,60,36,45,34,75,97,93,70,78,56,50,48,30,23,22,19,7,3,F,2011
E01001986,Haringey 034A,844,53,43,41,41,25,95,101,81,75,67,62,50,36,19,19,17,8,8,3,F,2011
E01001988,Haringey 034B,924,68,42,39,35,27,114,141,100,84,63,51,43,42,31,15,16,8,3,2,F,2011
E01001990,Haringey 034C,1000,53,33,28,24,59,195,161,121,86,64,37,43,40,25,7,11,9,4,0,F,2011
E01002062,Haringey 034D,907,43,40,31,20,44,129,140,104,81,76,56,46,39,23,10,13,9,2,1,F,2011
E01002005,Haringey 035A,804,61,28,20,15,41,158,157,101,62,41,31,31,18,13,8,11,6,1,1,F,2011
E01002006,Haringey 035B,840,51,28,25,24,56,129,147,98,69,57,31,37,21,23,16,12,9,5,2,F,2011
E01002007,Haringey 035C,848,39,27,47,20,44,115,119,54,73,55,42,34,36,33,32,31,21,13,13,F,2011
E01002009,Haringey 035D,837,42,35,48,40,77,90,93,69,55,58,44,37,41,37,27,13,10,13,8,F,2011
E01002061,Haringey 036A,844,48,44,39,23,55,132,135,71,68,51,38,45,32,32,14,7,5,2,3,F,2011
E01002063,Haringey 036B,799,50,29,42,41,41,125,105,89,73,54,35,35,30,18,8,12,11,1,0,F,2011
E01002064,Haringey 036C,779,37,35,58,32,49,104,110,66,72,47,52,41,22,22,11,11,6,3,1,F,2011
E01002065,Haringey 036D,814,38,16,23,25,58,180,120,83,56,49,42,31,27,17,14,11,14,7,3,F,2011
E01002034,Haringey 037A,919,92,71,64,44,72,83,77,88,80,66,40,39,24,23,18,17,10,2,9,F,2011
E01002038,Haringey 037B,849,62,77,49,76,61,70,88,68,58,59,51,33,27,7,22,19,16,4,2,F,2011
E01002041,Haringey 037C,969,80,58,56,77,69,91,88,76,83,59,54,36,30,25,33,21,17,10,6,F,2011
E01032575,Haringey 037D,1020,116,90,69,97,58,78,90,70,97,83,47,34,26,21,19,13,8,4,0,F,2011
E09000019,,104475,6001,4734,4491,5261,10787,15315,12307,8618,7225,6674,5281,4089,3748,2873,2312,1925,1460,864,510,F,2011
E01002755,Islington 001A,691,53,33,34,33,43,58,67,72,61,47,50,38,32,14,19,17,11,5,4,F,2011
E01002756,Islington 001B,685,30,32,30,31,34,84,101,57,60,58,43,29,36,17,23,7,9,3,1,F,2011
E01002758,Islington 001C,789,75,46,45,39,55,105,91,73,47,54,38,35,31,22,16,9,5,3,0,F,2011
E01002804,Islington 001D,852,52,40,56,58,83,93,98,57,55,65,65,43,29,18,17,18,2,2,1,F,2011
E01002807,Islington 001E,954,55,52,53,38,96,145,107,106,66,55,36,25,38,25,20,19,10,8,0,F,2011
E01002811,Islington 001F,814,77,41,47,36,51,70,93,71,73,58,53,28,37,25,20,9,12,9,4,F,2011
E01002753,Islington 002A,744,36,30,34,44,84,96,64,63,54,44,50,39,34,22,29,13,2,4,2,F,2011
E01002754,Islington 002B,788,51,49,43,43,60,89,67,80,66,57,38,38,35,29,17,11,10,3,2,F,2011
E01002757,Islington 002C,785,71,33,51,38,66,61,73,59,87,52,56,41,31,30,21,10,2,2,1,F,2011
E01002759,Islington 002D,869,40,31,50,32,58,120,86,63,58,70,46,47,43,36,24,23,15,16,11,F,2011
E01002760,Islington 002E,830,59,47,56,47,86,81,76,55,57,57,43,43,28,35,17,16,13,10,4,F,2011
E01002772,Islington 002F,926,53,36,41,25,92,165,113,94,59,59,28,39,29,32,15,21,8,8,9,F,2011
E01002735,Islington 003A,812,36,34,38,22,77,151,99,87,46,50,56,31,26,14,21,10,7,6,1,F,2011
E01002805,Islington 003B,779,38,33,26,28,79,145,111,57,64,60,30,24,25,18,8,12,7,8,6,F,2011
E01002806,Islington 003C,836,54,38,34,43,57,107,88,72,69,58,58,42,34,24,18,22,10,5,3,F,2011
E01002808,Islington 003D,987,60,41,35,33,91,151,130,99,58,59,62,36,45,26,20,18,12,6,5,F,2011
E01002809,Islington 003E,832,69,27,40,37,74,114,81,90,61,72,43,27,27,20,22,13,10,4,1,F,2011
E01002810,Islington 003F,830,53,45,36,50,68,96,89,81,59,60,47,44,34,28,10,7,11,7,5,F,2011
E01002768,Islington 004A,845,32,34,37,34,70,93,94,82,47,62,65,39,40,34,35,21,16,6,4,F,2011
E01002770,Islington 004B,783,36,33,34,27,79,105,99,79,55,37,30,31,29,28,19,18,23,11,10,F,2011
E01002771,Islington 004C,796,53,37,40,47,47,93,77,75,64,73,43,35,40,25,15,16,9,5,2,F,2011
E01002773,Islington 004D,715,45,30,37,27,49,73,77,49,39,45,39,33,28,45,35,23,21,13,7,F,2011
E01002774,Islington 004E,1082,70,53,35,42,87,152,111,96,107,70,83,40,25,27,22,28,15,15,4,F,2011
E01002732,Islington 005A,908,49,43,56,47,83,108,92,72,60,81,50,38,33,28,25,19,13,8,3,F,2011
E01002734,Islington 005B,842,87,46,62,47,83,124,84,60,56,61,38,10,33,10,22,10,3,3,3,F,2011
E01002736,Islington 005C,815,47,66,63,45,51,64,56,56,48,51,22,30,41,29,29,30,24,28,35,F,2011
E01002737,Islington 005D,1032,88,77,73,74,71,113,113,77,64,58,45,42,43,32,27,19,12,2,2,F,2011
E01002751,Islington 005E,883,67,44,48,38,86,139,85,86,60,55,50,28,28,25,20,14,4,5,1,F,2011
E01002742,Islington 006A,766,51,36,17,24,51,119,98,72,56,50,46,48,33,24,21,11,7,1,1,F,2011
E01002747,Islington 006B,753,41,34,35,24,59,119,96,64,62,58,33,27,27,20,23,13,10,4,4,F,2011
E01002748,Islington 006C,743,48,42,39,60,51,111,79,63,60,53,38,31,22,16,6,10,7,6,1,F,2011
E01002749,Islington 006D,704,58,62,36,29,51,94,75,60,52,46,32,33,31,12,13,9,7,3,1,F,2011
E01033493,Islington 006F,571,17,6,5,5,71,214,130,57,22,13,13,7,1,4,3,3,0,0,0,F,2011
E01033494,Islington 006G,741,44,40,21,21,58,117,103,79,50,32,41,29,35,22,20,9,14,2,4,F,2011
E01002730,Islington 007A,883,48,20,33,40,126,164,106,58,57,50,32,42,26,28,14,11,13,12,3,F,2011
E01002731,Islington 007B,1154,52,26,40,46,161,237,162,113,77,51,43,33,26,34,15,14,11,11,2,F,2011
E01002733,Islington 007C,732,38,29,18,19,98,142,96,60,55,32,29,31,27,17,13,10,10,7,1,F,2011
E01002763,Islington 007D,703,26,28,16,46,137,102,69,47,43,44,24,21,19,23,12,22,10,8,6,F,2011
E01002769,Islington 008A,1098,53,45,39,115,186,129,93,71,75,57,62,46,42,32,17,19,8,4,5,F,2011
E01002785,Islington 008B,978,75,57,47,41,61,113,110,90,64,76,52,44,41,38,27,20,13,6,3,F,2011
E01002788,Islington 008C,910,42,35,17,31,83,136,148,89,62,72,47,47,36,28,19,8,6,1,3,F,2011
E01002789,Islington 008D,942,52,39,32,38,49,116,107,94,79,77,66,49,45,48,24,10,13,3,1,F,2011
E01002738,Islington 009A,931,53,49,35,32,48,114,113,83,74,66,58,43,43,38,25,15,23,10,9,F,2011
E01002741,Islington 009B,795,55,45,39,34,91,98,103,59,51,43,31,37,21,16,15,17,18,15,7,F,2011
E01002743,Islington 009C,839,48,64,28,33,74,105,105,80,56,48,38,34,28,24,13,15,21,14,11,F,2011
E01002744,Islington 009D,694,39,20,22,30,43,104,111,64,52,41,40,32,29,22,16,17,6,5,1,F,2011
E01002752,Islington 009E,817,55,42,51,51,48,101,103,71,49,63,59,33,26,21,18,9,5,8,4,F,2011
E01002764,Islington 010A,897,38,48,52,51,101,118,82,69,62,56,42,32,22,33,31,24,18,13,5,F,2011
E01002783,Islington 010B,739,38,31,27,37,70,107,90,54,49,46,40,39,30,18,12,18,15,10,8,F,2011
E01002784,Islington 010C,901,68,42,41,51,84,96,104,68,77,57,54,29,31,23,19,26,15,7,9,F,2011
E01002786,Islington 010D,895,57,61,40,29,96,134,108,50,64,71,44,34,31,17,22,16,12,7,2,F,2011
E01002787,Islington 010E,970,31,33,34,50,161,156,106,77,89,85,45,24,24,11,10,15,8,10,1,F,2011
E01002762,Islington 011C,981,44,23,39,36,120,186,112,85,52,65,53,37,39,48,21,11,6,3,1,F,2011
E01002767,Islington 011D,1075,47,46,57,55,103,167,93,102,63,66,61,57,46,29,23,34,15,7,4,F,2011
E01033486,Islington 011E,548,26,25,29,34,72,75,61,53,34,27,35,26,10,8,14,6,9,0,4,F,2011
E01033487,Islington 011F,605,44,18,21,21,61,157,139,68,25,19,10,9,5,3,0,1,3,0,1,F,2011
E01033488,Islington 011G,637,31,33,21,34,83,122,79,58,37,34,25,13,13,5,19,15,10,4,1,F,2011
E01033491,Islington 011H,812,42,26,20,37,102,178,118,57,59,40,38,25,20,20,12,5,8,2,3,F,2011
E01033492,Islington 011I,634,32,11,12,13,71,159,170,65,32,15,18,6,11,7,5,4,2,1,0,F,2011
E01002777,Islington 012A,841,24,37,26,26,50,157,132,80,61,72,34,30,38,19,23,7,13,9,3,F,2011
E01002778,Islington 012B,928,91,53,53,86,69,116,95,70,57,57,30,36,30,17,13,27,11,10,7,F,2011
E01002779,Islington 012C,993,48,50,31,37,117,215,143,78,66,54,44,23,30,17,14,5,12,1,8,F,2011
E01002781,Islington 012D,700,40,40,33,46,49,100,60,51,57,49,55,34,25,14,12,12,11,10,2,F,2011
E01002782,Islington 012E,792,50,63,51,57,59,72,89,68,68,60,40,19,25,17,14,18,10,11,1,F,2011
E01002739,Islington 013A,949,63,51,35,31,72,131,110,78,80,65,54,33,46,26,19,23,16,10,6,F,2011
E01002740,Islington 013B,913,65,48,41,25,69,132,126,78,60,65,51,48,39,22,11,15,15,1,2,F,2011
E01002745,Islington 013C,770,39,39,20,52,47,97,114,64,55,55,51,40,21,31,13,10,10,7,5,F,2011
E01002795,Islington 013D,986,41,43,44,49,73,192,154,75,74,63,41,38,35,23,15,11,7,5,3,F,2011
E01002796,Islington 013E,544,16,16,20,31,46,94,60,43,39,46,26,26,21,22,23,8,4,3,0,F,2011
E01002716,Islington 014A,1281,70,78,69,63,118,190,144,106,93,75,59,39,37,29,38,29,21,13,10,F,2011
E01002718,Islington 014B,834,33,24,29,23,64,170,116,62,62,54,53,32,30,25,17,17,13,8,2,F,2011
E01002721,Islington 014C,862,52,31,25,34,48,117,124,84,66,64,53,45,41,17,14,16,15,11,5,F,2011
E01002775,Islington 014D,739,43,21,27,26,41,154,119,73,51,50,34,29,22,16,14,5,8,3,3,F,2011
E01002776,Islington 014E,872,72,50,38,27,62,153,105,66,51,62,49,28,21,17,17,23,13,12,6,F,2011
E01002780,Islington 014F,865,71,50,27,31,53,118,125,97,69,61,38,41,34,17,15,9,8,1,0,F,2011
E01002708,Islington 015A,999,54,41,50,50,175,136,109,74,60,54,34,28,38,32,23,16,14,9,2,F,2011
E01002712,Islington 015B,609,27,38,23,25,64,119,84,44,39,30,27,16,18,21,15,10,4,4,1,F,2011
E01002713,Islington 015C,812,52,40,32,46,53,86,81,47,48,51,40,39,38,47,42,29,16,18,7,F,2011
E01002765,Islington 015D,1313,65,73,75,108,184,180,129,114,79,65,53,46,29,34,25,29,16,5,4,F,2011
E01002766,Islington 015E,939,51,48,57,59,158,104,79,66,52,59,32,43,35,20,20,19,20,12,5,F,2011
E01002717,Islington 016A,668,37,37,30,35,50,95,70,51,53,36,42,28,33,21,20,11,11,3,5,F,2011
E01002719,Islington 016B,800,56,28,32,20,51,95,107,60,65,47,55,35,37,27,25,14,22,16,8,F,2011
E01002720,Islington 016C,1274,89,89,74,79,110,168,129,107,107,83,63,41,38,22,24,23,16,4,8,F,2011
E01002790,Islington 016D,760,50,30,28,35,66,88,53,58,64,64,49,43,29,28,23,31,11,7,3,F,2011
E01002791,Islington 016E,765,37,32,16,24,59,120,118,64,50,43,47,27,28,29,21,28,14,3,5,F,2011
E01002793,Islington 016F,962,34,37,37,40,95,178,114,83,59,66,54,37,36,29,26,15,8,8,6,F,2011
E01002698,Islington 017A,1025,60,33,29,39,80,211,157,87,64,73,51,36,40,26,12,16,6,2,3,F,2011
E01002699,Islington 017B,737,33,18,18,24,47,100,112,67,45,57,47,32,59,28,22,19,5,2,2,F,2011
E01002700,Islington 017C,708,40,36,28,29,47,76,73,50,63,61,35,41,46,32,23,9,11,4,4,F,2011
E01002714,Islington 017D,865,44,35,28,45,91,139,118,66,68,57,49,44,31,19,13,8,6,1,3,F,2011
E01002792,Islington 017E,967,67,34,29,35,76,183,146,73,71,57,49,38,38,25,20,9,10,3,4,F,2011
E01002722,Islington 018A,660,33,31,35,27,48,67,91,41,56,55,27,31,27,16,30,21,15,6,3,F,2011
E01002797,Islington 018B,949,56,43,35,40,92,143,122,69,85,57,38,34,34,39,19,15,16,8,4,F,2011
E01002798,Islington 018C,952,64,34,28,31,65,146,125,74,69,68,53,49,41,26,31,16,19,8,5,F,2011
E01002799,Islington 018D,974,65,34,66,48,77,141,115,69,67,68,39,37,31,38,22,19,19,12,7,F,2011
E01002800,Islington 018E,543,39,36,46,47,28,37,33,42,58,51,33,23,12,20,11,15,9,2,1,F,2011
E01002694,Islington 019A,846,51,54,46,65,80,100,77,60,70,60,48,28,26,19,22,18,11,7,4,F,2011
E01002697,Islington 019B,1107,54,45,64,119,268,115,59,75,58,50,29,29,34,18,25,25,20,11,9,F,2011
E01002709,Islington 019C,872,46,31,47,48,105,137,90,55,41,36,43,37,36,34,24,29,20,7,6,F,2011
E01002710,Islington 019D,887,68,69,50,43,96,77,75,68,67,50,53,44,40,19,14,21,17,9,7,F,2011
E01002715,Islington 019E,787,68,41,52,45,107,107,76,48,52,36,45,20,15,21,21,17,13,3,0,F,2011
E01002696,Islington 020A,925,48,31,27,23,58,175,127,94,58,51,55,51,38,40,18,15,9,4,3,F,2011
E01002794,Islington 020B,884,37,29,44,31,88,159,100,69,63,62,41,36,35,27,15,19,19,6,4,F,2011
E01002801,Islington 020C,755,34,25,22,23,46,126,97,66,53,60,49,35,33,24,13,17,22,7,3,F,2011
E01002802,Islington 020D,750,46,29,35,21,50,116,100,68,54,54,43,27,34,26,17,20,7,3,0,F,2011
E01002803,Islington 020E,996,47,34,26,41,156,166,125,72,55,52,49,41,37,20,20,23,13,13,6,F,2011
E01002695,Islington 021A,892,31,46,54,22,106,176,113,61,44,36,28,29,26,17,26,27,17,20,13,F,2011
E01002711,Islington 021B,921,43,22,30,37,133,182,120,87,74,57,34,38,28,14,10,9,3,0,0,F,2011
E01002727,Islington 021C,803,38,34,25,26,65,114,106,77,61,54,50,41,35,20,15,11,14,12,5,F,2011
E01002728,Islington 021D,866,26,18,23,133,253,121,60,56,45,30,23,14,10,7,15,9,15,6,2,F,2011
E01002729,Islington 021E,821,29,40,33,38,76,106,70,69,65,65,44,34,54,25,21,18,17,15,2,F,2011
E01002707,Islington 022B,820,36,22,13,42,130,171,99,52,42,50,35,28,13,26,21,15,18,5,2,F,2011
E01002723,Islington 022C,745,28,33,37,53,114,74,74,52,56,43,36,26,32,23,16,13,14,15,6,F,2011
E01002724,Islington 022D,880,39,19,16,74,154,123,121,70,55,48,58,27,25,18,5,6,8,11,3,F,2011
E01002725,Islington 022E,686,34,35,25,51,108,88,59,44,41,45,33,28,12,14,13,19,24,9,4,F,2011
E01002726,Islington 022F,802,47,33,34,37,74,99,89,79,66,67,47,29,32,13,19,12,10,9,6,F,2011
E01033489,Islington 022G,885,24,8,6,157,242,110,128,67,31,29,35,13,16,14,2,2,1,0,0,F,2011
E01033490,Islington 022H,864,38,26,8,56,252,174,89,57,33,32,26,22,17,11,5,3,4,8,3,F,2011
E01002701,Islington 023A,798,30,29,41,31,116,92,87,52,52,44,35,42,32,26,30,29,22,4,4,F,2011
E01002702,Islington 023B,975,49,43,56,70,175,144,82,82,61,56,33,24,24,19,16,17,13,7,4,F,2011
E01002703,Islington 023C,794,54,38,39,36,115,125,82,44,42,57,41,23,28,15,22,13,12,4,4,F,2011
E01002704,Islington 023D,985,70,47,36,92,116,105,119,69,65,51,39,31,21,28,33,19,20,15,9,F,2011
E01002706,Islington 023E,1027,86,65,40,45,121,128,111,98,51,64,44,30,28,20,27,22,23,13,11,F,2011
E09000020,,80163,4399,3675,3204,3146,5622,8266,8825,7204,6093,5904,4818,4071,4409,3493,2415,1601,1378,981,659,F,2011
E01002852,Kensington and Chelsea 001A,989,53,55,73,52,61,93,119,77,100,64,61,41,44,25,21,27,11,9,3,F,2011
E01002853,Kensington and Chelsea 001B,553,27,29,34,38,40,47,37,46,47,44,35,28,26,26,18,12,11,7,1,F,2011
E01002854,Kensington and Chelsea 001C,591,33,40,43,52,44,38,40,39,52,32,38,39,27,12,29,18,7,5,3,F,2011
E01002855,Kensington and Chelsea 001D,852,43,36,40,43,67,100,77,78,46,73,65,52,47,27,17,22,12,4,3,F,2011
E01002857,Kensington and Chelsea 001E,684,38,46,52,38,45,55,62,38,57,56,62,39,24,29,15,15,7,3,3,F,2011
E01002904,Kensington and Chelsea 002A,591,27,32,28,52,43,46,42,46,46,64,50,40,20,16,15,11,7,4,2,F,2011
E01002905,Kensington and Chelsea 002B,850,45,42,68,47,54,80,84,66,68,68,54,40,40,30,23,15,16,6,4,F,2011
E01002906,Kensington and Chelsea 002C,863,33,35,48,49,58,71,87,53,72,66,73,37,30,33,30,23,26,20,19,F,2011
E01002907,Kensington and Chelsea 002D,728,60,49,62,50,45,42,56,62,64,63,38,31,22,29,17,19,4,6,9,F,2011
E01002876,Kensington and Chelsea 003A,872,49,43,42,37,54,66,76,85,65,65,49,45,49,51,35,21,25,8,7,F,2011
E01002877,Kensington and Chelsea 003B,918,64,58,62,72,65,56,72,72,68,84,61,48,45,33,19,18,13,6,2,F,2011
E01002878,Kensington and Chelsea 003C,846,48,34,32,21,44,81,117,81,63,67,65,42,40,36,29,21,11,9,5,F,2011
E01002908,Kensington and Chelsea 003D,736,54,42,29,31,43,96,66,54,46,81,53,24,33,33,15,11,14,8,3,F,2011
E01002909,Kensington and Chelsea 003E,1110,43,37,36,36,68,126,146,103,99,100,76,67,53,46,27,24,12,5,6,F,2011
E01002829,Kensington and Chelsea 004A,718,31,16,34,39,34,78,91,77,48,64,54,36,52,29,15,11,6,2,1,F,2011
E01002830,Kensington and Chelsea 004B,862,42,29,28,46,42,95,115,72,73,65,64,52,41,33,19,22,12,7,5,F,2011
E01002831,Kensington and Chelsea 004C,1033,56,47,50,45,66,115,113,96,61,95,59,66,53,33,32,22,12,9,3,F,2011
E01002832,Kensington and Chelsea 004D,902,41,44,38,44,48,109,119,85,73,70,49,44,47,34,14,20,13,7,3,F,2011
E01002856,Kensington and Chelsea 004E,870,48,32,27,41,57,130,120,109,54,62,55,43,35,22,17,9,2,6,1,F,2011
E01002870,Kensington and Chelsea 005A,719,49,28,32,37,49,62,61,48,40,63,55,42,39,31,31,20,18,10,4,F,2011
E01002872,Kensington and Chelsea 005B,769,36,39,28,38,37,55,47,45,54,55,51,43,45,47,42,41,36,15,15,F,2011
E01002879,Kensington and Chelsea 005C,835,37,47,49,50,56,93,83,58,64,65,41,33,43,43,28,16,13,12,4,F,2011
E01002880,Kensington and Chelsea 005D,837,54,63,49,52,55,69,78,59,60,54,51,48,51,38,23,16,10,7,0,F,2011
E01002881,Kensington and Chelsea 005E,716,39,45,52,45,41,55,63,58,47,60,59,40,32,29,28,13,6,3,1,F,2011
E01002882,Kensington and Chelsea 006A,749,41,35,44,17,22,71,70,63,54,61,52,37,58,30,35,24,17,15,3,F,2011
E01002883,Kensington and Chelsea 006B,941,35,38,49,38,54,87,116,92,53,58,66,40,45,41,33,16,26,26,28,F,2011
E01002884,Kensington and Chelsea 006C,650,45,18,10,22,40,94,92,85,45,36,37,31,33,16,22,11,5,7,1,F,2011
E01002885,Kensington and Chelsea 006D,747,30,21,18,12,65,146,137,80,58,48,25,27,22,29,8,5,8,6,2,F,2011
E01002886,Kensington and Chelsea 006E,788,41,42,35,20,31,96,104,79,55,67,47,39,31,40,25,17,11,7,1,F,2011
E01002833,Kensington and Chelsea 007A,758,26,33,18,22,28,124,111,79,56,51,47,42,49,27,17,9,12,4,3,F,2011
E01002871,Kensington and Chelsea 007B,862,55,50,30,31,31,72,88,87,69,80,61,41,57,33,40,11,14,5,7,F,2011
E01002873,Kensington and Chelsea 007C,697,48,30,47,27,32,58,50,66,61,65,40,40,48,38,22,12,6,5,2,F,2011
E01002874,Kensington and Chelsea 007D,742,49,34,44,28,64,86,70,59,70,58,48,32,42,27,15,8,4,1,3,F,2011
E01002875,Kensington and Chelsea 007E,752,40,28,34,23,43,71,48,60,51,61,60,40,62,39,30,15,27,12,8,F,2011
E01002824,Kensington and Chelsea 008A,781,50,50,34,17,37,94,107,74,73,53,36,34,41,29,22,8,6,10,6,F,2011
E01002825,Kensington and Chelsea 008B,1060,71,55,39,51,96,78,100,85,84,71,59,64,66,48,29,25,20,8,11,F,2011
E01002826,Kensington and Chelsea 008C,774,36,32,11,25,54,90,116,64,63,52,30,34,39,42,27,18,22,10,9,F,2011
E01002827,Kensington and Chelsea 008D,916,60,49,21,27,53,102,122,83,77,70,52,53,52,31,21,18,13,7,5,F,2011
E01002828,Kensington and Chelsea 008E,646,36,40,10,17,33,64,68,57,51,41,40,40,45,33,23,13,16,12,7,F,2011
E01002864,Kensington and Chelsea 009A,819,47,55,59,36,33,32,45,64,75,73,51,45,54,50,28,17,29,15,11,F,2011
E01002866,Kensington and Chelsea 009B,895,42,43,40,33,51,114,105,80,87,76,67,41,47,29,19,11,2,5,3,F,2011
E01002867,Kensington and Chelsea 009C,1005,60,48,51,41,69,138,123,88,83,78,50,45,45,35,15,9,15,8,4,F,2011
E01002868,Kensington and Chelsea 009D,812,50,51,30,27,35,53,82,77,55,64,52,46,56,58,30,13,12,12,9,F,2011
E01002869,Kensington and Chelsea 009E,736,42,40,28,19,37,89,101,76,55,47,33,40,44,36,19,8,12,3,7,F,2011
E01002887,Kensington and Chelsea 010A,674,31,25,17,12,71,116,99,59,54,48,22,18,29,22,18,12,8,7,6,F,2011
E01002889,Kensington and Chelsea 010B,659,41,24,15,48,74,50,73,66,40,35,43,36,27,18,23,14,14,5,13,F,2011
E01002890,Kensington and Chelsea 010C,945,63,74,51,56,31,46,77,84,76,82,63,48,57,53,33,14,11,11,15,F,2011
E01002891,Kensington and Chelsea 010D,712,34,42,32,14,68,67,92,65,64,62,39,43,24,24,14,12,9,7,0,F,2011
E01002892,Kensington and Chelsea 010E,850,57,32,23,26,118,105,127,78,75,59,43,32,28,22,10,9,3,3,0,F,2011
E01002813,Kensington and Chelsea 011A,840,51,50,33,18,46,84,66,98,78,55,45,51,46,45,25,22,11,11,5,F,2011
E01002815,Kensington and Chelsea 011B,717,53,28,21,10,57,94,87,74,48,37,37,43,34,19,20,22,14,13,6,F,2011
E01002816,Kensington and Chelsea 011C,686,50,29,21,20,52,68,69,64,40,48,34,37,38,34,12,18,17,17,18,F,2011
E01002817,Kensington and Chelsea 011D,835,52,39,43,37,49,65,66,65,49,60,61,49,73,31,34,15,17,15,15,F,2011
E01002865,Kensington and Chelsea 011E,710,52,48,36,35,29,35,71,68,55,72,47,35,52,21,14,19,10,8,3,F,2011
E01002818,Kensington and Chelsea 012A,930,31,36,23,29,88,110,123,79,66,69,36,44,57,54,30,21,14,14,6,F,2011
E01002819,Kensington and Chelsea 012B,757,45,30,23,15,90,74,93,77,55,50,40,38,33,36,26,10,10,9,3,F,2011
E01002859,Kensington and Chelsea 012C,781,43,25,23,19,40,80,88,91,64,68,39,54,44,42,20,16,10,8,7,F,2011
E01002860,Kensington and Chelsea 012D,759,36,37,20,26,54,86,69,69,58,69,42,40,54,41,24,12,12,6,4,F,2011
E01002863,Kensington and Chelsea 012E,707,40,26,28,19,35,51,74,56,59,64,44,48,45,46,29,17,17,5,4,F,2011
E01002812,Kensington and Chelsea 013A,914,58,47,26,39,115,73,120,98,58,53,40,39,40,40,23,14,15,9,7,F,2011
E01002834,Kensington and Chelsea 013B,688,50,36,27,16,52,78,89,72,70,28,30,27,48,20,13,10,9,9,4,F,2011
E01002839,Kensington and Chelsea 013C,704,34,24,14,21,91,93,96,76,55,34,42,23,28,24,18,16,6,5,4,F,2011
E01002850,Kensington and Chelsea 013D,675,43,16,22,27,134,63,79,64,44,46,27,27,26,22,17,7,7,4,0,F,2011
E01002888,Kensington and Chelsea 013E,929,45,30,19,23,131,145,113,109,55,49,41,35,32,33,18,16,18,11,6,F,2011
E01002821,Kensington and Chelsea 014A,734,41,32,18,26,63,92,89,52,47,38,58,32,45,43,22,10,12,7,7,F,2011
E01002823,Kensington and Chelsea 014B,719,35,43,30,26,25,61,54,55,49,56,63,51,45,36,26,20,21,13,10,F,2011
E01002858,Kensington and Chelsea 014C,703,24,20,17,34,76,99,72,45,43,46,41,39,30,31,19,20,21,13,13,F,2011
E01002861,Kensington and Chelsea 014D,708,45,26,15,19,32,67,59,64,46,48,53,43,48,44,29,17,32,14,7,F,2011
E01002862,Kensington and Chelsea 014E,820,37,24,22,33,95,79,84,73,51,48,54,40,44,31,35,32,16,17,5,F,2011
E01002814,Kensington and Chelsea 015A,994,52,50,45,60,77,93,116,93,67,70,67,46,57,38,18,14,15,10,6,F,2011
E01002847,Kensington and Chelsea 015B,761,41,29,21,23,90,109,102,68,54,59,29,31,37,32,12,11,6,5,2,F,2011
E01002848,Kensington and Chelsea 015C,742,44,17,35,19,66,107,95,63,56,41,46,44,43,27,17,6,7,5,4,F,2011
E01002851,Kensington and Chelsea 015D,783,28,15,25,33,58,93,78,71,62,41,34,39,66,53,25,16,24,13,9,F,2011
E01002820,Kensington and Chelsea 016A,642,42,29,22,23,45,81,91,77,42,46,29,32,28,22,20,3,5,5,0,F,2011
E01002822,Kensington and Chelsea 016B,628,44,45,24,13,16,45,66,46,67,52,48,32,35,21,29,11,11,13,10,F,2011
E01002835,Kensington and Chelsea 016C,781,50,36,28,14,84,104,107,81,58,39,35,33,27,30,16,13,12,9,5,F,2011
E01002836,Kensington and Chelsea 016D,666,35,27,17,22,65,70,77,76,61,46,43,24,34,29,14,10,7,4,5,F,2011
E01002837,Kensington and Chelsea 016E,671,39,27,18,35,46,81,82,67,59,36,29,28,38,23,18,8,13,17,7,F,2011
E01002846,Kensington and Chelsea 017A,645,29,18,13,14,68,113,90,61,35,60,30,42,24,14,15,6,8,4,1,F,2011
E01002849,Kensington and Chelsea 017B,725,41,35,20,25,58,96,104,76,61,45,29,26,31,27,23,13,8,5,2,F,2011
E01002893,Kensington and Chelsea 017C,852,49,28,28,25,70,127,110,96,51,63,30,24,42,42,25,13,17,10,2,F,2011
E01002894,Kensington and Chelsea 017D,661,35,23,32,15,31,102,97,83,56,40,24,22,25,35,12,9,6,7,7,F,2011
E01002898,Kensington and Chelsea 017E,812,51,52,41,23,30,68,77,70,80,55,35,33,54,42,33,29,21,14,4,F,2011
E01002899,Kensington and Chelsea 018A,692,31,18,22,22,43,45,76,47,52,42,46,36,59,48,25,23,28,13,16,F,2011
E01002900,Kensington and Chelsea 018B,753,37,44,25,21,52,54,68,53,66,63,56,49,64,38,24,13,10,11,5,F,2011
E01002901,Kensington and Chelsea 018C,554,29,20,23,10,11,32,36,31,31,46,24,42,45,33,28,23,29,24,37,F,2011
E01002902,Kensington and Chelsea 018D,854,26,29,23,15,55,90,84,87,71,61,65,60,43,52,37,15,14,17,10,F,2011
E01002903,Kensington and Chelsea 018E,766,51,45,35,13,31,53,77,50,72,58,68,48,47,42,35,14,11,11,5,F,2011
E01002844,Kensington and Chelsea 019A,701,29,30,21,26,42,56,65,48,59,43,46,41,62,41,33,23,15,15,6,F,2011
E01002845,Kensington and Chelsea 019B,678,31,25,17,15,61,57,67,60,39,43,42,34,47,45,27,12,24,19,13,F,2011
E01002910,Kensington and Chelsea 019C,754,36,32,22,21,30,43,74,57,59,63,51,40,55,53,45,23,24,19,7,F,2011
E01002911,Kensington and Chelsea 019D,872,55,54,33,28,50,96,87,92,71,81,53,41,57,25,20,8,6,12,3,F,2011
E01002914,Kensington and Chelsea 019E,829,46,45,17,21,58,72,83,77,63,45,37,39,52,43,39,24,22,29,17,F,2011
E01002838,Kensington and Chelsea 020A,729,34,21,20,135,103,52,88,61,30,42,31,23,21,22,14,15,6,4,7,F,2011
E01002895,Kensington and Chelsea 020B,715,38,46,48,24,41,49,72,68,54,64,57,37,42,29,20,10,9,3,4,F,2011
E01002896,Kensington and Chelsea 020C,848,48,36,27,27,32,86,125,96,75,69,56,39,56,29,21,12,6,4,4,F,2011
E01002897,Kensington and Chelsea 020D,666,34,23,13,17,62,92,106,77,44,34,32,34,29,32,16,11,5,5,0,F,2011
E01002912,Kensington and Chelsea 020E,915,50,23,23,13,78,132,105,78,63,62,41,32,45,54,33,18,23,21,21,F,2011
E01002840,Kensington and Chelsea 021A,751,35,29,26,23,45,63,59,43,54,54,42,50,46,30,34,32,33,33,20,F,2011
E01002841,Kensington and Chelsea 021B,678,35,25,17,18,36,84,82,68,58,57,50,36,39,27,16,9,10,6,5,F,2011
E01002842,Kensington and Chelsea 021C,684,39,32,42,41,36,58,60,37,54,44,40,41,54,48,27,10,10,7,4,F,2011
E01002843,Kensington and Chelsea 021D,677,30,23,41,36,44,48,57,49,48,59,55,45,54,33,21,14,10,5,5,F,2011
E01002913,Kensington and Chelsea 021E,954,60,41,33,40,68,117,107,91,80,67,63,45,50,26,32,20,8,5,1,F,2011
E09000022,,152659,10117,8248,7245,7005,13559,21823,18518,12938,11222,10520,8051,5882,4600,3526,3163,2459,1920,1229,634,F,2011
E01003015,Lambeth 002A,861,55,44,48,58,104,70,71,58,79,77,40,39,30,26,29,10,15,6,2,F,2011
E01003108,Lambeth 002B,745,50,49,43,33,36,82,79,81,59,43,42,35,28,22,22,19,8,6,8,F,2011
E01003110,Lambeth 002C,913,50,39,39,37,90,143,87,66,53,66,48,42,55,28,26,20,11,9,4,F,2011
E01003111,Lambeth 002D,763,50,48,47,52,63,61,46,48,66,70,45,37,28,35,27,15,15,8,2,F,2011
E01003112,Lambeth 002E,724,42,29,34,44,71,100,69,50,52,53,49,33,25,25,20,16,6,3,3,F,2011
E01003101,Lambeth 003A,764,45,56,50,30,73,132,63,68,60,60,41,27,18,11,15,7,7,1,0,F,2011
E01003105,Lambeth 003B,840,46,46,41,59,68,87,88,72,65,58,51,36,25,22,22,27,12,12,3,F,2011
E01003106,Lambeth 003C,962,64,53,45,34,71,125,106,81,86,74,56,23,34,25,35,18,20,9,3,F,2011
E01003107,Lambeth 003D,866,43,37,40,41,73,140,103,83,71,64,36,29,26,22,18,16,14,5,5,F,2011
E01003109,Lambeth 003E,1063,71,57,53,42,118,168,105,80,89,73,60,30,34,25,22,22,10,2,2,F,2011
E01003102,Lambeth 004A,784,28,15,26,19,74,142,99,64,43,52,48,36,25,22,20,19,14,26,12,F,2011
E01003104,Lambeth 004C,734,44,37,13,23,106,141,89,66,41,45,29,29,22,18,13,5,7,5,1,F,2011
E01003122,Lambeth 004D,846,56,42,30,32,82,158,130,60,59,46,34,37,15,16,19,11,9,10,0,F,2011
E01003129,Lambeth 004E,876,38,36,33,40,104,120,121,84,51,69,62,29,31,16,14,19,7,2,0,F,2011
E01033207,Lambeth 004F,778,24,46,34,34,76,81,80,59,50,53,44,43,39,30,19,21,22,18,5,F,2011
E01033208,Lambeth 004G,787,54,36,13,23,115,149,143,63,64,46,27,29,13,6,2,2,1,0,1,F,2011
E01003098,Lambeth 005A,736,42,47,36,38,62,105,73,55,48,57,47,26,24,21,27,10,8,7,3,F,2011
E01003099,Lambeth 005B,737,35,44,42,35,81,124,91,58,52,47,40,25,13,14,13,14,4,2,3,F,2011
E01003100,Lambeth 005C,859,43,19,15,8,128,264,158,78,35,38,17,9,11,13,6,6,9,0,2,F,2011
E01003180,Lambeth 005D,763,35,38,38,29,82,90,77,57,61,57,58,35,26,28,21,12,14,3,2,F,2011
E01003183,Lambeth 005E,747,39,54,32,40,84,115,57,32,54,57,55,42,21,19,21,12,7,4,2,F,2011
E01003097,Lambeth 006A,821,48,35,41,39,84,79,84,69,46,62,44,44,34,30,35,8,20,14,5,F,2011
E01003121,Lambeth 006B,828,64,51,51,55,70,88,88,53,76,68,48,33,23,13,13,11,15,5,3,F,2011
E01003123,Lambeth 006C,703,34,39,29,24,36,100,107,64,45,68,47,29,25,20,16,12,4,0,4,F,2011
E01003124,Lambeth 006D,670,42,27,31,33,48,110,98,45,48,45,36,21,24,19,7,18,9,6,3,F,2011
E01003125,Lambeth 006E,927,87,60,63,54,56,100,82,90,68,70,57,35,21,25,11,22,19,2,5,F,2011
E01003181,Lambeth 007A,739,45,31,33,25,79,105,68,50,48,56,56,33,23,21,25,15,15,10,1,F,2011
E01003184,Lambeth 007B,748,60,51,70,55,62,75,53,56,60,72,45,39,17,8,7,6,4,4,4,F,2011
E01003185,Lambeth 007C,803,55,44,31,24,68,153,117,58,51,48,46,17,22,18,13,10,17,8,3,F,2011
E01003186,Lambeth 007D,912,44,56,39,42,98,169,108,73,65,53,54,32,30,17,14,7,4,6,1,F,2011
E01003187,Lambeth 007E,777,24,42,44,51,88,61,61,35,63,91,60,43,32,24,22,14,10,9,3,F,2011
E01003089,Lambeth 008A,927,63,59,69,86,85,105,81,77,87,69,43,36,22,10,20,10,3,0,2,F,2011
E01003091,Lambeth 008B,815,33,48,57,47,76,146,91,71,61,55,30,34,14,17,13,8,8,4,2,F,2011
E01003092,Lambeth 008C,913,54,63,53,51,80,122,95,65,77,53,58,30,21,14,19,14,21,12,11,F,2011
E01003126,Lambeth 008D,753,53,49,49,33,68,85,75,44,73,66,51,20,20,14,20,9,14,7,3,F,2011
E01003128,Lambeth 008E,734,53,49,41,32,55,95,100,51,65,47,39,28,22,16,10,10,12,7,2,F,2011
E01003046,Lambeth 009A,907,67,85,68,65,77,89,89,78,65,70,45,38,22,12,10,15,4,7,1,F,2011
E01003048,Lambeth 009B,919,82,78,68,77,79,73,59,72,84,85,50,30,25,20,11,8,11,3,4,F,2011
E01003075,Lambeth 009C,836,52,84,73,47,74,62,61,66,68,83,49,33,23,20,28,4,5,4,0,F,2011
E01003182,Lambeth 009D,890,58,54,55,63,103,104,83,59,58,67,65,34,22,12,25,17,7,4,0,F,2011
E01003188,Lambeth 009E,704,46,38,41,50,69,80,65,38,54,67,54,28,18,19,15,14,1,3,4,F,2011
E01003088,Lambeth 010A,948,47,43,41,41,119,189,143,79,58,39,44,29,19,18,17,10,5,5,2,F,2011
E01003093,Lambeth 010B,1253,119,98,66,92,118,157,132,92,90,73,54,44,27,24,17,16,19,12,3,F,2011
E01003094,Lambeth 010C,806,27,30,25,24,97,179,70,61,63,55,32,26,30,28,22,19,11,6,1,F,2011
E01003096,Lambeth 010D,937,14,23,16,19,144,272,153,77,44,26,38,23,27,18,15,10,13,3,2,F,2011
E01003127,Lambeth 010E,820,51,57,39,35,85,124,92,65,56,69,36,35,18,16,20,5,11,5,1,F,2011
E01003045,Lambeth 011A,995,71,81,75,96,70,63,71,84,77,95,76,43,22,26,18,10,10,4,3,F,2011
E01003047,Lambeth 011B,811,47,38,42,39,70,141,93,64,64,56,50,31,20,17,17,8,10,3,1,F,2011
E01003049,Lambeth 011C,887,80,81,56,68,63,92,94,67,59,61,37,42,22,14,19,13,10,8,1,F,2011
E01003059,Lambeth 011D,805,57,58,44,51,66,92,71,60,61,70,46,42,19,19,24,16,4,5,0,F,2011
E01003060,Lambeth 011E,790,47,41,53,54,69,68,72,60,68,70,49,37,30,15,26,19,5,6,1,F,2011
E01003061,Lambeth 011F,591,33,22,27,26,46,106,62,63,32,41,47,28,19,11,13,4,5,3,3,F,2011
E01003034,Lambeth 012A,861,60,46,34,25,69,141,155,79,53,46,40,24,22,18,18,7,13,8,3,F,2011
E01003035,Lambeth 012B,805,21,25,26,16,123,218,119,70,35,30,28,26,18,19,11,10,7,1,2,F,2011
E01003036,Lambeth 012C,808,52,42,32,23,78,127,116,70,56,57,43,28,27,18,20,7,5,6,1,F,2011
E01003090,Lambeth 012D,1090,38,30,33,44,160,290,172,70,66,48,38,28,27,11,7,13,7,7,1,F,2011
E01003095,Lambeth 012E,939,51,43,54,46,91,171,117,74,55,69,42,40,27,15,13,11,12,2,6,F,2011
E01003037,Lambeth 013A,765,53,43,28,29,92,132,74,33,45,52,65,24,31,16,15,11,14,6,2,F,2011
E01003038,Lambeth 013B,757,46,22,28,19,59,167,104,60,50,45,40,37,22,16,15,15,6,6,0,F,2011
E01003039,Lambeth 013C,956,63,40,34,19,72,220,170,80,58,43,42,32,32,21,8,11,6,4,1,F,2011
E01003040,Lambeth 013D,674,40,32,26,15,66,112,104,54,54,38,21,26,28,14,15,15,5,5,4,F,2011
E01003042,Lambeth 013E,533,19,21,20,15,71,102,61,43,36,40,22,21,7,15,12,7,6,10,5,F,2011
E01003072,Lambeth 014A,948,57,52,52,37,51,67,108,89,79,76,53,44,48,24,33,30,25,16,7,F,2011
E01003073,Lambeth 014B,896,66,50,52,47,67,95,94,85,75,72,47,38,30,24,24,8,9,9,4,F,2011
E01003076,Lambeth 014C,972,75,61,38,50,117,117,158,92,68,61,41,35,22,11,10,7,1,4,4,F,2011
E01003077,Lambeth 014D,928,55,46,39,42,115,133,120,114,71,57,35,29,13,20,15,11,10,3,0,F,2011
E01003078,Lambeth 014E,807,46,36,36,40,29,82,89,58,67,68,63,49,33,35,24,21,17,9,5,F,2011
E01003019,Lambeth 015A,1034,50,26,25,30,143,246,148,82,71,50,37,26,26,20,24,12,11,6,1,F,2011
E01003053,Lambeth 015B,841,31,23,23,21,103,231,125,70,46,41,23,27,19,15,16,14,5,6,2,F,2011
E01003054,Lambeth 015C,940,22,23,17,19,149,329,162,63,40,30,22,13,16,11,11,5,4,3,1,F,2011
E01003056,Lambeth 015D,990,33,36,32,14,149,280,165,61,45,41,33,27,22,12,7,11,13,8,1,F,2011
E01003058,Lambeth 015E,936,29,26,23,18,155,298,109,63,50,45,35,20,12,11,15,11,12,3,1,F,2011
E01003020,Lambeth 016A,931,51,50,31,38,82,176,131,87,59,72,40,32,18,19,13,20,9,3,0,F,2011
E01003050,Lambeth 016B,824,40,22,25,25,87,225,141,51,50,44,23,25,13,18,9,13,4,7,2,F,2011
E01003052,Lambeth 016C,890,59,60,72,64,83,82,75,72,73,70,66,42,22,17,19,9,4,1,0,F,2011
E01003055,Lambeth 016D,713,35,14,10,16,66,152,109,58,29,50,46,32,37,17,18,13,5,4,2,F,2011
E01003176,Lambeth 016E,1014,98,95,71,43,79,113,107,89,64,71,45,36,23,19,17,20,14,8,2,F,2011
E01003029,Lambeth 017A,895,50,31,25,15,106,183,129,86,58,49,34,22,23,14,13,13,18,16,10,F,2011
E01003032,Lambeth 017B,886,44,25,30,49,86,171,93,50,59,64,47,41,29,32,20,22,15,5,4,F,2011
E01003041,Lambeth 017C,837,41,59,33,31,79,144,83,49,63,49,47,36,23,16,22,21,23,11,7,F,2011
E01003057,Lambeth 017D,861,44,31,34,32,118,186,91,50,61,49,49,33,25,21,7,11,9,8,2,F,2011
E01003043,Lambeth 018A,851,43,38,21,28,80,177,118,65,53,60,42,28,17,18,17,22,8,10,6,F,2011
E01003044,Lambeth 018B,604,48,37,41,43,30,47,57,60,58,59,53,19,18,15,8,7,1,1,2,F,2011
E01003051,Lambeth 018C,871,60,49,61,73,90,106,101,72,64,62,58,34,13,7,11,6,3,1,0,F,2011
E01003071,Lambeth 018D,1121,64,46,37,30,103,200,200,99,85,69,65,41,26,19,13,9,9,2,4,F,2011
E01003074,Lambeth 018E,1150,75,66,58,37,61,147,171,130,94,92,58,52,37,21,24,13,11,0,3,F,2011
E01003026,Lambeth 019A,728,48,29,16,14,64,153,138,68,48,42,31,10,17,17,14,5,8,5,1,F,2011
E01003027,Lambeth 019B,708,72,40,29,17,51,98,80,76,51,33,37,31,44,19,9,11,4,4,2,F,2011
E01003028,Lambeth 019C,727,58,32,31,17,65,125,88,74,49,44,34,27,25,14,17,13,9,3,2,F,2011
E01003030,Lambeth 019D,906,55,31,26,21,91,242,178,83,46,45,12,11,18,18,10,10,5,3,1,F,2011
E01003033,Lambeth 019E,770,59,50,23,32,55,112,100,74,59,49,44,31,32,19,9,9,8,5,0,F,2011
E01003018,Lambeth 020A,1020,61,26,23,34,103,222,160,104,78,57,49,23,26,17,10,15,4,4,4,F,2011
E01003171,Lambeth 020B,870,50,30,32,30,65,156,131,91,73,73,31,33,12,18,11,16,8,5,5,F,2011
E01003173,Lambeth 020C,792,48,39,31,32,62,103,91,72,79,53,40,42,27,18,22,16,11,2,4,F,2011
E01003177,Lambeth 020D,806,64,48,26,31,64,136,138,64,50,49,50,22,16,16,11,14,3,4,0,F,2011
E01003178,Lambeth 020E,790,50,20,18,25,74,155,119,67,76,41,38,24,14,17,15,18,9,7,3,F,2011
E01003021,Lambeth 021A,834,44,47,35,49,69,120,74,61,58,62,43,26,23,21,24,19,25,15,19,F,2011
E01003022,Lambeth 021B,912,49,49,47,37,74,156,147,84,58,46,50,34,18,15,12,22,6,2,6,F,2011
E01003023,Lambeth 021C,1231,78,41,42,28,135,249,194,124,71,76,52,33,22,21,18,18,17,8,4,F,2011
E01003024,Lambeth 021D,950,68,73,54,48,80,127,108,75,82,84,44,20,12,16,19,14,13,10,3,F,2011
E01003025,Lambeth 021E,1026,68,63,51,58,90,105,113,119,91,70,63,22,27,21,18,24,11,9,3,F,2011
E01003136,Lambeth 022A,833,67,45,32,33,65,122,129,92,70,46,32,27,24,9,18,9,9,4,0,F,2011
E01003137,Lambeth 022B,751,62,37,36,31,50,98,111,62,51,55,39,21,27,28,17,10,9,6,1,F,2011
E01003159,Lambeth 022C,746,53,48,56,23,71,79,93,68,46,52,32,40,31,23,10,8,7,4,2,F,2011
E01003160,Lambeth 022D,762,61,53,56,46,72,99,54,59,55,68,41,35,23,12,12,8,2,4,2,F,2011
E01003162,Lambeth 022E,1108,74,84,96,67,84,107,103,96,104,95,57,36,24,25,19,18,6,12,1,F,2011
E01003031,Lambeth 023A,849,50,38,25,31,94,218,126,76,43,35,29,22,21,12,11,9,5,3,1,F,2011
E01003156,Lambeth 023B,830,63,46,44,31,44,131,103,83,63,53,34,33,26,20,19,8,17,10,2,F,2011
E01003157,Lambeth 023C,812,81,42,26,27,48,130,104,89,69,53,31,33,22,19,16,7,13,2,0,F,2011
E01003158,Lambeth 023D,864,86,33,17,9,48,165,158,89,64,47,34,25,25,18,16,10,12,6,2,F,2011
E01003161,Lambeth 023E,667,65,31,24,19,81,106,86,54,39,32,16,16,18,21,15,16,13,9,6,F,2011
E01003163,Lambeth 023F,792,44,54,31,31,69,99,83,61,49,45,43,45,29,33,23,18,19,11,5,F,2011
E01003132,Lambeth 024A,807,49,57,41,48,46,71,63,60,62,67,53,25,24,23,25,24,23,29,17,F,2011
E01003172,Lambeth 024B,956,59,63,61,42,66,147,114,76,90,59,48,30,22,22,19,14,13,4,7,F,2011
E01003174,Lambeth 024C,1122,92,91,75,80,80,126,124,88,97,93,57,36,26,12,13,20,5,4,3,F,2011
E01003175,Lambeth 024D,847,62,59,57,68,62,68,53,84,71,78,67,37,27,18,10,9,10,7,0,F,2011
E01003179,Lambeth 024E,888,82,56,78,65,68,94,74,78,77,72,49,32,27,12,12,3,6,3,0,F,2011
E01003164,Lambeth 025A,1064,78,63,43,41,86,161,160,90,93,60,56,36,37,20,16,13,10,1,0,F,2011
E01003165,Lambeth 025B,847,67,41,52,29,53,78,87,74,65,64,34,41,45,34,23,24,21,10,5,F,2011
E01003168,Lambeth 025C,831,58,45,52,64,70,65,72,58,51,70,61,32,42,32,16,21,10,8,4,F,2011
E01003169,Lambeth 025D,1210,97,74,52,48,86,148,173,116,98,101,62,33,30,28,24,14,17,7,2,F,2011
E01003170,Lambeth 025E,936,80,64,32,25,18,74,91,74,94,68,69,55,41,42,34,22,26,19,8,F,2011
E01003130,Lambeth 026A,841,65,53,25,28,46,96,123,83,72,66,41,31,27,21,21,20,11,7,5,F,2011
E01003131,Lambeth 026B,747,38,39,51,31,56,106,77,55,70,62,41,34,24,14,20,11,8,5,5,F,2011
E01003135,Lambeth 026C,887,48,41,49,30,84,122,113,88,62,71,51,31,31,12,16,22,12,1,3,F,2011
E01003138,Lambeth 026D,781,49,34,24,15,64,122,143,80,67,46,27,24,25,14,14,13,11,8,1,F,2011
E01003151,Lambeth 026E,1107,85,103,86,46,71,130,154,88,68,69,48,27,35,14,19,20,21,15,8,F,2011
E01003079,Lambeth 027A,944,73,79,41,59,62,88,97,95,80,65,37,33,24,13,20,17,16,22,23,F,2011
E01003080,Lambeth 027B,802,69,48,33,28,46,92,103,91,65,46,46,39,32,26,20,10,4,2,2,F,2011
E01003133,Lambeth 027C,836,66,53,37,34,58,103,114,100,62,64,35,32,21,9,23,13,6,0,6,F,2011
E01003134,Lambeth 027D,813,56,52,50,36,42,86,92,72,64,69,56,30,27,25,20,12,14,8,2,F,2011
E01003152,Lambeth 027E,1009,79,48,48,41,76,137,139,93,73,57,52,39,30,21,25,21,18,8,4,F,2011
E01003064,Lambeth 028A,780,62,44,26,32,36,84,140,85,78,47,44,25,26,15,10,11,3,6,6,F,2011
E01003066,Lambeth 028B,877,73,45,39,44,71,83,97,71,79,69,53,36,26,26,18,17,16,11,3,F,2011
E01003081,Lambeth 028C,885,71,55,51,46,52,95,110,89,79,67,59,43,18,10,12,14,8,3,3,F,2011
E01003166,Lambeth 028D,1168,116,68,45,45,91,158,184,120,86,63,62,41,21,24,12,11,8,9,4,F,2011
E01003167,Lambeth 028E,876,85,53,59,29,34,51,84,79,90,65,59,48,38,33,18,16,20,13,2,F,2011
E01003116,Lambeth 029A,831,50,48,40,45,48,90,88,54,64,69,36,46,32,38,28,24,12,15,4,F,2011
E01003117,Lambeth 029B,985,65,49,32,31,93,167,152,86,55,49,39,26,29,35,29,11,21,9,7,F,2011
E01003118,Lambeth 029C,865,57,26,52,40,61,120,113,66,67,56,47,27,34,22,26,21,10,12,8,F,2011
E01003153,Lambeth 029D,1044,66,22,30,30,104,235,201,92,74,40,38,27,20,11,11,13,14,9,7,F,2011
E01003155,Lambeth 029E,900,69,35,35,36,47,123,126,88,53,64,62,41,35,24,23,15,11,9,4,F,2011
E01003083,Lambeth 030A,773,46,54,39,41,42,61,58,62,69,78,55,46,24,20,24,20,21,9,4,F,2011
E01003084,Lambeth 030B,814,74,51,37,41,57,70,98,88,68,57,45,36,30,21,20,8,9,1,3,F,2011
E01003085,Lambeth 030C,889,60,56,63,47,44,47,46,70,85,81,63,55,42,29,41,26,18,6,10,F,2011
E01003149,Lambeth 030D,902,74,52,38,35,70,86,82,70,65,61,53,47,35,25,24,29,24,21,11,F,2011
E01003154,Lambeth 030E,920,72,40,45,64,66,105,88,80,75,73,53,49,28,18,27,11,15,8,3,F,2011
E01003065,Lambeth 031A,818,75,61,42,48,73,83,84,51,67,50,43,34,23,21,14,17,15,12,5,F,2011
E01003068,Lambeth 031B,847,84,60,52,52,40,65,78,99,84,59,43,24,34,15,18,12,17,7,4,F,2011
E01003082,Lambeth 031C,757,64,44,38,27,55,43,101,65,64,50,37,36,32,27,22,26,11,7,8,F,2011
E01003086,Lambeth 031D,893,78,73,62,68,63,63,82,75,82,80,51,32,25,14,18,13,10,4,0,F,2011
E01003087,Lambeth 031E,898,83,67,76,54,47,74,92,93,72,67,30,32,22,31,15,11,10,15,7,F,2011
E01003113,Lambeth 032A,1005,81,58,34,37,95,150,164,99,64,54,49,29,26,26,15,9,5,3,7,F,2011
E01003114,Lambeth 032B,917,68,51,24,38,86,115,134,102,71,59,39,36,36,18,22,9,5,2,2,F,2011
E01003119,Lambeth 032C,956,74,59,32,37,76,155,144,89,58,54,56,37,18,14,14,9,11,15,4,F,2011
E01003120,Lambeth 032D,962,78,27,26,27,107,138,157,116,67,52,55,39,23,8,11,9,7,9,6,F,2011
E01003148,Lambeth 032E,891,73,43,51,38,59,94,122,104,88,66,43,31,23,15,14,12,5,8,2,F,2011
E01003150,Lambeth 032F,885,68,49,44,33,63,108,127,83,67,55,26,47,31,17,23,18,14,7,5,F,2011
E01003062,Lambeth 033A,883,57,44,39,41,48,96,137,101,79,77,39,37,40,16,11,12,6,1,2,F,2011
E01003063,Lambeth 033B,778,69,57,38,40,54,66,76,80,70,55,47,30,19,25,23,7,13,7,2,F,2011
E01003067,Lambeth 033C,766,68,44,41,35,57,56,76,74,62,52,45,44,33,26,24,10,11,6,2,F,2011
E01003069,Lambeth 033D,744,65,59,54,37,40,42,61,69,53,79,52,36,22,25,17,13,12,7,1,F,2011
E01003070,Lambeth 033E,789,45,44,55,60,50,66,86,67,62,69,52,45,29,16,11,11,11,6,4,F,2011
E01003115,Lambeth 034A,856,74,46,38,31,60,130,136,81,55,53,42,35,20,19,12,10,5,7,2,F,2011
E01003141,Lambeth 034B,867,70,46,43,40,57,82,101,71,53,57,59,42,43,23,23,21,21,12,3,F,2011
E01003144,Lambeth 034C,771,46,51,37,49,59,45,49,43,52,69,58,63,38,27,28,25,18,13,1,F,2011
E01003145,Lambeth 034D,871,57,39,37,23,70,144,120,86,53,49,35,36,25,27,17,14,14,10,15,F,2011
E01003147,Lambeth 034E,977,101,48,42,57,73,121,98,89,67,56,67,34,41,36,19,13,7,5,3,F,2011
E01003139,Lambeth 035A,809,73,52,40,48,40,101,89,60,52,54,51,32,24,21,23,20,16,8,5,F,2011
E01003140,Lambeth 035B,751,45,64,37,56,52,56,52,58,48,66,57,46,22,37,24,11,11,9,0,F,2011
E01003142,Lambeth 035C,678,53,42,48,45,39,48,48,42,44,50,42,39,25,29,22,29,17,9,7,F,2011
E01003143,Lambeth 035D,751,36,47,45,57,40,57,58,45,43,71,51,39,40,30,16,18,16,23,19,F,2011
E01003146,Lambeth 035E,752,50,47,54,48,56,64,68,57,66,64,57,27,27,16,17,16,11,3,4,F,2011
E01003013,Lambeth 036A,778,38,15,9,16,189,131,115,65,51,32,35,16,20,13,12,10,4,4,3,F,2011
E01003014,Lambeth 036B,750,26,28,22,59,111,94,55,41,46,51,35,34,42,25,26,25,17,9,4,F,2011
E01003016,Lambeth 036C,698,11,4,19,122,215,64,48,21,29,32,35,36,27,13,10,3,5,4,0,F,2011
E01003017,Lambeth 036D,768,30,21,36,30,70,71,77,60,54,65,60,47,48,24,31,21,10,9,4,F,2011
E01032582,Lambeth 036E,880,37,35,42,25,119,151,112,67,47,58,38,40,22,24,26,11,13,10,3,F,2011
E09000023,,141300,10642,8280,7567,8080,10630,13574,14101,12369,10955,10736,8271,6129,4978,3859,3451,2897,2372,1517,892,F,2011
E01003244,Lewisham 001A,825,109,81,67,55,66,87,77,70,54,63,33,22,10,12,9,6,3,1,0,F,2011
E01003245,Lewisham 001B,837,70,88,68,51,72,87,87,82,63,60,32,26,10,14,12,10,3,2,0,F,2011
E01003247,Lewisham 001C,811,39,21,30,43,119,183,107,43,53,40,41,25,20,20,14,10,1,1,1,F,2011
E01003249,Lewisham 001D,948,73,45,51,51,96,128,109,99,71,69,39,26,26,15,20,16,9,4,1,F,2011
E01003250,Lewisham 001E,847,66,51,47,43,74,121,98,72,68,50,39,28,17,24,20,14,9,4,2,F,2011
E01003246,Lewisham 002A,737,38,52,52,61,70,89,54,40,61,70,45,25,20,18,12,12,11,6,1,F,2011
E01003248,Lewisham 002B,856,70,72,52,49,58,119,114,87,53,59,42,14,18,11,16,6,7,7,2,F,2011
E01003251,Lewisham 002C,1067,111,94,85,73,91,151,91,77,70,65,37,33,28,17,11,10,12,6,5,F,2011
E01003252,Lewisham 002D,817,76,64,70,61,52,71,54,72,67,73,55,29,20,16,14,13,5,5,0,F,2011
E01003253,Lewisham 002E,743,56,31,56,27,80,98,74,61,52,48,34,33,16,17,20,21,9,6,4,F,2011
E01003297,Lewisham 003A,775,65,26,96,25,83,120,133,63,41,69,25,8,7,5,4,2,3,0,0,F,2011
E01003299,Lewisham 003B,843,87,37,46,70,99,72,76,66,83,65,47,24,14,22,15,8,7,2,3,F,2011
E01003301,Lewisham 003C,1052,68,55,34,110,197,140,111,100,60,62,34,28,16,12,10,4,5,4,2,F,2011
E01003302,Lewisham 003D,772,52,54,42,39,66,93,90,66,63,46,48,37,15,16,21,11,9,3,1,F,2011
E01003305,Lewisham 003E,718,39,44,50,53,71,57,80,45,48,40,45,33,26,22,13,12,18,12,10,F,2011
E01003207,Lewisham 005A,697,40,35,56,56,89,49,62,55,56,43,45,26,26,22,11,11,10,3,2,F,2011
E01003209,Lewisham 005B,1036,57,59,45,73,176,160,83,74,60,73,48,30,26,28,10,15,12,7,0,F,2011
E01003210,Lewisham 005C,813,60,22,26,25,96,117,121,89,77,49,43,23,22,13,9,9,3,7,2,F,2011
E01003212,Lewisham 005D,990,45,41,28,41,132,121,134,55,70,75,64,44,34,23,32,18,16,12,5,F,2011
E01003215,Lewisham 005E,1035,76,36,22,110,267,143,75,114,51,34,20,24,16,19,13,7,6,2,0,F,2011
E01003338,Lewisham 006A,904,71,57,61,55,68,92,98,69,59,67,39,43,23,24,28,21,14,8,7,F,2011
E01003339,Lewisham 006B,824,59,33,44,61,93,99,84,57,56,59,53,32,23,20,19,14,9,6,3,F,2011
E01003340,Lewisham 006C,878,43,22,28,43,134,151,106,82,63,49,42,26,23,22,11,12,13,5,3,F,2011
E01003341,Lewisham 006D,746,35,47,46,45,74,77,57,63,51,58,50,52,38,17,14,12,5,4,1,F,2011
E01003343,Lewisham 006E,675,59,33,32,30,59,70,59,53,48,63,43,31,26,23,18,12,6,8,2,F,2011
E01003199,Lewisham 007A,918,82,46,34,31,56,116,125,82,69,74,42,36,24,33,21,17,16,10,4,F,2011
E01003201,Lewisham 007B,921,77,44,60,54,60,104,76,53,82,80,55,33,40,22,18,19,16,9,19,F,2011
E01003204,Lewisham 007C,713,73,33,30,34,41,73,95,71,48,46,42,31,33,20,5,11,15,7,5,F,2011
E01003205,Lewisham 007D,676,37,75,45,52,56,32,46,76,60,42,41,29,22,16,15,10,14,8,0,F,2011
E01003206,Lewisham 007E,801,98,40,33,37,27,96,98,77,58,53,48,32,26,19,19,15,11,10,4,F,2011
E01003211,Lewisham 008B,789,55,25,23,25,77,96,126,96,78,56,39,24,21,17,14,6,6,4,1,F,2011
E01003213,Lewisham 008C,1007,81,37,35,64,101,147,132,114,70,61,50,29,26,21,14,7,10,4,4,F,2011
E01003214,Lewisham 008D,937,74,54,50,47,86,105,100,81,75,62,78,33,24,18,19,8,12,5,6,F,2011
E01033324,Lewisham 008E,856,49,43,34,48,115,74,79,57,60,64,60,46,29,29,24,15,20,4,6,F,2011
E01033325,Lewisham 008F,507,26,1,1,3,51,179,149,50,21,9,7,4,1,0,1,1,2,0,1,F,2011
E01003198,Lewisham 009A,811,59,37,42,30,27,72,99,78,64,48,51,28,34,24,23,24,29,17,25,F,2011
E01003200,Lewisham 009B,734,47,26,26,28,32,85,92,92,60,59,32,20,30,30,27,16,18,9,5,F,2011
E01003202,Lewisham 009C,818,57,36,20,24,22,86,93,74,67,54,38,40,42,38,36,43,30,13,5,F,2011
E01003203,Lewisham 009D,872,77,29,32,35,51,124,134,84,85,50,32,28,23,17,24,18,12,11,6,F,2011
E01003336,Lewisham 010A,731,62,47,64,50,51,50,56,69,55,56,33,38,21,20,23,13,13,10,0,F,2011
E01003337,Lewisham 010B,882,58,112,68,51,63,53,145,65,49,67,44,41,18,14,19,8,5,2,0,F,2011
E01003342,Lewisham 010C,801,95,38,34,37,60,98,98,90,72,54,46,20,19,7,18,4,5,3,3,F,2011
E01003344,Lewisham 010D,987,60,46,45,51,160,80,136,68,83,69,51,47,27,21,16,16,9,2,0,F,2011
E01003345,Lewisham 010E,861,80,38,34,43,114,112,92,85,70,46,43,34,24,26,9,7,3,0,1,F,2011
E01003273,Lewisham 011A,814,61,51,54,50,56,48,75,65,63,66,67,49,31,24,15,17,14,6,2,F,2011
E01003277,Lewisham 011B,847,57,43,35,38,84,74,96,105,83,71,39,39,21,27,15,11,4,5,0,F,2011
E01003278,Lewisham 011C,953,47,40,42,46,97,154,116,66,84,63,55,21,33,25,20,21,16,2,5,F,2011
E01003279,Lewisham 011D,842,48,36,40,38,78,48,88,64,66,80,58,55,44,32,23,13,16,8,7,F,2011
E01003288,Lewisham 012A,903,64,38,45,50,63,103,77,62,60,54,49,32,44,32,34,38,25,19,14,F,2011
E01003290,Lewisham 012C,819,56,31,27,28,80,165,83,75,59,50,39,24,26,19,25,15,10,3,4,F,2011
E01003291,Lewisham 012D,763,69,44,42,31,44,83,78,74,47,51,48,22,23,22,23,17,25,9,11,F,2011
E01003296,Lewisham 012E,1012,86,46,39,39,96,183,151,91,61,56,46,29,26,14,18,13,12,5,1,F,2011
E01033327,Lewisham 012F,745,59,20,25,20,61,143,100,74,60,46,28,25,13,16,16,18,12,6,3,F,2011
E01033341,Lewisham 012G,659,83,42,23,35,64,84,78,53,42,46,33,18,18,15,10,4,8,0,3,F,2011
E01003282,Lewisham 013A,1191,67,56,51,45,86,179,158,128,120,69,55,40,47,33,25,18,10,4,0,F,2011
E01003283,Lewisham 013B,1044,85,71,43,36,63,65,87,130,107,83,57,63,40,36,21,20,21,12,4,F,2011
E01003284,Lewisham 013C,878,73,48,36,46,59,77,79,91,78,73,48,33,32,27,29,22,16,6,5,F,2011
E01003286,Lewisham 013D,857,71,42,36,35,49,70,88,67,60,52,44,33,41,34,36,33,30,21,15,F,2011
E01003272,Lewisham 014A,1071,79,46,34,37,216,129,104,89,58,70,56,42,29,22,23,17,13,4,3,F,2011
E01003274,Lewisham 014B,893,69,56,43,39,48,106,90,123,51,63,56,45,22,32,24,18,2,4,2,F,2011
E01003275,Lewisham 014C,898,65,56,57,78,48,65,66,76,60,72,47,39,28,33,29,24,20,16,19,F,2011
E01003276,Lewisham 014D,1039,127,57,73,62,63,95,73,87,99,90,55,41,35,23,14,18,11,10,6,F,2011
E01003225,Lewisham 015A,800,53,51,43,39,42,40,68,76,69,81,65,43,39,32,19,18,12,9,1,F,2011
E01003231,Lewisham 015B,818,78,40,41,31,49,110,95,82,62,52,39,35,31,20,24,13,11,2,3,F,2011
E01003232,Lewisham 015C,943,62,108,43,43,56,73,79,80,84,78,53,51,45,29,16,23,9,8,3,F,2011
E01003233,Lewisham 015D,877,78,57,42,33,50,68,87,100,69,76,53,34,39,32,28,14,10,6,1,F,2011
E01003280,Lewisham 016A,806,54,49,47,41,71,58,78,59,51,65,48,49,33,28,16,23,17,12,7,F,2011
E01003281,Lewisham 016B,765,50,44,46,44,31,39,56,67,67,77,51,45,32,35,23,23,22,9,4,F,2011
E01003285,Lewisham 016C,818,49,31,39,35,37,80,91,86,47,73,49,47,39,31,23,25,13,18,5,F,2011
E01003287,Lewisham 016D,961,71,53,42,36,50,64,91,110,98,60,84,47,46,39,23,15,19,6,7,F,2011
E01003292,Lewisham 017A,773,64,30,27,51,45,89,91,87,57,51,48,40,22,22,18,10,10,6,5,F,2011
E01003293,Lewisham 017B,779,75,39,26,48,48,70,87,85,74,55,48,32,22,20,16,13,11,7,3,F,2011
E01003295,Lewisham 017D,817,45,52,40,66,52,63,90,88,60,53,40,65,29,22,14,15,6,12,5,F,2011
E01033320,Lewisham 017E,766,65,37,26,43,39,85,99,77,56,45,39,44,38,19,20,19,8,5,2,F,2011
E01033322,Lewisham 017F,626,39,33,21,19,40,136,141,56,37,31,17,21,9,6,5,7,4,4,0,F,2011
E01003319,Lewisham 018A,945,88,32,61,65,64,70,104,73,68,55,51,60,29,26,22,28,24,18,7,F,2011
E01003320,Lewisham 018B,785,58,51,52,52,43,55,79,68,76,74,52,33,30,14,9,19,14,5,1,F,2011
E01003323,Lewisham 018C,744,47,30,40,61,42,71,55,80,55,63,54,47,29,16,17,15,8,12,2,F,2011
E01003325,Lewisham 018D,921,77,83,41,58,68,95,99,94,64,61,50,27,21,23,22,18,12,5,3,F,2011
E01003226,Lewisham 019A,873,70,40,46,47,60,84,95,92,68,63,56,35,39,23,16,14,12,10,3,F,2011
E01003227,Lewisham 019B,824,73,32,38,39,51,74,71,98,66,67,54,38,30,28,27,15,11,7,5,F,2011
E01003228,Lewisham 019C,783,75,29,29,21,31,68,130,115,54,44,39,27,36,19,20,16,10,16,4,F,2011
E01003229,Lewisham 019D,814,64,47,35,38,50,66,90,85,61,51,51,29,40,20,22,19,21,15,10,F,2011
E01003230,Lewisham 019E,1028,74,62,64,60,50,107,113,112,81,83,80,46,31,17,17,14,10,6,1,F,2011
E01003317,Lewisham 020A,895,56,94,36,43,55,70,99,88,53,72,53,38,42,23,23,23,12,11,4,F,2011
E01003318,Lewisham 020B,792,65,69,23,45,33,91,95,82,65,53,50,29,18,11,13,10,13,15,12,F,2011
E01003321,Lewisham 020C,972,69,45,44,46,71,149,68,78,74,100,51,41,35,27,30,23,12,8,1,F,2011
E01003322,Lewisham 020D,690,53,46,31,43,36,44,62,66,65,61,46,27,27,22,19,20,14,7,1,F,2011
E01003324,Lewisham 020E,726,82,42,38,31,43,70,79,58,63,49,48,29,18,14,20,15,16,6,5,F,2011
E01003254,Lewisham 021A,711,49,25,39,32,31,33,60,64,72,55,58,49,33,39,21,26,8,8,9,F,2011
E01003255,Lewisham 021B,909,57,52,26,26,56,136,143,110,71,65,55,40,21,16,16,6,8,3,2,F,2011
E01003260,Lewisham 021C,878,110,52,40,41,41,47,117,72,65,62,62,41,37,27,20,19,12,11,2,F,2011
E01003261,Lewisham 021D,746,68,38,49,38,30,42,70,82,63,64,51,52,29,15,24,10,15,6,0,F,2011
E01003262,Lewisham 021E,724,66,68,36,22,33,55,111,67,71,59,38,26,18,15,12,8,13,6,0,F,2011
E01003217,Lewisham 022A,896,65,63,50,61,43,63,68,74,72,79,67,46,31,34,23,28,20,4,5,F,2011
E01003218,Lewisham 022B,792,49,50,40,64,47,42,53,59,72,85,73,37,35,23,19,18,10,10,6,F,2011
E01003220,Lewisham 022C,843,47,37,40,75,62,65,80,70,50,67,57,43,37,26,20,15,20,14,18,F,2011
E01003222,Lewisham 022D,853,53,58,66,56,54,43,56,55,67,86,69,56,33,22,26,20,21,9,3,F,2011
E01003224,Lewisham 022E,861,45,61,52,70,53,43,61,79,68,83,72,44,32,41,28,16,7,5,1,F,2011
E01003263,Lewisham 023A,887,59,54,47,45,54,79,77,88,60,61,43,45,32,17,24,30,25,27,20,F,2011
E01003268,Lewisham 023B,836,47,37,33,63,56,80,84,78,63,52,51,56,31,24,22,22,18,9,10,F,2011
E01003269,Lewisham 023C,824,60,36,38,51,52,78,66,64,57,67,60,47,51,33,18,16,16,7,7,F,2011
E01003270,Lewisham 023D,851,50,44,38,55,75,74,59,66,74,67,60,49,43,23,26,16,15,15,2,F,2011
E01003271,Lewisham 023E,840,53,41,37,41,34,44,49,66,43,92,67,68,67,44,33,26,18,10,7,F,2011
E01003307,Lewisham 024A,776,64,35,41,41,24,53,78,75,83,59,59,46,28,20,21,14,21,12,2,F,2011
E01003308,Lewisham 024B,945,68,65,47,50,61,49,100,75,92,109,67,46,26,20,29,18,14,6,3,F,2011
E01003314,Lewisham 024C,814,60,40,44,40,52,60,100,86,79,73,57,26,34,13,12,8,15,9,6,F,2011
E01003315,Lewisham 024D,641,48,38,34,17,30,82,89,69,62,32,25,27,19,12,22,14,6,7,8,F,2011
E01003316,Lewisham 024E,765,47,41,39,44,46,56,83,68,68,69,48,41,31,23,20,21,9,7,4,F,2011
E01003216,Lewisham 025A,927,58,57,46,85,71,51,70,79,78,84,52,62,40,18,17,20,17,11,11,F,2011
E01003219,Lewisham 025B,869,40,56,61,57,49,48,46,55,71,94,72,53,42,23,35,28,21,9,9,F,2011
E01003221,Lewisham 025C,988,66,58,58,50,80,91,71,60,81,80,76,42,37,28,41,21,14,25,9,F,2011
E01003223,Lewisham 025D,861,36,57,46,71,63,59,41,45,68,73,77,55,45,31,23,22,23,23,3,F,2011
E01003346,Lewisham 026A,822,58,57,55,64,49,57,57,44,65,84,65,32,32,19,26,20,25,6,7,F,2011
E01003349,Lewisham 026B,763,65,61,63,60,44,55,59,60,73,65,41,17,20,17,12,21,13,15,2,F,2011
E01003351,Lewisham 026C,807,78,60,48,48,29,44,67,68,68,66,46,28,30,26,23,24,29,18,7,F,2011
E01003354,Lewisham 026D,856,77,61,52,55,49,68,65,80,78,78,50,32,26,24,16,22,13,9,1,F,2011
E01003309,Lewisham 027A,756,40,43,50,60,57,73,77,59,59,54,36,26,19,20,24,14,15,22,8,F,2011
E01003310,Lewisham 027B,749,46,47,31,37,54,87,112,61,49,73,45,31,20,16,12,13,7,1,7,F,2011
E01003311,Lewisham 027C,790,59,32,48,46,34,32,66,62,58,73,62,52,33,35,32,21,24,15,6,F,2011
E01003312,Lewisham 027D,937,75,47,44,47,101,75,88,80,66,70,64,47,40,30,14,23,9,8,9,F,2011
E01003313,Lewisham 027E,748,70,51,38,39,54,77,73,79,58,64,41,29,20,11,8,6,18,9,3,F,2011
E01003256,Lewisham 028A,984,79,61,46,39,67,101,134,81,68,46,64,41,41,22,24,29,21,13,7,F,2011
E01003257,Lewisham 028B,866,66,56,42,40,52,60,65,76,70,49,53,38,31,37,32,26,27,26,20,F,2011
E01003258,Lewisham 028C,767,62,57,72,62,57,52,64,73,66,56,36,27,19,12,10,13,9,7,13,F,2011
E01003259,Lewisham 028D,850,79,29,33,43,45,80,89,96,62,66,56,39,29,30,29,16,18,8,3,F,2011
E01003193,Lewisham 029A,808,46,47,63,38,48,51,55,61,54,69,55,40,64,31,21,31,16,8,10,F,2011
E01003194,Lewisham 029B,880,56,52,52,40,47,70,74,59,69,110,40,50,39,26,33,23,20,14,6,F,2011
E01003195,Lewisham 029C,803,50,59,44,53,29,58,59,60,82,74,60,34,47,22,19,20,12,11,10,F,2011
E01003196,Lewisham 029D,876,53,74,72,73,47,60,64,65,72,61,62,47,21,27,25,15,22,9,7,F,2011
E01003197,Lewisham 029E,873,56,52,62,69,50,55,53,75,71,79,54,58,41,24,25,26,7,9,7,F,2011
E01003347,Lewisham 030A,979,86,104,77,68,59,92,89,96,75,66,44,21,32,15,25,13,8,8,1,F,2011
E01003348,Lewisham 030B,758,46,44,45,60,43,27,52,54,56,71,50,42,34,25,32,28,21,13,15,F,2011
E01003350,Lewisham 030C,769,63,68,69,48,44,44,34,55,60,77,57,28,35,23,21,13,16,9,5,F,2011
E01003352,Lewisham 030D,908,45,70,72,51,59,68,55,63,64,70,54,38,41,38,25,31,29,28,7,F,2011
E01003353,Lewisham 030E,886,41,62,64,62,58,50,58,56,76,69,66,55,44,28,26,30,26,8,7,F,2011
E01003264,Lewisham 031A,838,48,35,34,54,39,67,76,61,59,72,54,42,32,32,29,36,35,17,16,F,2011
E01003265,Lewisham 031B,817,84,37,40,50,82,90,80,59,67,60,51,30,20,14,23,9,7,8,6,F,2011
E01003266,Lewisham 031C,933,63,49,62,66,64,59,73,54,77,66,53,52,46,31,42,25,22,23,6,F,2011
E01003267,Lewisham 031D,825,52,76,46,61,36,54,66,57,55,73,52,33,41,32,32,29,17,6,7,F,2011
E01003329,Lewisham 033A,824,62,60,39,46,40,62,105,78,82,55,44,45,31,29,20,9,7,8,2,F,2011
E01003330,Lewisham 033B,872,71,81,58,46,53,64,70,66,59,66,49,36,33,22,22,28,33,8,7,F,2011
E01003331,Lewisham 033C,754,54,37,50,37,41,46,59,56,48,56,43,37,38,38,30,18,21,25,20,F,2011
E01003332,Lewisham 033D,754,59,35,36,44,32,59,85,67,59,66,47,41,29,30,23,19,11,8,4,F,2011
E01003334,Lewisham 033E,841,65,46,34,28,60,90,78,82,74,48,55,44,32,22,22,21,17,8,15,F,2011
E01003189,Lewisham 034A,891,77,64,60,88,62,42,60,61,88,80,55,28,32,22,13,23,19,14,3,F,2011
E01003190,Lewisham 034B,1012,120,56,70,62,68,80,124,83,89,86,50,27,29,22,16,12,12,4,2,F,2011
E01003191,Lewisham 034C,803,72,69,47,43,60,75,74,56,58,75,54,27,26,15,13,15,10,4,10,F,2011
E01003192,Lewisham 034D,846,67,62,57,38,66,69,81,62,78,66,41,32,34,17,31,15,18,9,3,F,2011
E01003326,Lewisham 035A,782,70,33,42,31,48,54,53,74,54,72,36,27,29,30,33,19,34,24,19,F,2011
E01003327,Lewisham 035B,798,59,59,27,33,41,85,72,85,57,65,47,45,34,27,21,26,6,5,4,F,2011
E01003328,Lewisham 035C,891,68,50,39,35,37,105,84,90,63,79,48,42,36,30,24,18,19,15,9,F,2011
E01003333,Lewisham 035D,759,70,41,31,36,48,75,85,66,59,54,53,29,36,25,19,14,13,2,3,F,2011
E01003335,Lewisham 035E,741,47,49,50,56,41,52,61,49,62,70,46,42,31,17,25,16,14,9,4,F,2011
E01003236,Lewisham 037A,829,79,60,56,64,46,69,61,71,61,64,49,28,27,24,20,19,16,10,5,F,2011
E01003237,Lewisham 037B,806,58,57,48,64,36,51,75,54,73,65,52,33,24,34,20,21,19,16,6,F,2011
E01003238,Lewisham 037C,785,79,68,50,30,59,64,70,59,63,72,40,22,28,10,24,19,12,10,6,F,2011
E01003239,Lewisham 037D,755,54,61,52,47,43,55,65,58,61,57,45,30,24,30,14,20,21,16,2,F,2011
E01032564,Lewisham 037E,712,56,54,56,59,41,55,46,62,54,59,47,31,20,14,18,13,14,9,4,F,2011
E01003235,Lewisham 038A,676,39,46,46,39,59,43,41,45,54,53,43,40,35,31,15,16,16,9,6,F,2011
E01003240,Lewisham 038B,967,72,64,64,56,62,74,97,68,69,81,54,34,37,20,37,31,20,17,10,F,2011
E01003241,Lewisham 038C,806,42,46,39,52,45,55,44,53,60,55,50,49,52,31,45,32,32,20,4,F,2011
E01003243,Lewisham 038D,738,62,38,40,57,52,50,52,58,54,46,47,39,18,32,21,23,30,11,8,F,2011
E01032565,Lewisham 038E,740,49,44,48,67,33,38,42,77,52,51,30,38,34,22,27,33,21,19,15,F,2011
E01003298,Lewisham 039A,688,61,44,46,46,77,66,67,53,47,58,36,21,16,16,16,10,3,2,3,F,2011
E01003300,Lewisham 039B,692,55,34,36,56,60,69,66,54,52,55,49,37,21,16,14,7,8,3,0,F,2011
E01003303,Lewisham 039C,740,45,33,39,81,126,69,77,51,48,44,28,27,17,21,13,10,6,4,1,F,2011
E01003304,Lewisham 039D,952,71,42,40,43,122,138,117,92,67,51,47,35,19,19,16,18,8,5,2,F,2011
E01032579,Lewisham 039E,724,40,37,46,43,84,104,70,61,57,62,35,33,21,11,4,5,3,4,4,F,2011
E09000025,,148415,12519,10388,9641,10017,14170,17900,14778,10914,10092,8863,7463,5715,4551,3329,2848,2140,1532,1018,537,F,2011
E01003543,Newham 001A,1210,109,92,68,74,129,151,129,85,75,84,51,41,26,28,28,20,13,6,1,F,2011
E01003544,Newham 001B,914,66,61,58,69,74,109,69,84,62,73,57,37,22,20,21,15,11,5,1,F,2011
E01003546,Newham 001C,1014,85,77,88,82,91,131,79,66,69,71,51,41,22,12,14,10,17,6,2,F,2011
E01003550,Newham 001D,848,68,60,58,41,75,83,77,60,60,60,56,41,28,22,16,12,12,13,6,F,2011
E01003576,Newham 002A,954,115,94,72,64,68,87,97,71,55,52,31,32,22,20,15,25,14,13,7,F,2011
E01003581,Newham 002B,867,62,68,72,73,98,67,75,64,74,51,52,29,12,25,17,18,4,4,2,F,2011
E01003582,Newham 002C,796,82,57,72,57,75,69,71,50,58,56,34,24,22,26,23,10,6,4,0,F,2011
E01003583,Newham 002D,945,81,79,77,79,96,92,79,60,50,57,40,37,17,20,19,28,13,15,6,F,2011
E01003578,Newham 003A,886,113,74,59,37,71,134,122,68,59,35,31,28,24,7,6,7,6,5,0,F,2011
E01003584,Newham 003B,984,71,59,70,85,81,112,83,67,62,72,36,62,44,23,15,24,10,7,1,F,2011
E01003586,Newham 003C,775,63,46,51,41,82,111,64,55,43,49,47,39,22,18,16,10,9,6,3,F,2011
E01003590,Newham 003D,811,72,71,49,31,50,85,58,57,56,56,40,39,22,12,18,17,14,34,30,F,2011
E01003579,Newham 004A,866,76,62,69,64,92,98,78,64,42,50,47,28,32,19,19,14,8,3,1,F,2011
E01003585,Newham 004B,807,72,62,51,59,95,90,75,45,44,44,28,32,27,28,19,18,8,7,3,F,2011
E01003587,Newham 004C,1139,113,88,69,75,100,141,113,102,74,56,43,36,37,30,18,21,13,9,1,F,2011
E01003591,Newham 004D,1007,93,88,76,77,97,123,101,73,56,50,51,36,31,17,17,13,2,4,2,F,2011
E01003528,Newham 005A,710,87,49,57,48,62,63,73,55,44,32,33,26,21,15,15,13,10,5,2,F,2011
E01003575,Newham 005B,806,59,81,78,52,63,76,62,66,52,40,55,33,29,22,16,14,4,2,2,F,2011
E01003577,Newham 005C,1003,108,96,82,88,60,81,88,87,77,49,36,28,31,29,19,14,12,10,8,F,2011
E01003580,Newham 005D,908,92,87,68,70,70,76,88,80,59,59,48,23,23,17,19,13,6,5,5,F,2011
E01003545,Newham 006A,882,76,61,59,58,71,99,66,75,66,58,52,53,27,20,24,10,4,3,0,F,2011
E01003548,Newham 006B,1148,89,49,49,68,185,138,139,78,70,53,56,32,33,33,26,23,20,6,1,F,2011
E01003549,Newham 006C,1038,75,54,45,63,132,150,116,88,54,72,43,44,32,21,17,12,11,5,4,F,2011
E01003557,Newham 006D,935,86,60,46,66,114,120,108,72,62,43,46,30,29,19,14,10,2,4,4,F,2011
E01003547,Newham 007A,948,69,60,39,60,81,95,66,67,67,68,84,57,57,25,19,16,10,4,4,F,2011
E01003555,Newham 007B,810,69,43,36,50,72,142,79,35,32,43,64,39,30,28,20,16,6,5,1,F,2011
E01003561,Newham 007C,826,69,64,59,58,106,92,72,54,47,51,44,32,27,10,20,10,8,3,0,F,2011
E01003567,Newham 007D,807,68,60,47,57,85,104,78,57,51,46,46,27,18,24,17,9,8,4,1,F,2011
E01003556,Newham 008A,913,69,54,49,63,195,100,78,60,59,46,32,37,13,18,14,8,8,9,1,F,2011
E01003558,Newham 008B,730,58,51,41,65,73,92,59,56,48,37,28,16,19,16,19,14,12,19,7,F,2011
E01003570,Newham 008C,943,94,67,68,51,93,111,94,61,71,57,44,31,27,25,18,14,11,4,2,F,2011
E01003571,Newham 008D,1046,96,71,86,75,92,136,79,74,66,56,60,35,28,20,29,22,16,2,3,F,2011
E01003572,Newham 008E,828,69,52,62,91,116,76,69,38,64,45,31,35,16,21,18,15,4,2,4,F,2011
E01003551,Newham 009A,886,82,54,43,49,108,115,94,72,61,60,31,25,15,13,12,18,17,9,8,F,2011
E01003553,Newham 009B,943,78,61,62,61,100,127,90,73,72,55,49,44,21,14,16,7,5,4,4,F,2011
E01003554,Newham 009C,924,54,36,38,43,154,145,90,60,53,59,39,40,39,27,18,13,9,6,1,F,2011
E01003559,Newham 009D,1250,86,60,58,51,132,299,155,95,84,63,61,20,32,15,18,11,5,4,1,F,2011
E01003529,Newham 010A,1058,85,64,61,63,120,148,80,72,57,78,54,46,33,27,30,23,11,4,2,F,2011
E01003530,Newham 010B,804,51,54,61,66,70,79,78,54,46,60,45,38,23,23,19,20,7,7,3,F,2011
E01003531,Newham 010C,899,83,56,67,68,100,118,73,52,49,44,56,33,26,19,20,21,7,4,3,F,2011
E01003532,Newham 010D,970,68,49,65,79,90,123,77,60,54,74,46,43,30,37,29,21,13,6,6,F,2011
E01003534,Newham 010E,1129,87,107,77,94,125,123,98,72,77,61,58,43,32,22,17,21,7,6,2,F,2011
E01003533,Newham 011A,853,76,57,64,57,95,124,58,47,49,38,47,29,30,21,18,15,13,8,7,F,2011
E01003560,Newham 011B,861,62,76,74,78,89,77,69,58,55,45,42,35,29,24,15,16,12,2,3,F,2011
E01003563,Newham 011C,894,79,56,60,73,102,111,74,62,71,55,44,30,26,18,16,11,2,2,2,F,2011
E01003588,Newham 011D,785,62,59,54,76,90,77,70,56,40,44,47,25,28,24,13,9,7,4,0,F,2011
E01003589,Newham 011E,852,91,71,76,61,68,90,85,62,54,43,38,38,26,14,11,14,4,3,3,F,2011
E01003616,Newham 012A,759,34,36,41,56,92,92,76,62,62,59,39,41,24,16,11,8,8,1,1,F,2011
E01003617,Newham 012B,1387,89,65,57,65,210,278,177,88,55,59,65,40,27,23,28,26,15,13,7,F,2011
E01003618,Newham 012C,1118,73,44,41,37,156,188,158,83,84,64,44,38,37,22,19,10,8,8,4,F,2011
E01003619,Newham 012D,1149,66,43,46,93,185,217,123,68,72,50,53,27,24,25,19,15,13,4,6,F,2011
E01003615,Newham 013C,919,69,60,42,47,118,154,89,44,78,37,41,39,22,22,24,11,11,7,4,F,2011
E01033578,Newham 013E,574,38,27,26,15,107,166,80,43,21,13,9,11,6,4,5,0,0,1,2,F,2011
E01033579,Newham 013F,620,33,26,10,21,117,186,109,35,23,22,14,6,7,3,2,1,2,3,0,F,2011
E01033583,Newham 013G,1401,88,63,80,71,146,270,158,109,81,66,66,56,44,42,23,20,8,7,3,F,2011
E01033586,Newham 013H,679,50,43,34,26,85,73,91,50,63,45,38,25,22,11,12,6,2,2,1,F,2011
E01003562,Newham 014A,972,78,41,55,73,114,131,90,63,57,63,46,56,24,22,24,18,9,5,3,F,2011
E01003564,Newham 014B,1085,104,88,72,67,94,154,113,79,73,62,41,44,27,20,18,11,12,6,0,F,2011
E01003565,Newham 014C,791,87,53,56,47,77,104,86,47,57,40,34,35,19,16,14,4,6,4,5,F,2011
E01003566,Newham 014D,783,74,69,60,37,88,92,71,53,43,42,33,34,20,24,9,15,10,8,1,F,2011
E01003625,Newham 015A,792,75,71,53,62,74,93,70,67,57,45,24,33,26,9,12,9,8,3,1,F,2011
E01003626,Newham 015B,732,66,53,61,57,53,79,81,53,51,31,40,27,30,12,17,8,7,5,1,F,2011
E01003627,Newham 015C,740,60,51,47,55,72,91,67,51,48,42,41,35,26,20,12,10,7,4,1,F,2011
E01003628,Newham 015D,766,71,67,57,58,64,70,75,56,45,53,45,35,26,11,11,7,6,6,3,F,2011
E01003629,Newham 015E,775,79,79,45,39,52,86,100,54,48,34,41,39,17,19,16,9,10,6,2,F,2011
E01003552,Newham 016A,840,81,67,53,49,87,92,95,48,60,40,38,33,31,19,18,17,5,3,4,F,2011
E01003596,Newham 016B,851,73,64,52,46,65,115,95,63,49,48,43,42,28,7,17,14,15,9,6,F,2011
E01003597,Newham 016C,784,72,46,53,57,88,99,59,49,53,48,36,42,22,15,15,11,10,7,2,F,2011
E01003635,Newham 016D,912,51,49,44,49,101,136,78,65,72,54,47,50,56,22,17,8,6,5,2,F,2011
E01003568,Newham 017A,999,63,63,59,78,102,120,94,66,65,53,56,52,42,23,21,18,13,9,2,F,2011
E01003569,Newham 017B,800,73,44,38,61,86,117,85,36,36,42,39,40,31,23,27,7,5,8,2,F,2011
E01003573,Newham 017C,990,81,66,66,78,115,101,98,65,65,55,46,39,39,26,24,10,9,5,2,F,2011
E01003574,Newham 017D,1213,93,79,65,86,119,159,94,94,72,70,72,53,33,38,29,22,16,15,4,F,2011
E01003520,Newham 018A,861,65,68,43,51,87,106,72,64,55,54,42,25,40,22,13,25,10,10,9,F,2011
E01003521,Newham 018B,890,89,62,44,49,84,130,106,61,48,46,53,28,28,24,20,12,4,2,0,F,2011
E01003522,Newham 018C,862,78,70,76,55,61,98,84,61,51,44,34,41,36,22,15,13,7,11,5,F,2011
E01003525,Newham 018D,848,91,63,63,56,62,91,86,76,43,52,45,26,32,22,11,9,10,6,4,F,2011
E01003526,Newham 018E,909,76,60,84,66,70,91,84,74,57,38,53,45,33,26,16,15,12,6,3,F,2011
E01003488,Newham 019A,922,74,72,62,59,82,87,86,62,63,60,48,39,29,27,29,17,14,8,4,F,2011
E01003489,Newham 019B,865,63,89,85,53,67,78,72,61,53,49,45,30,31,26,25,19,12,4,3,F,2011
E01003490,Newham 019C,829,90,72,73,50,69,83,52,71,63,57,35,34,23,19,18,3,11,4,2,F,2011
E01003524,Newham 019D,906,84,65,40,87,91,93,84,48,61,50,60,44,24,22,18,12,18,5,0,F,2011
E01003631,Newham 020A,887,74,55,60,33,68,110,114,70,70,64,48,37,31,23,16,8,3,3,0,F,2011
E01003632,Newham 020B,1178,118,82,59,62,117,133,110,88,68,70,58,55,56,38,26,14,9,10,5,F,2011
E01003633,Newham 020C,929,72,77,73,78,92,89,76,58,71,67,52,27,23,30,13,14,9,6,2,F,2011
E01003634,Newham 020D,888,59,57,72,73,65,102,69,58,61,66,57,44,38,15,24,12,11,3,2,F,2011
E01003636,Newham 020E,984,72,78,79,77,80,115,93,84,73,65,36,28,32,20,17,16,7,8,4,F,2011
E01003598,Newham 021A,942,73,74,74,67,63,117,101,82,64,59,46,38,26,17,16,11,7,3,4,F,2011
E01003600,Newham 021B,953,101,77,50,64,91,86,77,82,60,62,55,30,29,30,21,21,11,5,1,F,2011
E01003630,Newham 021C,994,88,64,70,65,73,98,106,70,67,73,67,38,33,24,17,19,11,8,3,F,2011
E01003637,Newham 021D,841,58,50,36,65,75,114,73,71,56,60,35,32,34,22,27,18,11,2,2,F,2011
E01003491,Newham 022A,870,56,50,45,49,96,112,62,48,53,40,38,44,43,42,32,25,17,11,7,F,2011
E01003592,Newham 022B,866,98,57,56,51,62,106,86,63,61,49,38,33,37,19,15,15,10,6,4,F,2011
E01003599,Newham 022C,755,57,45,59,62,68,68,81,54,39,50,37,38,29,19,15,14,10,8,2,F,2011
E01003606,Newham 022D,1012,80,73,64,62,106,104,88,83,69,55,66,37,35,25,16,16,14,11,8,F,2011
E01003535,Newham 023A,857,51,58,80,79,70,52,54,70,81,64,50,31,22,19,15,16,21,14,10,F,2011
E01003536,Newham 023B,955,100,86,65,76,62,101,92,75,74,55,48,29,26,21,15,13,10,3,4,F,2011
E01003621,Newham 023C,769,83,75,43,43,57,76,79,62,62,60,27,28,22,18,12,9,7,4,2,F,2011
E01003622,Newham 023D,774,82,74,57,50,55,82,68,56,51,56,35,23,19,20,12,12,13,6,3,F,2011
E01003623,Newham 023E,835,56,86,81,77,60,64,64,73,56,54,45,27,19,16,24,14,9,6,4,F,2011
E01003523,Newham 024A,970,90,66,68,65,65,97,93,79,77,55,43,43,32,19,24,15,11,15,13,F,2011
E01003527,Newham 024B,879,71,81,54,70,66,65,69,72,74,62,58,28,25,21,25,14,13,5,6,F,2011
E01003537,Newham 024C,1031,103,88,73,59,71,107,109,78,79,55,52,40,29,23,18,22,10,12,3,F,2011
E01003542,Newham 024D,1006,84,77,93,88,58,71,96,90,61,72,58,39,29,24,23,12,12,11,8,F,2011
E01003624,Newham 024E,795,77,66,50,56,69,67,80,47,54,60,42,33,22,25,14,7,13,11,2,F,2011
E01003492,Newham 025A,933,69,91,63,76,70,91,90,67,70,51,58,27,37,19,20,15,8,8,3,F,2011
E01003493,Newham 025B,1063,83,88,77,72,77,115,117,88,59,54,55,54,39,19,22,20,12,9,3,F,2011
E01003494,Newham 025C,1033,109,89,85,67,70,105,108,76,75,62,43,35,35,16,19,13,11,10,5,F,2011
E01003495,Newham 025D,1033,91,96,62,56,73,91,114,96,78,62,67,47,29,23,19,12,9,5,3,F,2011
E01003594,Newham 026A,846,74,61,47,47,82,111,97,53,68,46,47,33,30,17,14,10,5,2,2,F,2011
E01003595,Newham 026B,726,59,36,52,52,68,78,59,51,55,33,29,37,32,16,26,13,17,10,3,F,2011
E01003602,Newham 026C,978,79,44,57,77,97,129,96,72,80,49,50,37,34,27,21,13,7,6,3,F,2011
E01003607,Newham 026D,844,75,66,53,66,66,113,73,61,63,54,53,32,22,15,18,6,3,5,0,F,2011
E01003496,Newham 027A,703,59,34,41,51,59,82,90,58,61,49,44,25,16,15,9,4,3,1,2,F,2011
E01003498,Newham 027B,847,64,70,65,56,59,93,83,71,64,68,46,26,23,20,13,11,10,4,1,F,2011
E01003500,Newham 027C,1073,91,67,83,75,83,136,106,80,80,67,54,51,39,16,15,1,9,12,8,F,2011
E01003593,Newham 027D,828,71,55,69,56,82,67,68,57,70,48,57,34,40,14,17,10,6,5,2,F,2011
E01003601,Newham 028A,1080,85,70,97,85,86,79,91,73,93,91,63,36,44,30,18,9,15,9,6,F,2011
E01003603,Newham 028B,989,113,82,50,50,73,98,114,72,79,69,46,37,30,35,21,6,7,5,2,F,2011
E01003605,Newham 028C,986,73,84,59,58,81,105,81,72,72,70,42,52,41,30,18,11,19,14,4,F,2011
E01003608,Newham 028D,1031,96,79,70,68,69,103,91,89,80,78,56,38,46,19,17,11,11,7,3,F,2011
E01003538,Newham 029A,1037,101,90,80,58,62,104,89,102,66,50,57,32,24,22,24,27,18,20,11,F,2011
E01003539,Newham 029B,1105,93,104,85,66,77,130,96,91,87,63,54,46,39,17,11,17,13,9,7,F,2011
E01003540,Newham 029C,916,77,84,62,64,54,73,92,79,84,59,46,28,38,29,17,17,6,4,3,F,2011
E01003541,Newham 029D,953,103,88,78,76,67,83,86,77,66,57,45,32,34,15,8,16,12,6,4,F,2011
E01003499,Newham 030A,1124,99,81,102,89,70,78,116,97,77,57,49,39,17,38,38,27,26,18,6,F,2011
E01003501,Newham 030B,1011,70,78,61,78,79,113,76,83,75,76,62,45,40,13,27,16,10,6,3,F,2011
E01003502,Newham 030C,934,64,49,55,90,86,95,85,71,70,68,51,42,26,29,19,12,14,7,1,F,2011
E01003503,Newham 030D,879,85,65,67,55,62,95,70,62,60,65,71,29,27,19,13,11,12,8,3,F,2011
E01003507,Newham 031A,1038,94,60,55,69,95,126,86,76,76,57,47,42,40,23,31,22,15,12,12,F,2011
E01003508,Newham 031B,820,76,65,76,45,60,90,81,65,56,42,37,26,19,30,21,15,7,7,2,F,2011
E01003509,Newham 031C,1026,98,81,47,51,106,133,89,79,66,72,51,27,33,35,19,14,16,8,1,F,2011
E01003604,Newham 031D,1211,134,112,75,70,98,135,114,95,90,89,54,48,34,26,11,16,7,2,1,F,2011
E01003483,Newham 032A,790,53,56,45,71,81,76,56,50,78,58,45,45,26,8,16,12,5,6,3,F,2011
E01003484,Newham 032B,828,82,63,43,49,75,98,133,61,60,49,44,32,16,6,8,4,2,3,0,F,2011
E01003516,Newham 032C,979,89,64,71,74,94,96,76,54,80,82,64,29,28,27,27,13,6,4,1,F,2011
E01003518,Newham 032D,797,69,52,41,52,47,97,105,70,58,47,51,34,23,17,13,4,8,7,2,F,2011
E01003519,Newham 032E,801,59,42,66,61,78,91,67,52,72,51,40,48,31,18,12,6,4,2,1,F,2011
E01003480,Newham 033A,1144,85,47,48,149,211,150,116,57,49,54,47,42,32,15,20,12,5,3,2,F,2011
E01003482,Newham 033B,1332,110,83,58,72,139,233,213,134,80,66,49,41,19,5,7,11,7,2,3,F,2011
E01003486,Newham 033C,685,29,43,49,66,60,65,48,24,54,64,45,32,31,18,7,19,17,7,7,F,2011
E01003487,Newham 033D,729,47,59,61,66,70,63,56,43,75,53,45,41,25,6,9,4,5,0,1,F,2011
E01003497,Newham 034A,875,67,58,50,62,74,80,78,65,59,67,53,41,38,21,25,16,14,4,3,F,2011
E01003506,Newham 034D,792,51,41,71,69,72,79,67,50,50,55,64,29,24,19,16,8,11,10,6,F,2011
E01033574,Newham 034F,447,41,3,2,4,54,156,104,37,19,9,7,4,0,1,2,2,1,1,0,F,2011
E01033575,Newham 034G,414,24,3,2,6,62,148,102,25,19,15,3,3,0,1,0,0,0,1,0,F,2011
E01033576,Newham 034H,590,41,16,20,28,74,138,99,38,26,19,17,19,14,16,9,6,3,3,4,F,2011
E01033584,Newham 034I,813,71,66,48,65,52,99,86,58,68,45,39,26,20,21,20,10,11,7,1,F,2011
E01033585,Newham 034J,1196,58,59,78,89,142,155,107,72,90,71,72,41,41,42,29,17,21,5,7,F,2011
E01003479,Newham 035A,763,84,41,43,34,50,100,103,81,54,42,43,32,22,10,9,6,5,2,2,F,2011
E01003481,Newham 035B,817,59,36,39,67,130,86,87,49,44,38,61,34,16,15,19,16,11,7,3,F,2011
E01003485,Newham 035C,820,70,56,48,55,55,79,104,76,52,56,45,43,20,15,18,11,6,8,3,F,2011
E01003513,Newham 035D,806,78,51,41,60,70,102,125,60,65,47,32,28,17,10,10,6,3,1,0,F,2011
E01003511,Newham 036A,765,48,78,83,86,48,54,51,64,61,47,33,25,36,17,17,9,5,3,0,F,2011
E01003512,Newham 036B,921,70,58,54,53,68,103,74,69,77,67,53,38,30,35,28,19,11,6,8,F,2011
E01003514,Newham 036C,766,67,57,57,49,67,54,76,69,57,51,42,42,23,21,8,13,5,4,4,F,2011
E01003515,Newham 036D,911,103,60,64,52,69,97,97,60,60,54,29,40,38,20,24,20,18,5,1,F,2011
E01003517,Newham 036E,880,71,56,63,72,66,88,77,70,92,78,53,27,29,13,10,10,5,0,0,F,2011
E01003609,Newham 037A,1347,118,85,96,75,119,203,179,104,84,80,63,32,32,18,26,13,11,4,5,F,2011
E01003611,Newham 037C,952,81,102,79,60,85,88,77,89,80,56,41,34,20,27,10,7,9,2,5,F,2011
E01033577,Newham 037E,693,38,39,47,38,77,99,109,74,62,37,19,16,13,10,4,5,4,1,1,F,2011
E01033580,Newham 037F,657,56,15,7,12,97,154,146,73,36,15,19,9,12,3,1,1,1,0,0,F,2011
E01033581,Newham 037G,911,83,73,51,52,83,121,103,73,62,52,39,29,25,22,13,12,8,8,2,F,2011
E01033582,Newham 037H,642,80,26,9,9,74,151,146,49,34,22,21,7,5,3,2,1,3,0,0,F,2011
E09000028,,145685,10311,7627,6863,7871,14355,17970,16247,12320,10838,10142,8212,5624,4660,3467,2886,2386,1929,1301,676,F,2011
E01004029,Southwark 001A,902,42,28,23,39,121,211,129,97,64,63,25,21,16,5,4,6,3,4,1,F,2011
E01004032,Southwark 001B,826,47,20,10,26,121,194,145,74,40,45,34,31,12,14,6,5,1,1,0,F,2011
E01004053,Southwark 001C,867,55,21,9,22,81,174,153,94,65,37,45,37,27,14,17,6,4,3,3,F,2011
E01004054,Southwark 001D,770,49,18,22,9,67,143,166,85,51,47,31,25,25,8,11,9,0,3,1,F,2011
E01004055,Southwark 001E,680,50,30,41,40,43,50,61,43,35,53,56,49,51,16,19,13,21,7,2,F,2011
E01003927,Southwark 002A,1158,46,25,31,96,253,212,130,81,61,40,35,23,27,22,19,21,23,11,2,F,2011
E01003929,Southwark 002B,941,41,20,18,43,122,152,148,89,61,69,52,27,32,22,17,16,5,6,1,F,2011
E01003934,Southwark 002C,698,27,29,11,24,48,99,72,47,53,53,38,41,39,20,31,19,26,11,10,F,2011
E01003935,Southwark 002D,655,15,20,22,120,125,74,58,28,31,33,38,28,17,10,12,9,5,6,4,F,2011
E01003939,Southwark 002E,954,39,26,30,49,141,191,145,89,62,58,40,21,16,13,10,5,10,6,3,F,2011
E01003976,Southwark 003A,975,59,50,32,37,121,180,143,81,63,52,24,35,28,19,11,14,9,13,4,F,2011
E01004027,Southwark 003E,1008,61,42,40,59,149,178,133,70,73,77,32,30,17,17,9,6,7,5,3,F,2011
E01032637,Southwark 003F,561,21,7,2,1,88,141,132,62,41,23,15,7,11,6,2,2,0,0,0,F,2011
E01032638,Southwark 003G,512,23,4,2,2,24,113,114,59,45,36,26,31,16,11,4,2,0,0,0,F,2011
E01032640,Southwark 003H,499,19,7,0,2,38,109,123,68,37,38,18,12,18,4,3,2,0,1,0,F,2011
E01032646,Southwark 003I,665,34,21,17,18,58,166,113,61,50,31,29,19,17,16,6,5,2,2,0,F,2011
E01032803,Southwark 003J,589,34,12,8,12,85,157,128,54,34,23,15,13,5,3,3,1,1,1,0,F,2011
E01032834,Southwark 003K,485,22,4,2,9,24,87,117,53,43,42,20,24,14,10,6,6,1,1,0,F,2011
E01003975,Southwark 004A,875,88,57,55,61,88,99,76,54,80,77,39,19,24,6,11,12,19,8,2,F,2011
E01003978,Southwark 004B,964,56,46,40,47,132,180,118,89,73,52,34,32,14,11,10,8,6,13,3,F,2011
E01004022,Southwark 004C,1244,60,58,49,51,134,193,175,105,86,56,61,41,41,33,24,28,27,17,5,F,2011
E01004023,Southwark 004D,773,48,37,33,39,66,94,67,51,53,71,47,42,22,22,20,29,14,11,7,F,2011
E01004028,Southwark 004E,830,63,45,38,42,91,111,103,80,62,54,45,22,22,12,13,10,10,7,0,F,2011
E01003938,Southwark 006A,913,40,47,50,45,101,164,120,80,64,60,42,30,13,16,13,13,9,5,1,F,2011
E01003940,Southwark 006B,795,57,61,54,40,102,91,65,59,63,53,48,20,28,12,20,12,6,2,2,F,2011
E01003941,Southwark 006C,905,50,20,24,29,147,169,116,93,56,42,45,23,26,20,12,13,9,10,1,F,2011
E01003942,Southwark 006D,853,52,44,40,47,177,129,66,50,44,51,39,20,16,19,16,19,13,10,1,F,2011
E01003979,Southwark 006E,926,47,39,33,32,176,120,99,75,74,51,40,20,22,19,8,15,16,23,17,F,2011
E01003981,Southwark 006F,855,41,21,27,76,202,124,66,64,44,47,34,22,20,21,15,13,11,6,1,F,2011
E01004030,Southwark 007A,732,41,22,18,22,111,97,89,58,38,56,52,40,24,15,13,18,8,9,1,F,2011
E01004031,Southwark 007B,1080,91,35,48,53,137,190,123,74,67,62,38,34,40,25,21,16,13,8,5,F,2011
E01004033,Southwark 007C,768,44,37,38,38,73,86,84,63,65,41,48,29,27,19,13,20,16,19,8,F,2011
E01004034,Southwark 007D,801,64,54,49,45,88,95,77,53,60,55,45,27,14,11,16,14,23,5,6,F,2011
E01004036,Southwark 007E,1056,98,85,48,56,99,149,121,76,84,65,37,29,21,22,15,20,22,6,3,F,2011
E01004056,Southwark 008A,1032,61,34,28,45,118,196,148,93,64,55,56,41,17,13,22,16,12,9,4,F,2011
E01004057,Southwark 008B,782,49,31,30,34,64,130,101,61,60,64,54,40,24,14,12,8,4,1,1,F,2011
E01004058,Southwark 008C,774,45,9,11,14,76,191,166,97,51,30,21,17,26,11,3,5,1,0,0,F,2011
E01004059,Southwark 008D,716,26,6,5,10,130,235,130,62,28,26,19,14,12,7,5,0,0,0,1,F,2011
E01004060,Southwark 008E,966,61,52,50,36,78,150,119,81,60,63,39,39,30,21,14,22,19,14,18,F,2011
E01003936,Southwark 009A,975,20,16,6,209,234,206,115,56,23,20,21,16,7,16,2,2,6,0,0,F,2011
E01003937,Southwark 009B,703,27,15,20,20,129,169,103,65,36,30,21,19,13,16,11,3,2,1,3,F,2011
E01003943,Southwark 009C,689,51,48,43,31,101,85,53,61,49,50,29,27,13,18,6,7,5,10,2,F,2011
E01032720,Southwark 009F,806,53,33,37,77,120,131,81,60,70,41,35,15,11,8,15,5,6,7,1,F,2011
E01003977,Southwark 010A,860,56,32,43,43,81,131,81,58,57,49,48,36,38,28,32,22,10,13,2,F,2011
E01004037,Southwark 010B,958,71,65,40,58,102,139,143,97,63,53,49,22,17,10,11,10,3,2,3,F,2011
E01004038,Southwark 010C,1272,127,76,83,65,120,196,160,99,91,108,54,41,19,10,8,6,4,5,0,F,2011
E01004042,Southwark 010D,882,44,37,43,38,110,85,76,53,51,68,49,39,50,25,31,34,20,17,12,F,2011
E01004043,Southwark 010E,694,43,27,21,31,85,65,60,54,42,55,28,33,41,26,30,30,11,10,2,F,2011
E01003986,Southwark 011A,679,58,45,34,43,52,66,64,45,43,36,39,32,14,22,29,20,18,13,6,F,2011
E01003987,Southwark 011B,888,50,53,47,57,51,87,75,61,71,64,70,40,33,21,40,27,20,15,6,F,2011
E01004024,Southwark 011C,931,83,46,47,46,111,104,112,66,66,42,41,33,22,22,22,17,22,17,12,F,2011
E01004035,Southwark 011D,843,77,42,39,32,58,124,63,70,58,48,54,37,38,17,22,28,18,11,7,F,2011
E01003960,Southwark 012A,924,49,50,32,41,170,148,95,52,54,54,45,30,22,18,21,16,15,9,3,F,2011
E01003961,Southwark 012B,1044,77,69,53,51,107,104,82,74,77,71,52,38,46,46,27,38,16,13,3,F,2011
E01003994,Southwark 012E,739,38,28,30,49,105,92,66,54,52,46,52,29,30,24,10,19,7,7,1,F,2011
E01032722,Southwark 012F,1086,61,50,46,59,141,145,112,80,69,66,62,38,28,43,26,20,18,14,8,F,2011
E01003980,Southwark 013A,965,42,31,36,43,206,162,77,52,56,66,35,36,31,26,20,17,16,9,4,F,2011
E01004039,Southwark 013B,750,48,35,32,45,109,126,91,48,36,41,61,22,17,10,7,6,5,5,6,F,2011
E01004040,Southwark 013C,923,67,69,51,66,69,84,61,69,71,73,58,84,30,19,13,16,13,7,3,F,2011
E01004041,Southwark 013D,811,69,38,46,50,71,96,60,64,65,87,54,23,23,21,13,14,11,5,1,F,2011
E01004044,Southwark 013E,696,49,27,51,58,51,68,65,66,58,47,45,27,16,15,15,15,13,6,4,F,2011
E01003992,Southwark 014A,816,62,72,57,41,81,82,60,46,74,50,55,32,30,14,20,13,9,13,5,F,2011
E01003995,Southwark 014B,688,51,43,26,21,59,81,77,58,52,60,40,36,19,14,9,12,16,8,6,F,2011
E01003998,Southwark 014D,612,25,18,29,22,53,77,76,64,40,51,29,27,27,24,16,11,7,13,3,F,2011
E01003999,Southwark 014E,718,59,48,32,27,75,78,84,59,51,58,36,29,17,20,11,12,11,7,4,F,2011
E01032639,Southwark 014F,763,29,29,15,52,142,163,93,46,39,38,23,21,15,15,14,9,12,6,2,F,2011
E01032719,Southwark 014G,533,32,18,24,25,73,73,71,48,30,33,28,13,8,12,14,13,9,8,1,F,2011
E01003964,Southwark 015A,963,67,54,47,69,85,122,72,80,86,92,48,41,36,35,8,10,6,4,1,F,2011
E01003966,Southwark 015B,972,59,46,61,62,161,93,99,73,58,59,48,28,28,30,24,17,11,10,5,F,2011
E01003968,Southwark 015C,749,61,60,59,53,55,53,43,73,67,57,51,23,27,20,22,13,6,3,3,F,2011
E01003971,Southwark 015D,928,86,88,81,72,56,71,85,67,83,65,60,24,26,27,14,14,5,3,1,F,2011
E01003974,Southwark 015E,655,63,39,35,43,60,68,61,46,40,43,50,29,22,11,15,10,12,6,2,F,2011
E01003963,Southwark 016A,839,67,63,54,49,96,71,80,59,78,56,57,25,27,24,8,9,8,6,2,F,2011
E01003967,Southwark 016B,791,85,53,53,49,67,81,69,44,75,53,44,35,26,16,10,17,9,4,1,F,2011
E01003970,Southwark 016C,774,62,56,46,51,71,58,62,49,45,57,71,30,41,25,16,10,13,8,3,F,2011
E01003972,Southwark 016D,825,77,53,42,51,85,98,79,68,63,60,44,34,17,15,16,9,8,4,2,F,2011
E01003973,Southwark 016E,871,74,65,48,38,70,78,94,76,87,55,49,27,28,26,8,20,11,10,7,F,2011
E01003923,Southwark 017A,878,59,46,39,36,102,133,88,77,66,63,55,30,25,19,25,5,6,4,0,F,2011
E01003969,Southwark 017B,904,67,38,38,32,130,128,113,75,64,56,38,32,26,22,18,9,10,6,2,F,2011
E01003991,Southwark 017C,627,36,30,24,29,43,56,53,43,36,45,35,28,39,28,38,23,15,17,9,F,2011
E01003993,Southwark 017D,901,67,63,81,51,79,78,94,64,70,67,60,32,20,37,14,12,7,5,0,F,2011
E01003997,Southwark 017E,637,34,33,33,36,74,86,54,55,46,48,34,35,19,13,12,11,8,4,2,F,2011
E01003983,Southwark 018A,1085,85,81,86,77,110,86,79,92,84,81,62,46,23,26,27,19,16,4,1,F,2011
E01003988,Southwark 018B,1080,102,84,57,64,89,92,97,82,83,74,61,38,48,40,30,30,5,4,0,F,2011
E01003989,Southwark 018C,1008,89,101,75,76,82,116,74,85,87,83,60,25,18,9,11,6,5,3,3,F,2011
E01003990,Southwark 018D,1096,90,84,68,69,70,112,108,77,88,88,54,49,44,33,21,20,15,3,3,F,2011
E01004007,Southwark 018E,672,50,42,53,60,45,42,53,46,55,56,55,25,26,15,13,15,12,5,4,F,2011
E01003912,Southwark 019A,794,75,65,57,53,50,55,68,77,67,76,48,24,21,20,13,12,6,6,1,F,2011
E01004011,Southwark 019B,1122,106,76,89,93,101,105,106,67,74,82,74,45,39,21,27,9,5,3,0,F,2011
E01004012,Southwark 019C,1219,94,78,75,80,88,175,143,110,115,79,66,34,31,14,14,16,3,3,1,F,2011
E01004013,Southwark 019D,893,63,57,65,81,66,76,67,76,89,82,62,33,27,15,15,9,3,5,2,F,2011
E01004014,Southwark 019E,896,70,55,49,63,69,103,99,61,80,60,54,27,19,18,18,10,14,15,12,F,2011
E01003911,Southwark 020A,1036,91,82,69,63,73,111,121,88,78,81,71,26,33,16,12,11,5,3,2,F,2011
E01003916,Southwark 020B,1091,73,50,51,91,170,114,113,86,78,85,55,29,28,18,14,19,10,5,2,F,2011
E01003917,Southwark 020C,903,60,33,38,44,80,108,95,81,61,62,58,45,42,29,26,16,14,8,3,F,2011
E01003918,Southwark 020D,867,65,65,45,59,67,80,80,67,64,64,56,36,35,29,16,13,16,5,5,F,2011
E01003925,Southwark 020E,705,43,52,53,44,37,58,63,49,55,69,42,28,17,20,19,22,14,11,9,F,2011
E01003919,Southwark 021A,882,62,45,50,38,107,124,93,70,61,59,58,37,29,17,14,12,3,1,2,F,2011
E01003920,Southwark 021B,924,93,66,59,51,41,97,85,88,79,77,57,46,34,13,14,12,10,2,0,F,2011
E01003921,Southwark 021C,695,34,39,29,28,58,81,85,62,60,59,45,32,30,15,10,9,6,8,5,F,2011
E01003922,Southwark 021D,992,82,74,45,46,96,101,98,86,92,66,57,40,34,22,21,13,11,3,5,F,2011
E01003924,Southwark 021E,916,101,71,35,33,63,103,124,74,83,64,42,36,25,21,19,5,11,5,1,F,2011
E01003926,Southwark 021F,739,46,57,49,56,79,55,53,48,55,54,45,34,28,16,24,15,17,5,3,F,2011
E01004008,Southwark 022B,1082,78,74,76,70,93,85,83,76,99,102,78,44,35,36,20,19,11,2,1,F,2011
E01004010,Southwark 022D,760,63,51,41,43,71,82,73,63,60,68,53,23,22,11,15,12,4,4,1,F,2011
E01004067,Southwark 022E,1068,87,61,48,52,89,99,104,96,105,90,68,43,31,26,18,24,15,6,6,F,2011
E01032805,Southwark 022F,1308,90,77,93,98,149,135,105,91,107,79,86,50,52,31,22,18,16,6,3,F,2011
E01003984,Southwark 023A,975,61,37,36,51,126,108,106,74,77,71,51,36,36,38,23,14,14,10,6,F,2011
E01004003,Southwark 023B,872,66,55,54,39,73,76,71,67,75,68,59,47,29,31,25,18,15,3,1,F,2011
E01004004,Southwark 023C,1184,83,61,50,58,111,168,139,93,78,83,74,38,39,28,25,11,23,10,12,F,2011
E01004005,Southwark 023D,1102,118,84,62,55,78,112,127,76,80,78,44,37,37,16,20,15,18,26,19,F,2011
E01004006,Southwark 023E,952,67,42,50,62,110,102,101,59,76,59,63,34,30,25,26,19,18,6,3,F,2011
E01003913,Southwark 024A,947,68,27,45,45,109,115,90,85,83,53,69,34,30,33,19,21,14,5,2,F,2011
E01003914,Southwark 024B,977,59,41,35,63,122,121,99,83,64,76,56,37,38,20,22,10,13,10,8,F,2011
E01003915,Southwark 024C,987,82,31,46,55,94,118,109,71,77,70,75,44,28,26,24,15,13,6,3,F,2011
E01004050,Southwark 024D,732,41,36,31,41,58,82,101,70,51,57,51,37,24,18,13,12,5,3,1,F,2011
E01004052,Southwark 024E,903,68,39,21,44,68,112,117,104,68,66,42,29,32,28,17,21,13,7,7,F,2011
E01004061,Southwark 025A,900,47,33,29,38,85,99,118,95,85,60,46,45,42,18,20,20,14,4,2,F,2011
E01004062,Southwark 025B,996,90,50,49,39,68,133,134,86,79,68,36,29,24,22,22,23,19,16,9,F,2011
E01004063,Southwark 025C,969,69,45,20,38,68,110,136,101,69,63,49,47,34,35,16,24,21,16,8,F,2011
E01004065,Southwark 025D,798,62,46,41,29,35,87,123,98,65,51,47,29,20,16,21,13,5,8,2,F,2011
E01004066,Southwark 025E,1114,103,81,45,73,100,108,126,93,80,77,88,38,41,21,18,8,6,6,2,F,2011
E01004000,Southwark 026A,969,71,45,39,42,84,106,112,97,58,74,55,58,35,26,27,14,9,12,5,F,2011
E01004001,Southwark 026B,915,67,55,64,50,63,64,79,78,74,70,69,42,36,22,30,17,14,14,7,F,2011
E01004019,Southwark 026C,1175,100,55,67,70,93,123,126,97,103,97,79,55,41,19,18,15,11,2,4,F,2011
E01004064,Southwark 026D,1029,87,66,57,55,79,113,111,82,77,79,52,38,32,25,33,14,17,8,4,F,2011
E01004068,Southwark 026E,1079,90,63,58,58,65,88,91,92,71,82,72,40,48,39,33,22,27,25,15,F,2011
E01004045,Southwark 027A,813,90,58,48,50,60,72,85,73,70,63,43,38,21,17,11,9,5,0,0,F,2011
E01004047,Southwark 027B,850,68,51,61,48,74,76,80,66,64,79,54,29,27,19,17,13,11,9,4,F,2011
E01004048,Southwark 027C,910,73,39,45,49,62,98,121,108,55,82,61,33,18,14,13,15,11,9,4,F,2011
E01004049,Southwark 027D,912,68,48,52,132,124,94,89,71,46,50,45,30,16,18,11,9,6,1,2,F,2011
E01004051,Southwark 027E,701,41,35,28,11,43,83,86,79,68,44,41,29,29,15,22,15,12,15,5,F,2011
E01003953,Southwark 028A,1117,68,41,26,28,92,146,189,136,82,73,53,40,54,25,25,21,10,3,5,F,2011
E01003955,Southwark 028B,924,62,36,20,36,63,114,108,100,80,61,61,50,28,25,23,20,21,11,5,F,2011
E01004015,Southwark 028C,800,62,39,27,30,43,71,126,84,65,53,47,39,33,18,16,15,16,9,7,F,2011
E01004021,Southwark 028D,1092,75,34,22,23,62,166,230,121,78,66,59,36,34,25,14,16,14,11,6,F,2011
E01004046,Southwark 028E,862,69,44,34,37,39,87,121,113,72,65,50,33,35,15,14,12,8,9,5,F,2011
E01004002,Southwark 029A,823,65,47,42,51,45,69,69,78,74,67,75,44,27,21,13,16,12,5,3,F,2011
E01004016,Southwark 029B,1222,123,78,67,39,77,114,147,111,107,86,78,58,30,30,25,19,16,11,6,F,2011
E01004017,Southwark 029C,816,69,59,38,32,41,62,77,94,75,62,48,34,29,27,25,15,19,7,3,F,2011
E01004020,Southwark 029D,891,76,67,49,56,64,68,92,87,87,69,52,29,28,18,11,11,20,4,3,F,2011
E01003952,Southwark 030A,830,58,36,36,21,51,123,124,83,53,61,45,33,22,23,23,17,11,3,7,F,2011
E01003954,Southwark 030B,809,76,36,20,27,30,80,106,117,68,50,38,46,24,34,17,15,13,10,2,F,2011
E01003956,Southwark 030C,886,86,49,40,16,40,93,145,100,81,65,41,43,28,18,11,8,10,9,3,F,2011
E01004071,Southwark 030D,817,55,45,43,34,36,90,87,74,73,63,57,35,30,29,19,26,9,7,5,F,2011
E01004072,Southwark 030E,898,54,58,76,44,55,50,70,75,82,84,82,51,31,28,24,14,13,3,4,F,2011
E01004069,Southwark 031A,717,47,57,45,52,27,33,24,66,52,72,46,45,49,33,19,18,15,9,8,F,2011
E01004070,Southwark 031B,1026,74,62,53,61,35,80,110,85,80,95,83,45,38,26,28,22,26,17,6,F,2011
E01004073,Southwark 031C,988,75,66,61,47,28,84,101,114,78,86,61,49,37,24,24,18,17,12,6,F,2011
E01004074,Southwark 031D,963,70,70,64,56,39,70,54,91,81,94,66,43,37,27,29,23,15,21,13,F,2011
E01004075,Southwark 031E,953,87,77,74,61,23,36,49,72,90,92,75,45,48,40,31,14,17,12,10,F,2011
E01003949,Southwark 032A,972,70,48,44,43,53,106,134,96,81,62,66,50,41,19,13,11,19,8,8,F,2011
E01003950,Southwark 032B,1034,89,52,52,50,68,102,102,81,70,87,60,55,47,37,27,17,21,10,7,F,2011
E01003957,Southwark 032C,939,66,52,26,40,46,94,130,89,75,64,64,48,35,16,29,17,20,14,14,F,2011
E01003958,Southwark 032D,921,103,44,45,28,42,77,109,104,65,57,63,43,38,25,21,19,20,13,5,F,2011
E01004018,Southwark 032E,990,83,61,39,35,47,93,122,121,72,75,60,41,40,31,22,15,14,9,10,F,2011
E01003945,Southwark 033A,837,54,40,28,33,23,72,89,77,77,67,56,46,44,40,23,25,20,18,5,F,2011
E01003946,Southwark 033B,915,80,60,48,41,39,56,78,77,65,65,56,52,41,51,32,20,32,11,11,F,2011
E01003947,Southwark 033C,834,78,47,67,45,50,84,88,64,66,66,44,26,27,28,9,12,12,15,6,F,2011
E01003948,Southwark 033D,796,57,38,30,22,26,85,103,97,58,58,59,44,32,23,14,15,16,9,10,F,2011
E01003951,Southwark 033E,725,42,42,42,24,25,51,43,62,54,65,61,49,44,32,18,24,21,23,3,F,2011
E01003930,Southwark 034A,712,28,21,13,72,242,72,61,25,31,34,22,16,17,11,20,10,5,9,3,F,2011
E01003932,Southwark 034B,740,51,31,24,49,100,94,63,65,66,43,45,25,22,15,15,16,7,7,2,F,2011
E01003933,Southwark 034C,871,25,28,31,109,208,91,74,37,52,54,51,23,29,21,15,9,9,4,1,F,2011
E01032583,Southwark 034D,812,36,19,26,74,133,139,77,63,55,38,43,28,25,7,19,10,7,12,1,F,2011
E01032584,Southwark 034E,612,19,29,31,37,69,90,58,38,48,51,44,29,25,18,10,4,9,1,2,F,2011
E09000030,,123873,9176,7813,6480,7006,15685,20293,15780,9660,6788,5310,4425,3918,3061,2192,2066,1706,1353,798,363,F,2011
E01004222,Tower Hamlets 001A,1257,86,92,84,53,110,144,112,88,83,80,70,50,56,39,30,25,31,17,7,F,2011
E01004223,Tower Hamlets 001B,1105,79,66,53,46,93,152,113,67,75,69,63,54,40,26,24,25,39,13,8,F,2011
E01004224,Tower Hamlets 001C,1018,63,70,58,54,124,165,131,68,51,47,42,30,32,17,24,19,12,8,3,F,2011
E01004226,Tower Hamlets 001D,919,80,76,47,39,124,118,116,68,53,40,45,31,21,19,11,15,11,4,1,F,2011
E01004197,Tower Hamlets 002A,1191,75,64,46,56,142,233,168,118,53,62,38,46,37,14,10,12,10,4,3,F,2011
E01004198,Tower Hamlets 002B,799,47,40,46,37,104,128,99,50,37,30,31,24,17,36,19,22,12,17,3,F,2011
E01004199,Tower Hamlets 002C,821,69,70,77,61,77,103,84,57,40,35,36,23,20,22,10,13,15,6,3,F,2011
E01004201,Tower Hamlets 002D,787,54,44,50,49,67,129,76,63,46,44,44,35,27,15,12,9,11,8,4,F,2011
E01004228,Tower Hamlets 003A,976,64,41,38,35,103,165,101,78,65,53,47,50,46,34,19,16,9,6,6,F,2011
E01004230,Tower Hamlets 003B,1041,62,61,46,41,137,181,114,72,56,52,48,34,29,29,20,22,17,13,7,F,2011
E01004232,Tower Hamlets 003C,849,44,36,26,37,181,162,99,59,37,40,33,27,23,16,13,10,4,2,0,F,2011
E01004233,Tower Hamlets 003D,938,76,72,53,45,91,133,94,56,46,46,40,35,40,32,29,24,15,10,1,F,2011
E01004234,Tower Hamlets 003E,1101,68,54,40,40,140,199,127,85,73,66,59,43,31,18,17,15,14,10,2,F,2011
E01004225,Tower Hamlets 004A,1051,76,23,15,14,169,291,187,100,46,34,20,18,16,16,6,12,5,3,0,F,2011
E01004229,Tower Hamlets 004C,724,45,43,35,30,106,121,77,43,39,42,35,36,19,16,16,11,4,4,2,F,2011
E01004231,Tower Hamlets 004D,944,81,84,74,44,109,134,110,72,42,28,35,35,20,21,17,15,12,10,1,F,2011
E01032764,Tower Hamlets 004E,649,26,19,21,23,94,164,101,51,34,33,17,11,12,15,5,13,1,7,2,F,2011
E01032765,Tower Hamlets 004F,733,40,37,45,39,102,130,94,37,53,46,31,26,16,14,5,8,6,3,1,F,2011
E01032784,Tower Hamlets 004G,798,35,43,25,33,154,179,119,52,33,21,20,22,12,6,9,10,12,10,3,F,2011
E01004200,Tower Hamlets 005A,783,18,26,24,45,186,183,127,54,37,15,10,25,10,4,6,8,4,1,0,F,2011
E01004202,Tower Hamlets 005B,833,51,50,34,34,99,163,136,89,55,30,31,12,14,13,11,5,4,1,1,F,2011
E01004203,Tower Hamlets 005C,883,49,65,45,32,103,187,138,67,37,22,31,23,20,20,18,10,9,5,2,F,2011
E01004204,Tower Hamlets 005D,815,45,37,49,38,84,111,72,53,42,41,35,35,32,20,29,22,28,29,13,F,2011
E01004311,Tower Hamlets 006A,772,66,48,41,26,83,122,87,59,42,43,28,20,23,13,25,18,14,8,6,F,2011
E01004314,Tower Hamlets 006B,557,29,24,19,18,40,88,72,56,34,36,23,29,24,16,13,14,15,4,3,F,2011
E01004315,Tower Hamlets 006C,770,28,25,25,25,119,135,99,66,40,33,28,40,27,16,20,21,9,8,6,F,2011
E01004318,Tower Hamlets 006D,665,56,47,38,38,82,95,75,62,42,33,29,13,16,7,8,8,9,6,1,F,2011
E01004259,Tower Hamlets 007A,838,31,44,31,23,113,197,112,76,54,40,29,25,16,2,16,14,10,4,1,F,2011
E01004260,Tower Hamlets 007B,874,53,68,59,41,103,148,109,68,45,31,40,22,19,15,12,14,13,11,3,F,2011
E01004263,Tower Hamlets 007C,719,32,48,60,63,79,73,58,48,52,38,31,33,24,11,15,17,20,11,6,F,2011
E01004266,Tower Hamlets 007D,822,41,48,50,54,76,136,77,53,56,53,38,36,28,16,18,18,17,7,0,F,2011
E01004235,Tower Hamlets 008A,653,69,66,45,36,48,80,75,57,41,27,24,19,13,15,9,9,9,6,5,F,2011
E01004236,Tower Hamlets 008B,825,79,75,73,73,87,79,71,62,55,33,26,32,24,11,19,11,9,4,2,F,2011
E01004237,Tower Hamlets 008C,584,53,41,27,27,64,89,70,50,43,17,21,20,15,13,6,9,12,5,2,F,2011
E01004238,Tower Hamlets 008D,1356,148,108,79,73,172,249,173,111,55,47,31,27,18,18,15,18,9,2,3,F,2011
E01004239,Tower Hamlets 008E,816,65,76,61,70,79,74,72,52,43,39,44,30,34,18,25,15,9,6,4,F,2011
E01004312,Tower Hamlets 009A,755,60,51,39,35,97,102,68,61,35,26,27,31,21,19,23,20,22,8,10,F,2011
E01004313,Tower Hamlets 009B,1064,78,93,68,45,132,187,145,73,47,37,33,28,22,14,14,15,16,11,6,F,2011
E01004316,Tower Hamlets 009C,549,44,32,18,22,79,127,67,44,17,23,21,13,17,8,9,4,3,1,0,F,2011
E01004317,Tower Hamlets 009D,1253,69,57,26,37,199,327,220,86,63,40,27,33,21,14,10,8,10,5,1,F,2011
E01004261,Tower Hamlets 010A,1362,51,60,58,401,384,120,65,59,20,28,13,21,24,14,14,12,9,7,2,F,2011
E01004262,Tower Hamlets 010B,887,41,29,45,154,223,101,59,47,33,21,28,28,15,14,13,19,7,9,1,F,2011
E01004264,Tower Hamlets 010C,752,65,65,54,55,110,105,69,49,35,23,11,29,21,10,17,16,4,9,5,F,2011
E01032785,Tower Hamlets 010E,644,50,23,23,16,53,146,165,68,37,18,7,9,6,10,5,3,3,1,1,F,2011
E01032786,Tower Hamlets 010F,788,72,62,44,29,79,104,100,73,52,44,32,15,16,9,17,20,14,2,4,F,2011
E01004207,Tower Hamlets 011A,716,44,40,41,53,138,90,69,48,30,37,24,27,18,14,15,13,8,5,2,F,2011
E01004209,Tower Hamlets 011B,677,56,70,54,42,80,94,74,42,36,34,20,22,9,13,11,8,8,1,3,F,2011
E01004212,Tower Hamlets 011D,855,45,48,36,62,184,153,110,52,40,21,24,22,19,12,11,12,3,1,0,F,2011
E01032787,Tower Hamlets 011F,1263,114,108,93,84,152,182,124,90,74,58,46,37,24,23,19,18,7,6,4,F,2011
E01004240,Tower Hamlets 012A,926,84,86,90,58,87,106,77,64,69,52,28,38,31,15,19,7,10,2,3,F,2011
E01004241,Tower Hamlets 012B,849,80,78,69,70,78,78,104,55,41,36,40,38,21,13,17,9,8,7,7,F,2011
E01004242,Tower Hamlets 012C,1194,136,96,67,91,159,184,128,95,59,38,40,32,18,11,18,10,8,2,2,F,2011
E01004267,Tower Hamlets 012D,850,56,43,47,67,122,158,104,62,46,35,34,28,17,13,5,7,4,2,0,F,2011
E01004268,Tower Hamlets 012E,866,59,72,50,47,109,133,100,62,47,46,23,23,22,27,16,9,12,5,4,F,2011
E01004205,Tower Hamlets 013A,971,89,79,72,79,111,136,108,66,57,40,30,33,27,13,16,11,1,3,0,F,2011
E01004206,Tower Hamlets 013B,747,47,47,41,61,116,101,73,42,45,31,35,36,15,16,12,10,8,7,4,F,2011
E01004208,Tower Hamlets 013C,921,43,34,36,62,198,218,109,62,40,23,29,17,16,14,4,7,3,4,2,F,2011
E01004211,Tower Hamlets 013D,683,24,12,16,28,106,159,119,57,34,36,21,22,16,8,9,2,10,4,0,F,2011
E01004269,Tower Hamlets 014A,960,77,63,39,46,147,165,112,69,49,27,40,23,16,17,16,27,9,14,4,F,2011
E01004270,Tower Hamlets 014B,1061,68,51,52,57,234,191,120,87,48,33,31,17,20,19,9,8,7,4,5,F,2011
E01004271,Tower Hamlets 014C,824,97,75,63,45,91,99,104,53,38,28,30,25,18,20,12,12,9,3,2,F,2011
E01004272,Tower Hamlets 014D,1032,102,104,87,91,86,112,105,85,58,44,32,36,21,22,24,19,4,0,0,F,2011
E01004273,Tower Hamlets 014E,971,82,92,83,82,114,92,102,57,51,55,36,38,27,22,16,7,9,4,2,F,2011
E01004306,Tower Hamlets 015A,841,49,42,36,43,116,175,108,52,36,30,33,36,26,16,16,17,8,1,1,F,2011
E01004307,Tower Hamlets 015B,1023,36,19,16,44,244,257,169,66,53,29,45,13,16,6,5,2,2,1,0,F,2011
E01004308,Tower Hamlets 015C,721,45,39,47,36,111,120,80,64,26,30,24,28,14,21,15,16,2,2,1,F,2011
E01004309,Tower Hamlets 015D,1396,79,74,61,146,278,206,153,92,54,47,44,50,35,21,27,16,9,3,1,F,2011
E01004310,Tower Hamlets 015E,865,47,32,44,49,147,160,107,62,36,34,46,27,19,16,20,7,9,1,2,F,2011
E01004283,Tower Hamlets 016A,1171,58,70,83,114,173,139,91,78,65,59,46,39,29,14,27,30,21,24,11,F,2011
E01004287,Tower Hamlets 016B,1060,90,81,59,60,116,142,115,75,56,33,32,43,41,28,26,33,18,10,2,F,2011
E01004289,Tower Hamlets 016C,916,58,61,70,59,141,108,66,68,47,35,41,27,37,23,25,16,18,14,2,F,2011
E01004290,Tower Hamlets 016D,668,32,25,24,22,120,121,78,36,23,33,17,14,23,13,15,18,28,17,9,F,2011
E01004322,Tower Hamlets 017A,619,52,25,31,36,100,98,59,45,37,25,17,19,11,10,15,5,18,8,8,F,2011
E01004323,Tower Hamlets 017B,719,57,46,30,30,122,130,75,40,31,32,19,19,20,13,24,14,9,5,3,F,2011
E01004324,Tower Hamlets 017C,746,45,70,54,52,93,97,74,63,32,43,27,25,16,12,25,8,4,6,0,F,2011
E01004326,Tower Hamlets 017D,689,52,42,37,21,111,104,93,60,37,17,26,20,12,8,19,11,10,7,2,F,2011
E01004245,Tower Hamlets 018A,794,83,89,68,83,67,82,61,66,51,50,28,26,10,13,6,4,4,3,0,F,2011
E01004246,Tower Hamlets 018B,954,85,66,63,49,93,100,113,74,75,34,58,46,32,19,11,17,11,6,2,F,2011
E01004248,Tower Hamlets 018C,707,66,81,59,59,55,72,60,55,42,34,28,21,13,12,17,10,7,10,6,F,2011
E01004249,Tower Hamlets 018D,1014,86,94,69,81,79,132,105,76,57,62,42,44,33,11,12,11,11,6,3,F,2011
E01004284,Tower Hamlets 019A,1151,107,76,70,80,102,179,171,99,71,40,38,29,26,14,17,12,13,1,6,F,2011
E01004285,Tower Hamlets 019B,1148,119,104,103,88,139,124,112,76,65,57,32,33,29,12,24,17,4,7,3,F,2011
E01004286,Tower Hamlets 019C,1164,98,79,74,93,140,121,107,102,67,69,44,45,38,23,19,15,16,11,3,F,2011
E01004288,Tower Hamlets 019D,802,63,65,84,62,57,64,78,63,59,42,28,25,23,17,20,21,11,13,7,F,2011
E01004243,Tower Hamlets 020A,901,86,86,69,63,91,89,97,58,57,41,37,39,19,14,20,17,13,3,2,F,2011
E01004244,Tower Hamlets 020B,896,59,77,67,69,89,84,83,62,58,43,31,35,25,20,24,18,28,16,8,F,2011
E01004247,Tower Hamlets 020C,964,79,83,74,64,115,122,99,64,53,52,28,27,28,16,14,18,14,10,4,F,2011
E01004250,Tower Hamlets 020D,1221,109,102,86,78,108,143,136,87,79,52,62,46,30,20,20,22,28,12,1,F,2011
E01004319,Tower Hamlets 021A,898,94,66,40,51,144,134,83,43,39,29,38,33,30,23,27,9,11,3,1,F,2011
E01004321,Tower Hamlets 021C,858,71,55,36,59,110,129,114,55,48,43,34,22,14,17,24,18,6,2,1,F,2011
E01004325,Tower Hamlets 021D,1094,54,43,45,33,247,308,140,69,40,30,17,19,7,15,12,7,4,4,0,F,2011
E01032766,Tower Hamlets 021E,584,38,20,16,34,99,154,91,44,25,16,14,15,7,3,4,3,0,1,0,F,2011
E01032767,Tower Hamlets 021F,634,16,8,7,16,111,203,119,52,28,18,21,13,11,3,5,0,2,1,0,F,2011
E01004298,Tower Hamlets 022A,844,64,56,56,47,114,124,92,57,49,34,28,27,21,18,28,8,10,7,4,F,2011
E01004300,Tower Hamlets 022B,646,37,60,47,44,76,59,65,45,46,33,19,24,21,18,15,12,18,6,1,F,2011
E01004304,Tower Hamlets 022C,977,95,78,66,80,117,131,83,71,58,35,40,23,25,23,20,16,10,4,2,F,2011
E01004305,Tower Hamlets 022D,939,66,80,56,62,91,112,116,72,44,39,29,33,29,22,26,24,15,17,6,F,2011
E01004251,Tower Hamlets 023A,987,88,83,70,56,90,128,113,74,47,38,36,31,28,15,21,23,26,16,4,F,2011
E01004254,Tower Hamlets 023B,941,59,28,24,25,98,228,183,119,69,26,25,24,14,14,0,2,2,0,1,F,2011
E01004255,Tower Hamlets 023C,776,64,51,54,36,77,111,98,72,46,51,20,37,20,12,8,9,5,4,1,F,2011
E01004258,Tower Hamlets 023D,707,55,29,33,29,43,99,100,61,53,55,26,30,30,19,16,10,13,4,2,F,2011
E01004252,Tower Hamlets 024A,1286,107,100,58,73,142,204,189,120,73,42,42,39,26,21,18,12,14,5,1,F,2011
E01004253,Tower Hamlets 024B,1184,94,101,82,86,135,140,107,83,64,73,43,48,24,24,21,13,25,15,6,F,2011
E01004256,Tower Hamlets 024C,857,78,62,55,48,95,122,103,54,47,29,36,31,23,17,19,21,8,7,2,F,2011
E01004257,Tower Hamlets 024D,984,90,102,75,69,106,134,97,61,58,41,30,31,24,12,17,14,16,4,3,F,2011
E01004301,Tower Hamlets 025B,640,56,53,55,39,78,78,68,57,31,20,18,22,17,11,11,10,10,5,1,F,2011
E01004302,Tower Hamlets 025C,951,100,84,85,79,101,132,102,84,50,40,25,16,10,13,10,10,8,2,0,F,2011
E01004303,Tower Hamlets 025D,1149,111,88,66,65,128,194,142,95,61,42,33,23,26,21,20,17,13,4,0,F,2011
E01032768,Tower Hamlets 025E,567,41,20,5,6,51,127,140,62,39,29,17,11,8,6,3,0,2,0,0,F,2011
E01032769,Tower Hamlets 025F,566,42,25,20,18,50,105,117,65,35,23,14,13,17,7,8,3,2,2,0,F,2011
E01004292,Tower Hamlets 026A,770,52,20,11,19,61,169,152,72,45,39,33,39,29,12,6,8,3,0,0,F,2011
E01004294,Tower Hamlets 026B,758,41,23,25,16,88,147,122,67,46,36,39,46,17,17,5,10,6,6,1,F,2011
E01004295,Tower Hamlets 026C,749,110,69,51,33,75,104,77,56,38,22,22,22,24,10,18,7,5,4,2,F,2011
E01004296,Tower Hamlets 026D,750,57,52,43,29,66,126,90,70,41,42,28,30,24,12,15,8,6,8,3,F,2011
E01004291,Tower Hamlets 027A,825,46,21,24,17,44,136,142,98,68,48,37,35,37,17,13,19,16,5,2,F,2011
E01004293,Tower Hamlets 027B,967,58,22,21,26,79,184,137,105,63,60,47,47,44,20,23,16,11,3,1,F,2011
E01004297,Tower Hamlets 027C,851,49,24,13,30,60,135,153,92,64,46,49,30,35,18,23,15,9,3,3,F,2011
E01004215,Tower Hamlets 028A,1337,103,90,71,56,143,249,191,114,65,46,43,35,28,34,22,15,18,10,4,F,2011
E01004219,Tower Hamlets 028B,1115,108,82,66,57,143,210,137,83,57,40,26,37,26,24,4,7,4,2,2,F,2011
E01004221,Tower Hamlets 028D,877,63,66,30,45,88,151,162,80,37,41,24,26,26,13,14,0,7,1,3,F,2011
E01032776,Tower Hamlets 028E,476,38,15,7,10,67,135,119,44,19,7,5,3,0,2,0,1,2,1,1,F,2011
E01032777,Tower Hamlets 028F,561,40,29,22,18,73,101,113,57,43,28,18,7,3,6,0,1,0,1,1,F,2011
E01032778,Tower Hamlets 028G,512,37,18,1,7,96,160,101,39,16,10,10,3,11,1,1,0,1,0,0,F,2011
E01032779,Tower Hamlets 028H,517,47,36,12,10,64,134,118,50,15,7,8,7,6,2,0,0,1,0,0,F,2011
E01032780,Tower Hamlets 028I,600,29,10,5,10,75,171,119,64,44,19,18,15,10,4,5,1,1,0,0,F,2011
E01004214,Tower Hamlets 030A,846,82,62,58,72,75,87,81,68,42,58,34,46,21,16,21,13,6,2,2,F,2011
E01004216,Tower Hamlets 030B,762,60,38,22,30,88,127,131,77,43,32,19,21,21,13,11,10,9,6,4,F,2011
E01004217,Tower Hamlets 030C,903,63,46,34,27,99,113,129,71,55,47,42,43,34,26,29,22,16,6,1,F,2011
E01004218,Tower Hamlets 030D,877,56,52,41,34,86,116,126,75,81,47,45,30,21,23,16,12,5,6,5,F,2011
E01004274,Tower Hamlets 031A,970,87,58,50,67,122,156,122,54,52,54,50,29,30,16,12,8,1,2,0,F,2011
E01004275,Tower Hamlets 031B,939,80,51,34,38,110,148,139,78,54,45,44,34,29,20,16,9,5,4,1,F,2011
E01004276,Tower Hamlets 031C,932,63,22,7,17,100,202,212,109,58,40,35,24,22,12,4,2,0,3,0,F,2011
E01004281,Tower Hamlets 031D,835,73,24,20,32,93,181,172,78,55,35,30,15,11,9,2,2,1,1,1,F,2011
E01032775,Tower Hamlets 031F,487,36,14,9,7,49,108,111,66,20,18,19,14,4,8,0,3,0,1,0,F,2011
E01032783,Tower Hamlets 031G,696,45,25,14,23,87,146,125,61,40,27,28,17,12,16,12,12,1,1,4,F,2011
E01004280,Tower Hamlets 032A,936,94,69,53,46,85,122,122,84,78,43,39,23,18,20,13,13,7,4,3,F,2011
E01032770,Tower Hamlets 032B,587,43,23,12,9,89,154,95,49,22,17,10,8,15,9,11,9,4,5,3,F,2011
E01032772,Tower Hamlets 032C,516,23,21,24,36,67,88,64,37,33,25,20,15,18,11,17,8,7,1,1,F,2011
E01032773,Tower Hamlets 032D,715,72,28,22,20,114,199,126,71,21,16,14,4,5,1,0,0,1,1,0,F,2011
E01032774,Tower Hamlets 032E,656,52,51,23,24,69,148,99,46,39,28,22,23,8,10,4,6,3,1,0,F,2011
E01004277,Tower Hamlets 033A,695,61,14,5,2,64,155,148,74,58,35,25,20,19,11,3,1,0,0,0,F,2011
E01032771,Tower Hamlets 033B,524,37,33,18,34,75,110,75,52,33,12,14,10,10,1,7,2,1,0,0,F,2011
E01032781,Tower Hamlets 033C,703,34,20,13,21,80,162,153,76,43,28,21,19,9,8,6,6,3,0,1,F,2011
E01032782,Tower Hamlets 033D,724,61,64,40,37,89,124,120,70,47,23,14,8,8,7,5,4,1,0,2,F,2011
E09000032,,158549,10579,7279,6170,6359,12655,25401,21101,14491,11363,9165,6971,5992,5550,4212,3672,2877,2168,1554,990,F,2011
E01004560,Wandsworth 001A,975,61,31,37,19,72,188,136,87,72,59,54,38,38,32,18,11,4,9,9,F,2011
E01004566,Wandsworth 001B,807,45,16,21,17,50,145,114,78,64,49,34,30,38,38,25,10,16,7,10,F,2011
E01004582,Wandsworth 001C,1036,77,46,42,25,93,132,128,79,82,71,46,58,46,39,29,19,7,12,5,F,2011
E01004583,Wandsworth 001D,945,40,24,22,23,63,112,107,65,55,54,40,50,52,40,45,41,32,41,39,F,2011
E01004562,Wandsworth 002B,873,49,43,47,48,80,109,86,66,44,57,49,41,40,32,37,26,11,5,3,F,2011
E01004563,Wandsworth 002C,1002,71,57,44,62,79,154,129,79,86,75,39,33,28,26,15,13,4,5,3,F,2011
E01004564,Wandsworth 002D,943,35,19,23,36,110,233,102,93,64,43,35,32,27,34,18,8,19,10,2,F,2011
E01004567,Wandsworth 002E,1253,110,74,66,72,119,205,121,102,91,85,45,51,33,19,23,11,20,4,2,F,2011
E01033098,Wandsworth 002F,468,21,15,2,18,69,111,65,67,32,12,11,17,7,11,4,1,5,0,0,F,2011
E01033100,Wandsworth 002G,627,25,20,21,23,56,141,63,47,51,28,36,26,15,26,17,14,12,4,2,F,2011
E01033132,Wandsworth 002H,518,29,17,12,22,62,88,83,58,37,39,19,17,16,7,3,5,3,0,1,F,2011
E01004539,Wandsworth 003A,1085,82,80,78,56,114,114,106,88,91,65,55,42,34,18,20,17,10,12,3,F,2011
E01004540,Wandsworth 003B,1095,61,53,53,39,81,168,145,93,83,67,56,48,48,33,22,17,13,13,2,F,2011
E01004577,Wandsworth 003C,1055,52,45,44,15,92,166,128,81,84,60,55,38,39,37,35,26,23,18,17,F,2011
E01004584,Wandsworth 003D,893,78,72,65,45,69,104,100,65,75,55,45,27,18,24,26,13,7,2,3,F,2011
E01004579,Wandsworth 004B,816,55,38,27,25,36,106,95,75,66,56,54,44,47,26,22,19,11,8,6,F,2011
E01004580,Wandsworth 004C,1051,54,44,34,27,92,222,162,110,79,37,29,32,39,19,19,18,15,12,7,F,2011
E01004581,Wandsworth 004D,935,40,22,27,35,91,159,121,101,55,39,35,42,61,44,23,19,15,4,2,F,2011
E01033099,Wandsworth 004E,534,26,12,24,29,56,90,65,48,36,27,39,26,15,7,15,11,5,2,1,F,2011
E01033101,Wandsworth 004F,526,27,4,4,14,35,116,106,53,29,33,22,31,27,13,4,1,4,3,0,F,2011
E01033133,Wandsworth 004G,575,42,19,17,11,43,133,109,62,42,30,16,12,9,15,7,5,3,0,0,F,2011
E01004565,Wandsworth 005A,892,43,18,21,25,108,212,149,70,52,45,32,23,30,15,18,9,9,10,3,F,2011
E01004590,Wandsworth 005B,882,47,48,42,30,59,113,91,77,63,48,50,44,54,35,30,24,15,8,4,F,2011
E01004591,Wandsworth 005C,900,47,25,16,31,86,221,135,72,60,39,24,41,26,29,17,13,8,8,2,F,2011
E01004592,Wandsworth 005D,880,50,16,37,42,49,112,109,83,68,59,45,43,46,34,25,18,24,16,4,F,2011
E01004604,Wandsworth 006A,862,67,79,67,35,25,65,60,81,82,64,64,42,48,33,16,12,10,11,1,F,2011
E01004605,Wandsworth 006B,929,70,48,30,27,43,74,116,85,78,50,57,66,50,43,34,21,16,14,7,F,2011
E01004606,Wandsworth 006C,836,65,27,17,8,38,184,146,98,75,37,22,28,24,35,11,8,6,5,2,F,2011
E01004607,Wandsworth 006D,898,70,45,37,32,33,110,106,101,68,65,45,36,52,34,26,14,14,7,3,F,2011
E01004608,Wandsworth 006E,905,39,33,21,18,49,204,135,83,60,40,36,41,40,23,14,25,17,13,14,F,2011
E01004535,Wandsworth 007A,941,95,74,59,46,91,109,95,95,66,53,38,32,23,22,23,8,7,5,0,F,2011
E01004537,Wandsworth 007B,1011,59,47,54,77,111,166,88,71,77,52,47,37,42,25,21,7,18,9,3,F,2011
E01004538,Wandsworth 007C,1043,63,49,47,41,100,164,141,96,73,55,38,46,33,24,25,22,12,9,5,F,2011
E01004541,Wandsworth 007D,916,37,39,35,88,63,119,87,80,52,47,35,39,54,44,29,29,17,14,8,F,2011
E01004534,Wandsworth 008A,981,63,21,14,14,87,237,140,96,69,35,41,42,40,31,20,11,9,6,5,F,2011
E01004536,Wandsworth 008B,1074,44,44,47,48,109,272,134,99,72,48,24,24,24,17,25,14,17,8,4,F,2011
E01004552,Wandsworth 008C,1018,48,16,12,9,88,343,240,99,40,27,25,18,16,12,9,5,8,2,1,F,2011
E01004585,Wandsworth 008D,996,45,20,19,20,92,259,134,87,62,61,43,28,30,20,29,17,16,10,4,F,2011
E01004588,Wandsworth 008E,966,75,29,16,20,78,237,191,95,56,37,32,22,27,20,7,6,7,7,4,F,2011
E01004554,Wandsworth 009A,808,65,52,25,20,40,128,130,102,68,44,28,21,27,12,15,11,7,9,4,F,2011
E01004556,Wandsworth 009B,803,103,76,35,20,27,73,104,123,74,49,32,17,25,20,14,5,2,3,1,F,2011
E01004586,Wandsworth 009C,957,53,17,19,14,82,259,176,88,57,57,27,26,26,17,13,10,11,2,3,F,2011
E01004587,Wandsworth 009D,891,70,40,16,11,69,177,123,99,76,46,41,40,15,21,18,14,8,4,3,F,2011
E01004589,Wandsworth 009E,844,62,39,19,14,63,195,147,91,55,37,28,22,23,11,16,9,7,5,1,F,2011
E01004509,Wandsworth 010A,1060,46,20,16,15,98,308,213,98,55,42,27,34,28,13,20,13,9,3,2,F,2011
E01004511,Wandsworth 010B,874,60,29,28,16,57,200,157,89,58,46,29,23,21,25,17,12,2,1,4,F,2011
E01004602,Wandsworth 010C,885,53,32,26,25,57,187,145,83,71,46,26,31,27,24,26,13,6,5,2,F,2011
E01004609,Wandsworth 010E,1103,57,30,27,24,90,279,204,102,63,40,32,36,35,21,23,15,11,9,5,F,2011
E01033093,Wandsworth 010F,741,50,24,20,11,26,108,147,95,66,40,45,27,22,31,12,8,5,2,2,F,2011
E01033135,Wandsworth 010G,551,41,30,13,10,27,95,94,65,36,45,19,17,18,12,6,8,8,2,5,F,2011
E01004506,Wandsworth 011A,1007,55,28,25,22,72,222,191,92,49,41,27,30,37,29,27,21,18,13,8,F,2011
E01004638,Wandsworth 011B,736,40,55,63,35,23,49,35,47,53,75,62,54,42,32,20,22,11,5,13,F,2011
E01004639,Wandsworth 011C,908,50,31,39,31,86,142,119,72,54,51,40,41,42,30,24,14,16,15,11,F,2011
E01004640,Wandsworth 011D,898,54,36,24,29,49,148,120,82,68,47,54,45,42,34,12,24,14,10,6,F,2011
E01004641,Wandsworth 011E,1003,58,39,38,53,66,113,101,83,66,62,57,52,51,39,32,29,31,24,9,F,2011
E01004508,Wandsworth 012A,1027,56,31,19,16,90,266,156,95,70,56,34,37,28,17,22,17,5,6,6,F,2011
E01004510,Wandsworth 012B,984,58,31,24,30,58,232,161,96,72,55,38,34,28,23,23,13,3,2,3,F,2011
E01004514,Wandsworth 012C,822,85,16,8,7,37,146,177,93,57,32,30,25,37,20,28,10,7,3,4,F,2011
E01004515,Wandsworth 012D,878,36,21,35,28,76,199,129,76,62,50,48,31,40,10,10,12,9,3,3,F,2011
E01004551,Wandsworth 012E,929,56,17,21,32,79,229,154,86,56,47,40,25,25,19,21,8,10,3,1,F,2011
E01004568,Wandsworth 013A,981,57,23,32,228,280,87,48,51,43,27,28,18,17,7,7,6,10,9,3,F,2011
E01004574,Wandsworth 013B,1018,107,90,56,65,171,105,76,77,60,55,35,32,24,14,23,11,7,8,2,F,2011
E01004575,Wandsworth 013C,991,37,42,36,79,168,102,81,45,57,39,38,30,33,34,29,38,37,33,33,F,2011
E01004576,Wandsworth 013D,782,56,37,35,50,101,73,70,62,53,55,42,24,33,23,19,16,18,8,7,F,2011
E01004500,Wandsworth 014A,854,21,15,14,17,54,201,139,65,48,41,30,32,27,38,24,24,29,20,15,F,2011
E01004501,Wandsworth 014B,842,49,34,27,26,43,158,120,78,50,45,36,36,35,31,24,26,13,10,1,F,2011
E01004503,Wandsworth 014C,888,40,28,38,35,49,194,125,63,52,52,40,33,35,24,17,12,15,13,23,F,2011
E01004505,Wandsworth 014D,841,32,12,21,14,37,157,130,81,57,45,23,33,36,42,35,33,28,13,12,F,2011
E01004507,Wandsworth 014E,972,36,29,17,10,66,250,179,76,65,40,28,28,34,20,21,25,19,16,13,F,2011
E01004553,Wandsworth 015A,820,52,27,20,8,46,161,155,96,59,52,25,40,29,10,7,12,6,8,7,F,2011
E01004557,Wandsworth 015B,796,74,48,29,16,35,104,96,93,64,60,33,24,34,22,16,25,14,5,4,F,2011
E01004558,Wandsworth 015C,865,83,68,33,22,31,119,108,102,84,65,37,32,21,16,9,14,16,3,2,F,2011
E01004559,Wandsworth 015D,713,68,68,43,28,22,63,64,70,87,60,41,27,21,14,17,8,2,4,6,F,2011
E01004619,Wandsworth 015E,731,48,69,58,30,38,78,57,69,71,65,46,29,27,13,10,10,6,6,1,F,2011
E01004572,Wandsworth 016A,861,60,42,35,35,106,82,77,66,55,56,56,39,32,36,20,23,20,12,9,F,2011
E01004642,Wandsworth 016B,1026,64,52,40,57,132,99,96,81,62,65,42,48,38,32,33,30,24,10,21,F,2011
E01004643,Wandsworth 016C,1080,64,58,55,48,70,157,118,99,65,75,52,40,42,28,31,32,21,16,9,F,2011
E01004644,Wandsworth 016D,1050,59,51,37,59,69,92,105,80,84,76,52,48,48,41,44,36,36,25,8,F,2011
E01004645,Wandsworth 016E,1095,68,65,46,48,113,145,103,86,52,59,45,33,33,27,28,38,38,35,33,F,2011
E01004477,Wandsworth 017A,835,77,69,54,20,35,67,72,62,87,63,50,35,45,28,26,18,13,4,10,F,2011
E01004478,Wandsworth 017B,792,86,66,43,28,29,57,89,82,68,60,46,29,31,16,26,12,11,7,6,F,2011
E01004479,Wandsworth 017C,778,55,63,55,24,51,94,66,74,70,55,38,44,26,26,14,7,7,6,3,F,2011
E01004550,Wandsworth 017D,831,63,48,35,31,49,99,88,76,60,47,31,21,19,17,16,18,26,29,58,F,2011
E01004555,Wandsworth 017E,819,103,58,27,28,28,73,83,96,88,60,46,31,29,27,8,16,10,5,3,F,2011
E01004494,Wandsworth 018A,870,50,33,27,25,54,148,156,91,58,56,36,26,32,22,21,13,5,11,6,F,2011
E01004513,Wandsworth 018B,975,68,25,47,32,74,161,162,94,52,47,38,37,29,32,29,19,12,11,6,F,2011
E01004600,Wandsworth 018C,1059,80,57,62,60,90,182,142,90,90,60,47,25,24,19,10,15,4,1,1,F,2011
E01004601,Wandsworth 018D,1128,79,60,43,39,77,180,160,111,75,59,49,37,36,26,24,27,22,14,10,F,2011
E01004493,Wandsworth 019A,912,60,39,25,23,47,159,163,106,65,52,43,40,30,19,18,8,6,7,2,F,2011
E01004512,Wandsworth 019B,763,69,46,35,31,24,93,95,75,65,58,38,38,35,17,13,10,11,7,3,F,2011
E01004620,Wandsworth 019C,790,68,46,18,24,36,76,140,102,68,46,32,34,26,17,30,12,5,8,2,F,2011
E01004621,Wandsworth 019D,860,54,52,40,49,53,133,105,70,65,66,44,29,31,23,18,11,9,4,4,F,2011
E01004623,Wandsworth 019E,899,91,51,32,21,41,113,159,107,63,48,32,38,27,25,18,12,15,2,4,F,2011
E01004627,Wandsworth 019F,853,88,42,37,28,42,110,107,89,67,55,43,27,35,25,26,9,8,14,1,F,2011
E01004499,Wandsworth 020A,866,42,40,26,20,68,182,157,69,55,49,30,24,43,21,14,9,5,10,2,F,2011
E01004502,Wandsworth 020B,836,71,38,32,34,44,101,86,79,84,62,46,39,35,24,24,20,5,10,2,F,2011
E01004504,Wandsworth 020C,758,64,45,40,31,45,79,74,88,60,42,41,32,24,34,23,14,8,6,8,F,2011
E01004594,Wandsworth 020D,873,74,57,51,37,45,97,71,80,71,63,59,44,50,34,21,8,0,8,3,F,2011
E01004596,Wandsworth 020E,822,68,41,40,33,33,94,95,88,78,64,39,36,31,22,25,17,6,7,5,F,2011
E01004629,Wandsworth 020F,815,40,48,38,41,54,96,58,67,55,61,39,46,44,36,26,26,22,8,10,F,2011
E01004472,Wandsworth 021A,914,69,44,28,18,65,170,134,78,63,58,39,29,32,34,26,13,9,5,0,F,2011
E01004474,Wandsworth 021B,945,42,20,18,13,104,285,168,91,56,31,27,25,10,22,9,10,6,6,2,F,2011
E01004476,Wandsworth 021C,791,32,20,15,13,76,190,137,69,50,47,26,25,21,20,13,13,17,3,4,F,2011
E01004542,Wandsworth 021D,808,70,55,32,25,35,99,100,91,71,58,32,33,33,26,23,15,7,3,0,F,2011
E01004544,Wandsworth 021E,781,71,52,29,21,41,86,109,96,62,45,44,38,18,18,21,14,6,8,2,F,2011
E01004628,Wandsworth 022A,1141,74,44,44,49,54,176,175,118,67,77,52,61,54,34,29,15,14,2,2,F,2011
E01004630,Wandsworth 022B,970,85,64,65,61,85,101,91,79,81,50,55,26,31,28,27,14,15,8,4,F,2011
E01004631,Wandsworth 022C,807,50,39,34,33,48,116,108,64,54,49,49,29,21,15,19,21,21,18,19,F,2011
E01004633,Wandsworth 022D,877,69,64,46,52,77,145,79,64,75,53,39,26,28,9,11,15,14,8,3,F,2011
E01004569,Wandsworth 023A,1362,50,63,50,181,349,90,97,66,68,67,61,43,45,35,28,21,25,17,6,F,2011
E01004570,Wandsworth 023B,1034,57,63,51,144,162,97,82,70,52,46,36,39,30,24,20,26,12,15,8,F,2011
E01004571,Wandsworth 023C,886,41,42,55,66,147,94,79,56,46,54,40,26,26,24,21,27,21,14,7,F,2011
E01004573,Wandsworth 023D,806,43,37,38,42,71,82,72,63,64,53,54,44,38,30,15,21,22,10,7,F,2011
E01004495,Wandsworth 024A,829,44,60,56,73,69,106,100,59,55,48,44,31,23,17,21,14,4,4,1,F,2011
E01004496,Wandsworth 024B,990,63,16,6,15,72,272,227,104,50,34,26,19,23,14,18,13,9,7,2,F,2011
E01004497,Wandsworth 024C,790,68,38,34,42,52,72,102,64,51,64,32,34,32,25,23,19,15,19,4,F,2011
E01004622,Wandsworth 024D,566,34,35,18,11,37,80,91,56,37,36,26,24,32,10,9,10,8,10,2,F,2011
E01004624,Wandsworth 024E,821,52,35,42,35,38,125,115,64,57,64,51,29,39,26,14,16,10,5,4,F,2011
E01004593,Wandsworth 025A,958,67,44,18,23,59,163,154,111,71,60,37,37,31,30,15,18,12,6,2,F,2011
E01004595,Wandsworth 025B,929,74,26,21,20,49,148,167,124,59,53,44,26,28,32,23,18,6,7,4,F,2011
E01004597,Wandsworth 025C,961,89,43,39,35,37,105,131,113,89,59,45,35,42,23,20,28,14,9,5,F,2011
E01004598,Wandsworth 025D,898,68,25,17,12,41,183,217,109,64,47,29,29,13,12,11,8,8,4,1,F,2011
E01004599,Wandsworth 025E,786,97,57,35,17,22,46,88,87,73,58,54,29,42,22,23,13,11,11,1,F,2011
E01004473,Wandsworth 026A,885,58,17,21,20,58,199,159,98,60,37,30,20,24,25,24,14,9,7,5,F,2011
E01004475,Wandsworth 026B,707,33,30,16,16,45,143,132,74,54,24,33,31,25,15,13,13,8,1,1,F,2011
E01004480,Wandsworth 026C,886,62,17,16,13,79,253,155,91,47,25,16,20,31,12,17,18,8,4,2,F,2011
E01004483,Wandsworth 026D,1054,74,39,37,17,83,232,209,107,73,40,31,24,18,10,13,12,12,17,6,F,2011
E01004484,Wandsworth 026E,807,30,17,27,25,88,199,110,72,42,54,39,26,22,13,20,6,6,5,6,F,2011
E01004486,Wandsworth 026F,778,40,24,18,20,64,166,139,73,38,40,36,24,19,23,14,6,12,14,8,F,2011
E01004543,Wandsworth 027A,925,75,63,48,29,45,165,99,86,81,63,46,37,28,21,12,15,4,3,5,F,2011
E01004545,Wandsworth 027B,823,26,11,10,7,49,269,169,74,36,38,22,22,19,12,12,16,9,10,12,F,2011
E01004546,Wandsworth 027C,799,56,47,18,14,36,172,134,75,57,51,29,23,32,13,20,15,2,3,2,F,2011
E01004549,Wandsworth 027D,826,46,39,31,33,49,115,113,63,81,55,50,30,29,26,31,12,13,3,7,F,2011
E01004625,Wandsworth 027E,724,54,65,47,34,27,44,41,55,54,69,54,45,42,28,21,24,10,7,3,F,2011
E01004626,Wandsworth 027F,930,66,59,40,24,49,114,111,97,75,65,49,29,47,29,18,23,11,10,14,F,2011
E01004632,Wandsworth 028A,828,55,35,47,46,51,100,77,73,58,70,40,44,33,23,18,21,14,16,7,F,2011
E01004634,Wandsworth 028B,754,49,26,25,28,37,141,111,67,41,45,32,33,36,24,19,10,15,9,6,F,2011
E01004635,Wandsworth 028C,837,67,34,30,38,51,109,138,81,58,37,29,45,39,30,17,15,10,6,3,F,2011
E01004636,Wandsworth 028D,750,47,51,35,22,42,109,108,79,56,42,34,35,25,17,11,15,11,9,2,F,2011
E01004637,Wandsworth 028E,773,53,39,30,32,44,113,100,62,57,54,33,25,29,16,28,16,22,16,4,F,2011
E01004481,Wandsworth 029A,906,52,19,24,14,114,203,176,78,42,37,27,29,19,24,20,12,4,10,2,F,2011
E01004488,Wandsworth 029B,769,61,37,29,39,55,105,83,82,53,50,49,38,28,16,23,11,6,2,2,F,2011
E01004547,Wandsworth 029C,760,45,35,33,31,52,96,71,47,61,63,48,31,26,19,27,30,16,18,11,F,2011
E01004548,Wandsworth 029D,1033,48,28,15,25,86,242,167,99,68,48,40,35,25,23,25,21,18,14,6,F,2011
E01004482,Wandsworth 030A,845,41,28,52,35,61,142,112,81,61,43,28,37,42,15,21,19,14,7,6,F,2011
E01004485,Wandsworth 030B,838,47,45,27,29,59,150,112,62,55,46,33,33,23,31,25,22,19,17,3,F,2011
E01004487,Wandsworth 030C,788,48,38,35,20,47,144,101,76,72,61,40,33,26,14,11,10,5,5,2,F,2011
E01004489,Wandsworth 030D,746,53,41,44,46,41,114,74,55,79,56,53,30,19,17,11,8,1,4,0,F,2011
E01004490,Wandsworth 031A,802,79,33,15,19,50,116,143,102,58,41,27,29,25,21,14,10,8,6,6,F,2011
E01004491,Wandsworth 031B,1192,79,37,39,138,173,203,133,114,56,59,38,35,22,11,15,17,9,10,4,F,2011
E01004492,Wandsworth 031C,908,59,24,36,36,56,149,181,86,52,60,43,33,24,23,17,8,10,9,2,F,2011
E01004498,Wandsworth 031D,937,79,22,12,15,67,173,227,109,66,28,30,25,17,10,16,14,17,5,5,F,2011
E01004532,Wandsworth 032A,791,53,43,22,17,58,110,123,79,65,45,37,33,31,27,13,16,11,7,1,F,2011
E01004611,Wandsworth 032B,830,49,38,41,39,78,109,102,69,57,46,36,32,29,33,27,23,12,9,1,F,2011
E01004612,Wandsworth 032C,898,53,62,57,46,90,121,90,76,72,50,32,42,24,30,19,21,9,4,0,F,2011
E01004618,Wandsworth 032D,801,41,37,40,38,63,122,79,64,63,50,32,37,37,22,35,16,13,7,5,F,2011
E01004531,Wandsworth 033A,941,72,66,46,45,68,116,98,75,66,60,46,34,50,23,21,19,15,13,8,F,2011
E01004533,Wandsworth 033B,775,64,60,31,33,56,103,116,50,63,38,36,36,27,20,16,12,9,5,0,F,2011
E01004610,Wandsworth 033C,940,67,44,44,52,107,132,88,49,72,51,45,41,37,29,37,23,8,7,7,F,2011
E01004613,Wandsworth 033D,836,56,42,55,41,87,123,93,60,66,32,29,24,30,21,26,23,15,7,6,F,2011
E01004614,Wandsworth 034A,1143,69,38,37,45,232,155,139,100,73,60,48,28,37,27,18,18,14,2,3,F,2011
E01004615,Wandsworth 034B,959,80,65,73,43,92,100,77,77,79,64,53,24,26,22,26,26,15,12,5,F,2011
E01004616,Wandsworth 034C,1094,67,42,39,39,198,213,155,95,65,39,29,27,16,21,22,18,2,5,2,F,2011
E01004617,Wandsworth 034D,869,61,39,31,51,129,166,83,67,48,51,35,37,18,10,13,11,13,5,1,F,2011
E01004525,Wandsworth 035A,907,85,41,28,41,107,177,122,67,60,37,30,24,21,22,20,17,4,4,0,F,2011
E01004526,Wandsworth 035B,797,66,28,27,27,68,141,117,73,45,41,39,29,19,16,22,13,14,6,6,F,2011
E01004527,Wandsworth 035C,872,63,34,61,51,84,100,107,65,79,41,32,28,21,33,32,17,17,7,0,F,2011
E01004528,Wandsworth 035D,830,64,50,44,39,65,90,93,67,78,61,41,30,21,22,25,14,16,5,5,F,2011
E01004529,Wandsworth 035E,1093,83,54,32,33,68,175,193,113,84,50,34,36,39,17,33,20,12,13,4,F,2011
E01004530,Wandsworth 035F,944,73,35,28,30,92,139,128,90,73,57,37,36,30,16,24,23,21,7,5,F,2011
E01004516,Wandsworth 036A,915,49,59,61,117,89,50,56,57,70,79,52,51,46,28,20,12,8,10,1,F,2011
E01004518,Wandsworth 036B,921,53,57,70,54,65,70,64,67,75,84,67,54,38,25,37,18,8,9,6,F,2011
E01004519,Wandsworth 036C,900,68,47,54,52,69,78,89,76,67,64,40,55,36,32,24,21,17,9,2,F,2011
E01004520,Wandsworth 036D,729,63,48,48,58,44,47,56,58,66,43,45,27,30,26,27,17,16,7,3,F,2011
E01004523,Wandsworth 036E,832,44,42,39,45,72,85,62,60,52,59,44,52,35,28,31,23,25,25,9,F,2011
E01004517,Wandsworth 037A,974,83,56,56,55,65,120,125,93,90,72,42,34,24,16,19,12,7,3,2,F,2011
E01004521,Wandsworth 037B,993,82,56,51,55,51,90,125,106,102,74,50,38,35,28,20,12,9,4,5,F,2011
E01004522,Wandsworth 037C,860,71,59,49,45,66,94,89,91,80,47,42,23,24,26,16,18,9,3,8,F,2011
E01004524,Wandsworth 037D,854,69,46,38,33,51,91,98,75,58,42,45,49,27,23,28,23,22,18,18,F,2011
E09000033,,107567,6230,4764,4189,4693,8744,13281,12443,9723,7708,6711,5950,5243,4720,3693,3157,2495,1854,1234,735,F,2011
E01004647,Westminster 001A,803,50,46,21,37,42,52,62,60,48,61,61,49,39,40,34,41,24,24,12,F,2011
E01004649,Westminster 001B,912,48,50,32,43,80,81,88,73,69,59,51,34,36,32,31,41,24,26,14,F,2011
E01004724,Westminster 001C,911,49,41,38,30,45,110,127,88,53,48,49,58,53,24,24,26,25,16,7,F,2011
E01004730,Westminster 001D,876,71,42,24,12,36,73,98,93,62,46,57,36,42,41,44,26,28,31,14,F,2011
E01004646,Westminster 002A,861,71,51,58,53,32,57,79,77,83,60,62,38,36,22,24,15,19,14,10,F,2011
E01004648,Westminster 002B,1239,72,64,58,47,51,152,182,99,75,72,83,60,51,41,49,31,22,21,9,F,2011
E01004650,Westminster 002C,1031,60,55,42,28,65,117,132,102,75,64,61,50,39,31,30,33,18,19,10,F,2011
E01004710,Westminster 002D,875,64,59,63,39,59,86,85,71,68,60,34,47,31,25,23,26,13,16,6,F,2011
E01004711,Westminster 002E,931,64,64,48,54,45,124,112,69,69,62,51,37,34,32,20,23,11,6,6,F,2011
E01004651,Westminster 003A,1029,65,35,12,18,74,138,151,123,65,57,37,40,50,44,31,35,23,19,12,F,2011
E01004725,Westminster 003B,826,33,47,49,58,54,74,74,68,63,40,45,38,37,45,22,19,28,22,10,F,2011
E01004726,Westminster 003C,918,61,41,29,37,64,108,86,82,73,52,53,44,44,38,32,25,19,19,11,F,2011
E01004728,Westminster 003D,789,46,30,26,17,54,92,91,61,47,32,45,41,39,45,37,28,24,26,8,F,2011
E01004729,Westminster 003E,850,57,46,41,35,33,84,58,63,72,36,50,39,60,33,45,35,33,16,14,F,2011
E01004718,Westminster 004A,1051,71,45,51,48,79,121,113,89,86,86,54,58,40,31,24,24,20,9,2,F,2011
E01004719,Westminster 004B,1020,73,76,66,52,53,73,78,113,94,82,68,52,40,32,27,15,13,6,7,F,2011
E01004720,Westminster 004C,1044,79,63,70,57,57,64,84,99,85,65,67,47,49,48,39,26,20,15,10,F,2011
E01004721,Westminster 004D,1056,81,53,57,66,89,84,87,85,86,68,64,53,37,46,41,33,13,7,6,F,2011
E01004722,Westminster 004E,1274,83,98,112,118,119,110,84,93,116,89,61,60,42,32,25,21,6,5,0,F,2011
E01004674,Westminster 005A,1099,60,86,60,65,86,80,104,88,85,77,59,54,45,28,38,39,25,11,9,F,2011
E01004675,Westminster 005B,1146,66,59,55,60,75,143,143,105,75,77,67,61,44,31,25,19,26,10,5,F,2011
E01004677,Westminster 005C,932,58,34,35,27,92,124,130,102,75,49,63,37,29,27,21,16,10,0,3,F,2011
E01004678,Westminster 005D,1026,75,55,48,43,61,140,143,94,91,70,46,48,25,30,17,20,8,6,6,F,2011
E01004679,Westminster 005E,1110,84,72,61,51,89,130,126,106,98,75,58,50,38,21,18,12,13,3,5,F,2011
E01004723,Westminster 005F,1133,69,46,66,48,86,171,157,94,85,82,56,60,42,25,18,12,9,6,1,F,2011
E01004676,Westminster 006A,823,55,41,32,34,43,135,106,89,64,54,41,40,31,21,17,11,4,4,1,F,2011
E01004706,Westminster 006B,823,66,30,14,13,40,150,152,126,54,37,25,19,19,18,11,18,14,8,9,F,2011
E01004707,Westminster 006C,988,76,64,37,37,46,124,140,119,88,61,51,28,34,23,23,9,12,13,3,F,2011
E01004708,Westminster 006D,783,47,21,20,29,44,108,137,80,62,57,39,38,29,29,16,13,8,3,3,F,2011
E01004756,Westminster 006E,917,66,36,39,32,68,124,159,112,64,60,50,37,23,25,11,7,2,1,1,F,2011
E01004701,Westminster 007A,822,72,37,13,14,28,92,140,84,63,45,40,45,48,28,27,18,11,8,9,F,2011
E01004703,Westminster 007B,1150,103,59,48,40,44,106,109,111,87,77,99,80,53,30,29,31,21,13,10,F,2011
E01004705,Westminster 007D,729,63,33,19,27,25,80,103,105,54,50,44,23,32,19,17,14,8,10,3,F,2011
E01004709,Westminster 007E,888,43,45,42,43,50,88,114,98,60,88,43,52,30,31,20,14,15,7,5,F,2011
E01033600,Westminster 007F,596,34,17,15,13,28,67,106,58,46,40,38,43,29,25,15,13,6,2,1,F,2011
E01033608,Westminster 007G,673,41,22,13,12,35,118,116,78,54,45,31,33,33,23,7,8,3,1,0,F,2011
E01004659,Westminster 008A,861,25,25,22,23,104,159,118,67,58,39,40,42,35,30,23,26,12,10,3,F,2011
E01004660,Westminster 008B,880,64,32,24,23,89,125,105,71,61,45,46,37,35,29,29,25,15,14,11,F,2011
E01004712,Westminster 008C,789,30,9,13,53,112,121,104,59,34,50,32,28,39,39,27,11,15,6,7,F,2011
E01004727,Westminster 008D,996,58,34,25,42,119,128,116,82,59,69,39,56,47,24,34,22,24,12,6,F,2011
E01004670,Westminster 009A,1401,122,105,115,125,105,81,80,102,85,84,68,61,74,52,48,36,34,17,7,F,2011
E01004702,Westminster 009E,1316,80,73,111,99,90,118,119,92,81,92,84,68,50,30,46,42,27,9,5,F,2011
E01033598,Westminster 009F,645,33,45,65,44,37,47,47,61,38,38,40,36,32,32,22,12,7,6,3,F,2011
E01033601,Westminster 009G,822,44,52,65,43,65,69,60,80,51,43,34,52,48,37,31,25,11,6,6,F,2011
E01033602,Westminster 009H,848,58,67,59,61,72,64,58,64,68,55,44,45,35,19,22,28,20,5,4,F,2011
E01033603,Westminster 009I,717,38,21,27,34,94,89,81,56,67,49,41,42,23,19,15,6,5,5,5,F,2011
E01033604,Westminster 009J,556,38,22,22,32,47,76,63,38,55,39,30,29,24,19,7,10,4,1,0,F,2011
E01033605,Westminster 009K,1020,75,65,66,52,69,98,84,81,64,60,64,38,46,32,49,25,20,21,11,F,2011
E01004754,Westminster 010A,839,49,50,63,55,65,60,53,64,64,48,43,42,28,27,28,27,32,21,20,F,2011
E01004755,Westminster 010B,1111,82,55,64,61,68,151,123,123,110,73,75,48,24,15,16,10,6,4,3,F,2011
E01004757,Westminster 010C,838,50,69,64,64,60,80,76,63,55,66,35,32,30,26,20,23,14,5,6,F,2011
E01032512,Westminster 010F,1271,103,105,108,77,78,123,114,118,106,92,79,36,30,25,33,23,14,5,2,F,2011
E01032513,Westminster 010G,695,48,40,49,43,31,65,71,49,62,41,27,38,24,23,22,24,12,14,12,F,2011
E01004713,Westminster 011A,870,50,19,18,24,52,103,116,107,68,64,54,48,41,26,30,19,15,11,5,F,2011
E01004714,Westminster 011B,992,48,24,25,43,98,152,160,95,59,50,51,44,50,38,21,10,4,10,10,F,2011
E01004716,Westminster 011C,687,34,15,18,17,48,90,79,54,47,43,49,37,44,36,23,26,11,8,8,F,2011
E01004717,Westminster 011D,708,34,18,6,16,65,118,127,62,43,37,26,36,30,31,19,14,15,7,4,F,2011
E01004762,Westminster 011E,948,51,29,26,24,69,87,82,80,60,70,62,69,66,57,45,34,18,10,9,F,2011
E01004657,Westminster 012A,649,37,17,16,13,49,95,78,64,48,40,35,34,44,29,14,16,9,4,7,F,2011
E01004658,Westminster 012B,744,46,28,19,63,119,124,82,53,28,42,32,29,22,20,13,8,6,5,5,F,2011
E01004661,Westminster 012C,850,38,19,25,36,106,136,106,89,63,37,44,27,28,34,23,12,17,10,0,F,2011
E01004662,Westminster 012D,836,44,18,19,15,101,159,128,79,43,52,41,34,31,29,16,9,12,5,1,F,2011
E01004663,Westminster 012E,813,28,36,28,23,56,90,76,81,53,68,48,28,55,36,35,26,23,12,11,F,2011
E01004715,Westminster 013A,885,24,19,28,67,170,144,71,46,41,49,42,44,28,28,28,30,15,6,5,F,2011
E01004763,Westminster 013B,842,20,11,4,19,122,169,128,92,77,48,49,39,23,8,13,8,5,6,1,F,2011
E01004765,Westminster 013D,924,45,31,27,29,122,111,109,82,63,56,58,44,48,23,35,14,15,8,4,F,2011
E01033595,Westminster 013E,465,9,11,6,15,55,54,73,59,23,25,27,25,27,12,21,10,7,4,2,F,2011
E01033596,Westminster 013F,501,25,30,14,10,31,55,52,36,44,44,34,19,22,15,19,19,13,14,5,F,2011
E01004653,Westminster 014A,922,42,44,46,32,44,120,105,85,76,68,69,43,34,35,36,28,4,6,5,F,2011
E01004654,Westminster 014B,1110,61,43,24,28,69,160,177,118,88,65,64,45,50,38,34,21,12,10,3,F,2011
E01004656,Westminster 014D,998,47,42,31,20,68,159,130,105,56,69,62,43,47,39,33,21,16,8,2,F,2011
E01004760,Westminster 014E,857,62,40,30,26,55,86,115,86,89,54,44,46,38,22,20,26,8,5,5,F,2011
E01033606,Westminster 014F,507,23,12,12,14,26,85,108,73,49,29,9,14,18,12,14,4,3,2,0,F,2011
E01033607,Westminster 014G,613,37,22,20,22,33,84,88,55,53,37,25,44,23,28,16,9,7,6,4,F,2011
E01004680,Westminster 015A,729,58,33,17,20,45,68,77,64,45,46,45,56,37,44,28,23,10,7,6,F,2011
E01004683,Westminster 015B,813,53,32,30,33,71,78,93,72,66,54,48,33,31,34,28,25,18,7,7,F,2011
E01004684,Westminster 015C,689,56,39,25,69,70,61,65,64,29,29,37,31,39,21,18,7,18,8,3,F,2011
E01004686,Westminster 015E,634,51,29,29,25,72,86,61,61,27,41,31,33,26,16,16,12,9,4,5,F,2011
E01033593,Westminster 015F,470,46,22,22,24,55,85,64,49,26,19,15,12,14,9,6,1,0,1,0,F,2011
E01033594,Westminster 015G,597,23,18,17,30,73,70,62,51,50,41,25,38,31,33,9,10,9,6,1,F,2011
E01004681,Westminster 016A,988,58,33,17,23,94,198,142,119,56,49,51,30,42,29,10,7,14,9,7,F,2011
E01004682,Westminster 016B,694,24,12,9,12,94,165,112,74,33,23,29,19,28,15,17,9,9,6,4,F,2011
E01004694,Westminster 016C,852,55,20,19,21,98,151,153,92,51,39,31,31,32,17,16,10,9,5,2,F,2011
E01004697,Westminster 016D,730,38,21,10,18,70,119,112,72,55,37,38,21,36,21,18,15,17,6,6,F,2011
E01004700,Westminster 016E,859,60,36,26,19,76,149,139,103,62,53,28,22,29,19,17,11,5,2,3,F,2011
E01004652,Westminster 017A,906,41,35,14,23,99,177,157,89,44,37,38,27,43,23,24,12,10,11,2,F,2011
E01004693,Westminster 017B,677,51,30,16,9,35,102,72,74,58,40,47,24,33,27,29,10,12,8,0,F,2011
E01004695,Westminster 017C,598,16,17,6,17,100,137,87,66,23,22,21,16,17,11,10,11,12,7,2,F,2011
E01004696,Westminster 017D,817,57,40,37,38,50,79,86,64,55,51,42,46,38,25,26,29,30,19,5,F,2011
E01004698,Westminster 017E,719,27,25,11,30,92,124,130,73,49,37,35,33,16,15,7,6,2,6,1,F,2011
E01004699,Westminster 017F,1056,71,27,18,20,112,240,167,117,60,54,45,34,19,28,12,18,4,5,5,F,2011
E01004734,Westminster 018A,850,27,15,14,37,128,111,90,69,55,60,52,31,40,38,17,30,24,7,5,F,2011
E01004735,Westminster 018B,829,23,12,16,62,133,108,91,34,59,41,43,58,37,29,31,25,10,12,5,F,2011
E01004736,Westminster 018C,689,18,12,8,31,134,102,67,39,50,35,41,45,34,29,14,13,9,3,5,F,2011
E01004761,Westminster 018D,823,37,26,18,22,94,110,93,84,58,39,40,37,48,38,34,18,12,13,2,F,2011
E01004687,Westminster 019A,843,35,46,27,16,25,45,69,71,77,68,101,71,63,42,28,21,15,10,13,F,2011
E01004688,Westminster 019B,818,16,15,13,275,138,67,39,32,33,30,27,17,25,30,19,12,14,11,5,F,2011
E01004689,Westminster 019C,477,23,17,15,16,43,48,35,42,47,37,31,32,32,14,18,11,11,2,3,F,2011
E01004690,Westminster 019D,700,39,41,35,34,31,47,52,61,64,50,59,56,42,32,21,14,12,5,5,F,2011
E01004691,Westminster 019E,721,36,37,15,28,56,66,64,49,54,52,41,44,60,46,29,17,7,12,8,F,2011
E01004692,Westminster 019F,771,35,21,30,52,82,59,61,62,58,51,38,47,45,47,22,26,17,11,7,F,2011
E01004731,Westminster 020A,813,39,15,16,21,87,132,133,75,51,44,40,50,49,21,12,15,6,5,2,F,2011
E01004732,Westminster 020B,693,35,22,43,31,52,52,53,32,50,45,63,58,36,22,31,35,21,7,5,F,2011
E01004733,Westminster 020C,869,36,41,28,66,81,104,80,65,50,63,63,54,49,33,22,7,11,10,6,F,2011
E01004744,Westminster 020D,684,45,37,13,24,40,84,71,52,58,37,31,35,31,27,25,28,20,15,11,F,2011
E01004748,Westminster 020E,661,37,20,12,26,77,65,52,33,41,48,40,47,49,40,26,15,14,9,10,F,2011
E01004740,Westminster 021A,757,39,33,22,34,54,59,73,49,42,41,36,45,49,37,49,36,37,12,10,F,2011
E01004743,Westminster 021B,665,28,40,39,28,67,95,72,51,48,42,40,43,22,18,17,5,4,4,2,F,2011
E01004745,Westminster 021C,1039,51,35,40,25,70,112,122,95,88,70,89,50,50,42,36,21,21,11,11,F,2011
E01004746,Westminster 021D,728,43,36,34,23,51,76,67,62,55,47,33,41,25,37,22,32,24,9,11,F,2011
E01004747,Westminster 021E,1113,61,47,34,38,73,195,101,102,89,77,61,48,47,37,36,28,17,15,7,F,2011
E01004742,Westminster 022A,675,31,22,9,11,50,137,99,87,49,33,29,32,26,23,14,11,4,5,3,F,2011
E01004749,Westminster 022B,1222,65,44,40,55,149,204,166,103,72,68,68,43,44,28,29,18,13,10,3,F,2011
E01004751,Westminster 022C,849,42,25,32,20,45,133,107,84,54,68,52,38,40,39,20,30,10,7,3,F,2011
E01004752,Westminster 022D,779,31,20,14,19,73,119,96,70,49,61,49,41,46,27,30,12,11,7,4,F,2011
E01004753,Westminster 022E,908,38,20,14,20,70,168,126,75,54,59,54,78,31,32,34,18,12,4,1,F,2011
E01004666,Westminster 023B,562,25,27,21,21,40,49,46,44,41,41,38,41,19,26,30,25,15,8,5,F,2011
E01004667,Westminster 023C,696,39,26,31,15,47,62,73,57,49,49,51,40,48,29,26,12,20,16,6,F,2011
E01004668,Westminster 023D,766,50,45,44,35,42,78,69,55,64,50,29,39,40,23,24,23,29,22,5,F,2011
E01004750,Westminster 023E,865,39,35,34,28,71,106,86,73,43,36,54,49,54,46,37,31,18,18,7,F,2011
E01033597,Westminster 023F,466,31,14,6,14,40,62,64,46,26,34,25,29,24,15,15,6,11,2,2,F,2011
E01033599,Westminster 023G,861,77,88,54,41,59,89,85,80,71,57,42,37,25,16,8,11,8,12,1,F,2011
E01004665,Westminster 024A,774,47,64,55,50,50,46,55,64,57,64,36,31,35,23,27,19,26,13,12,F,2011
E01004669,Westminster 024B,854,57,48,49,44,51,73,78,57,63,61,45,36,39,27,36,26,32,19,13,F,2011
E01004737,Westminster 024C,666,22,40,22,34,35,43,50,54,56,41,46,47,50,31,30,32,17,9,7,F,2011
E01004738,Westminster 024D,678,36,17,13,18,51,88,94,72,57,42,42,27,18,26,22,9,21,16,9,F,2011
E01004739,Westminster 024E,671,9,6,7,9,59,99,93,61,49,41,38,33,36,22,36,29,17,17,10,F,2011
E01004741,Westminster 024F,644,25,26,31,15,56,84,74,50,55,44,28,36,25,24,27,22,11,8,3,F,2011
E09000002,,96156,9169,6989,6313,6191,6503,8043,8228,7487,7094,6414,4975,3908,3480,2671,2348,2196,1989,1409,749,F,2011
E01000027,Barking and Dagenham 001A,937,76,74,78,57,60,67,65,59,72,84,48,35,28,14,26,31,35,16,12,F,2011
E01000028,Barking and Dagenham 001B,832,69,72,56,58,47,67,67,60,59,44,33,28,39,25,14,21,23,27,23,F,2011
E01000029,Barking and Dagenham 001C,831,45,37,35,49,42,45,48,46,64,48,30,49,35,56,53,48,52,31,18,F,2011
E01000030,Barking and Dagenham 001D,1024,112,100,48,55,68,117,90,71,73,61,48,27,38,26,18,22,24,17,9,F,2011
E01000031,Barking and Dagenham 002A,833,45,45,67,51,51,51,56,52,59,75,54,41,45,35,33,24,17,18,14,F,2011
E01000032,Barking and Dagenham 002B,820,63,52,47,45,52,53,62,61,69,58,46,40,36,33,28,31,21,13,10,F,2011
E01000110,Barking and Dagenham 002C,723,39,42,39,55,51,44,44,48,69,57,47,38,46,26,22,18,20,13,5,F,2011
E01000111,Barking and Dagenham 002D,1011,101,74,61,55,65,94,95,59,69,62,54,34,36,35,25,38,20,21,13,F,2011
E01000112,Barking and Dagenham 002E,956,75,63,43,57,80,94,98,80,63,62,54,40,21,27,21,27,22,21,8,F,2011
E01000113,Barking and Dagenham 002F,879,77,58,50,47,48,71,71,86,65,64,62,35,46,24,27,19,13,11,5,F,2011
E01000034,Barking and Dagenham 003A,789,41,45,56,63,42,37,40,55,44,49,43,46,44,22,25,23,40,38,36,F,2011
E01000037,Barking and Dagenham 003B,846,41,34,43,72,93,62,45,38,60,71,72,53,35,33,36,28,15,11,4,F,2011
E01000038,Barking and Dagenham 003C,758,41,38,58,55,47,38,40,43,49,60,57,41,45,34,35,24,24,20,9,F,2011
E01000039,Barking and Dagenham 003D,846,57,50,50,47,42,64,52,68,71,51,55,48,37,37,33,28,36,15,5,F,2011
E01000063,Barking and Dagenham 004A,820,67,60,55,43,58,62,69,63,66,64,37,34,32,23,24,21,17,15,10,F,2011
E01000100,Barking and Dagenham 004B,874,85,58,65,72,49,51,76,72,70,56,43,42,24,32,26,26,11,11,5,F,2011
E01000101,Barking and Dagenham 004C,808,62,60,52,55,51,53,60,69,67,55,54,37,29,30,20,16,13,18,7,F,2011
E01000109,Barking and Dagenham 004D,866,61,61,63,65,49,59,65,78,65,74,50,38,38,30,22,23,13,8,4,F,2011
E01000114,Barking and Dagenham 004E,1064,92,73,75,66,67,73,77,90,96,95,56,35,43,40,33,32,11,9,1,F,2011
E01000033,Barking and Dagenham 006A,708,69,58,41,46,47,55,52,52,56,40,31,34,32,21,21,17,18,7,11,F,2011
E01000060,Barking and Dagenham 006B,967,96,78,59,56,50,81,86,75,60,65,46,45,25,28,30,21,29,28,9,F,2011
E01000061,Barking and Dagenham 006C,967,119,88,68,56,115,123,82,66,68,76,35,14,11,15,5,8,10,2,6,F,2011
E01000062,Barking and Dagenham 006D,1045,91,75,82,59,63,57,72,77,74,77,50,43,52,39,25,32,42,27,8,F,2011
E01000064,Barking and Dagenham 006E,1020,82,55,59,77,71,71,68,70,71,70,64,42,32,26,28,28,41,35,30,F,2011
E01000065,Barking and Dagenham 007A,913,70,56,51,46,64,70,61,75,64,53,38,36,42,31,32,35,50,24,15,F,2011
E01000078,Barking and Dagenham 007B,907,95,45,59,83,73,70,58,56,76,70,48,37,32,27,29,17,15,10,7,F,2011
E01000080,Barking and Dagenham 007C,839,64,71,47,62,47,58,70,66,68,78,40,33,23,26,24,22,19,13,8,F,2011
E01000081,Barking and Dagenham 007D,847,85,55,54,58,45,63,54,61,63,71,59,45,29,30,26,13,24,9,3,F,2011
E01000082,Barking and Dagenham 007E,885,81,56,71,59,51,69,67,83,71,65,49,34,38,27,16,15,12,11,10,F,2011
E01000083,Barking and Dagenham 007F,909,93,73,50,48,55,71,90,74,65,57,51,34,28,38,22,24,16,15,5,F,2011
E01000102,Barking and Dagenham 007G,826,85,47,37,49,49,53,87,53,61,60,60,37,32,28,25,30,17,14,2,F,2011
E01000021,Barking and Dagenham 008A,777,70,45,50,55,46,62,64,78,65,51,41,48,22,22,22,12,13,6,5,F,2011
E01000022,Barking and Dagenham 008B,695,68,47,42,50,51,53,55,56,54,51,47,31,20,19,13,12,17,5,4,F,2011
E01000023,Barking and Dagenham 008C,539,50,40,22,24,35,78,61,42,30,34,17,20,23,12,15,7,10,15,4,F,2011
E01000024,Barking and Dagenham 008D,722,83,54,47,60,39,48,58,54,55,57,32,31,27,14,22,13,13,8,7,F,2011
E01000025,Barking and Dagenham 008E,834,72,42,67,56,51,57,80,51,71,70,61,41,21,24,26,18,17,8,1,F,2011
E01000077,Barking and Dagenham 008F,761,68,35,47,71,40,55,54,88,57,51,40,40,28,20,18,19,18,7,5,F,2011
E01000015,Barking and Dagenham 009A,1205,131,103,85,93,85,118,107,88,106,76,63,35,26,22,20,13,19,12,3,F,2011
E01000016,Barking and Dagenham 009B,838,67,60,57,54,47,60,70,63,62,64,61,40,26,27,26,23,18,10,3,F,2011
E01000017,Barking and Dagenham 009C,824,81,57,50,58,51,59,66,57,67,61,54,37,34,16,21,15,21,15,4,F,2011
E01000018,Barking and Dagenham 009D,851,80,61,60,54,47,65,73,73,64,64,52,34,18,30,23,21,12,17,3,F,2011
E01000079,Barking and Dagenham 009E,842,69,61,62,47,57,47,64,46,65,54,52,41,33,34,27,37,21,13,12,F,2011
E01000035,Barking and Dagenham 010A,829,73,63,61,46,64,46,53,45,66,61,46,42,35,29,25,30,18,17,9,F,2011
E01000036,Barking and Dagenham 010B,674,51,34,47,56,38,42,50,38,66,53,52,25,35,19,23,17,20,6,2,F,2011
E01000107,Barking and Dagenham 010C,855,73,55,54,51,50,43,50,66,52,72,62,30,42,31,29,30,25,26,14,F,2011
E01000108,Barking and Dagenham 010D,787,81,41,32,57,57,64,67,53,58,61,46,28,47,30,19,21,16,8,1,F,2011
E01000066,Barking and Dagenham 011A,1011,87,85,68,70,78,84,76,68,69,68,53,39,43,26,20,24,22,16,15,F,2011
E01000067,Barking and Dagenham 011B,988,66,54,73,102,75,63,71,65,69,76,49,42,48,29,25,27,27,18,9,F,2011
E01000069,Barking and Dagenham 011C,894,52,63,70,85,76,56,62,58,57,67,72,51,33,20,27,19,12,9,5,F,2011
E01000070,Barking and Dagenham 011D,1070,81,81,68,90,73,80,103,63,60,57,60,49,47,33,33,40,24,20,8,F,2011
E01000071,Barking and Dagenham 011E,1158,101,72,87,66,85,117,113,70,83,59,60,50,39,26,41,22,24,29,14,F,2011
E01000057,Barking and Dagenham 012A,803,90,71,48,51,42,52,69,75,58,49,32,41,35,28,14,16,14,15,3,F,2011
E01000073,Barking and Dagenham 012B,874,86,66,57,51,47,67,76,74,77,55,36,32,35,23,24,28,17,13,10,F,2011
E01000074,Barking and Dagenham 012C,856,70,83,55,52,39,85,68,65,66,52,52,43,25,24,27,16,18,13,3,F,2011
E01000075,Barking and Dagenham 012D,878,66,51,67,60,60,39,70,75,71,55,53,43,44,28,33,23,22,15,3,F,2011
E01000076,Barking and Dagenham 012E,982,115,81,78,59,51,81,66,93,64,69,58,36,33,29,17,17,16,16,3,F,2011
E01000013,Barking and Dagenham 013A,865,67,57,62,56,55,63,64,66,66,62,57,40,30,30,25,23,16,20,6,F,2011
E01000014,Barking and Dagenham 013B,882,79,46,69,65,59,63,61,67,83,70,49,37,29,33,26,21,9,11,5,F,2011
E01000059,Barking and Dagenham 013C,860,61,67,63,58,43,50,75,63,66,64,51,32,42,24,18,23,17,27,16,F,2011
E01000084,Barking and Dagenham 013D,720,83,49,43,50,32,56,56,64,50,52,37,38,30,20,17,16,12,11,4,F,2011
E01000085,Barking and Dagenham 013E,919,94,82,67,64,65,80,67,58,57,57,46,42,43,29,20,16,17,12,3,F,2011
E01000086,Barking and Dagenham 013F,748,61,64,51,44,65,56,59,53,47,52,44,32,34,25,13,13,20,9,6,F,2011
E01000103,Barking and Dagenham 014A,909,81,55,67,83,72,65,71,62,87,54,48,48,32,20,20,17,13,9,5,F,2011
E01000104,Barking and Dagenham 014B,914,94,61,78,62,71,78,71,74,71,76,40,29,29,27,12,18,10,10,3,F,2011
E01000105,Barking and Dagenham 014C,1133,107,69,79,68,79,118,87,96,68,66,50,42,46,30,26,31,22,30,19,F,2011
E01000106,Barking and Dagenham 014D,1008,124,68,52,63,88,96,80,73,74,67,34,45,32,22,25,32,18,7,8,F,2011
E01000007,Barking and Dagenham 015A,697,92,42,34,59,66,83,102,73,38,25,21,13,14,8,9,11,0,5,2,F,2011
E01000008,Barking and Dagenham 015B,734,78,83,68,55,52,68,70,91,60,36,29,17,12,5,5,4,1,0,0,F,2011
E01000010,Barking and Dagenham 015C,1336,165,110,50,47,99,287,213,102,73,48,37,29,31,16,12,6,7,3,1,F,2011
E01000012,Barking and Dagenham 015D,942,150,87,54,37,73,139,121,95,53,35,26,22,23,15,7,4,0,1,0,F,2011
E01000006,Barking and Dagenham 016A,849,86,66,50,37,62,106,97,75,56,42,44,33,28,16,16,14,12,5,4,F,2011
E01000009,Barking and Dagenham 016B,783,72,37,29,36,69,108,74,56,46,41,39,38,37,22,27,21,14,10,7,F,2011
E01000011,Barking and Dagenham 016C,715,73,48,46,51,63,90,85,40,39,37,40,29,22,21,15,8,5,1,2,F,2011
E01000044,Barking and Dagenham 016D,883,92,61,65,55,52,77,76,76,76,55,41,36,32,20,19,21,19,6,4,F,2011
E01000068,Barking and Dagenham 016E,777,55,53,52,54,69,75,39,46,51,63,46,48,29,22,22,27,15,7,4,F,2011
E01000041,Barking and Dagenham 017A,865,88,65,67,59,55,66,81,70,59,42,49,50,35,20,19,10,15,11,4,F,2011
E01000042,Barking and Dagenham 017B,933,98,72,64,78,78,83,84,77,61,57,41,22,27,18,17,20,12,18,6,F,2011
E01000045,Barking and Dagenham 017C,850,76,68,53,59,55,74,71,69,69,62,41,32,35,23,23,10,8,15,7,F,2011
E01000046,Barking and Dagenham 017D,920,91,56,67,64,50,61,93,84,72,55,47,54,31,22,17,25,17,7,7,F,2011
E01000072,Barking and Dagenham 017E,1034,95,72,59,76,94,93,91,66,59,78,50,31,38,34,26,27,17,20,8,F,2011
E01000054,Barking and Dagenham 018A,896,82,72,63,43,54,59,71,94,61,61,42,46,39,27,18,32,17,11,4,F,2011
E01000055,Barking and Dagenham 018B,800,60,52,60,65,55,55,65,66,74,52,42,41,37,21,14,10,17,14,0,F,2011
E01000056,Barking and Dagenham 018C,842,93,71,50,59,45,57,73,67,69,53,35,36,40,22,13,19,24,8,8,F,2011
E01000058,Barking and Dagenham 018D,950,111,61,51,66,54,89,89,79,65,67,60,39,29,27,17,16,16,11,3,F,2011
E01000095,Barking and Dagenham 018E,821,98,63,56,58,44,68,79,83,65,47,38,26,25,20,19,12,10,8,2,F,2011
E01000040,Barking and Dagenham 019A,812,75,43,57,36,47,69,77,61,57,65,36,46,39,20,22,19,30,9,4,F,2011
E01000043,Barking and Dagenham 019B,685,54,45,55,55,39,42,59,59,51,41,28,26,27,29,19,20,15,17,4,F,2011
E01000050,Barking and Dagenham 019C,801,88,57,49,40,59,69,64,60,68,50,21,30,34,29,21,20,13,18,11,F,2011
E01000052,Barking and Dagenham 019D,1036,131,80,46,55,71,83,103,71,72,64,57,41,37,35,26,16,26,11,11,F,2011
E01000092,Barking and Dagenham 019E,1335,137,103,88,89,85,115,132,130,92,81,66,41,36,18,23,31,42,11,15,F,2011
E01000053,Barking and Dagenham 020A,804,85,47,50,35,47,80,70,62,56,54,39,29,49,21,19,23,21,7,10,F,2011
E01000087,Barking and Dagenham 020B,720,64,56,49,38,52,49,50,64,53,62,43,33,28,19,20,15,15,7,3,F,2011
E01000088,Barking and Dagenham 020C,957,86,67,57,55,72,77,79,69,72,61,51,33,31,28,25,23,39,20,12,F,2011
E01000089,Barking and Dagenham 020D,831,91,58,53,51,52,67,59,62,62,64,61,49,25,25,11,14,19,7,1,F,2011
E01000090,Barking and Dagenham 020E,819,74,71,46,63,66,51,53,73,50,89,42,33,30,17,23,17,12,6,3,F,2011
E01000048,Barking and Dagenham 021B,907,128,95,82,51,70,70,92,82,75,49,38,20,12,15,9,9,4,4,2,F,2011
E01000049,Barking and Dagenham 021C,877,108,106,67,48,51,81,104,84,66,45,22,18,14,17,13,9,20,2,2,F,2011
E01000051,Barking and Dagenham 021D,951,118,108,72,64,70,97,100,88,78,50,35,31,20,8,4,3,2,3,0,F,2011
E01033587,Barking and Dagenham 021E,828,135,63,37,19,72,132,115,86,54,24,26,22,16,7,5,3,5,5,2,F,2011
E01033588,Barking and Dagenham 021F,849,121,68,64,33,57,110,120,76,60,31,32,20,12,13,9,8,10,2,3,F,2011
E01000091,Barking and Dagenham 022A,907,124,93,59,54,52,77,107,53,51,48,33,22,37,10,22,30,19,11,5,F,2011
E01000093,Barking and Dagenham 022B,772,95,75,31,34,80,80,64,69,53,41,28,27,34,13,12,5,14,12,5,F,2011
E01000094,Barking and Dagenham 022C,671,87,58,40,24,49,86,99,72,56,40,27,13,5,11,2,1,0,1,0,F,2011
E01000096,Barking and Dagenham 022D,993,113,107,94,69,84,82,74,98,80,57,36,23,17,11,19,13,13,2,1,F,2011
E01000019,Barking and Dagenham 023A,757,62,60,71,40,47,55,61,53,43,61,53,33,33,24,21,17,13,8,2,F,2011
E01000020,Barking and Dagenham 023B,925,74,70,66,75,42,57,85,80,87,74,38,35,23,21,27,20,14,22,15,F,2011
E01000097,Barking and Dagenham 023C,892,73,50,53,44,50,61,65,69,79,55,42,20,32,32,38,42,40,29,18,F,2011
E01000098,Barking and Dagenham 023D,919,74,72,70,65,70,71,77,62,77,63,52,47,30,18,15,24,21,8,3,F,2011
E01000099,Barking and Dagenham 023E,924,91,65,67,55,56,86,77,61,72,57,50,41,39,29,21,22,19,10,6,F,2011
E01032580,Barking and Dagenham 023F,702,65,57,48,44,69,69,64,48,56,53,30,24,17,29,11,3,9,5,1,F,2011
E09000003,,184094,12841,11014,10170,10088,12032,16388,15418,13832,13662,12658,10821,9071,8855,7281,5599,5066,4140,3061,2097,F,2011
E01000248,Barnet 001A,836,47,61,45,43,31,38,62,67,71,77,53,43,49,32,22,22,27,23,23,F,2011
E01000249,Barnet 001B,796,42,34,61,56,25,34,32,44,52,69,76,63,62,39,22,32,30,10,13,F,2011
E01000250,Barnet 001C,1163,83,56,71,60,62,92,83,86,83,88,83,56,66,51,31,28,37,26,21,F,2011
E01000254,Barnet 001D,829,59,47,37,33,32,42,40,56,69,51,72,48,55,49,40,35,24,17,23,F,2011
E01000292,Barnet 001E,777,39,35,44,33,36,43,41,35,61,62,51,45,65,49,31,31,33,33,10,F,2011
E01000293,Barnet 001F,906,45,55,53,63,58,53,60,58,61,74,63,54,50,54,28,32,21,18,6,F,2011
E01000167,Barnet 002A,668,37,38,33,41,42,38,46,48,61,61,60,42,34,24,20,14,9,14,6,F,2011
E01000246,Barnet 002B,790,39,42,43,40,40,44,49,47,55,67,58,45,56,43,42,28,33,15,4,F,2011
E01000247,Barnet 002C,892,53,49,57,56,56,59,69,71,77,88,71,43,45,32,19,24,14,7,2,F,2011
E01000251,Barnet 002D,947,61,34,35,44,52,100,85,93,63,55,59,60,47,40,37,27,26,17,12,F,2011
E01000252,Barnet 002E,852,44,51,35,42,40,68,78,73,69,52,42,54,49,35,23,26,27,29,15,F,2011
E01000166,Barnet 003A,835,54,43,49,45,58,49,47,72,61,76,53,40,52,40,31,21,25,15,4,F,2011
E01000168,Barnet 003B,776,34,46,44,45,42,31,39,43,58,61,67,52,57,55,34,33,14,18,3,F,2011
E01000169,Barnet 003C,752,34,42,36,37,40,62,76,69,53,56,51,48,40,37,21,20,13,13,4,F,2011
E01000172,Barnet 003D,855,60,51,38,45,49,54,64,59,62,55,72,54,48,38,28,30,20,17,11,F,2011
E01000285,Barnet 004A,776,46,37,47,62,40,40,53,59,70,63,50,66,35,32,31,25,8,7,5,F,2011
E01000287,Barnet 004B,852,40,52,67,54,59,47,58,62,77,64,43,57,40,44,20,23,18,20,7,F,2011
E01000288,Barnet 004C,765,43,51,50,48,41,41,46,54,66,69,46,49,50,34,29,15,18,12,3,F,2011
E01000289,Barnet 004D,971,47,89,89,86,55,63,64,65,93,76,57,40,46,32,29,21,12,5,2,F,2011
E01000291,Barnet 004E,815,43,69,58,68,40,47,52,74,75,73,46,32,37,26,24,30,13,3,5,F,2011
E01000294,Barnet 004F,857,59,44,37,49,40,51,54,55,64,69,42,45,43,60,37,36,33,19,20,F,2011
E01000267,Barnet 005A,768,56,37,41,45,49,50,47,38,63,56,65,43,63,31,27,27,21,6,3,F,2011
E01000268,Barnet 005B,894,77,47,35,37,61,111,110,72,64,48,39,38,27,32,23,17,23,16,17,F,2011
E01000269,Barnet 005C,742,51,30,47,49,40,28,47,43,54,55,74,47,37,35,27,32,25,15,6,F,2011
E01000270,Barnet 005D,739,42,38,32,34,32,48,59,69,64,45,43,40,42,41,30,29,22,16,13,F,2011
E01000170,Barnet 006A,862,50,60,53,46,46,46,80,58,62,81,57,39,42,43,32,22,22,15,8,F,2011
E01000171,Barnet 006B,924,91,60,42,31,67,128,114,91,73,67,37,26,27,18,19,11,6,12,4,F,2011
E01000173,Barnet 006C,882,40,63,56,61,52,57,41,64,72,83,62,55,58,47,26,16,13,9,7,F,2011
E01000174,Barnet 006D,905,72,61,46,46,45,59,80,81,80,77,43,46,44,41,22,23,20,15,4,F,2011
E01000175,Barnet 006E,815,70,48,45,38,39,44,51,58,58,75,50,58,49,40,27,28,17,14,6,F,2011
E01000228,Barnet 007A,755,46,58,69,48,37,37,46,45,75,75,55,37,38,26,19,11,17,10,6,F,2011
E01000253,Barnet 007B,888,28,41,54,50,43,34,25,39,63,77,75,51,72,63,49,49,39,23,13,F,2011
E01000279,Barnet 007C,732,30,40,45,44,43,31,25,35,56,52,65,47,62,49,33,31,24,17,3,F,2011
E01000280,Barnet 007D,737,35,37,46,56,34,32,25,29,51,76,63,53,61,39,31,16,34,8,11,F,2011
E01000286,Barnet 007E,863,52,45,52,44,46,50,58,58,71,68,56,55,39,35,29,32,31,22,20,F,2011
E01000290,Barnet 007F,821,39,28,47,49,45,31,23,46,67,79,73,40,43,53,50,49,30,17,12,F,2011
E01000271,Barnet 008A,750,40,39,28,37,30,43,51,47,50,49,59,42,46,46,23,39,43,20,18,F,2011
E01000272,Barnet 008B,693,19,30,49,38,41,39,30,28,38,54,52,53,43,52,25,31,28,21,22,F,2011
E01000273,Barnet 008C,815,43,37,34,41,47,63,65,60,52,53,41,37,56,46,33,47,22,27,11,F,2011
E01000281,Barnet 008D,657,55,38,33,32,36,71,61,74,41,43,26,21,8,11,14,18,28,20,27,F,2011
E01000282,Barnet 008E,872,51,54,42,57,35,52,56,80,65,66,56,39,49,43,43,44,21,14,5,F,2011
E01000115,Barnet 009A,775,41,35,51,47,52,42,41,36,59,73,51,52,51,43,25,25,24,7,20,F,2011
E01000116,Barnet 009B,884,61,58,64,43,42,45,63,54,76,79,56,48,56,38,42,26,15,10,8,F,2011
E01000119,Barnet 009C,871,45,49,53,42,56,47,49,58,75,69,69,55,50,57,35,28,22,9,3,F,2011
E01000120,Barnet 009D,764,36,38,61,49,53,22,42,44,64,73,41,50,56,45,32,21,20,13,4,F,2011
E01000122,Barnet 009E,756,43,56,47,43,34,54,44,56,70,64,52,34,50,35,22,20,15,12,5,F,2011
E01000117,Barnet 010A,934,55,40,43,43,46,57,66,57,96,60,64,51,49,60,40,40,41,17,9,F,2011
E01000118,Barnet 010B,978,72,60,60,46,41,61,62,62,95,84,73,63,54,38,29,37,22,9,10,F,2011
E01000121,Barnet 010C,821,53,62,64,67,46,42,47,61,71,67,56,30,25,17,24,16,15,32,26,F,2011
E01000123,Barnet 010D,823,48,47,42,36,47,72,62,78,68,85,57,63,31,30,27,14,11,2,3,F,2011
E01000124,Barnet 010E,843,58,64,31,52,49,93,86,80,74,45,41,38,38,28,19,17,12,10,8,F,2011
E01000265,Barnet 011A,1026,100,69,40,56,54,96,101,106,61,65,69,41,52,28,36,26,12,10,4,F,2011
E01000266,Barnet 011B,778,28,41,57,48,54,37,36,36,64,70,62,48,61,37,32,20,24,13,10,F,2011
E01000274,Barnet 011C,956,71,57,57,58,68,58,85,63,76,94,45,52,41,45,17,23,21,12,13,F,2011
E01000320,Barnet 011D,758,26,36,30,41,35,50,52,44,73,64,57,34,41,33,33,43,30,23,13,F,2011
E01000322,Barnet 011E,933,62,29,33,29,56,108,99,73,77,59,53,47,47,40,34,31,16,26,14,F,2011
E01000275,Barnet 012A,891,52,36,33,39,44,73,75,75,58,42,60,45,47,52,28,36,40,28,28,F,2011
E01000277,Barnet 012B,854,68,38,19,25,43,88,113,67,57,54,37,38,41,41,29,32,27,28,9,F,2011
E01000283,Barnet 012C,740,42,54,52,44,47,32,26,45,51,61,61,40,47,44,29,30,16,14,5,F,2011
E01000284,Barnet 012D,867,67,42,29,34,34,119,88,89,63,38,49,35,36,41,25,27,32,15,4,F,2011
E01000321,Barnet 012E,822,35,29,33,30,57,98,102,70,70,61,37,32,36,29,23,19,32,18,11,F,2011
E01000195,Barnet 013A,934,77,63,66,63,89,85,75,57,81,68,41,31,46,36,19,18,8,8,3,F,2011
E01000229,Barnet 013B,856,65,49,49,50,60,62,78,61,70,79,49,53,38,26,13,13,24,10,7,F,2011
E01000230,Barnet 013C,939,55,62,56,49,54,60,42,52,46,79,50,54,51,57,37,42,42,33,18,F,2011
E01000231,Barnet 013D,955,71,65,60,61,48,77,64,77,87,88,59,59,33,24,22,24,14,11,11,F,2011
E01000232,Barnet 013E,930,71,56,41,40,43,77,74,66,56,63,62,49,49,54,36,44,22,19,8,F,2011
E01000233,Barnet 013F,928,94,49,53,54,59,70,90,57,73,66,61,41,42,40,30,21,13,11,4,F,2011
E01000186,Barnet 014A,844,62,82,82,46,37,48,39,58,53,47,55,57,62,41,34,14,13,8,6,F,2011
E01000187,Barnet 014B,837,55,73,49,49,41,67,60,43,52,52,55,45,49,37,30,28,23,20,9,F,2011
E01000188,Barnet 014C,770,37,59,38,37,46,46,31,54,59,50,59,60,66,39,25,27,10,21,6,F,2011
E01000189,Barnet 014D,1007,103,71,68,71,102,95,95,74,80,68,47,31,38,22,15,9,8,5,5,F,2011
E01000190,Barnet 014E,824,51,63,61,49,51,48,43,48,35,55,53,66,59,33,35,26,24,15,9,F,2011
E01000191,Barnet 014F,778,46,33,52,47,34,54,35,48,51,46,50,52,61,48,31,27,22,28,13,F,2011
E01000158,Barnet 015A,776,71,42,42,50,50,52,55,46,82,56,59,46,35,29,21,17,11,7,5,F,2011
E01000159,Barnet 015B,925,56,63,68,60,55,66,52,53,66,78,69,51,56,35,31,28,22,13,3,F,2011
E01000160,Barnet 015C,1011,88,54,33,41,68,130,114,94,89,78,50,42,58,28,20,8,11,3,2,F,2011
E01000161,Barnet 015D,882,56,37,34,49,60,70,83,75,70,70,50,42,23,44,18,20,25,17,39,F,2011
E01000162,Barnet 015E,809,43,51,45,40,51,56,49,56,74,51,54,52,50,23,27,26,21,16,24,F,2011
E01000324,Barnet 015F,905,52,52,63,51,46,62,65,62,84,74,48,51,49,35,34,23,29,16,9,F,2011
E01000256,Barnet 016A,929,53,58,61,74,48,71,73,54,56,75,69,55,51,37,37,22,15,12,8,F,2011
E01000258,Barnet 016B,852,70,36,45,38,34,57,74,54,56,71,65,47,55,40,35,21,21,18,15,F,2011
E01000263,Barnet 016C,832,59,67,69,53,43,33,46,63,75,61,51,39,66,28,22,22,19,11,5,F,2011
E01000264,Barnet 016D,804,57,48,54,45,44,78,43,66,66,76,56,35,39,37,23,17,8,6,6,F,2011
E01000255,Barnet 017A,767,38,40,47,63,47,44,51,40,58,70,51,40,53,45,23,23,14,15,5,F,2011
E01000257,Barnet 017B,1027,76,79,67,72,66,78,109,81,88,72,47,39,27,19,25,24,18,26,14,F,2011
E01000261,Barnet 017C,827,50,43,40,70,17,43,41,46,50,61,56,44,68,45,37,35,39,27,15,F,2011
E01000262,Barnet 017D,1159,86,91,86,79,66,83,101,88,95,76,75,56,49,48,24,19,19,14,4,F,2011
E01000192,Barnet 018A,942,69,47,34,54,69,95,76,57,58,44,61,53,55,45,17,35,38,25,10,F,2011
E01000193,Barnet 018B,867,55,46,40,59,77,60,65,59,53,49,78,43,34,45,29,34,23,10,8,F,2011
E01000194,Barnet 018C,818,51,43,45,46,60,85,77,71,48,54,35,49,43,33,32,15,21,8,2,F,2011
E01000226,Barnet 018D,886,62,61,65,56,63,70,78,69,65,64,53,36,25,30,28,29,15,9,8,F,2011
E01000227,Barnet 018E,967,75,58,57,56,47,71,48,67,76,61,59,55,59,35,38,23,28,27,27,F,2011
E01000299,Barnet 019A,936,69,40,24,34,57,130,110,103,67,44,43,33,30,38,16,20,34,21,23,F,2011
E01000300,Barnet 019B,829,57,37,44,39,41,66,66,92,76,60,52,44,39,32,28,25,20,6,5,F,2011
E01000302,Barnet 019C,923,64,35,41,44,68,103,112,91,78,44,43,33,37,27,28,20,18,15,22,F,2011
E01000317,Barnet 019D,811,51,34,47,33,35,84,63,57,72,48,56,40,37,41,26,23,34,15,15,F,2011
E01000318,Barnet 019E,931,39,55,60,57,57,58,79,51,74,69,73,61,49,40,39,35,12,14,9,F,2011
E01000323,Barnet 019F,977,57,48,37,26,76,113,114,83,70,69,43,30,36,32,28,27,32,34,22,F,2011
E01000276,Barnet 020A,792,44,80,44,42,32,38,38,61,65,59,65,52,41,27,30,25,29,14,6,F,2011
E01000278,Barnet 020B,761,53,59,61,40,21,25,48,70,72,60,44,32,48,43,24,26,18,10,7,F,2011
E01000301,Barnet 020C,807,57,57,56,36,29,62,53,69,56,65,49,38,47,38,17,31,24,15,8,F,2011
E01000303,Barnet 020D,824,71,63,35,43,46,43,62,76,74,51,50,37,35,35,25,23,29,16,10,F,2011
E01000304,Barnet 020E,788,43,38,24,32,46,107,107,75,65,47,39,38,46,27,14,16,15,4,5,F,2011
E01000130,Barnet 021A,869,59,56,70,60,48,73,67,70,70,91,67,43,38,16,16,10,6,6,3,F,2011
E01000132,Barnet 021B,789,57,65,64,68,46,71,60,57,79,58,40,31,25,24,14,11,11,4,4,F,2011
E01000133,Barnet 021C,857,56,61,63,57,63,37,67,61,60,84,65,49,34,22,20,27,16,8,7,F,2011
E01000234,Barnet 021D,912,81,52,43,38,47,72,105,71,72,56,49,42,52,48,24,24,20,12,4,F,2011
E01000235,Barnet 021E,883,79,57,65,64,53,76,64,61,80,69,51,53,30,28,9,22,10,9,3,F,2011
E01000156,Barnet 022A,980,72,60,35,53,72,106,104,80,79,71,57,46,37,22,26,30,15,11,4,F,2011
E01000157,Barnet 022B,803,78,25,33,39,50,83,94,83,77,54,49,30,34,20,18,11,12,8,5,F,2011
E01000163,Barnet 022C,799,83,41,32,28,52,98,99,80,61,56,48,44,24,12,16,12,6,5,2,F,2011
E01000164,Barnet 022D,868,60,61,50,61,54,89,77,63,77,67,46,38,43,16,22,19,9,9,7,F,2011
E01000165,Barnet 022E,912,61,52,42,39,37,90,99,92,84,70,56,49,47,31,28,17,15,2,1,F,2011
E01000315,Barnet 022F,890,37,62,77,78,50,50,58,69,74,92,66,39,32,25,25,28,17,10,1,F,2011
E01000197,Barnet 023A,924,59,55,42,32,65,120,103,88,70,59,39,42,37,44,24,15,14,10,6,F,2011
E01000295,Barnet 023B,896,48,40,39,35,66,95,104,82,67,48,61,39,37,37,41,16,18,12,11,F,2011
E01000296,Barnet 023C,870,60,35,31,31,45,125,119,89,78,56,35,28,37,25,18,27,19,7,5,F,2011
E01000298,Barnet 023D,931,57,36,26,43,73,135,110,77,58,48,45,35,36,25,26,26,20,30,25,F,2011
E01000125,Barnet 024A,1439,121,91,73,96,84,173,159,125,106,99,48,43,61,30,32,31,18,28,21,F,2011
E01000127,Barnet 024B,810,68,53,54,63,55,61,56,52,65,76,57,42,30,12,21,21,13,6,5,F,2011
E01000128,Barnet 024C,968,83,72,63,61,71,64,70,75,93,66,60,40,36,27,24,20,25,13,5,F,2011
E01000129,Barnet 024D,943,82,70,47,45,71,83,76,73,72,63,44,36,37,28,33,26,20,22,15,F,2011
E01000131,Barnet 024E,918,75,48,44,41,71,97,81,60,82,60,36,57,44,35,34,30,10,5,8,F,2011
E01000134,Barnet 024F,861,62,76,53,49,44,87,75,57,71,75,51,43,32,19,30,15,10,11,1,F,2011
E01000198,Barnet 025A,953,97,69,57,39,44,80,92,91,49,54,54,58,39,40,29,18,22,16,5,F,2011
E01000199,Barnet 025B,861,57,58,41,41,37,52,45,45,66,57,40,42,58,59,59,30,37,25,12,F,2011
E01000204,Barnet 025C,892,47,44,48,50,47,100,70,65,60,71,44,60,58,33,29,25,21,14,6,F,2011
E01000259,Barnet 025D,1352,95,98,98,84,75,99,126,115,108,102,74,55,54,49,36,26,31,17,10,F,2011
E01000260,Barnet 025E,1045,90,62,63,68,65,105,106,84,80,68,65,42,43,35,26,17,18,6,2,F,2011
E01000126,Barnet 026A,1153,103,91,90,92,87,116,96,98,94,89,63,38,22,25,11,12,12,5,9,F,2011
E01000151,Barnet 026B,874,95,92,67,57,71,65,78,87,71,57,31,25,25,20,12,14,3,4,0,F,2011
E01000152,Barnet 026C,933,77,95,83,80,61,72,74,85,92,70,47,29,28,10,23,3,3,0,1,F,2011
E01000153,Barnet 026D,842,76,50,54,62,44,62,77,68,59,60,46,48,47,31,31,10,6,9,2,F,2011
E01000154,Barnet 026E,699,49,62,51,37,52,59,68,59,40,50,39,34,30,28,15,13,4,7,2,F,2011
E01000176,Barnet 027A,870,44,49,53,57,51,49,69,73,65,55,53,59,45,43,33,31,23,11,7,F,2011
E01000178,Barnet 027B,937,75,53,52,41,62,79,75,62,67,83,47,39,43,40,28,26,31,21,13,F,2011
E01000184,Barnet 027C,725,59,55,47,53,46,49,66,57,54,54,35,37,28,25,25,13,14,2,6,F,2011
E01000297,Barnet 027D,725,52,33,24,24,55,97,81,58,56,47,51,32,31,27,26,10,12,2,7,F,2011
E01000316,Barnet 027E,1199,84,81,64,66,89,149,128,98,89,70,79,41,51,34,32,20,16,3,5,F,2011
E01000319,Barnet 027F,770,59,52,42,39,54,47,57,67,67,63,40,42,36,34,26,20,14,5,6,F,2011
E01000196,Barnet 028A,941,61,20,25,19,69,137,124,87,64,46,32,38,32,44,32,34,27,32,18,F,2011
E01000200,Barnet 028B,969,51,43,36,32,49,57,77,64,63,50,46,57,58,63,42,61,56,41,23,F,2011
E01000201,Barnet 028C,794,45,45,56,50,39,49,40,43,62,50,37,70,56,45,33,28,28,12,6,F,2011
E01000202,Barnet 028D,905,51,60,60,51,68,65,80,57,68,55,64,37,36,54,31,30,19,9,10,F,2011
E01000203,Barnet 028E,886,60,64,53,59,62,67,58,72,72,68,54,25,35,40,26,22,21,21,7,F,2011
E01000177,Barnet 029A,843,72,42,21,26,58,91,106,85,69,50,45,42,33,41,21,16,16,5,4,F,2011
E01000179,Barnet 029B,824,69,36,27,12,47,97,124,107,79,57,50,22,28,22,19,11,7,7,3,F,2011
E01000180,Barnet 029C,880,61,32,35,33,56,97,99,63,56,48,48,50,44,29,35,36,21,26,11,F,2011
E01000181,Barnet 029D,868,62,46,39,38,50,94,89,90,60,56,46,48,34,40,28,25,9,10,4,F,2011
E01000182,Barnet 029E,841,35,34,31,35,54,109,85,76,63,68,46,46,30,41,23,21,19,19,6,F,2011
E01000185,Barnet 029F,754,33,46,46,45,66,78,74,66,63,52,41,37,30,20,20,10,10,11,6,F,2011
E01000147,Barnet 030A,865,51,46,54,36,51,92,57,51,66,56,60,55,46,37,35,34,21,12,5,F,2011
E01000148,Barnet 030B,910,66,46,49,59,82,104,78,61,57,62,56,50,35,23,28,27,10,9,8,F,2011
E01000155,Barnet 030D,920,94,60,38,37,86,154,123,81,73,43,37,21,23,16,12,7,11,2,2,F,2011
E01033572,Barnet 030E,748,48,41,30,37,56,95,71,60,49,54,53,37,36,24,20,22,8,5,2,F,2011
E01033573,Barnet 030F,858,51,38,19,98,221,149,104,56,49,27,15,8,10,7,2,1,2,0,1,F,2011
E01000239,Barnet 031A,1007,80,49,34,47,93,135,144,94,67,65,51,45,37,21,16,13,7,8,1,F,2011
E01000240,Barnet 031B,841,56,49,45,54,58,79,62,56,64,53,64,43,44,32,22,23,19,15,3,F,2011
E01000241,Barnet 031C,893,57,48,36,49,76,118,81,66,57,56,48,46,51,30,20,22,16,8,8,F,2011
E01000309,Barnet 031D,927,69,43,42,42,89,118,100,61,57,61,44,45,38,30,28,28,12,13,7,F,2011
E01000237,Barnet 032A,1017,84,51,39,56,144,153,113,72,38,45,32,42,32,23,16,37,15,14,11,F,2011
E01000242,Barnet 032B,861,55,53,53,45,52,54,50,48,50,58,44,39,52,40,26,39,38,31,34,F,2011
E01000243,Barnet 032C,921,72,35,28,36,113,116,91,84,52,43,41,29,30,33,27,33,22,16,20,F,2011
E01000244,Barnet 032D,867,58,27,32,54,137,109,70,46,51,37,35,42,38,25,26,17,26,14,23,F,2011
E01000245,Barnet 032E,1010,77,63,47,61,107,125,83,74,70,55,49,40,23,38,32,30,12,12,12,F,2011
E01000314,Barnet 032F,972,63,52,42,38,112,114,105,75,65,60,47,49,28,25,31,26,16,14,10,F,2011
E01000183,Barnet 033A,786,49,54,36,18,33,67,61,75,61,46,38,33,32,39,32,27,16,27,42,F,2011
E01000206,Barnet 033B,848,36,34,67,61,31,45,38,48,73,76,55,49,48,44,23,20,26,26,48,F,2011
E01000207,Barnet 033C,819,45,49,41,41,36,69,57,64,59,50,51,40,66,40,35,30,19,19,8,F,2011
E01000208,Barnet 033D,824,60,50,32,34,52,76,44,62,72,44,60,38,56,25,35,30,25,21,8,F,2011
E01000210,Barnet 033E,835,79,62,49,39,29,62,82,67,72,53,42,40,41,37,19,19,15,20,8,F,2011
E01000213,Barnet 033F,778,50,67,64,48,40,40,25,57,63,57,64,49,39,38,29,20,16,11,1,F,2011
E01000236,Barnet 034A,973,122,70,57,56,104,125,70,59,44,39,32,33,36,25,24,27,27,18,5,F,2011
E01000238,Barnet 034B,993,104,81,69,54,81,122,100,67,54,56,41,36,29,28,22,19,16,6,8,F,2011
E01000310,Barnet 034C,1020,55,44,39,39,101,185,106,68,61,45,49,37,35,38,45,28,18,20,7,F,2011
E01000311,Barnet 034D,819,97,85,56,51,49,76,63,55,36,37,47,28,35,27,20,23,18,11,5,F,2011
E01000205,Barnet 035A,804,78,47,48,40,23,34,61,79,58,70,50,41,50,49,31,24,6,8,7,F,2011
E01000209,Barnet 035B,863,62,45,32,27,14,32,63,59,60,36,45,52,73,75,43,51,41,25,28,F,2011
E01000211,Barnet 035C,1079,66,47,29,38,106,161,122,97,61,50,51,46,41,31,25,24,27,32,25,F,2011
E01000212,Barnet 035D,776,47,44,39,47,45,86,64,58,55,39,44,32,45,50,30,19,17,5,10,F,2011
E01000216,Barnet 035E,1053,120,68,73,51,55,121,91,70,59,64,47,45,35,37,22,31,20,23,21,F,2011
E01000217,Barnet 035F,857,64,74,65,61,79,81,71,36,52,45,55,44,38,25,22,19,11,11,4,F,2011
E01000150,Barnet 036A,1058,93,50,67,58,66,93,104,79,75,64,70,56,41,35,31,40,22,12,2,F,2011
E01000305,Barnet 036B,834,79,53,47,38,64,80,84,44,62,53,41,42,36,29,27,24,17,11,3,F,2011
E01000306,Barnet 036C,827,60,40,33,47,61,107,81,63,50,52,61,39,29,28,33,18,13,9,3,F,2011
E01000308,Barnet 036D,802,81,40,46,41,65,73,49,76,54,61,47,33,29,40,22,18,12,9,6,F,2011
E01000312,Barnet 036E,861,65,57,56,49,53,90,93,74,65,72,64,30,23,16,15,19,14,4,2,F,2011
E01000313,Barnet 036F,911,76,47,34,46,111,122,91,54,57,42,57,37,38,20,22,19,14,10,14,F,2011
E01000145,Barnet 037A,771,79,57,57,52,48,86,52,47,36,29,35,40,39,23,16,16,19,18,22,F,2011
E01000215,Barnet 037B,1053,98,104,86,43,83,131,66,65,53,29,29,46,41,39,21,39,33,33,14,F,2011
E01000218,Barnet 037C,927,79,86,69,54,76,123,78,48,54,30,46,34,32,28,21,24,19,14,12,F,2011
E01000219,Barnet 037D,962,90,85,72,42,100,125,117,63,44,37,47,30,30,28,21,11,8,3,9,F,2011
E01000220,Barnet 037E,960,72,75,57,38,93,107,98,62,43,27,54,27,35,17,19,22,33,38,43,F,2011
E01000225,Barnet 037F,923,116,109,69,72,51,60,56,55,41,33,39,46,28,32,23,23,23,26,21,F,2011
E01000135,Barnet 038A,822,33,43,48,58,54,83,50,51,49,49,45,43,42,37,30,25,24,23,35,F,2011
E01000136,Barnet 038B,796,42,41,44,48,31,67,48,52,58,53,42,41,51,35,31,38,30,29,15,F,2011
E01000144,Barnet 038C,770,49,43,22,32,82,143,87,50,43,36,37,28,25,28,14,14,12,14,11,F,2011
E01000146,Barnet 038D,878,47,35,41,26,98,118,98,79,73,40,33,35,30,29,21,12,20,23,20,F,2011
E01000214,Barnet 038E,846,66,37,32,21,79,97,105,79,53,53,41,27,50,32,31,12,14,11,6,F,2011
E01000141,Barnet 039A,1076,81,35,51,64,125,188,102,105,65,77,45,41,32,15,17,13,13,7,0,F,2011
E01000221,Barnet 039B,675,61,54,37,37,34,59,54,62,47,63,36,31,19,17,20,19,11,10,4,F,2011
E01000223,Barnet 039C,675,45,39,49,54,38,54,50,44,56,45,54,37,32,20,21,11,18,4,4,F,2011
E01000307,Barnet 039D,827,48,44,48,60,61,69,80,54,65,46,51,42,47,26,25,23,20,14,4,F,2011
E01000138,Barnet 040A,761,50,35,54,45,49,67,65,59,54,47,46,46,34,24,21,22,19,17,7,F,2011
E01000142,Barnet 040B,1213,92,70,54,59,69,162,146,125,75,75,60,57,34,30,21,29,14,21,20,F,2011
E01000222,Barnet 040C,796,59,61,45,49,51,78,78,65,50,44,32,43,42,31,21,11,16,14,6,F,2011
E01000224,Barnet 040D,755,47,37,45,54,50,74,72,60,50,47,38,48,32,30,19,18,17,12,5,F,2011
E01000137,Barnet 041A,916,67,64,49,43,56,91,74,71,69,62,43,35,35,41,26,35,21,23,11,F,2011
E01000139,Barnet 041B,730,36,38,42,35,41,86,80,44,48,47,38,43,42,40,24,19,8,11,8,F,2011
E01000140,Barnet 041C,863,50,34,21,42,98,126,121,55,53,44,34,31,39,23,26,24,21,12,9,F,2011
E01000143,Barnet 041D,741,50,55,35,53,68,60,69,71,65,41,42,17,34,22,25,17,5,9,3,F,2011
E09000004,,120679,7472,6893,7371,7820,7594,7318,7589,7792,9322,9373,7820,6299,6567,5365,4777,4252,3537,2226,1292,F,2011
E01000466,Bexley 001A,838,75,72,58,63,59,75,67,72,54,59,45,28,42,34,17,12,3,1,2,F,2011
E01000467,Bexley 001B,876,109,72,55,73,56,68,63,97,66,65,58,31,20,14,8,9,7,3,2,F,2011
E01000468,Bexley 001C,1457,187,133,117,107,112,98,147,150,130,100,75,35,17,17,17,7,5,2,1,F,2011
E01000469,Bexley 001D,844,70,61,50,42,70,53,79,86,62,68,61,31,33,31,19,12,9,4,3,F,2011
E01000416,Bexley 002A,807,59,57,63,58,53,52,61,45,70,53,42,56,39,29,22,14,16,9,9,F,2011
E01000418,Bexley 002B,1027,83,70,56,73,68,83,79,69,77,85,69,54,42,28,28,28,16,10,9,F,2011
E01000422,Bexley 002C,914,84,76,65,86,60,77,76,76,72,54,53,46,28,20,12,9,12,6,2,F,2011
E01000464,Bexley 002D,770,48,64,74,54,57,38,43,60,66,64,57,28,38,31,17,11,8,9,3,F,2011
E01000465,Bexley 002E,768,68,49,41,42,59,54,57,52,65,50,44,45,41,33,26,19,10,8,5,F,2011
E01000470,Bexley 002F,792,68,63,65,66,60,78,64,55,62,54,39,32,37,12,15,11,6,3,2,F,2011
E01000333,Bexley 003A,902,69,54,43,38,52,50,69,61,78,59,60,40,50,35,32,37,30,32,13,F,2011
E01000335,Bexley 003B,959,84,72,81,63,70,80,74,86,66,74,44,48,32,25,18,19,16,4,3,F,2011
E01000336,Bexley 003C,991,96,74,65,60,54,101,92,76,89,66,52,30,35,32,22,15,11,11,10,F,2011
E01000337,Bexley 003D,866,68,54,52,63,67,61,68,60,68,73,60,49,29,27,19,21,11,11,5,F,2011
E01000338,Bexley 003E,880,73,46,63,56,50,81,95,75,66,69,46,39,36,27,25,8,15,5,5,F,2011
E01000403,Bexley 004A,1151,100,60,52,61,66,121,89,69,57,74,60,57,57,42,45,38,52,35,16,F,2011
E01000404,Bexley 004B,1142,144,77,71,53,118,172,137,110,72,51,50,31,25,10,9,7,3,1,1,F,2011
E01000405,Bexley 004C,711,67,56,54,60,46,50,65,50,58,55,59,26,25,13,7,6,5,4,5,F,2011
E01000408,Bexley 004D,833,75,52,57,48,68,66,69,67,62,65,57,45,21,22,27,13,9,6,4,F,2011
E01000332,Bexley 005A,823,40,37,69,61,52,36,36,43,55,48,62,48,47,47,43,38,34,19,8,F,2011
E01000402,Bexley 005B,796,57,47,47,59,40,74,54,58,66,44,47,43,41,30,28,22,23,10,6,F,2011
E01000406,Bexley 005C,828,71,50,64,76,52,59,69,65,68,67,45,26,33,31,17,13,13,7,2,F,2011
E01000407,Bexley 005D,763,25,26,35,41,42,35,39,29,43,58,48,54,57,54,49,53,32,25,18,F,2011
E01000334,Bexley 006A,866,55,51,47,60,47,49,54,52,60,62,69,42,53,43,37,37,24,19,5,F,2011
E01000417,Bexley 006B,834,53,33,40,38,56,67,62,50,58,67,62,57,56,41,33,21,21,15,4,F,2011
E01000419,Bexley 006C,756,42,25,44,53,28,36,32,41,55,67,53,41,47,54,48,29,35,19,7,F,2011
E01000420,Bexley 006D,795,29,41,43,56,55,34,39,38,63,72,71,35,55,52,32,35,23,16,6,F,2011
E01000442,Bexley 006E,841,43,46,58,51,46,37,36,40,63,77,60,44,57,41,41,35,33,14,19,F,2011
E01000437,Bexley 007A,704,34,36,56,58,44,28,28,36,64,75,51,32,35,28,31,26,22,16,4,F,2011
E01000438,Bexley 007B,798,57,36,49,64,56,58,45,45,69,58,60,56,39,29,22,22,12,10,11,F,2011
E01000439,Bexley 007C,686,48,51,42,50,46,41,49,47,65,58,37,37,42,19,14,12,11,9,8,F,2011
E01000440,Bexley 007D,727,33,38,41,56,47,30,24,40,58,59,57,45,47,43,39,30,22,9,9,F,2011
E01000441,Bexley 007E,854,62,53,47,69,59,71,67,76,62,58,53,36,37,37,20,13,19,8,7,F,2011
E01000373,Bexley 008A,840,134,84,39,44,116,88,83,61,55,41,21,14,17,12,13,9,6,0,3,F,2011
E01000429,Bexley 008B,826,84,51,60,57,68,83,92,74,72,52,37,32,20,18,10,4,6,4,2,F,2011
E01000430,Bexley 008C,915,95,61,57,54,39,65,90,82,87,63,54,26,34,23,34,28,16,2,5,F,2011
E01000431,Bexley 008D,872,81,73,65,63,97,65,71,55,79,60,39,28,33,20,18,16,8,0,1,F,2011
E01000432,Bexley 008E,892,72,60,77,60,40,43,68,77,67,63,46,38,32,34,35,41,30,7,2,F,2011
E01000433,Bexley 008F,963,84,76,66,69,88,71,79,63,77,66,35,37,32,28,28,22,26,11,5,F,2011
E01000434,Bexley 008G,879,63,66,96,66,45,48,71,69,85,65,51,38,23,16,23,25,17,8,4,F,2011
E01000356,Bexley 009A,781,37,33,31,33,42,33,36,35,52,58,53,41,55,56,53,58,38,28,9,F,2011
E01000357,Bexley 009B,752,42,48,63,51,44,38,36,49,64,62,56,46,41,30,27,15,24,9,7,F,2011
E01000359,Bexley 009C,652,33,28,39,51,32,20,36,43,39,66,35,44,51,49,32,25,11,11,7,F,2011
E01000421,Bexley 009D,776,28,36,56,51,29,25,24,42,54,64,49,52,54,39,51,57,32,21,12,F,2011
E01000450,Bexley 009E,955,67,83,63,70,58,59,54,66,87,85,49,35,43,34,34,32,19,11,6,F,2011
E01000451,Bexley 009F,880,42,63,70,66,48,47,60,58,84,72,46,48,49,41,29,24,13,12,8,F,2011
E01000452,Bexley 009G,725,44,49,54,65,32,39,44,50,71,67,43,39,37,30,25,12,15,8,1,F,2011
E01000367,Bexley 010A,837,36,46,47,75,56,49,47,50,67,66,63,39,47,33,31,23,21,26,15,F,2011
E01000368,Bexley 010B,841,71,53,37,53,51,58,56,70,75,70,46,33,38,22,35,29,24,14,6,F,2011
E01000372,Bexley 010C,889,57,64,64,73,60,48,46,55,63,67,59,44,43,41,30,21,17,18,19,F,2011
E01000380,Bexley 010D,781,48,34,39,36,46,51,65,44,53,47,70,48,35,31,39,32,31,18,14,F,2011
E01000435,Bexley 010E,740,43,45,50,47,51,52,49,54,51,57,39,33,42,36,30,28,14,13,6,F,2011
E01000353,Bexley 011A,844,29,28,40,55,40,30,39,32,63,71,62,63,70,53,56,55,34,14,10,F,2011
E01000354,Bexley 011B,808,34,39,50,62,47,43,38,50,76,64,55,48,46,36,39,33,25,16,7,F,2011
E01000355,Bexley 011C,747,26,22,34,53,35,24,32,38,48,57,54,47,58,57,47,47,42,18,8,F,2011
E01000358,Bexley 011D,833,37,35,51,41,53,42,36,56,74,70,51,51,64,39,38,33,30,21,11,F,2011
E01000436,Bexley 011E,845,44,43,51,49,46,41,43,51,59,57,75,51,70,40,42,36,20,17,10,F,2011
E01000401,Bexley 013A,881,49,51,53,45,55,59,52,66,63,53,67,45,39,45,52,31,18,21,17,F,2011
E01000453,Bexley 013B,749,44,54,56,47,45,47,46,58,58,49,54,35,56,29,25,20,18,4,4,F,2011
E01000454,Bexley 013C,835,59,38,48,47,46,46,53,51,63,67,64,30,53,41,39,37,30,18,5,F,2011
E01000455,Bexley 013D,891,51,71,50,60,61,53,63,36,76,86,53,52,40,25,32,44,22,11,5,F,2011
E01000456,Bexley 013E,730,45,47,55,45,37,37,47,53,62,68,59,43,43,19,27,14,17,7,5,F,2011
E01000325,Bexley 014A,830,26,49,66,59,58,39,31,47,67,71,69,51,54,44,42,27,21,7,2,F,2011
E01000326,Bexley 014B,688,66,34,30,39,36,64,77,43,50,53,43,39,30,28,25,12,12,6,1,F,2011
E01000369,Bexley 014C,826,39,43,42,49,56,43,51,54,61,71,67,59,68,36,43,19,14,6,5,F,2011
E01000370,Bexley 014D,809,37,39,51,42,34,29,53,46,61,59,58,53,53,60,45,35,28,17,9,F,2011
E01000371,Bexley 014E,811,51,41,49,49,46,46,61,47,56,63,52,50,52,45,33,25,26,12,7,F,2011
E01000360,Bexley 015A,840,59,39,41,36,56,73,65,73,61,69,36,32,45,28,28,27,25,20,27,F,2011
E01000362,Bexley 015B,784,27,42,51,43,49,29,36,40,60,64,43,39,53,43,46,41,31,27,20,F,2011
E01000365,Bexley 015C,914,54,40,57,47,52,60,55,45,57,58,42,50,49,43,40,48,43,50,24,F,2011
E01000366,Bexley 015D,832,42,40,49,52,49,62,64,62,74,71,60,45,41,34,24,33,17,7,6,F,2011
E01000394,Bexley 015E,763,40,51,35,42,34,39,44,52,42,65,35,42,55,31,52,35,41,14,14,F,2011
E01000388,Bexley 016A,787,26,30,43,53,40,28,38,44,53,56,53,59,52,61,40,50,41,12,8,F,2011
E01000392,Bexley 016B,885,66,72,54,68,75,75,80,51,63,69,49,35,31,15,18,22,18,11,13,F,2011
E01000409,Bexley 016C,849,36,42,48,55,52,32,55,56,68,80,52,49,60,41,50,30,31,8,4,F,2011
E01000411,Bexley 016D,746,30,47,50,41,42,45,35,44,61,55,61,46,47,39,33,34,18,9,9,F,2011
E01000414,Bexley 016E,868,47,49,48,54,53,66,59,55,53,59,50,48,37,33,35,43,40,29,10,F,2011
E01000415,Bexley 016F,752,20,31,55,64,62,29,27,38,53,64,84,44,43,38,28,33,27,8,4,F,2011
E01000327,Bexley 017A,790,39,50,40,55,41,30,35,42,63,58,54,46,50,57,39,38,22,18,13,F,2011
E01000328,Bexley 017B,742,37,39,38,41,36,23,39,56,64,49,59,52,55,44,42,32,24,8,4,F,2011
E01000329,Bexley 017C,690,37,39,41,40,46,31,33,35,49,66,48,36,46,30,38,26,26,11,12,F,2011
E01000330,Bexley 017D,831,49,31,36,39,33,52,51,37,51,66,55,38,60,37,35,46,56,37,22,F,2011
E01000331,Bexley 017E,806,38,45,56,49,43,42,40,66,67,57,53,45,44,37,34,27,27,23,13,F,2011
E01000340,Bexley 018A,770,41,38,43,43,34,39,41,54,50,61,47,59,46,37,42,36,29,23,7,F,2011
E01000395,Bexley 018B,722,34,42,47,50,54,35,27,36,61,52,67,42,44,35,33,26,19,15,3,F,2011
E01000396,Bexley 018C,708,30,37,52,48,42,37,43,38,61,68,54,37,47,28,26,26,22,7,5,F,2011
E01000410,Bexley 018D,819,38,56,55,50,52,40,52,52,71,72,54,45,52,35,24,29,20,14,8,F,2011
E01000412,Bexley 018E,864,64,52,56,60,62,55,70,57,61,71,57,39,38,16,36,22,21,17,10,F,2011
E01000413,Bexley 018F,665,35,41,48,44,49,38,43,48,45,57,43,50,30,23,28,19,13,6,5,F,2011
E01000374,Bexley 019A,792,55,73,85,67,39,28,54,51,74,65,35,33,29,26,27,14,13,14,10,F,2011
E01000375,Bexley 019B,751,52,42,63,54,48,39,53,52,64,61,55,34,38,32,21,19,12,7,5,F,2011
E01000376,Bexley 019C,813,60,59,51,45,41,49,52,66,73,58,42,41,49,39,26,26,13,11,12,F,2011
E01000377,Bexley 019D,720,36,39,23,26,51,63,37,47,50,52,49,38,46,47,36,30,26,17,7,F,2011
E01000378,Bexley 019E,1068,58,61,57,63,76,81,80,87,88,75,60,50,49,36,32,28,46,26,15,F,2011
E01000379,Bexley 019F,866,62,57,50,58,55,41,60,51,78,76,54,50,48,37,24,21,24,11,9,F,2011
E01000348,Bexley 020A,728,35,42,56,60,29,19,21,35,67,72,65,45,54,48,35,22,13,6,4,F,2011
E01000349,Bexley 020B,857,39,47,60,44,42,29,40,48,72,67,58,43,57,53,37,40,46,25,10,F,2011
E01000361,Bexley 020C,757,45,32,43,57,45,37,60,50,65,70,49,50,51,30,22,17,10,13,11,F,2011
E01000363,Bexley 020D,732,35,30,36,58,49,30,41,30,61,64,51,53,63,42,25,22,20,14,8,F,2011
E01000389,Bexley 020E,846,39,44,41,45,46,72,56,49,55,63,52,50,48,47,48,43,31,15,2,F,2011
E01000390,Bexley 020F,662,23,32,34,43,34,36,27,22,53,61,44,51,53,34,30,31,33,14,7,F,2011
E01000393,Bexley 020G,802,51,33,33,47,53,62,50,50,64,86,52,45,52,36,31,33,14,6,4,F,2011
E01000346,Bexley 021A,824,46,39,48,54,55,62,54,48,63,66,48,48,42,40,38,31,18,18,6,F,2011
E01000347,Bexley 021B,792,41,53,51,59,45,47,33,55,62,69,45,31,49,40,38,26,28,15,5,F,2011
E01000350,Bexley 021C,760,46,48,36,63,73,33,37,40,59,58,65,44,52,31,25,26,21,2,1,F,2011
E01000352,Bexley 021D,842,50,49,46,59,38,68,51,44,67,59,50,41,48,52,40,31,30,13,6,F,2011
E01000391,Bexley 021E,915,52,45,62,86,68,50,68,45,67,85,66,43,42,36,35,27,19,14,5,F,2011
E01000341,Bexley 022A,757,32,53,45,31,31,36,26,48,62,64,57,35,56,56,39,29,42,9,6,F,2011
E01000342,Bexley 022B,831,48,59,45,45,59,51,58,59,74,71,40,41,44,40,33,27,21,12,4,F,2011
E01000343,Bexley 022C,779,49,41,54,66,55,28,41,42,62,80,45,54,45,31,31,24,17,12,2,F,2011
E01000345,Bexley 022D,702,22,37,59,64,37,24,37,33,68,68,65,34,48,33,21,20,16,12,4,F,2011
E01000460,Bexley 022E,671,35,24,41,43,57,39,31,28,58,58,70,62,44,27,23,21,9,0,1,F,2011
E01000364,Bexley 023A,797,39,47,42,41,43,34,34,46,69,62,60,49,43,52,38,36,30,25,7,F,2011
E01000444,Bexley 023B,833,41,49,46,58,44,17,34,38,77,68,61,48,70,47,50,44,23,14,4,F,2011
E01000447,Bexley 023C,797,58,41,39,37,47,57,62,67,69,55,34,31,40,31,38,33,27,25,6,F,2011
E01000448,Bexley 023D,667,28,35,44,42,28,21,18,33,59,65,48,41,41,43,42,38,30,8,3,F,2011
E01000449,Bexley 023E,776,36,33,46,30,32,29,30,36,61,56,43,57,41,42,45,47,54,39,19,F,2011
E01000351,Bexley 024A,823,45,35,45,51,57,37,40,49,65,79,49,50,46,48,49,41,24,10,3,F,2011
E01000443,Bexley 024B,649,28,37,35,51,24,33,33,54,48,39,49,35,37,37,32,31,19,22,5,F,2011
E01000445,Bexley 024C,814,44,32,31,43,31,32,51,52,58,65,41,46,55,62,59,40,44,19,9,F,2011
E01000446,Bexley 024D,824,45,45,52,62,46,65,55,54,61,78,65,38,45,41,26,18,13,10,5,F,2011
E01000461,Bexley 024E,841,34,46,46,68,73,23,32,40,53,87,79,61,41,54,25,30,27,18,4,F,2011
E01000339,Bexley 025A,796,40,43,44,53,50,27,41,39,69,69,60,52,46,46,28,30,32,22,5,F,2011
E01000344,Bexley 025B,839,55,46,48,42,62,39,44,67,74,56,56,42,36,37,46,42,24,13,10,F,2011
E01000423,Bexley 025C,854,47,47,54,40,54,43,40,45,71,74,65,38,42,49,48,32,30,24,11,F,2011
E01000425,Bexley 025D,912,40,37,59,51,45,27,27,60,72,79,59,50,59,52,41,32,40,46,36,F,2011
E01000463,Bexley 025E,646,34,36,40,58,33,30,28,45,51,61,43,48,33,35,21,23,18,6,3,F,2011
E01000424,Bexley 026A,866,27,33,39,39,57,59,51,59,63,69,63,44,66,45,41,27,41,21,22,F,2011
E01000426,Bexley 026B,857,57,45,45,39,49,59,69,77,78,63,47,40,43,43,23,30,24,13,13,F,2011
E01000427,Bexley 026C,1072,52,48,51,59,59,65,56,53,71,68,59,58,67,65,68,63,52,40,18,F,2011
E01000457,Bexley 026D,999,60,34,31,44,123,83,83,71,57,45,55,39,45,38,29,45,49,34,34,F,2011
E01000462,Bexley 026E,895,32,20,43,54,89,62,45,40,47,58,47,41,47,39,28,47,53,59,44,F,2011
E01000382,Bexley 027A,774,26,41,55,41,40,31,28,37,69,73,54,50,58,52,39,41,16,14,9,F,2011
E01000384,Bexley 027B,915,60,35,39,53,60,62,54,52,61,72,55,50,65,30,29,44,43,32,19,F,2011
E01000387,Bexley 027C,809,29,39,52,48,43,36,39,45,73,64,62,49,46,46,40,36,37,16,9,F,2011
E01000428,Bexley 027D,980,32,29,32,99,101,63,67,56,51,47,53,29,45,36,38,42,53,58,49,F,2011
E01000458,Bexley 027E,774,27,37,36,50,43,39,27,37,56,57,45,39,65,43,41,45,42,32,13,F,2011
E01000459,Bexley 027F,883,26,36,52,60,55,43,40,51,61,50,58,41,49,55,41,47,57,37,24,F,2011
E01000381,Bexley 028A,841,48,47,51,54,37,63,52,61,64,72,63,42,37,33,34,35,27,18,3,F,2011
E01000383,Bexley 028B,781,38,28,46,56,36,31,34,43,52,53,62,52,51,54,40,47,31,15,12,F,2011
E01000385,Bexley 028C,1004,99,70,65,49,70,104,85,72,67,60,55,46,45,27,29,24,22,10,5,F,2011
E01000386,Bexley 028D,818,60,58,55,42,45,67,53,54,64,56,45,36,35,24,27,37,30,18,12,F,2011
E01000398,Bexley 029A,824,60,44,49,50,35,53,48,49,56,63,64,48,48,38,44,30,28,12,5,F,2011
E01000399,Bexley 029B,825,45,55,38,49,56,45,38,46,49,65,56,50,50,47,44,35,33,12,12,F,2011
E01000400,Bexley 029C,795,45,44,47,59,41,45,45,46,60,70,54,42,43,32,27,37,25,22,11,F,2011
E01032566,Bexley 029D,883,61,30,49,53,52,72,50,56,64,82,58,44,40,43,38,41,13,26,11,F,2011
E09000005,,154993,10980,9024,8768,8818,11594,16926,14670,11935,10938,10440,9314,7327,6238,5131,4366,3611,2560,1502,851,F,2011
E01000587,Brent 001A,859,53,43,50,45,55,101,57,50,48,55,52,53,37,36,36,34,27,15,12,F,2011
E01000589,Brent 001B,976,68,51,51,55,62,98,98,63,63,54,66,48,60,49,32,19,15,13,11,F,2011
E01000590,Brent 001C,930,57,55,56,51,49,83,64,73,74,54,65,62,42,28,49,27,22,10,9,F,2011
E01000592,Brent 001D,794,43,40,44,48,54,93,56,52,54,53,51,44,46,38,30,22,15,6,5,F,2011
E01000593,Brent 001E,1079,74,63,68,59,72,107,109,83,80,60,91,57,55,31,23,20,13,10,4,F,2011
E01000594,Brent 001F,842,55,54,56,48,55,84,82,66,54,48,54,41,38,27,29,25,17,4,5,F,2011
E01000513,Brent 002A,845,63,53,50,58,62,74,50,54,69,55,53,43,36,35,28,27,12,11,12,F,2011
E01000514,Brent 002B,724,60,49,36,43,48,79,69,71,50,51,47,32,23,26,15,13,6,4,2,F,2011
E01000516,Brent 002C,830,67,51,53,40,62,92,61,52,54,61,48,52,31,39,26,18,13,8,2,F,2011
E01000520,Brent 002D,810,50,40,46,50,43,79,64,58,63,51,45,29,38,39,30,26,26,19,14,F,2011
E01000588,Brent 002E,1155,79,78,82,104,75,107,102,75,87,77,72,61,47,27,24,28,12,12,6,F,2011
E01000515,Brent 003A,887,77,55,46,51,67,68,94,61,61,71,48,39,37,25,25,25,21,7,9,F,2011
E01000517,Brent 003B,823,62,40,30,53,50,91,69,57,38,49,56,55,49,31,33,26,19,10,5,F,2011
E01000543,Brent 003E,781,47,40,46,48,49,80,64,41,48,61,61,45,33,31,35,19,21,7,5,F,2011
E01000591,Brent 003F,1025,63,53,57,65,93,120,93,76,49,68,63,47,54,29,37,29,18,8,3,F,2011
E01033463,Brent 003G,1457,59,72,87,83,105,125,95,71,86,96,102,96,72,77,59,43,56,39,34,F,2011
E01000536,Brent 004A,787,41,38,43,42,61,66,61,47,37,46,61,37,54,55,41,21,20,7,9,F,2011
E01000538,Brent 004B,805,52,57,41,57,48,57,53,41,54,45,61,60,59,37,28,25,13,13,4,F,2011
E01000539,Brent 004C,786,34,40,42,28,46,71,53,39,38,44,53,55,63,43,40,30,21,31,15,F,2011
E01000540,Brent 004D,762,42,31,34,36,61,57,49,44,34,49,53,57,57,50,33,27,22,17,9,F,2011
E01000541,Brent 004E,713,38,30,53,36,39,75,62,61,37,43,45,43,26,29,28,29,20,13,6,F,2011
E01000518,Brent 005A,807,51,53,59,56,39,61,50,61,71,56,45,44,38,32,27,24,21,15,4,F,2011
E01000519,Brent 005B,957,67,57,52,66,68,100,74,58,72,65,51,51,42,32,31,28,24,11,8,F,2011
E01000623,Brent 005C,863,58,55,47,54,48,110,72,43,36,70,62,58,31,29,27,23,19,16,5,F,2011
E01000624,Brent 005D,871,61,43,51,54,46,72,60,44,68,54,72,43,43,36,36,40,27,14,7,F,2011
E01000629,Brent 005E,917,58,50,53,46,65,100,75,58,66,61,68,46,48,38,29,26,20,8,2,F,2011
E01000480,Brent 006A,852,38,42,58,55,73,85,56,48,60,60,55,50,41,45,28,24,16,10,8,F,2011
E01000484,Brent 006B,638,31,37,47,46,43,41,47,36,55,68,48,30,27,26,24,15,10,5,2,F,2011
E01000485,Brent 006C,678,41,26,41,45,48,57,55,51,37,45,52,35,34,26,29,29,14,10,3,F,2011
E01000486,Brent 006D,810,49,53,45,53,62,77,74,39,59,52,47,50,44,42,15,18,14,9,8,F,2011
E01000487,Brent 006E,930,53,60,39,49,55,101,94,66,52,55,52,48,47,42,25,33,30,18,11,F,2011
E01000572,Brent 007A,746,47,61,33,50,50,69,61,61,34,55,40,40,42,29,21,21,17,13,2,F,2011
E01000573,Brent 007B,832,59,48,57,50,65,72,63,52,58,50,50,40,34,28,40,22,20,17,7,F,2011
E01000574,Brent 007C,679,41,39,42,38,45,65,66,49,49,43,41,43,32,18,19,21,16,5,7,F,2011
E01000575,Brent 007D,914,63,50,63,42,80,118,98,75,61,56,44,24,38,33,27,21,13,7,1,F,2011
E01000577,Brent 007E,1254,135,91,91,78,95,160,127,112,97,75,50,41,20,27,14,7,11,6,17,F,2011
E01000562,Brent 008A,795,41,32,50,49,36,73,49,43,56,52,71,55,54,42,37,26,20,5,4,F,2011
E01000563,Brent 008B,722,30,34,35,54,34,59,43,31,45,52,64,50,58,41,38,22,17,14,1,F,2011
E01000566,Brent 008C,762,39,35,35,46,49,73,49,52,52,49,60,56,38,46,30,26,13,10,4,F,2011
E01000568,Brent 008D,1231,41,27,21,118,293,200,108,75,66,57,54,35,25,29,19,22,17,13,11,F,2011
E01000569,Brent 008E,790,26,33,56,61,63,52,51,40,52,62,75,50,46,43,33,20,11,13,3,F,2011
E01000479,Brent 009A,828,42,45,47,59,56,70,43,53,52,52,55,59,48,53,25,32,17,14,6,F,2011
E01000481,Brent 009B,765,59,41,35,32,62,97,89,54,42,59,42,31,32,21,16,16,23,8,6,F,2011
E01000482,Brent 009C,1448,125,83,98,101,109,153,145,122,106,91,55,50,47,33,32,34,27,25,12,F,2011
E01000483,Brent 009D,878,79,78,58,46,51,74,91,67,64,57,43,48,29,33,16,19,18,4,3,F,2011
E01000625,Brent 009E,772,56,44,33,42,46,69,74,49,42,57,56,36,37,32,29,26,20,13,11,F,2011
E01000498,Brent 010B,842,70,71,68,60,60,68,64,65,56,40,62,38,30,29,25,18,12,4,2,F,2011
E01000622,Brent 010D,809,72,59,32,33,53,93,98,52,50,72,69,32,24,16,22,14,12,3,3,F,2011
E01000626,Brent 010E,799,64,60,51,58,50,54,77,56,80,62,45,41,20,28,17,16,9,7,4,F,2011
E01033464,Brent 010F,1513,123,119,145,116,106,109,116,106,88,95,93,56,59,45,51,45,25,11,5,F,2011
E01000497,Brent 011A,900,47,64,56,70,56,74,60,62,82,77,64,46,37,25,30,22,20,7,1,F,2011
E01000499,Brent 011B,858,64,69,73,60,52,79,60,65,58,66,40,38,36,20,28,21,15,9,5,F,2011
E01000501,Brent 011C,969,75,81,77,62,57,76,83,77,76,76,45,42,23,32,28,19,26,8,6,F,2011
E01000502,Brent 011D,707,74,48,50,49,43,62,42,44,49,54,46,34,22,28,21,15,13,9,4,F,2011
E01000503,Brent 011E,985,73,51,59,54,65,93,81,71,66,64,63,43,56,34,40,33,19,15,5,F,2011
E01000570,Brent 012A,796,48,62,45,52,54,84,61,48,54,71,48,42,33,33,20,22,12,2,5,F,2011
E01000571,Brent 012B,827,49,46,43,60,65,73,62,51,47,54,62,45,42,36,30,34,18,8,2,F,2011
E01000576,Brent 012C,823,42,40,47,40,54,83,82,51,52,47,56,40,46,36,31,25,21,17,13,F,2011
E01000578,Brent 012D,886,56,39,30,35,51,91,63,61,65,40,57,39,44,42,40,31,39,36,27,F,2011
E01000564,Brent 013A,720,59,42,38,46,70,88,62,62,52,35,42,33,25,23,21,14,8,0,0,F,2011
E01000565,Brent 013B,718,47,40,50,35,42,53,62,42,45,54,53,46,49,30,24,19,10,12,5,F,2011
E01000607,Brent 013C,1072,82,71,62,59,71,101,107,99,67,68,51,54,42,44,32,28,13,14,7,F,2011
E01000608,Brent 013D,1087,102,70,53,50,68,116,120,104,84,55,62,35,40,40,21,22,21,16,8,F,2011
E01000613,Brent 013E,812,72,44,28,39,54,101,112,55,63,59,39,37,31,20,28,10,11,6,3,F,2011
E01000506,Brent 014A,844,76,50,42,33,64,128,88,84,60,53,35,42,19,16,17,15,14,4,4,F,2011
E01000509,Brent 014B,700,33,42,52,51,70,72,45,43,43,40,46,31,24,26,29,23,15,11,4,F,2011
E01000510,Brent 014C,809,72,52,41,46,71,105,87,56,47,49,45,27,26,15,29,19,15,5,2,F,2011
E01000511,Brent 014D,837,77,70,45,51,62,85,79,61,66,46,34,43,41,26,14,18,9,5,5,F,2011
E01000627,Brent 014E,968,79,69,58,67,83,76,68,75,72,87,49,50,37,33,26,21,11,6,1,F,2011
E01000628,Brent 014F,947,88,62,61,50,101,76,95,74,57,52,63,39,41,21,23,18,10,7,9,F,2011
E01000553,Brent 015A,1014,85,46,53,67,81,135,96,91,93,45,59,35,42,31,22,20,4,7,2,F,2011
E01000554,Brent 015B,930,73,58,54,49,57,113,96,83,76,52,46,44,44,25,19,17,16,5,3,F,2011
E01000555,Brent 015C,732,45,35,32,38,63,99,53,52,53,45,43,40,35,31,16,27,12,10,3,F,2011
E01000556,Brent 015D,869,70,40,33,47,105,156,97,80,59,62,31,35,15,14,10,10,2,3,0,F,2011
E01000557,Brent 015E,917,61,32,33,33,94,157,121,72,79,58,34,38,35,19,17,10,10,11,3,F,2011
E01000558,Brent 015F,747,23,34,28,29,46,126,98,62,52,42,50,31,41,24,24,17,8,9,3,F,2011
E01000567,Brent 016A,691,38,47,43,34,41,57,64,52,44,53,33,26,39,31,34,22,12,12,9,F,2011
E01000606,Brent 016B,828,59,52,60,45,65,73,65,59,58,55,41,50,28,32,36,24,16,6,4,F,2011
E01000609,Brent 016C,1026,69,62,68,55,81,108,111,84,63,64,58,57,38,29,28,23,14,12,2,F,2011
E01000611,Brent 016D,662,52,29,46,37,48,74,68,38,46,53,27,34,22,34,22,13,12,6,1,F,2011
E01000615,Brent 017B,777,68,39,49,44,54,94,89,52,51,60,41,29,31,29,17,16,9,3,2,F,2011
E01000617,Brent 017C,819,49,31,49,62,60,84,64,48,45,62,64,42,37,30,29,23,23,11,6,F,2011
E01000618,Brent 017D,823,46,55,62,58,56,70,50,43,56,45,73,35,39,28,34,21,26,20,6,F,2011
E01000619,Brent 017E,809,41,49,49,51,54,92,56,49,51,50,62,42,39,41,33,25,16,7,2,F,2011
E01033424,Brent 017F,654,69,37,31,31,73,119,108,59,30,27,26,13,7,8,4,6,3,2,1,F,2011
E01033457,Brent 017G,814,83,45,22,27,73,140,109,68,33,40,37,30,35,21,17,15,7,7,5,F,2011
E01000504,Brent 018A,824,51,30,31,33,83,101,104,54,57,64,53,48,42,22,18,13,15,1,4,F,2011
E01000505,Brent 018B,831,63,42,40,65,75,100,71,50,50,45,67,46,34,24,22,20,5,7,5,F,2011
E01000507,Brent 018C,807,51,35,31,62,73,95,62,58,47,53,48,42,51,33,23,19,16,3,5,F,2011
E01000512,Brent 018D,846,49,46,31,42,65,116,98,67,67,55,47,39,39,35,23,12,10,3,2,F,2011
E01000559,Brent 018E,694,36,18,13,18,70,107,89,63,51,49,24,40,34,23,22,13,16,7,1,F,2011
E01000610,Brent 019A,983,79,65,54,39,49,95,109,69,56,64,70,49,31,39,33,26,18,16,22,F,2011
E01000612,Brent 019B,837,56,57,48,44,72,103,75,48,59,51,48,42,39,25,27,16,15,7,5,F,2011
E01000631,Brent 019C,903,63,40,38,48,85,107,81,50,55,58,55,56,45,35,36,22,20,5,4,F,2011
E01000633,Brent 019D,894,52,36,47,53,58,113,84,57,65,61,58,50,38,29,28,31,16,12,6,F,2011
E01000634,Brent 019E,1114,99,74,67,77,78,119,124,100,81,86,50,56,32,20,22,14,10,5,0,F,2011
E01000616,Brent 020A,822,43,43,41,46,68,111,92,64,62,41,50,41,30,25,18,20,18,4,5,F,2011
E01000620,Brent 020B,836,53,36,47,51,81,85,74,36,48,55,60,56,27,31,24,33,19,14,6,F,2011
E01000621,Brent 020C,829,55,43,44,60,66,77,71,59,59,62,51,44,31,30,32,18,19,3,5,F,2011
E01000635,Brent 020D,1109,81,72,59,60,76,153,114,82,79,74,72,52,40,30,20,25,9,8,3,F,2011
E01000636,Brent 020E,830,44,33,46,49,72,87,55,63,44,53,67,54,54,21,33,27,16,8,4,F,2011
E01000596,Brent 021A,853,91,66,64,62,61,47,66,67,66,52,59,34,24,29,19,22,12,9,3,F,2011
E01000601,Brent 021B,801,71,85,80,71,62,50,58,58,64,61,50,23,20,16,19,7,6,0,0,F,2011
E01000602,Brent 021C,802,67,53,69,72,51,52,48,55,62,60,60,31,32,35,25,14,8,3,5,F,2011
E01000603,Brent 021D,789,82,54,40,50,58,84,71,55,67,53,50,36,32,23,15,6,9,2,2,F,2011
E01000604,Brent 021E,952,67,74,86,95,68,61,52,52,72,75,74,57,30,29,26,14,10,5,5,F,2011
E01000605,Brent 021F,858,59,65,76,79,45,54,54,53,64,72,68,46,33,26,16,15,21,9,3,F,2011
E01000488,Brent 022A,803,73,48,54,40,56,88,81,75,54,54,48,27,35,26,19,12,5,4,4,F,2011
E01000637,Brent 022B,842,58,44,41,43,87,102,101,78,57,54,29,34,27,22,23,10,17,10,5,F,2011
E01000639,Brent 022C,874,59,31,27,33,101,176,134,65,55,36,35,31,23,22,18,17,7,3,1,F,2011
E01000642,Brent 022D,1000,41,41,36,25,107,205,147,100,49,67,36,38,31,30,14,12,15,5,1,F,2011
E01000644,Brent 022E,980,55,56,55,45,82,115,99,98,94,66,51,28,39,26,18,21,16,13,3,F,2011
E01000490,Brent 023A,837,61,28,16,26,67,143,143,93,64,59,28,28,27,14,11,16,5,6,2,F,2011
E01000494,Brent 023B,861,61,34,34,23,79,129,90,63,50,53,40,40,37,24,37,22,20,17,8,F,2011
E01000495,Brent 023C,735,51,18,14,16,60,112,93,68,51,42,33,35,29,35,18,19,15,14,12,F,2011
E01000560,Brent 023D,794,32,31,24,34,68,155,95,64,25,49,59,41,39,14,19,12,12,15,6,F,2011
E01000561,Brent 023E,843,56,42,32,34,51,144,102,87,65,52,47,26,29,20,17,18,9,6,6,F,2011
E01000638,Brent 024A,929,81,71,48,50,66,101,115,92,73,56,56,40,21,12,15,20,5,4,3,F,2011
E01000640,Brent 024B,1014,74,63,62,56,61,123,148,97,78,71,50,32,25,31,16,15,8,3,1,F,2011
E01000641,Brent 024C,995,76,68,47,58,87,135,113,76,66,64,67,37,19,30,22,15,10,2,3,F,2011
E01000643,Brent 024D,1126,71,74,79,73,83,82,107,94,88,88,101,36,24,29,27,27,20,15,8,F,2011
E01000508,Brent 025A,998,101,60,69,68,73,80,76,81,69,63,61,46,32,32,30,26,20,8,3,F,2011
E01000521,Brent 025B,1104,108,82,72,66,85,103,110,83,85,78,69,47,24,32,17,23,13,6,1,F,2011
E01000522,Brent 025C,1021,110,73,63,60,62,75,91,71,87,77,77,40,27,31,31,17,16,9,4,F,2011
E01000526,Brent 025D,1215,77,97,85,103,99,92,75,93,92,88,84,60,41,36,37,27,11,10,8,F,2011
E01000527,Brent 025E,1090,103,101,77,55,85,107,99,103,72,65,57,40,26,32,23,22,16,4,3,F,2011
E01000528,Brent 025F,748,62,63,56,61,60,51,51,43,57,68,57,27,23,18,25,14,8,1,3,F,2011
E01000471,Brent 026A,786,45,41,60,60,68,63,61,51,84,56,46,40,36,22,21,22,7,3,0,F,2011
E01000474,Brent 026B,975,79,46,74,62,93,84,80,57,65,81,76,53,32,28,17,24,15,4,5,F,2011
E01000476,Brent 026C,777,30,41,38,62,67,67,59,45,58,63,49,50,41,30,28,25,14,7,3,F,2011
E01000477,Brent 026D,902,63,58,58,58,58,84,88,95,69,63,66,36,25,23,21,16,10,8,3,F,2011
E01000630,Brent 026E,1074,80,64,50,57,88,125,100,74,77,81,69,47,46,29,33,26,13,11,4,F,2011
E01000595,Brent 027A,845,58,64,90,61,55,62,67,70,66,63,49,32,37,19,27,17,6,2,0,F,2011
E01000599,Brent 027D,672,56,46,53,45,42,67,34,46,55,58,45,24,25,18,21,22,9,5,1,F,2011
E01000600,Brent 027E,1002,99,69,78,80,83,90,90,65,67,76,54,35,34,26,18,19,11,7,1,F,2011
E01033456,Brent 027F,1168,78,92,100,95,97,81,74,79,75,97,70,68,42,33,32,27,13,8,7,F,2011
E01000545,Brent 028A,905,39,35,24,20,86,177,136,101,49,50,39,22,39,30,26,14,7,4,7,F,2011
E01000546,Brent 028B,862,61,27,37,29,69,133,105,69,69,53,37,41,42,27,26,15,11,7,4,F,2011
E01000547,Brent 028C,918,70,28,34,25,91,119,131,82,65,60,46,39,35,22,25,23,7,11,5,F,2011
E01000548,Brent 028D,1002,52,33,31,34,82,216,152,91,58,62,39,39,29,19,25,21,10,6,3,F,2011
E01000549,Brent 028E,995,79,44,26,18,41,144,153,118,90,60,53,39,42,28,27,11,13,6,3,F,2011
E01000472,Brent 029A,637,52,40,15,26,50,102,103,60,33,32,22,30,24,17,13,10,7,1,0,F,2011
E01000473,Brent 029B,904,39,60,43,53,76,119,86,59,50,69,57,52,42,23,29,24,17,4,2,F,2011
E01000475,Brent 029C,981,71,58,48,52,83,146,109,76,46,58,55,44,41,27,16,31,13,5,2,F,2011
E01000478,Brent 029D,808,59,38,46,44,73,78,70,60,47,63,52,44,39,34,30,19,9,2,1,F,2011
E01000632,Brent 029E,1023,55,45,66,64,81,112,75,53,74,73,66,64,53,41,31,32,21,12,5,F,2011
E01000489,Brent 030A,857,52,47,44,50,76,92,68,51,53,62,57,36,32,35,19,21,32,24,6,F,2011
E01000491,Brent 030B,980,51,63,66,45,61,86,87,89,83,86,57,43,40,34,21,31,18,11,8,F,2011
E01000492,Brent 030C,674,33,24,39,33,50,65,51,55,42,50,44,40,42,23,30,19,18,10,6,F,2011
E01000493,Brent 030D,857,43,49,53,37,39,93,68,73,69,55,58,41,38,41,39,27,18,7,9,F,2011
E01000581,Brent 030E,822,63,67,37,28,37,93,95,71,71,70,43,33,30,31,21,11,11,6,4,F,2011
E01000523,Brent 031A,1292,129,92,78,76,96,131,123,130,98,95,66,48,47,25,24,16,11,4,3,F,2011
E01000524,Brent 031B,1249,105,97,96,79,88,157,88,107,115,84,75,40,30,31,29,15,8,4,1,F,2011
E01000525,Brent 031C,1015,91,68,69,82,67,88,100,97,72,73,59,46,27,29,25,11,8,3,0,F,2011
E01000533,Brent 031E,1090,94,63,57,57,81,105,113,111,90,86,64,37,31,30,26,23,10,9,3,F,2011
E01000535,Brent 031F,1089,89,56,64,65,88,124,97,98,101,94,45,51,34,27,21,18,4,6,7,F,2011
E01033455,Brent 031G,558,55,28,24,38,46,73,42,61,47,34,28,29,15,12,9,11,3,2,1,F,2011
E01033485,Brent 031H,980,74,62,58,54,84,102,102,102,72,63,46,34,28,30,24,22,17,4,2,F,2011
E01000579,Brent 032A,842,63,33,41,40,51,113,85,90,72,69,42,32,35,21,18,11,15,7,4,F,2011
E01000580,Brent 032B,984,80,55,60,35,43,92,99,101,80,60,59,55,56,34,22,21,17,10,5,F,2011
E01000582,Brent 032C,946,83,59,43,41,44,97,110,100,92,47,48,53,29,38,18,15,19,7,3,F,2011
E01000583,Brent 032D,1145,74,58,43,37,80,167,160,125,80,91,53,52,29,33,25,13,14,8,3,F,2011
E01000586,Brent 032E,1220,90,56,44,31,93,221,186,137,87,76,52,53,32,19,17,12,13,0,1,F,2011
E01000530,Brent 033A,938,62,52,36,35,55,98,88,89,80,68,71,39,46,36,26,25,16,7,9,F,2011
E01000531,Brent 033B,1063,90,60,42,46,87,141,121,102,90,56,52,41,33,30,27,27,9,6,3,F,2011
E01000532,Brent 033C,804,58,27,29,32,49,87,80,92,60,55,41,53,46,29,15,25,9,11,6,F,2011
E01000534,Brent 033D,943,69,56,61,49,76,79,69,93,87,67,67,43,33,25,17,20,23,7,2,F,2011
E01000584,Brent 033E,851,48,48,22,37,56,97,83,75,61,74,58,40,35,21,26,38,17,12,3,F,2011
E01000585,Brent 033F,902,62,48,37,23,57,113,120,104,93,53,36,42,33,22,17,19,12,9,2,F,2011
E01000544,Brent 034A,883,70,61,44,64,80,95,103,59,71,64,45,31,27,14,21,12,16,6,0,F,2011
E01000550,Brent 034B,1001,65,53,64,34,62,131,111,80,84,75,63,42,37,40,25,15,12,6,2,F,2011
E01000551,Brent 034C,1087,86,78,99,59,60,81,111,99,99,78,71,44,26,27,24,24,14,6,1,F,2011
E01000552,Brent 034D,913,65,81,69,48,60,49,77,79,88,70,65,32,21,39,19,20,15,11,5,F,2011
E09000006,,161399,9886,9029,8972,8942,8286,9206,11020,11615,12741,12788,10589,8802,9613,7646,6294,5693,4952,3270,2055,F,2011
E01000779,Bromley 001A,641,27,23,26,22,41,43,37,41,32,51,38,47,57,31,36,24,20,27,18,F,2011
E01000780,Bromley 001B,804,50,53,39,32,66,55,52,59,63,63,44,46,47,35,31,28,22,13,6,F,2011
E01000781,Bromley 001C,797,59,66,53,39,55,50,71,68,73,49,53,29,32,27,26,10,17,15,5,F,2011
E01000782,Bromley 001D,775,64,61,37,53,47,69,60,56,52,65,37,30,30,23,19,25,24,12,11,F,2011
E01000783,Bromley 001E,828,62,53,68,60,51,58,67,62,73,58,42,29,26,26,27,27,26,8,5,F,2011
E01000785,Bromley 001F,742,48,48,46,39,44,56,62,51,75,53,37,37,28,39,22,23,16,11,7,F,2011
E01000689,Bromley 002A,718,45,35,32,36,41,59,47,43,46,57,52,33,47,32,24,31,23,23,12,F,2011
E01000690,Bromley 002B,721,36,47,41,44,35,35,45,39,66,56,53,45,44,45,33,18,15,15,9,F,2011
E01000691,Bromley 002C,765,36,45,41,47,30,42,69,58,60,62,36,39,55,35,35,32,22,12,9,F,2011
E01000692,Bromley 002D,829,53,42,50,44,47,53,61,76,73,74,40,37,43,45,32,26,14,14,5,F,2011
E01000784,Bromley 002E,777,52,40,48,54,43,47,66,62,75,64,56,36,43,29,22,17,12,7,4,F,2011
E01000799,Bromley 004A,827,64,36,38,49,47,70,62,86,80,75,69,45,27,25,15,17,13,7,2,F,2011
E01000802,Bromley 004B,904,63,49,50,45,44,58,89,100,88,76,69,41,44,29,25,10,14,9,1,F,2011
E01000803,Bromley 004C,876,63,50,39,37,46,79,111,78,53,81,43,43,35,37,25,19,13,11,13,F,2011
E01000804,Bromley 004D,719,42,33,37,43,29,33,47,45,52,52,58,54,58,45,22,23,22,19,5,F,2011
E01000805,Bromley 004E,791,48,37,31,41,36,42,83,90,79,66,48,42,35,42,23,22,10,12,4,F,2011
E01000740,Bromley 005A,875,73,50,44,36,67,121,118,100,77,64,33,18,25,15,12,9,5,3,5,F,2011
E01000741,Bromley 005B,791,63,27,29,41,54,89,114,98,72,55,43,29,31,17,9,10,7,3,0,F,2011
E01000742,Bromley 005C,1052,89,60,47,41,80,114,149,138,102,63,51,43,34,10,10,14,4,2,1,F,2011
E01000745,Bromley 005D,938,75,59,33,32,53,114,130,113,82,58,40,28,33,25,15,11,14,9,14,F,2011
E01000746,Bromley 005E,957,80,48,31,31,56,85,137,102,98,58,56,45,38,31,26,16,9,8,2,F,2011
E01000709,Bromley 006A,673,28,19,7,11,18,64,70,55,39,35,37,30,54,33,32,54,43,32,12,F,2011
E01000710,Bromley 006B,861,60,16,18,12,49,81,129,94,52,53,53,33,50,45,31,26,30,15,14,F,2011
E01000711,Bromley 006C,882,43,15,9,15,49,104,133,89,64,46,40,44,50,36,24,33,33,34,21,F,2011
E01000714,Bromley 006D,938,52,19,25,34,53,128,136,84,59,63,51,40,49,25,25,29,27,26,13,F,2011
E01000718,Bromley 006E,1098,92,69,55,56,74,118,110,110,77,77,53,42,44,37,30,24,14,15,1,F,2011
E01000645,Bromley 007A,710,26,33,51,50,38,25,21,38,50,71,50,58,44,43,37,33,26,13,3,F,2011
E01000649,Bromley 007B,1038,62,64,53,59,49,40,75,74,80,73,68,53,62,54,43,37,40,29,23,F,2011
E01000694,Bromley 007C,865,45,56,39,40,25,33,34,56,71,66,49,52,54,49,48,42,49,30,27,F,2011
E01000695,Bromley 007D,788,46,40,40,32,37,29,50,46,58,57,64,45,60,43,26,37,32,26,20,F,2011
E01000696,Bromley 007E,798,38,34,43,45,23,36,24,48,57,72,53,39,46,51,41,48,31,29,40,F,2011
E01000697,Bromley 007F,813,53,37,36,32,31,50,75,72,68,60,57,36,39,37,37,37,35,12,9,F,2011
E01000674,Bromley 008A,844,60,39,32,33,48,75,93,76,61,46,45,39,41,40,21,34,31,19,11,F,2011
E01000676,Bromley 008B,918,65,55,31,45,67,123,121,76,54,44,28,26,40,22,17,26,31,28,19,F,2011
E01000820,Bromley 008C,735,57,37,23,25,27,51,52,73,73,48,43,38,42,30,26,23,31,20,16,F,2011
E01000822,Bromley 008D,857,63,34,31,40,52,70,104,84,50,58,62,37,34,28,24,21,25,19,21,F,2011
E01000823,Bromley 008E,845,53,51,48,43,43,63,89,78,94,55,51,42,48,28,23,17,13,2,4,F,2011
E01000824,Bromley 008F,615,54,31,31,33,39,50,54,45,55,47,46,32,40,14,11,15,10,4,4,F,2011
E01000825,Bromley 008G,820,77,33,22,27,46,64,98,79,71,50,42,29,36,35,25,25,30,13,18,F,2011
E01000743,Bromley 009A,929,78,49,52,37,88,68,101,68,79,64,53,36,40,26,18,17,22,19,14,F,2011
E01000744,Bromley 009B,791,51,43,39,44,57,55,67,55,77,64,54,40,26,19,15,18,27,18,22,F,2011
E01000796,Bromley 009C,868,79,61,64,78,63,60,60,80,89,63,56,28,18,29,16,9,10,5,0,F,2011
E01000798,Bromley 009D,770,59,49,39,49,66,82,58,60,65,59,42,40,28,20,23,11,14,5,1,F,2011
E01000800,Bromley 009E,842,79,46,50,42,66,88,76,88,76,54,53,47,30,19,7,9,9,1,2,F,2011
E01000806,Bromley 009F,893,76,71,42,54,65,92,104,101,81,66,35,26,23,15,12,12,11,4,3,F,2011
E01000693,Bromley 010A,826,32,25,37,76,33,29,31,30,53,49,49,33,54,48,47,32,47,43,78,F,2011
E01000698,Bromley 010B,602,24,21,26,41,38,18,19,24,38,48,51,41,49,50,38,33,17,18,8,F,2011
E01000736,Bromley 010C,796,57,51,57,57,41,35,40,54,62,79,63,36,33,32,24,21,21,26,7,F,2011
E01000737,Bromley 010D,778,54,39,49,45,47,44,55,48,57,54,39,39,31,39,31,28,27,25,27,F,2011
E01000672,Bromley 011A,804,60,38,36,29,36,64,56,59,67,55,42,47,51,42,37,27,26,17,15,F,2011
E01000673,Bromley 011B,807,54,58,44,40,29,42,62,68,61,79,54,45,46,40,17,26,25,13,4,F,2011
E01000716,Bromley 011C,799,31,29,32,36,31,55,45,52,52,46,58,37,75,57,34,50,32,22,25,F,2011
E01000717,Bromley 011D,846,32,26,26,28,44,87,97,62,60,60,68,46,51,39,38,20,31,18,13,F,2011
E01000828,Bromley 011E,845,53,42,40,34,32,41,60,71,62,64,43,45,50,47,40,41,36,21,23,F,2011
E01000712,Bromley 012A,822,37,25,19,30,33,97,109,69,55,45,40,50,39,51,35,37,23,14,14,F,2011
E01000713,Bromley 012B,861,53,27,34,34,33,84,99,77,50,63,59,48,55,40,33,39,15,13,5,F,2011
E01000715,Bromley 012C,854,38,41,21,14,18,92,84,72,57,47,53,46,47,42,39,49,44,31,19,F,2011
E01000770,Bromley 012D,768,30,30,33,26,22,51,45,38,46,51,46,46,61,50,51,48,43,24,27,F,2011
E01000772,Bromley 012E,809,34,44,30,26,23,36,36,48,54,67,40,41,63,52,42,56,56,44,17,F,2011
E01000700,Bromley 013A,787,59,39,29,22,36,67,98,87,71,65,58,41,35,27,21,9,15,5,3,F,2011
E01000702,Bromley 013B,685,46,34,23,31,38,44,74,77,65,59,52,39,21,26,20,17,11,7,1,F,2011
E01000703,Bromley 013C,854,74,65,34,26,47,69,93,81,72,48,53,49,46,24,20,14,16,15,8,F,2011
E01000706,Bromley 013D,698,66,34,30,41,30,50,66,71,46,58,45,36,29,26,16,22,18,7,7,F,2011
E01000797,Bromley 013E,820,59,51,46,32,43,43,59,70,69,80,72,38,52,37,27,19,10,8,5,F,2011
E01000729,Bromley 014A,944,89,68,65,60,87,76,71,49,67,85,39,36,32,33,29,16,15,19,8,F,2011
E01000730,Bromley 014B,968,93,84,80,79,68,81,59,68,96,57,53,32,30,21,25,15,6,13,8,F,2011
E01000735,Bromley 014C,788,43,62,58,63,50,31,53,64,65,75,39,31,37,24,39,17,13,18,6,F,2011
E01000738,Bromley 014D,804,48,46,53,48,43,34,36,36,71,74,52,46,51,33,41,35,24,21,12,F,2011
E01000739,Bromley 014E,828,55,63,65,41,54,49,62,56,66,58,37,31,40,46,26,19,29,20,11,F,2011
E01000699,Bromley 015A,746,57,46,24,44,50,84,71,85,73,66,35,30,21,21,8,8,11,10,2,F,2011
E01000701,Bromley 015B,682,58,34,25,29,26,56,82,73,48,52,53,42,29,20,25,13,10,3,4,F,2011
E01000704,Bromley 015C,760,52,44,37,54,41,31,63,57,80,58,50,37,37,24,28,21,27,10,9,F,2011
E01000705,Bromley 015D,672,45,28,47,37,34,44,63,65,64,60,34,39,35,21,21,15,12,6,2,F,2011
E01000801,Bromley 015E,751,66,43,37,35,46,51,70,55,59,49,43,46,43,24,21,29,16,12,6,F,2011
E01000646,Bromley 016A,866,47,42,54,39,39,69,56,65,59,62,48,32,49,34,35,29,35,29,43,F,2011
E01000647,Bromley 016B,841,65,61,60,46,43,40,74,80,80,63,53,49,42,25,21,12,18,5,4,F,2011
E01000648,Bromley 016C,890,59,57,64,61,43,43,58,82,91,66,57,42,49,38,22,15,17,10,16,F,2011
E01000653,Bromley 016D,856,35,42,66,47,32,33,23,38,62,57,58,47,75,62,41,45,36,38,19,F,2011
E01000678,Bromley 016E,878,70,51,57,52,49,50,60,62,78,84,53,60,43,34,27,14,20,11,3,F,2011
E01000670,Bromley 018A,967,51,61,48,41,53,88,62,76,75,81,76,48,55,39,35,25,25,21,7,F,2011
E01000675,Bromley 018B,809,62,38,44,48,49,66,69,61,62,64,42,37,44,38,27,27,13,6,12,F,2011
E01000677,Bromley 018C,948,106,59,32,40,38,94,121,103,90,58,54,36,36,28,27,15,5,5,1,F,2011
E01000762,Bromley 018D,839,41,45,36,40,42,47,63,51,41,73,39,40,54,55,49,52,45,18,8,F,2011
E01000829,Bromley 018E,914,71,58,55,31,37,64,96,58,92,63,61,47,44,40,29,30,22,10,6,F,2011
E01000719,Bromley 019A,1051,111,69,51,52,87,89,102,82,66,78,43,52,44,33,27,22,18,14,11,F,2011
E01000720,Bromley 019B,906,83,74,59,70,42,78,84,62,75,64,54,44,39,33,22,8,7,3,5,F,2011
E01000721,Bromley 019C,730,70,58,49,53,65,26,52,56,62,42,33,30,45,22,29,15,8,11,4,F,2011
E01000724,Bromley 019D,910,89,65,83,79,57,54,68,61,68,65,37,36,32,22,23,26,28,14,3,F,2011
E01000728,Bromley 019E,781,58,55,34,40,40,39,50,52,53,32,60,47,55,60,41,31,20,8,6,F,2011
E01000651,Bromley 020A,911,52,41,49,41,42,37,50,49,65,64,61,32,48,40,48,38,45,54,55,F,2011
E01000668,Bromley 020B,807,58,42,44,41,34,45,88,76,72,68,51,40,46,32,16,21,14,13,6,F,2011
E01000669,Bromley 020C,901,78,63,49,40,37,48,83,93,74,77,65,36,42,22,28,24,20,13,9,F,2011
E01000671,Bromley 020D,892,66,43,32,50,56,60,65,81,71,52,55,35,44,40,36,38,33,22,13,F,2011
E01000679,Bromley 020E,842,62,65,51,37,47,48,72,83,75,74,55,35,35,28,29,25,13,3,5,F,2011
E01000826,Bromley 021A,815,28,46,67,75,42,23,25,25,67,92,64,52,52,53,43,23,19,13,6,F,2011
E01000827,Bromley 021B,883,43,54,27,36,35,54,53,61,58,58,61,50,67,49,45,42,44,23,23,F,2011
E01000830,Bromley 021C,763,31,35,55,62,34,23,21,31,58,85,63,47,64,47,29,35,20,16,7,F,2011
E01000831,Bromley 021D,844,31,44,31,45,24,41,47,42,48,75,54,61,60,53,35,36,52,31,34,F,2011
E01000833,Bromley 021E,747,24,52,66,66,38,9,18,42,64,85,66,48,58,27,25,17,25,14,3,F,2011
E01000650,Bromley 022A,1003,47,66,65,47,37,41,49,69,80,75,76,49,65,56,47,40,48,27,19,F,2011
E01000652,Bromley 022B,857,38,51,45,61,40,26,31,54,57,74,74,58,53,50,43,29,45,21,7,F,2011
E01000807,Bromley 022C,781,54,59,50,39,38,23,42,55,59,77,42,54,47,48,36,21,22,12,3,F,2011
E01000809,Bromley 022D,794,50,35,37,42,31,27,42,46,67,54,50,58,55,48,36,42,45,21,8,F,2011
E01000722,Bromley 023A,859,63,47,45,50,38,46,69,57,65,76,57,50,47,40,40,33,14,14,8,F,2011
E01000725,Bromley 023B,880,63,47,57,54,65,58,76,62,67,50,57,38,53,41,29,23,24,7,9,F,2011
E01000731,Bromley 023C,716,38,59,47,40,53,35,49,43,51,61,68,37,35,25,22,18,12,19,4,F,2011
E01000732,Bromley 023D,775,39,36,48,60,35,29,39,57,60,60,53,41,53,42,39,23,30,19,12,F,2011
E01000733,Bromley 023E,813,51,40,43,54,45,45,64,56,57,65,53,36,59,34,36,22,27,20,6,F,2011
E01000769,Bromley 024A,702,22,35,49,63,56,24,21,34,58,74,73,55,39,29,19,21,18,5,7,F,2011
E01000773,Bromley 024B,831,37,41,64,55,32,27,27,52,66,76,59,39,54,35,37,43,43,27,17,F,2011
E01000775,Bromley 024C,1183,56,80,113,84,62,34,49,86,100,132,79,64,62,45,33,49,34,12,9,F,2011
E01000777,Bromley 024D,810,40,53,71,53,45,30,33,39,68,110,67,44,40,33,22,24,22,10,6,F,2011
E01000778,Bromley 024E,853,47,52,77,52,52,30,34,46,78,94,73,40,49,30,36,29,13,15,6,F,2011
E01000808,Bromley 025A,836,74,47,44,42,25,19,44,75,57,62,53,47,50,62,50,31,32,19,3,F,2011
E01000810,Bromley 025B,784,57,36,36,41,27,24,30,60,62,57,46,65,55,48,49,33,36,15,7,F,2011
E01000811,Bromley 025C,691,50,34,25,32,41,38,47,62,53,55,39,39,42,40,24,19,24,21,6,F,2011
E01000813,Bromley 025D,838,52,32,48,42,27,32,47,43,62,57,53,62,62,58,45,42,35,21,18,F,2011
E01000815,Bromley 025E,799,47,45,42,52,48,24,25,43,72,71,51,57,66,51,36,33,21,12,3,F,2011
E01000661,Bromley 026A,852,55,67,53,54,52,52,56,80,59,79,42,40,35,41,28,23,17,8,11,F,2011
E01000662,Bromley 026B,896,52,45,56,67,50,39,53,54,72,90,76,45,50,21,32,36,32,19,7,F,2011
E01000663,Bromley 026C,872,64,54,58,32,44,33,58,56,61,69,45,54,51,43,31,47,33,24,15,F,2011
E01000664,Bromley 026D,831,28,57,69,57,51,31,31,58,84,87,63,41,33,46,19,26,22,14,14,F,2011
E01000763,Bromley 027A,749,36,53,47,53,31,19,37,40,59,76,62,52,58,38,31,22,19,7,9,F,2011
E01000764,Bromley 027B,860,38,47,60,65,35,35,32,52,78,78,53,48,57,45,28,35,34,28,12,F,2011
E01000766,Bromley 027C,874,40,62,55,54,36,22,34,53,83,76,66,49,68,45,52,31,20,18,10,F,2011
E01000767,Bromley 027D,833,39,61,61,38,46,20,38,53,76,76,59,60,58,41,27,23,21,21,15,F,2011
E01000834,Bromley 027E,690,34,30,59,73,28,16,28,38,67,73,53,44,41,33,27,21,11,10,4,F,2011
E01000727,Bromley 028A,814,45,40,38,42,36,42,50,49,64,61,58,50,52,45,36,34,39,22,11,F,2011
E01000734,Bromley 028B,705,51,49,48,39,50,35,48,41,62,65,36,40,32,33,25,26,8,9,8,F,2011
E01000790,Bromley 028C,1033,62,49,50,68,76,90,68,71,68,76,69,51,48,40,29,34,30,25,29,F,2011
E01000812,Bromley 028D,770,33,37,31,36,28,47,42,46,48,48,62,67,55,57,44,21,44,12,12,F,2011
E01000814,Bromley 028E,770,21,33,53,59,43,21,18,24,57,81,65,63,73,55,32,30,25,7,10,F,2011
E01000723,Bromley 029A,645,14,33,26,29,36,14,15,40,36,59,45,52,60,50,45,41,33,15,2,F,2011
E01000726,Bromley 029B,634,27,23,21,29,23,41,32,35,42,55,50,39,49,45,46,34,26,14,3,F,2011
E01000787,Bromley 029C,741,39,36,30,36,38,39,37,40,58,52,40,39,53,46,48,44,49,12,5,F,2011
E01000788,Bromley 029D,793,36,45,51,54,45,37,29,55,74,56,69,52,44,35,39,26,26,17,3,F,2011
E01000791,Bromley 029E,749,26,22,53,51,29,20,28,38,61,51,55,41,56,43,52,51,36,27,9,F,2011
E01000832,Bromley 030A,745,32,42,54,53,33,16,23,29,63,76,63,40,65,44,27,28,26,18,13,F,2011
E01000835,Bromley 030B,863,44,40,55,68,57,45,43,51,68,61,61,50,38,37,35,39,31,21,19,F,2011
E01000836,Bromley 030C,723,44,45,54,56,36,15,27,40,69,82,62,44,41,26,22,23,25,10,2,F,2011
E01000837,Bromley 030D,785,39,44,51,37,44,26,39,54,55,65,58,40,42,35,41,40,29,31,15,F,2011
E01000838,Bromley 030E,749,31,46,48,44,34,29,23,31,59,62,58,41,47,29,35,41,33,36,22,F,2011
E01000839,Bromley 030F,764,40,37,54,48,39,32,30,45,58,65,68,53,63,44,31,27,17,11,2,F,2011
E01000840,Bromley 030G,844,33,23,43,40,34,26,23,25,45,67,54,60,65,62,50,63,54,50,27,F,2011
E01000841,Bromley 030H,805,39,49,48,36,53,29,31,52,55,63,66,52,49,48,42,35,26,22,10,F,2011
E01000753,Bromley 031A,906,35,42,62,53,30,23,38,47,77,68,53,40,56,63,63,73,55,18,10,F,2011
E01000754,Bromley 031B,902,50,48,47,41,40,37,49,65,72,72,60,39,54,58,48,39,42,29,12,F,2011
E01000755,Bromley 031C,800,37,56,51,47,28,23,25,45,47,86,51,43,46,48,50,49,35,23,10,F,2011
E01000757,Bromley 031D,759,22,35,50,38,34,16,18,40,57,70,60,52,82,54,41,31,43,9,7,F,2011
E01000758,Bromley 031E,772,32,36,47,62,35,16,20,47,74,44,71,46,49,41,41,30,51,19,11,F,2011
E01000786,Bromley 032A,711,19,21,27,35,18,23,27,26,42,56,44,50,65,68,48,64,43,24,11,F,2011
E01000789,Bromley 032B,989,126,108,77,76,81,78,93,62,69,62,35,37,19,18,18,16,5,5,4,F,2011
E01000792,Bromley 032C,607,36,36,33,34,30,30,29,26,42,42,35,25,43,43,35,30,27,22,9,F,2011
E01000793,Bromley 032D,820,35,45,47,43,34,32,34,32,51,59,73,51,54,60,53,47,38,20,12,F,2011
E01000795,Bromley 032E,721,47,54,49,35,38,29,37,46,63,65,55,36,42,37,28,26,15,10,9,F,2011
E01000665,Bromley 033A,968,63,54,62,59,42,47,57,54,88,87,62,59,65,39,43,35,31,13,8,F,2011
E01000666,Bromley 033B,932,38,39,39,55,34,36,37,38,79,68,65,78,73,65,50,53,46,29,10,F,2011
E01000667,Bromley 033C,830,40,56,37,48,33,24,20,44,73,73,58,51,69,44,53,41,28,20,18,F,2011
E01000756,Bromley 033D,810,25,33,68,67,39,24,20,32,62,72,62,56,64,47,41,40,39,15,4,F,2011
E01000759,Bromley 034A,792,43,43,71,52,31,23,28,42,69,81,65,55,54,36,27,32,25,12,3,F,2011
E01000760,Bromley 034B,829,43,40,43,54,35,37,34,34,67,72,55,47,62,28,28,34,34,48,34,F,2011
E01000761,Bromley 034C,776,37,58,49,56,31,22,29,47,72,74,67,45,67,46,32,20,11,8,5,F,2011
E01000765,Bromley 034D,861,44,43,56,51,53,37,48,44,64,87,65,59,62,33,38,34,18,17,8,F,2011
E01000768,Bromley 034E,786,36,32,46,48,45,37,33,47,57,72,56,54,51,36,32,34,26,24,20,F,2011
E01000681,Bromley 035A,879,54,58,58,62,31,35,35,75,79,79,63,50,52,40,33,23,30,12,10,F,2011
E01000682,Bromley 035B,789,35,50,44,49,26,32,29,51,66,60,48,42,45,51,38,41,43,25,14,F,2011
E01000683,Bromley 035C,846,54,40,52,36,33,62,80,84,56,57,55,46,44,32,38,29,31,15,2,F,2011
E01000684,Bromley 035D,1030,69,70,63,78,38,34,73,79,89,86,74,58,62,58,33,32,23,9,2,F,2011
E01000794,Bromley 035E,809,37,40,43,32,37,29,28,45,55,62,57,58,72,63,53,41,27,25,5,F,2011
E01000749,Bromley 036A,799,36,50,48,39,26,23,23,50,54,72,63,43,68,61,52,43,24,17,7,F,2011
E01000750,Bromley 036B,844,26,39,46,65,40,45,43,48,61,72,62,68,58,37,55,29,28,18,4,F,2011
E01000751,Bromley 036C,1068,67,54,80,67,41,45,55,79,103,82,59,59,53,58,37,41,38,38,12,F,2011
E01000752,Bromley 036D,873,40,36,38,41,23,32,46,42,48,58,50,46,70,42,69,53,77,43,19,F,2011
E01000680,Bromley 037A,793,45,37,38,39,30,25,37,46,64,57,62,63,73,72,35,20,30,11,9,F,2011
E01000685,Bromley 037B,793,52,54,47,41,33,36,47,66,63,62,61,53,40,24,34,35,27,15,3,F,2011
E01000686,Bromley 037C,776,41,36,38,39,37,34,47,34,47,59,59,52,59,49,39,37,37,22,10,F,2011
E01000687,Bromley 037D,831,48,38,44,53,28,46,43,49,64,66,50,60,60,55,44,34,26,14,9,F,2011
E01000688,Bromley 037E,703,32,53,43,41,28,34,33,46,50,70,50,40,52,47,26,29,16,10,3,F,2011
E01000654,Bromley 039A,634,42,43,31,29,32,40,49,43,56,43,52,53,51,33,13,13,7,3,1,F,2011
E01000655,Bromley 039B,682,43,49,55,50,35,37,47,55,56,55,44,39,48,30,16,16,5,2,0,F,2011
E01000656,Bromley 039C,710,23,42,47,44,39,29,35,51,49,62,55,52,63,40,33,27,6,6,7,F,2011
E01000657,Bromley 039D,848,54,53,40,42,42,66,72,58,47,65,56,53,56,45,24,30,26,12,7,F,2011
E01000659,Bromley 039E,718,42,43,58,62,49,21,37,41,66,68,60,47,44,44,16,9,8,3,0,F,2011
E01000816,Bromley 040A,766,42,42,50,35,44,32,43,65,62,60,60,56,57,38,25,24,16,9,6,F,2011
E01000818,Bromley 040B,749,46,30,48,44,45,28,37,49,57,67,62,57,57,28,35,23,20,12,4,F,2011
E01000819,Bromley 040C,902,62,61,62,50,54,65,67,75,75,70,47,35,47,29,28,26,24,15,10,F,2011
E01032562,Bromley 040D,815,57,72,41,62,54,56,54,62,70,51,48,31,46,21,23,21,23,19,4,F,2011
E01032563,Bromley 040E,797,35,50,41,31,28,35,34,45,49,57,45,47,60,49,49,38,34,31,39,F,2011
E01000707,Bromley 041A,744,84,59,41,23,21,29,66,89,69,68,40,41,43,29,10,11,13,6,2,F,2011
E01000708,Bromley 041B,798,61,41,34,24,46,46,66,77,58,62,60,43,48,24,27,31,14,24,12,F,2011
E01000771,Bromley 041C,853,66,49,47,50,37,45,46,71,57,63,62,58,63,41,27,27,27,13,4,F,2011
E01000774,Bromley 041D,775,45,55,46,52,29,33,42,64,76,74,53,44,50,31,21,27,21,7,5,F,2011
E01032568,Bromley 041E,805,46,53,47,51,44,51,64,70,65,61,57,38,41,21,26,23,21,18,8,F,2011
E01000658,Bromley 042A,682,16,28,33,45,31,18,27,26,46,51,52,41,81,62,41,44,28,8,4,F,2011
E01000747,Bromley 042B,977,73,73,51,49,48,58,68,57,80,76,68,54,71,53,32,37,17,11,1,F,2011
E01000748,Bromley 042C,819,21,35,46,50,43,22,21,36,55,76,57,61,82,73,51,50,16,13,11,F,2011
E01032570,Bromley 042D,814,39,33,39,40,56,32,30,48,41,54,59,67,76,49,46,35,22,28,20,F,2011
E09000008,,187933,13848,11614,11298,11627,11915,14532,14806,13517,14128,14780,11872,9978,8879,6832,5689,4861,3798,2482,1477,F,2011
E01001137,Croydon 001A,883,65,47,34,33,50,88,104,75,56,67,58,42,28,29,31,27,19,21,9,F,2011
E01001138,Croydon 001B,798,64,48,51,31,30,80,87,98,73,55,40,36,35,14,17,17,7,9,6,F,2011
E01001156,Croydon 001C,884,78,48,49,51,43,56,67,77,66,67,60,32,29,28,26,27,26,24,30,F,2011
E01001162,Croydon 001D,971,88,51,58,55,58,85,84,99,91,69,44,51,40,33,25,18,14,6,2,F,2011
E01001164,Croydon 001E,940,73,38,46,27,57,117,151,102,76,69,56,37,34,23,13,9,3,8,1,F,2011
E01001084,Croydon 002A,906,46,59,46,48,50,53,47,53,58,73,60,69,58,46,38,39,31,16,16,F,2011
E01001157,Croydon 002B,870,55,46,54,57,64,67,46,43,64,85,72,62,39,38,23,33,12,9,1,F,2011
E01001159,Croydon 002C,910,67,34,48,42,54,76,73,75,68,70,64,54,56,38,32,20,22,12,5,F,2011
E01001160,Croydon 002D,978,59,46,58,79,86,76,42,49,48,91,77,68,56,39,46,24,18,14,2,F,2011
E01001163,Croydon 002E,1003,76,52,56,60,48,73,77,92,80,84,75,58,44,29,33,32,17,10,7,F,2011
E01001083,Croydon 003A,801,37,39,43,65,36,54,48,36,55,62,64,58,57,38,37,37,14,11,10,F,2011
E01001086,Croydon 003B,884,43,46,48,62,59,47,53,61,62,74,79,60,55,38,35,19,28,13,2,F,2011
E01001087,Croydon 003C,1117,94,59,39,78,95,144,99,77,47,80,69,57,44,27,34,37,26,8,3,F,2011
E01001161,Croydon 003D,997,64,66,75,96,88,65,49,57,94,90,58,42,33,38,40,19,11,5,7,F,2011
E01001085,Croydon 004A,818,49,51,40,42,63,74,55,56,59,45,52,48,40,31,29,27,29,15,13,F,2011
E01001088,Croydon 004B,896,62,72,55,61,59,61,68,60,58,86,63,59,35,34,25,17,13,6,2,F,2011
E01001089,Croydon 004C,1017,95,65,80,63,65,91,95,70,73,62,44,47,33,23,31,32,22,17,9,F,2011
E01001090,Croydon 004D,1225,109,86,61,58,91,134,124,112,83,86,58,52,39,26,34,30,22,13,7,F,2011
E01001091,Croydon 004E,783,33,49,49,37,46,50,59,41,59,75,56,49,48,41,39,22,17,6,7,F,2011
E01001147,Croydon 005A,860,85,67,68,61,49,65,81,54,78,86,45,22,29,18,25,8,9,9,1,F,2011
E01001148,Croydon 005B,848,60,47,50,69,53,49,56,70,84,93,62,36,30,22,18,20,16,7,6,F,2011
E01001151,Croydon 005C,846,74,63,49,69,45,66,66,59,68,72,44,46,29,28,21,29,9,5,4,F,2011
E01001152,Croydon 005D,864,87,71,56,55,57,79,69,70,70,72,58,41,20,13,18,18,6,2,2,F,2011
E01001158,Croydon 005E,802,72,46,43,38,36,78,71,79,54,70,52,47,39,26,18,21,5,6,1,F,2011
E01001146,Croydon 006A,882,70,61,74,48,50,57,70,53,72,78,85,50,37,26,24,14,7,5,1,F,2011
E01001149,Croydon 006B,821,60,68,59,51,52,38,79,64,82,65,60,38,35,22,17,15,11,3,2,F,2011
E01001150,Croydon 006C,869,69,70,59,73,50,31,62,53,82,83,71,52,39,27,16,11,9,10,2,F,2011
E01001153,Croydon 006D,856,64,62,55,67,54,53,59,61,83,62,64,39,43,27,19,18,12,7,7,F,2011
E01001154,Croydon 006E,1061,106,95,71,84,71,74,74,74,91,89,74,55,34,25,11,18,8,4,3,F,2011
E01001136,Croydon 007A,932,73,40,54,39,87,95,95,88,75,84,39,28,39,16,17,18,14,14,17,F,2011
E01001139,Croydon 007B,855,64,35,42,49,47,54,79,67,82,70,58,53,50,33,25,24,15,7,1,F,2011
E01001140,Croydon 007C,814,63,41,39,36,44,68,91,90,69,73,55,30,27,23,14,14,17,9,11,F,2011
E01001142,Croydon 007D,803,50,46,60,50,42,69,61,51,68,64,60,47,43,36,22,17,10,5,2,F,2011
E01001144,Croydon 007E,853,65,55,44,46,53,76,87,72,83,67,58,48,25,24,13,10,18,6,3,F,2011
E01001141,Croydon 008A,642,46,52,35,37,45,49,71,59,50,53,37,31,23,13,15,9,8,6,3,F,2011
E01001143,Croydon 008B,1044,93,53,57,64,80,86,90,80,77,92,57,54,47,26,26,31,16,5,10,F,2011
E01001145,Croydon 008C,861,86,66,52,35,96,99,85,78,50,54,43,37,15,19,15,14,4,9,4,F,2011
E01001191,Croydon 008D,860,72,49,52,45,67,80,88,80,77,63,47,44,26,24,14,18,8,6,0,F,2011
E01001192,Croydon 008E,901,104,67,32,43,67,88,81,77,80,67,49,41,22,18,24,14,18,4,5,F,2011
E01000994,Croydon 009A,808,64,49,50,62,57,55,57,61,57,60,66,46,38,26,18,14,15,8,5,F,2011
E01000995,Croydon 009B,811,72,61,49,57,42,67,73,58,43,48,56,41,23,21,38,32,16,9,5,F,2011
E01000996,Croydon 009C,644,47,36,38,53,53,39,30,27,46,56,60,47,42,15,18,16,11,7,3,F,2011
E01000997,Croydon 009D,730,52,47,46,56,52,42,44,53,52,60,51,49,29,28,27,17,14,7,4,F,2011
E01000999,Croydon 009E,673,59,26,40,47,55,45,50,29,51,51,47,40,42,26,22,20,15,5,3,F,2011
E01001002,Croydon 009F,686,55,51,35,49,34,43,60,48,58,67,44,34,33,20,19,16,11,6,3,F,2011
E01000998,Croydon 010A,766,67,42,31,49,69,62,72,49,62,70,46,35,33,20,24,14,10,8,3,F,2011
E01001000,Croydon 010B,636,62,42,37,31,47,62,53,40,33,55,55,30,19,21,25,11,7,6,0,F,2011
E01001003,Croydon 010C,810,67,52,62,47,46,65,75,76,64,53,50,47,33,30,13,13,9,5,3,F,2011
E01001111,Croydon 010D,846,66,49,59,70,47,55,72,63,77,92,57,41,28,19,23,13,10,3,2,F,2011
E01001155,Croydon 010E,847,65,58,45,68,48,65,67,66,60,54,47,34,50,29,33,24,12,14,8,F,2011
E01001174,Croydon 011A,866,56,57,75,65,68,60,37,55,61,68,52,53,40,47,28,24,14,5,1,F,2011
E01001175,Croydon 011B,790,69,39,50,54,80,52,74,47,59,66,44,33,24,24,22,26,14,10,3,F,2011
E01001176,Croydon 011C,993,99,68,77,66,74,93,101,67,84,63,41,48,28,30,28,15,6,3,2,F,2011
E01001182,Croydon 011D,712,48,42,60,37,46,52,43,46,66,60,47,33,41,25,19,26,17,2,2,F,2011
E01001183,Croydon 011E,815,76,54,43,47,74,75,67,55,50,60,40,48,46,20,26,19,9,6,0,F,2011
E01001184,Croydon 011F,729,40,44,47,73,50,46,40,47,42,63,62,40,37,36,23,21,13,4,1,F,2011
E01001001,Croydon 013A,624,60,42,50,31,30,51,52,44,43,48,48,32,21,23,15,14,15,3,2,F,2011
E01001109,Croydon 013B,1035,86,76,49,59,63,84,83,76,74,73,55,46,34,28,38,40,26,26,19,F,2011
E01001112,Croydon 013C,920,66,54,53,58,74,81,86,74,81,67,52,49,25,21,23,21,16,11,8,F,2011
E01001113,Croydon 013D,960,121,76,63,57,51,94,83,74,79,71,50,47,29,31,7,10,13,4,0,F,2011
E01001114,Croydon 013E,714,66,60,49,45,51,83,66,70,54,46,35,26,17,12,7,16,6,3,2,F,2011
E01001116,Croydon 013F,675,61,41,38,51,51,59,48,58,60,52,47,32,26,14,15,13,6,2,1,F,2011
E01000992,Croydon 014A,997,79,83,92,90,47,56,58,84,100,90,66,41,30,25,20,17,7,8,4,F,2011
E01001185,Croydon 014B,840,71,54,37,46,77,77,82,67,64,57,60,40,34,17,19,19,14,5,0,F,2011
E01001186,Croydon 014C,886,75,66,31,37,65,63,78,79,74,67,68,39,38,22,30,18,16,10,10,F,2011
E01001188,Croydon 014D,981,104,67,67,62,58,77,98,80,61,106,59,37,26,26,20,13,12,3,5,F,2011
E01001193,Croydon 014E,1001,57,77,114,127,58,52,62,72,99,107,65,40,22,20,12,9,4,2,2,F,2011
E01001004,Croydon 015A,1163,109,82,93,81,89,121,115,97,88,107,51,43,23,16,16,14,7,7,4,F,2011
E01001115,Croydon 015B,842,77,62,55,43,46,61,59,73,59,66,55,35,43,32,23,23,19,9,2,F,2011
E01001117,Croydon 015C,1420,160,88,68,69,119,176,180,120,86,97,44,51,38,32,20,19,22,18,13,F,2011
E01001178,Croydon 015D,685,74,50,41,58,61,59,59,43,49,59,38,33,8,17,12,14,6,4,0,F,2011
E01001181,Croydon 015E,990,126,54,58,78,92,112,73,103,76,48,39,41,24,17,12,15,5,11,6,F,2011
E01001006,Croydon 016A,824,90,74,56,42,50,72,105,70,76,58,40,28,26,11,9,6,4,3,4,F,2011
E01001007,Croydon 016B,1004,80,73,87,82,77,59,71,66,90,83,56,45,42,25,19,17,21,4,7,F,2011
E01001177,Croydon 016C,827,53,66,66,67,61,61,56,70,70,77,54,37,19,13,18,14,14,9,2,F,2011
E01001179,Croydon 016D,788,73,63,44,49,42,55,75,52,57,58,54,40,31,34,19,19,10,8,5,F,2011
E01001180,Croydon 016E,892,102,68,71,44,52,72,78,93,55,82,49,36,20,33,14,11,9,2,1,F,2011
E01000980,Croydon 017A,758,62,47,49,58,47,46,66,66,74,62,55,35,23,18,22,6,12,8,2,F,2011
E01000981,Croydon 017B,875,71,54,57,56,50,50,69,86,85,81,59,40,35,22,19,11,18,10,2,F,2011
E01000982,Croydon 017C,808,57,43,50,47,44,87,90,75,75,58,43,38,39,20,11,13,8,8,2,F,2011
E01000983,Croydon 017D,863,57,52,47,59,51,59,66,77,82,72,59,43,45,25,28,17,15,5,4,F,2011
E01001187,Croydon 017E,1038,84,96,55,74,58,87,99,89,78,91,61,59,26,24,25,16,11,3,2,F,2011
E01000989,Croydon 018A,907,50,73,57,61,53,48,55,56,67,91,63,64,49,32,36,27,11,6,8,F,2011
E01000991,Croydon 018B,820,33,31,41,44,40,29,27,37,65,90,53,60,67,53,47,43,42,14,4,F,2011
E01001131,Croydon 018C,841,51,42,40,55,44,60,63,51,57,62,47,51,49,54,34,33,23,16,9,F,2011
E01001132,Croydon 018D,741,21,30,33,44,39,32,24,26,28,70,69,58,53,63,48,40,32,23,8,F,2011
E01001134,Croydon 018E,843,41,33,51,52,52,52,60,46,62,70,65,65,55,34,33,31,20,10,11,F,2011
E01001005,Croydon 019A,842,98,67,54,51,38,80,91,70,74,54,47,35,31,18,16,10,5,3,0,F,2011
E01001008,Croydon 019B,852,60,69,71,61,59,51,63,63,72,66,69,40,25,18,19,19,14,9,4,F,2011
E01001009,Croydon 019C,939,91,86,73,65,59,84,82,87,77,71,38,27,21,21,18,15,12,7,5,F,2011
E01001010,Croydon 019D,806,54,67,63,61,47,62,65,60,51,59,62,41,34,18,24,11,17,7,3,F,2011
E01001011,Croydon 019E,908,90,57,45,56,66,101,78,92,90,70,47,30,19,30,19,11,4,1,2,F,2011
E01001012,Croydon 020A,965,105,69,57,63,91,92,99,75,75,65,41,27,23,23,27,23,4,5,1,F,2011
E01001013,Croydon 020B,1020,90,71,70,75,71,84,87,62,77,84,62,41,31,33,26,25,12,11,8,F,2011
E01001048,Croydon 020C,967,126,58,27,47,70,142,151,83,63,39,36,32,20,20,12,9,10,15,7,F,2011
E01001110,Croydon 020D,889,83,61,40,70,72,111,91,81,64,82,42,33,18,13,10,13,5,0,0,F,2011
E01001118,Croydon 020E,988,87,65,72,61,71,79,90,74,63,77,49,46,44,27,27,23,22,8,3,F,2011
E01000985,Croydon 021A,721,25,37,46,60,40,41,23,31,55,61,73,55,56,33,31,19,15,15,5,F,2011
E01000986,Croydon 021B,886,47,56,52,43,55,66,66,51,57,63,61,64,61,26,29,28,40,19,2,F,2011
E01000987,Croydon 021C,711,29,31,51,52,38,35,25,41,49,82,62,47,48,29,34,25,17,12,4,F,2011
E01000993,Croydon 021D,807,52,40,41,51,40,52,56,56,76,89,59,47,35,24,30,19,19,15,6,F,2011
E01000975,Croydon 022A,797,58,42,32,33,53,122,104,63,52,46,52,39,35,20,20,11,10,3,2,F,2011
E01000976,Croydon 022B,901,89,40,44,41,65,90,120,89,70,50,34,41,34,34,22,19,10,5,4,F,2011
E01000977,Croydon 022C,831,56,21,28,19,49,106,115,69,57,56,40,32,29,31,29,27,22,34,11,F,2011
E01000978,Croydon 022D,857,76,34,18,33,60,136,130,66,50,42,39,41,34,22,16,27,12,16,5,F,2011
E01000979,Croydon 022E,815,74,39,31,14,44,137,101,90,46,50,41,30,28,29,25,11,12,8,5,F,2011
E01000984,Croydon 022F,929,53,46,53,44,49,90,91,92,67,68,52,40,36,31,24,23,33,22,15,F,2011
E01001044,Croydon 023A,949,77,48,35,36,37,94,100,65,51,61,43,53,54,36,37,36,32,30,24,F,2011
E01001046,Croydon 023B,862,78,49,30,21,44,106,128,82,42,43,29,45,34,37,30,26,16,18,4,F,2011
E01001049,Croydon 023C,721,39,25,38,55,38,42,32,33,53,48,47,62,58,43,37,35,26,7,3,F,2011
E01001050,Croydon 023D,873,64,49,26,16,28,99,97,75,41,25,34,33,40,33,44,48,50,29,42,F,2011
E01001014,Croydon 024A,1385,175,107,67,54,124,192,183,98,93,67,56,41,36,28,23,16,17,8,0,F,2011
E01001042,Croydon 024B,946,88,59,44,40,80,139,122,73,67,69,45,34,37,17,15,6,6,4,1,F,2011
E01001165,Croydon 024C,852,58,52,59,49,56,63,80,79,61,71,65,45,29,28,17,18,12,7,3,F,2011
E01001166,Croydon 024D,913,89,70,44,39,89,99,95,76,66,63,37,22,39,23,14,18,14,8,8,F,2011
E01001168,Croydon 024E,877,70,39,47,45,69,88,89,65,58,75,50,41,36,35,21,16,15,12,6,F,2011
E01001127,Croydon 025A,823,41,36,51,53,64,40,28,35,60,66,80,67,65,45,31,16,27,9,9,F,2011
E01001128,Croydon 025B,897,69,78,78,66,60,69,71,61,56,88,51,40,25,24,29,13,12,5,2,F,2011
E01001130,Croydon 025C,995,125,107,91,67,95,67,68,86,101,49,44,29,16,12,8,19,5,4,2,F,2011
E01001135,Croydon 025D,841,32,42,48,56,55,37,28,49,57,81,63,57,60,55,38,34,24,17,8,F,2011
E01001062,Croydon 026A,794,19,24,56,49,54,33,37,26,51,68,66,56,63,49,43,35,24,15,26,F,2011
E01001063,Croydon 026B,809,45,44,42,43,59,47,40,46,60,61,69,68,52,42,26,14,19,23,9,F,2011
E01001064,Croydon 026C,810,28,36,45,59,35,37,22,42,60,75,60,54,76,52,51,38,21,15,4,F,2011
E01001129,Croydon 026D,765,31,36,46,71,51,32,25,27,59,65,79,58,46,56,25,21,11,17,9,F,2011
E01001133,Croydon 026E,847,20,34,39,50,39,24,26,22,55,70,47,57,58,64,55,55,60,49,23,F,2011
E01001035,Croydon 027A,873,57,38,30,40,83,130,121,83,47,41,32,31,26,20,19,19,24,19,13,F,2011
E01001043,Croydon 027B,1242,128,60,31,56,127,239,197,97,73,60,51,37,34,18,10,9,6,6,3,F,2011
E01001045,Croydon 027C,860,66,33,19,22,68,163,104,68,51,36,34,23,48,31,17,18,25,16,18,F,2011
E01001047,Croydon 027D,813,60,30,26,30,53,94,131,69,74,45,42,29,26,25,24,9,19,14,13,F,2011
E01001170,Croydon 027E,1066,84,60,42,27,98,129,122,91,59,57,34,43,36,30,23,30,36,36,29,F,2011
E01001167,Croydon 028A,1139,74,87,77,54,79,86,106,94,98,90,67,49,54,34,31,19,27,11,2,F,2011
E01001169,Croydon 028B,914,70,62,81,64,54,55,71,56,84,66,54,42,43,25,25,32,18,9,3,F,2011
E01001171,Croydon 028C,896,66,54,43,57,73,86,71,64,33,65,43,33,28,33,32,29,18,33,35,F,2011
E01001172,Croydon 028D,912,54,79,70,86,42,55,59,83,83,81,52,43,46,22,21,13,15,3,5,F,2011
E01001173,Croydon 028E,1321,110,75,74,79,92,132,132,102,106,86,78,38,59,48,37,26,27,15,5,F,2011
E01001036,Croydon 029A,775,29,41,36,42,30,58,56,47,53,52,51,51,56,40,33,40,28,16,16,F,2011
E01001037,Croydon 029B,750,80,32,42,32,58,93,94,69,66,35,34,33,19,19,16,7,11,7,3,F,2011
E01001038,Croydon 029C,878,71,28,21,32,80,115,144,93,61,57,32,39,32,20,24,8,15,5,1,F,2011
E01001039,Croydon 029D,743,51,42,34,40,31,35,50,47,55,63,62,59,40,32,38,26,24,9,5,F,2011
E01001040,Croydon 029E,850,76,58,47,28,53,105,123,81,57,43,43,28,42,17,15,12,14,5,3,F,2011
E01001051,Croydon 030A,859,77,85,72,71,62,57,44,52,68,54,24,39,33,37,31,25,16,7,5,F,2011
E01001052,Croydon 030B,812,73,99,66,78,49,44,56,67,62,55,40,23,22,29,20,20,6,3,0,F,2011
E01001054,Croydon 030C,924,82,74,65,74,60,44,58,50,85,75,61,34,26,49,33,31,17,6,0,F,2011
E01001056,Croydon 030D,1034,131,117,86,85,72,88,73,77,91,61,46,20,18,14,23,10,15,7,0,F,2011
E01001057,Croydon 030E,1043,142,114,69,85,115,105,82,71,77,64,37,27,14,15,12,6,5,3,0,F,2011
E01001033,Croydon 031A,818,70,49,36,35,49,66,98,71,48,50,51,42,34,32,23,24,20,12,8,F,2011
E01001034,Croydon 031B,759,60,36,39,28,43,98,82,63,46,72,36,53,34,27,7,15,8,4,8,F,2011
E01001041,Croydon 031C,821,77,50,39,31,76,106,92,77,50,70,39,21,28,22,19,8,7,6,3,F,2011
E01001095,Croydon 031D,750,72,49,21,36,64,69,78,66,54,72,34,37,23,32,11,11,11,7,3,F,2011
E01001100,Croydon 031E,745,44,50,36,25,29,58,64,61,67,39,50,44,49,42,36,23,14,9,5,F,2011
E01001053,Croydon 032A,795,59,56,72,49,52,43,44,58,70,56,61,40,44,29,19,22,12,3,6,F,2011
E01001055,Croydon 032B,838,42,56,61,80,45,47,37,50,61,69,67,47,39,27,34,38,21,14,3,F,2011
E01001077,Croydon 032C,735,37,49,55,48,43,47,41,36,56,52,70,43,53,44,19,20,13,7,2,F,2011
E01001078,Croydon 032D,746,51,56,63,55,52,42,55,43,66,61,54,31,31,20,24,20,9,9,4,F,2011
E01001082,Croydon 032E,878,55,54,97,62,69,54,59,56,66,79,54,44,35,21,27,22,14,7,3,F,2011
E01001120,Croydon 033A,625,30,22,37,39,34,32,33,32,64,69,40,55,30,26,30,19,19,10,4,F,2011
E01001122,Croydon 033B,761,40,28,45,102,37,32,28,41,48,58,73,56,60,34,33,17,17,10,2,F,2011
E01001123,Croydon 033C,773,29,37,46,39,45,26,24,37,60,74,60,54,52,47,43,35,33,21,11,F,2011
E01001124,Croydon 033D,810,25,37,38,48,38,32,18,31,45,70,68,81,67,57,40,40,36,24,15,F,2011
E01001125,Croydon 033E,834,40,38,41,48,68,62,32,47,43,74,69,62,59,45,35,30,18,17,6,F,2011
E01001058,Croydon 034A,744,54,43,53,50,35,35,57,48,46,47,52,58,50,39,19,29,12,12,5,F,2011
E01001059,Croydon 034B,730,46,34,37,36,58,73,63,33,46,65,40,41,61,33,21,17,12,10,4,F,2011
E01001060,Croydon 034C,814,45,50,51,32,50,52,72,65,62,61,59,54,45,39,20,27,16,11,3,F,2011
E01001061,Croydon 034D,806,58,47,65,47,65,67,60,52,59,65,39,42,38,29,25,22,13,8,5,F,2011
E01001065,Croydon 034E,682,31,25,28,25,38,46,55,46,38,50,41,57,43,44,21,28,34,22,10,F,2011
E01001066,Croydon 034F,774,69,59,62,59,55,46,43,45,73,53,48,29,34,29,28,13,11,9,9,F,2011
E01001119,Croydon 034G,762,39,41,34,46,42,38,44,42,54,64,56,64,77,49,21,22,12,13,4,F,2011
E01001126,Croydon 034H,736,37,33,42,42,36,44,34,40,56,66,43,50,61,48,35,29,21,14,5,F,2011
E01001032,Croydon 035A,709,29,38,46,34,26,29,29,31,48,57,43,57,51,51,36,46,29,17,12,F,2011
E01001101,Croydon 035B,739,33,39,49,65,42,23,20,36,56,78,69,43,57,39,29,23,11,21,6,F,2011
E01001102,Croydon 035C,776,37,32,34,63,30,28,27,37,47,49,55,55,54,46,38,36,52,37,19,F,2011
E01001107,Croydon 035D,803,45,37,39,44,25,55,41,50,55,53,67,53,82,45,37,28,27,5,15,F,2011
E01001108,Croydon 035E,883,42,44,51,57,41,25,29,59,64,76,64,74,69,56,48,35,23,19,7,F,2011
E01001076,Croydon 036A,853,77,69,58,61,45,61,68,57,52,77,43,39,36,32,29,22,18,7,2,F,2011
E01001079,Croydon 036B,895,75,54,61,67,75,54,55,55,69,67,51,41,46,22,32,14,31,19,7,F,2011
E01001080,Croydon 036C,904,73,64,63,72,62,60,58,61,73,55,39,34,25,27,29,26,36,24,23,F,2011
E01001081,Croydon 036D,735,57,54,52,62,40,41,42,45,57,63,44,34,32,27,26,22,18,15,4,F,2011
E01001073,Croydon 037A,730,44,31,32,48,51,54,54,57,51,70,46,44,49,26,29,11,19,8,6,F,2011
E01001092,Croydon 037B,921,40,45,57,46,43,54,46,27,72,68,70,56,49,42,43,36,40,40,47,F,2011
E01001093,Croydon 037C,886,54,53,53,38,68,69,76,72,58,70,56,51,39,32,24,25,25,16,7,F,2011
E01001096,Croydon 037D,766,35,50,47,57,29,43,29,36,59,76,62,63,53,48,27,23,16,10,3,F,2011
E01001097,Croydon 037E,1084,68,46,36,49,66,147,133,94,60,64,47,32,40,31,43,28,41,35,24,F,2011
E01001098,Croydon 037F,749,41,38,51,56,28,28,28,59,53,75,55,53,51,51,22,15,18,13,14,F,2011
E01001028,Croydon 038A,837,35,40,53,54,50,47,23,39,46,86,54,72,55,47,47,30,24,16,19,F,2011
E01001029,Croydon 038B,809,33,34,43,54,54,46,37,44,58,64,73,59,51,38,35,35,22,18,11,F,2011
E01001030,Croydon 038C,713,40,40,49,65,28,31,29,48,56,66,61,49,46,26,27,24,16,8,4,F,2011
E01001031,Croydon 038D,732,27,38,63,63,40,30,18,42,54,75,67,67,49,35,20,25,12,3,4,F,2011
E01001094,Croydon 038E,803,31,36,61,50,33,32,28,29,57,72,69,75,49,57,39,34,13,27,11,F,2011
E01001103,Croydon 039A,871,41,54,55,64,33,32,34,40,73,70,57,45,50,49,50,48,43,22,11,F,2011
E01001105,Croydon 039B,890,48,55,78,63,42,31,56,59,76,83,60,48,55,35,27,36,20,15,3,F,2011
E01001106,Croydon 039C,763,42,56,46,47,45,32,52,53,54,78,54,42,45,24,30,30,22,7,4,F,2011
E01001121,Croydon 039D,696,22,21,28,36,40,40,31,23,41,41,54,85,79,46,44,23,25,15,2,F,2011
E01001069,Croydon 040A,710,54,40,38,28,23,49,36,64,57,49,47,54,35,30,26,23,15,19,23,F,2011
E01001070,Croydon 040B,882,45,55,52,61,40,33,66,61,84,57,59,49,49,38,27,51,25,13,17,F,2011
E01001075,Croydon 040C,809,60,54,47,29,41,65,74,66,71,53,49,41,26,31,25,20,24,20,13,F,2011
E01001099,Croydon 040D,779,74,41,48,51,41,68,77,62,62,57,46,47,36,24,16,13,7,4,5,F,2011
E01001015,Croydon 041A,760,43,46,62,47,49,42,43,39,75,55,56,54,61,33,15,14,12,8,6,F,2011
E01001016,Croydon 041B,874,49,54,52,55,36,32,52,56,61,75,66,45,70,50,38,42,28,12,1,F,2011
E01001023,Croydon 041C,675,37,44,29,33,41,41,57,48,46,48,41,35,43,26,21,26,19,23,17,F,2011
E01001067,Croydon 041D,810,45,52,51,46,33,33,36,48,56,84,71,51,70,33,34,27,26,9,5,F,2011
E01001074,Croydon 041E,1020,74,68,59,48,85,97,87,74,66,72,78,37,54,44,27,15,13,19,3,F,2011
E01001068,Croydon 042A,999,64,63,65,69,45,78,61,73,97,86,72,41,44,43,31,26,24,14,3,F,2011
E01001071,Croydon 042B,988,56,84,72,66,38,43,58,86,80,98,71,63,58,37,27,22,13,13,3,F,2011
E01001072,Croydon 042C,771,28,38,47,43,34,21,19,48,48,48,66,69,62,54,39,35,26,28,18,F,2011
E01001104,Croydon 042D,865,48,38,73,59,32,35,44,56,69,93,70,62,60,39,32,24,20,6,5,F,2011
E01001017,Croydon 043A,808,41,42,35,33,29,24,65,52,61,73,53,56,83,54,40,23,25,13,6,F,2011
E01001024,Croydon 043B,737,49,47,52,51,36,42,42,42,69,68,43,48,48,37,30,12,7,9,5,F,2011
E01001025,Croydon 043C,674,36,39,56,53,32,28,22,44,58,59,50,38,42,35,33,28,8,8,5,F,2011
E01001026,Croydon 043D,915,45,70,62,64,37,55,50,63,70,91,66,58,43,41,31,27,23,15,4,F,2011
E01001027,Croydon 043E,791,47,53,55,55,49,43,38,53,66,80,57,42,57,31,22,24,12,4,3,F,2011
E01001018,Croydon 044A,814,55,38,55,39,30,36,33,54,65,67,60,65,57,47,30,31,27,16,9,F,2011
E01001019,Croydon 044B,760,30,42,40,49,35,34,30,37,51,59,62,62,55,49,33,37,29,12,14,F,2011
E01001020,Croydon 044C,879,45,49,52,44,41,40,45,44,69,73,59,65,72,50,25,34,37,22,13,F,2011
E01001021,Croydon 044D,728,48,44,42,46,40,44,35,38,43,50,43,31,48,30,31,26,28,34,27,F,2011
E01001022,Croydon 044E,728,28,31,37,38,27,20,30,26,55,57,60,53,49,43,50,54,38,23,9,F,2011
E01000990,Croydon 045A,767,43,69,61,62,52,34,55,50,56,74,47,25,31,40,24,22,13,6,3,F,2011
E01001189,Croydon 045B,654,41,45,33,48,43,45,45,51,52,61,52,46,31,19,12,12,12,4,2,F,2011
E01001190,Croydon 045C,891,77,51,66,69,52,48,65,78,68,97,59,58,34,17,21,9,12,5,5,F,2011
E01001194,Croydon 045D,830,63,70,52,56,36,50,70,86,80,67,67,43,23,25,13,17,6,3,3,F,2011
E01032569,Croydon 045E,959,71,71,70,96,65,65,78,56,89,96,59,43,33,18,12,13,15,7,2,F,2011
E09000009,,169470,12493,10100,9208,9027,11871,16918,16294,13982,12420,11547,9714,8586,7156,5591,4630,4039,2828,1913,1153,F,2011
E01001269,Ealing 001A,969,76,60,61,49,47,100,105,87,68,56,58,56,44,35,22,19,13,9,4,F,2011
E01001271,Ealing 001B,864,58,65,44,49,57,68,73,75,59,68,70,35,33,40,31,19,8,10,2,F,2011
E01001309,Ealing 001C,892,67,57,60,43,48,70,74,81,64,60,66,44,44,35,26,21,13,9,10,F,2011
E01001310,Ealing 001D,880,80,55,40,53,51,78,77,85,70,77,43,43,38,29,22,18,8,9,4,F,2011
E01001311,Ealing 001E,1045,79,71,81,70,76,88,98,75,78,68,52,62,42,38,27,26,10,3,1,F,2011
E01001307,Ealing 002A,866,63,48,41,37,66,76,77,55,61,56,65,60,43,36,22,26,16,14,4,F,2011
E01001308,Ealing 002B,1040,52,51,54,53,88,93,90,63,69,59,75,60,52,46,40,40,25,17,13,F,2011
E01001312,Ealing 002C,927,74,56,51,45,78,82,91,54,53,66,54,58,36,33,28,32,20,15,1,F,2011
E01001313,Ealing 002D,843,65,55,41,56,58,84,80,57,42,55,55,49,46,25,26,24,11,12,2,F,2011
E01001314,Ealing 002E,778,51,48,45,44,51,77,65,61,55,42,57,29,45,39,23,15,16,10,5,F,2011
E01001315,Ealing 003A,753,57,57,43,44,42,49,79,72,54,69,40,45,32,25,23,9,7,4,2,F,2011
E01001316,Ealing 003B,825,73,69,45,44,50,75,81,76,58,52,60,38,24,22,14,16,19,5,4,F,2011
E01001317,Ealing 003C,961,79,73,48,61,57,84,88,77,81,58,54,52,38,26,23,18,21,16,7,F,2011
E01001318,Ealing 003D,909,73,78,59,49,50,80,90,72,81,54,50,33,26,24,21,25,21,16,7,F,2011
E01001320,Ealing 003E,853,67,85,82,64,50,55,71,75,75,64,40,34,33,22,13,11,2,6,4,F,2011
E01001321,Ealing 003F,1010,78,69,55,52,49,90,85,79,85,59,58,49,54,36,38,27,20,13,14,F,2011
E01001270,Ealing 004A,845,65,54,41,46,67,55,79,61,63,60,61,44,36,32,31,26,12,9,3,F,2011
E01001319,Ealing 004B,782,60,51,55,65,49,55,62,63,50,58,44,39,31,29,25,29,13,3,1,F,2011
E01001322,Ealing 004C,853,75,48,42,64,56,78,78,76,59,64,47,40,39,29,20,19,8,6,5,F,2011
E01001323,Ealing 004D,879,83,47,35,49,63,86,74,67,68,52,49,38,42,32,22,32,22,10,8,F,2011
E01001341,Ealing 005A,804,62,51,48,36,61,84,71,59,58,51,52,52,35,22,22,23,10,5,2,F,2011
E01001342,Ealing 005B,907,81,65,49,52,76,95,92,68,61,65,45,45,29,33,15,16,9,8,3,F,2011
E01001343,Ealing 005C,738,43,36,46,34,55,77,58,48,52,46,57,57,37,29,21,19,13,8,2,F,2011
E01001345,Ealing 005D,789,49,62,60,49,54,65,59,58,53,60,50,35,33,27,30,21,9,10,5,F,2011
E01001265,Ealing 006A,856,83,62,35,34,62,92,117,56,59,68,35,36,34,35,14,19,8,7,0,F,2011
E01001266,Ealing 006B,887,63,45,41,55,68,77,75,65,57,62,51,62,44,36,33,26,19,6,2,F,2011
E01001267,Ealing 006C,1014,90,56,56,33,64,102,85,74,71,66,53,55,46,43,40,37,25,9,9,F,2011
E01001272,Ealing 006D,801,68,47,34,38,56,75,97,50,51,56,41,44,31,24,27,23,20,14,5,F,2011
E01001349,Ealing 006E,686,50,34,37,40,56,55,53,44,47,70,52,35,27,24,22,20,14,4,2,F,2011
E01001344,Ealing 007A,1076,101,53,35,39,61,145,131,103,68,51,48,56,63,34,29,21,16,14,8,F,2011
E01001346,Ealing 007B,943,83,53,70,62,50,81,74,66,69,73,36,51,58,33,30,29,13,6,6,F,2011
E01001347,Ealing 007C,731,46,44,38,36,36,98,71,57,36,51,45,34,37,39,15,22,12,7,7,F,2011
E01001348,Ealing 007D,759,70,32,33,27,37,78,88,61,69,44,41,41,45,31,21,19,8,10,4,F,2011
E01001257,Ealing 008A,936,96,86,65,69,57,78,59,85,66,65,49,53,31,22,17,15,7,9,7,F,2011
E01001324,Ealing 008B,780,89,48,44,36,62,78,96,66,56,61,30,30,26,10,17,15,11,3,2,F,2011
E01001326,Ealing 008C,925,76,82,59,64,68,66,68,69,73,65,62,39,24,22,16,35,13,14,10,F,2011
E01001330,Ealing 008D,796,65,55,52,48,67,71,63,74,63,50,51,26,28,23,19,17,15,7,2,F,2011
E01001332,Ealing 008E,805,65,53,55,50,66,73,82,65,61,53,46,48,27,24,13,10,8,5,1,F,2011
E01001325,Ealing 009A,899,70,55,68,81,56,61,61,52,73,63,67,47,34,30,24,19,19,10,9,F,2011
E01001327,Ealing 009B,897,57,60,65,64,70,75,72,50,62,64,59,51,40,23,20,14,28,18,5,F,2011
E01001328,Ealing 009C,885,71,84,66,40,60,80,75,69,61,70,50,36,36,18,30,17,11,7,4,F,2011
E01001329,Ealing 009D,909,70,59,72,64,52,63,87,66,61,70,42,45,42,29,18,21,19,20,9,F,2011
E01001331,Ealing 009E,861,103,63,70,53,58,68,93,70,55,74,40,37,19,18,13,13,7,7,0,F,2011
E01001258,Ealing 010B,866,76,40,45,48,52,79,81,58,65,58,53,51,40,31,24,29,19,14,3,F,2011
E01001262,Ealing 010C,840,67,54,50,60,40,70,49,66,74,47,45,41,42,28,29,15,23,24,16,F,2011
E01001263,Ealing 010D,838,75,63,36,44,60,76,74,52,58,60,48,67,46,26,20,19,9,2,3,F,2011
E01001264,Ealing 010E,864,75,53,62,45,53,59,75,67,76,62,49,37,40,20,26,26,24,11,4,F,2011
E01032743,Ealing 010F,1159,154,119,69,62,75,156,171,140,69,52,36,17,11,13,13,1,1,0,0,F,2011
E01032744,Ealing 010G,795,77,49,46,36,37,88,64,70,47,37,30,29,28,17,21,26,28,28,37,F,2011
E01001276,Ealing 011A,893,77,48,54,53,80,100,94,67,66,42,45,45,30,32,25,19,10,5,1,F,2011
E01001277,Ealing 011B,904,62,56,32,35,91,140,101,64,53,41,44,44,38,26,24,18,14,13,8,F,2011
E01001278,Ealing 011C,1009,79,58,41,36,91,116,118,77,75,55,46,47,38,31,29,27,21,17,7,F,2011
E01001280,Ealing 011D,887,70,37,25,30,61,104,115,76,79,42,47,39,37,39,25,22,19,12,8,F,2011
E01001218,Ealing 012A,992,75,72,64,64,67,90,87,69,58,70,57,48,42,33,33,26,19,14,4,F,2011
E01001260,Ealing 012B,959,65,42,56,62,59,87,91,68,65,58,60,38,50,39,38,32,19,22,8,F,2011
E01001261,Ealing 012C,1057,80,55,53,64,94,115,96,81,89,79,60,40,33,30,29,30,19,6,4,F,2011
E01001268,Ealing 012D,882,75,50,50,50,48,63,69,68,70,65,48,39,41,43,28,32,21,15,7,F,2011
E01001209,Ealing 013A,879,68,86,44,39,37,48,56,79,87,60,57,71,40,26,31,22,13,11,4,F,2011
E01001211,Ealing 013B,893,63,41,43,38,39,94,83,65,65,73,51,48,52,30,33,27,22,11,15,F,2011
E01001279,Ealing 013C,760,34,58,45,36,42,34,37,47,57,58,46,72,63,41,32,16,17,21,4,F,2011
E01001281,Ealing 013D,852,69,56,44,25,27,63,60,72,69,54,52,48,40,43,27,35,24,28,16,F,2011
E01001217,Ealing 014A,754,40,50,55,55,51,56,67,43,50,57,51,55,34,21,31,23,7,6,2,F,2011
E01001259,Ealing 014B,737,54,42,35,44,51,62,73,48,46,58,49,36,36,30,23,27,11,5,7,F,2011
E01001291,Ealing 014C,806,57,50,54,59,50,74,59,63,49,58,61,53,38,24,15,15,13,5,9,F,2011
E01001292,Ealing 014D,861,51,44,66,71,74,67,53,51,64,72,56,46,42,27,31,24,13,6,3,F,2011
E01001293,Ealing 014E,795,48,65,53,44,71,70,62,55,61,55,52,36,42,18,24,28,8,0,3,F,2011
E01001196,Ealing 015A,912,74,58,42,40,72,102,86,64,64,62,61,39,24,22,25,23,24,19,11,F,2011
E01001238,Ealing 015B,1285,120,53,43,45,144,235,199,124,81,67,50,47,31,9,16,14,5,1,1,F,2011
E01001239,Ealing 015C,753,49,57,43,55,81,78,60,49,70,64,34,39,23,19,14,9,7,1,1,F,2011
E01001246,Ealing 015D,691,48,39,42,38,50,58,82,55,55,47,41,48,13,18,21,16,12,5,3,F,2011
E01001247,Ealing 015E,991,62,74,60,50,98,130,115,39,60,53,45,53,39,37,16,31,13,12,4,F,2011
E01001210,Ealing 016A,848,49,65,43,51,49,63,52,70,65,67,56,37,38,34,32,30,22,16,9,F,2011
E01001282,Ealing 016B,811,50,50,45,57,43,51,72,68,71,59,44,48,30,23,35,25,26,11,3,F,2011
E01001283,Ealing 016C,834,71,44,47,33,31,48,70,65,62,57,46,41,47,52,37,31,23,18,11,F,2011
E01001285,Ealing 016D,856,71,52,47,60,47,76,82,77,62,62,47,36,34,33,22,17,19,5,7,F,2011
E01001286,Ealing 016E,880,70,65,50,57,60,64,62,79,73,70,36,57,35,34,18,20,17,11,2,F,2011
E01001287,Ealing 016F,788,59,66,53,66,45,59,61,55,64,63,53,50,27,22,18,16,7,3,1,F,2011
E01001294,Ealing 017A,959,63,57,49,69,81,102,82,62,62,61,70,55,48,30,28,23,7,8,2,F,2011
E01001295,Ealing 017B,905,60,63,60,59,60,78,70,67,65,66,60,48,44,28,35,24,13,3,2,F,2011
E01001296,Ealing 017C,714,32,41,53,46,62,79,50,47,42,52,57,41,28,23,21,14,18,7,1,F,2011
E01001297,Ealing 017D,907,69,64,47,54,75,102,93,59,46,60,60,49,31,27,27,18,15,4,7,F,2011
E01001298,Ealing 017E,925,49,59,60,51,64,72,62,56,56,72,59,49,47,34,42,32,26,8,27,F,2011
E01001204,Ealing 018A,814,52,48,51,49,52,55,51,49,59,69,78,45,48,29,20,22,23,12,2,F,2011
E01001205,Ealing 018B,823,58,45,52,58,66,98,71,65,62,72,38,43,28,25,7,10,13,10,2,F,2011
E01001206,Ealing 018C,907,84,77,75,67,76,74,57,82,76,68,55,44,26,15,11,10,5,2,3,F,2011
E01001207,Ealing 018D,789,53,35,33,27,59,89,101,68,51,72,48,33,35,27,21,13,12,12,0,F,2011
E01001208,Ealing 018E,713,52,47,47,42,27,37,37,50,47,63,47,55,52,40,18,18,16,13,5,F,2011
E01001212,Ealing 018F,831,36,35,42,34,29,60,84,51,57,69,49,43,51,43,31,33,32,27,25,F,2011
E01001222,Ealing 019A,1177,89,42,38,36,99,194,191,135,85,74,44,41,30,31,16,10,7,7,8,F,2011
E01001224,Ealing 019B,826,39,57,68,53,46,58,44,45,67,78,60,41,52,39,35,16,14,7,7,F,2011
E01001226,Ealing 019C,779,36,39,37,22,42,74,98,80,56,32,32,36,39,32,28,31,23,30,12,F,2011
E01001227,Ealing 019D,754,37,55,42,32,33,52,52,67,63,55,65,48,48,28,20,22,8,13,14,F,2011
E01001228,Ealing 019E,925,44,29,25,51,48,121,124,86,53,46,41,45,41,26,34,31,27,31,22,F,2011
E01001221,Ealing 020A,956,37,20,18,18,106,224,156,95,42,30,39,43,28,24,19,16,16,19,6,F,2011
E01001223,Ealing 020B,748,44,28,37,32,51,96,87,67,48,42,47,36,34,24,21,15,15,13,11,F,2011
E01001225,Ealing 020C,938,45,35,36,40,55,113,97,83,80,54,49,48,53,32,28,24,29,18,19,F,2011
E01001235,Ealing 020D,782,48,25,17,20,59,137,126,93,52,50,32,28,26,10,17,8,12,6,16,F,2011
E01001236,Ealing 020E,777,45,28,25,29,49,96,112,88,51,54,29,37,25,30,21,24,16,11,7,F,2011
E01001273,Ealing 020F,821,39,38,48,32,59,82,61,64,65,58,52,40,52,26,29,16,31,14,15,F,2011
E01001274,Ealing 020G,832,59,74,63,39,45,54,65,96,79,64,31,46,28,27,17,18,11,8,8,F,2011
E01001275,Ealing 020H,942,70,35,20,20,47,165,107,112,79,46,45,42,31,36,30,24,13,11,9,F,2011
E01001195,Ealing 021A,876,76,49,57,45,73,79,78,66,76,49,44,47,38,29,21,15,20,8,6,F,2011
E01001197,Ealing 021B,898,59,61,67,46,47,76,84,79,72,73,30,42,33,27,23,21,20,25,13,F,2011
E01001198,Ealing 021C,705,48,37,33,31,47,78,78,59,45,64,41,40,30,27,19,16,5,4,3,F,2011
E01001199,Ealing 021D,847,70,42,50,37,58,98,98,70,82,55,50,49,32,20,7,13,10,4,2,F,2011
E01001284,Ealing 022A,780,32,40,43,52,53,55,51,56,48,71,62,51,45,37,24,28,18,11,3,F,2011
E01001288,Ealing 022B,776,58,49,50,45,51,66,61,77,59,60,59,34,30,23,21,20,6,5,2,F,2011
E01001289,Ealing 022C,727,65,54,55,37,39,49,50,67,64,58,45,47,41,21,12,9,12,1,1,F,2011
E01001290,Ealing 022D,961,63,46,52,61,59,93,92,76,77,71,65,45,46,33,25,22,18,12,5,F,2011
E01001213,Ealing 023A,865,63,44,48,48,82,99,72,44,40,59,61,56,39,34,29,23,17,5,2,F,2011
E01001214,Ealing 023B,849,52,46,42,50,68,90,82,53,45,49,42,60,53,39,27,28,11,8,4,F,2011
E01001215,Ealing 023C,896,77,63,39,59,62,77,68,69,57,54,46,47,33,45,38,27,23,7,5,F,2011
E01001216,Ealing 023D,746,61,33,29,35,49,105,58,59,52,42,36,49,37,29,25,20,13,10,4,F,2011
E01001361,Ealing 023E,864,71,58,73,60,62,87,63,69,62,55,50,42,28,23,25,18,9,8,1,F,2011
E01001240,Ealing 024A,822,50,45,46,58,87,103,75,59,44,51,36,34,34,21,21,21,11,18,8,F,2011
E01001241,Ealing 024B,716,30,36,43,43,89,88,73,49,39,39,35,24,35,33,20,14,13,11,2,F,2011
E01001242,Ealing 024C,756,49,60,53,51,54,64,49,57,51,50,40,54,35,27,13,16,16,13,4,F,2011
E01001243,Ealing 024D,891,67,67,64,69,51,78,98,77,57,74,53,32,31,19,16,20,5,7,6,F,2011
E01001244,Ealing 024E,1334,92,66,72,76,146,173,139,100,114,71,63,51,42,34,24,38,20,11,2,F,2011
E01001245,Ealing 024F,987,90,36,33,45,67,152,148,113,62,58,47,30,27,21,21,15,10,5,7,F,2011
E01001200,Ealing 025A,749,61,40,24,22,64,89,105,72,55,45,47,27,32,21,11,13,10,7,4,F,2011
E01001201,Ealing 025B,830,46,62,41,44,63,106,65,69,69,57,52,38,30,21,25,16,9,12,5,F,2011
E01001202,Ealing 025C,1023,83,68,71,49,81,108,116,94,71,69,51,35,23,28,24,22,13,12,5,F,2011
E01001203,Ealing 025D,860,68,24,30,33,60,138,110,93,72,43,41,37,26,26,25,17,3,6,8,F,2011
E01001351,Ealing 025E,1009,64,45,43,45,83,124,111,83,65,64,52,37,42,19,20,32,22,29,29,F,2011
E01001359,Ealing 026A,1014,82,80,67,68,70,92,88,84,72,60,46,43,39,37,37,26,17,5,1,F,2011
E01001360,Ealing 026B,931,55,53,66,64,78,97,82,58,53,72,49,49,32,29,36,31,19,6,2,F,2011
E01001362,Ealing 026C,880,65,46,49,46,98,90,87,59,58,48,49,43,45,23,28,27,10,7,2,F,2011
E01001363,Ealing 026D,808,78,61,50,50,55,75,65,70,51,43,45,42,29,27,22,20,16,5,4,F,2011
E01001364,Ealing 026E,835,47,45,53,79,74,74,64,47,46,57,53,44,38,28,26,33,15,8,4,F,2011
E01001365,Ealing 026F,1010,79,73,61,40,81,95,82,81,75,55,56,45,47,41,50,27,17,4,1,F,2011
E01001231,Ealing 027A,913,39,42,44,48,74,116,79,66,54,47,67,61,46,36,25,28,22,11,8,F,2011
E01001234,Ealing 027B,704,51,34,13,24,57,123,97,53,49,30,42,33,23,16,21,15,14,6,3,F,2011
E01001350,Ealing 027C,761,48,28,45,36,37,74,60,72,59,69,44,48,33,25,26,21,16,14,6,F,2011
E01001352,Ealing 027D,764,42,30,56,51,51,99,77,54,58,61,46,28,30,23,17,9,19,8,5,F,2011
E01001354,Ealing 027E,937,59,44,42,33,78,121,92,70,54,63,39,47,39,30,23,36,23,25,19,F,2011
E01001249,Ealing 028A,1201,107,79,53,46,85,176,164,115,71,79,49,36,37,31,20,23,18,6,6,F,2011
E01001250,Ealing 028B,1040,61,42,65,32,72,116,121,100,86,72,55,61,44,39,34,13,13,10,4,F,2011
E01001255,Ealing 028C,853,67,59,48,40,44,72,90,75,72,61,47,41,35,30,21,24,18,8,1,F,2011
E01001383,Ealing 028D,852,55,45,39,31,62,97,98,72,81,65,58,33,37,29,21,14,8,5,2,F,2011
E01001388,Ealing 028E,803,59,47,39,36,48,90,97,81,55,54,43,31,26,28,23,17,15,10,4,F,2011
E01001389,Ealing 028F,819,50,35,17,19,64,108,135,77,63,47,39,31,25,33,29,17,16,13,1,F,2011
E01001219,Ealing 029A,1060,67,98,81,101,77,81,73,92,68,73,60,46,26,34,27,29,10,9,8,F,2011
E01001220,Ealing 029B,819,55,79,72,61,56,58,58,67,62,56,39,47,35,21,23,20,9,0,1,F,2011
E01001334,Ealing 029C,816,56,59,66,79,53,63,67,58,61,50,45,44,34,24,21,10,18,7,1,F,2011
E01001337,Ealing 029D,754,42,35,54,69,74,76,44,45,64,60,47,51,36,21,11,14,5,3,3,F,2011
E01001338,Ealing 029E,926,76,58,53,53,54,85,67,72,43,45,51,60,53,24,37,32,29,19,15,F,2011
E01001339,Ealing 029F,955,67,59,73,95,90,62,72,72,93,72,55,38,30,26,21,9,12,8,1,F,2011
E01001340,Ealing 029G,861,61,59,44,47,70,96,94,98,70,69,54,36,16,14,9,13,6,2,3,F,2011
E01001251,Ealing 030A,858,79,48,30,43,41,82,75,95,73,61,57,51,34,31,17,14,16,7,4,F,2011
E01001252,Ealing 030B,936,78,63,36,45,65,96,115,106,76,44,61,38,41,23,13,20,11,3,2,F,2011
E01001253,Ealing 030C,846,75,50,32,50,58,56,76,98,78,72,47,45,26,25,17,19,11,8,3,F,2011
E01001254,Ealing 030D,883,70,47,31,35,31,77,82,83,87,66,58,66,36,28,23,21,20,13,9,F,2011
E01001229,Ealing 031A,820,57,32,47,49,60,62,80,69,53,59,55,55,29,27,32,27,11,6,10,F,2011
E01001230,Ealing 031B,750,34,26,30,50,47,85,81,56,61,64,47,54,49,17,19,18,5,5,2,F,2011
E01001232,Ealing 031C,764,50,34,32,35,50,76,67,68,39,76,34,52,49,38,22,20,9,7,6,F,2011
E01001233,Ealing 031D,715,36,25,31,31,53,73,86,66,49,47,37,41,35,22,30,21,14,15,3,F,2011
E01001237,Ealing 031E,746,30,32,29,23,31,90,87,78,62,62,36,38,40,27,22,20,16,15,8,F,2011
E01001386,Ealing 031F,902,48,57,56,31,57,91,89,85,94,70,46,38,42,41,22,18,12,3,2,F,2011
E01001303,Ealing 032A,855,83,45,40,31,54,101,77,93,71,51,50,38,35,20,23,14,17,8,4,F,2011
E01001382,Ealing 032B,793,50,67,54,39,28,44,49,66,74,71,59,47,37,28,22,29,14,7,8,F,2011
E01001384,Ealing 032C,852,67,39,26,22,55,98,112,98,78,46,51,44,31,26,23,14,12,6,4,F,2011
E01001385,Ealing 032D,876,67,41,31,41,60,76,97,65,74,76,53,41,37,43,25,21,10,15,3,F,2011
E01001387,Ealing 032E,761,33,39,27,25,31,104,97,70,57,51,43,45,40,22,14,11,18,19,15,F,2011
E01001353,Ealing 033A,868,75,35,43,28,69,126,102,81,59,51,37,34,39,31,19,17,15,7,0,F,2011
E01001355,Ealing 033B,832,53,29,26,26,60,108,115,82,61,58,35,43,34,29,34,14,11,12,2,F,2011
E01001356,Ealing 033C,1044,110,87,79,49,60,86,96,78,72,77,48,47,34,38,24,28,18,10,3,F,2011
E01001357,Ealing 033D,616,61,63,39,42,42,48,61,56,52,40,30,23,13,12,11,8,11,2,2,F,2011
E01001358,Ealing 033E,817,75,67,57,66,47,73,60,78,69,46,49,34,20,28,14,20,8,3,3,F,2011
E01001375,Ealing 034A,857,74,44,28,31,27,57,89,96,88,68,60,53,54,28,19,18,11,6,6,F,2011
E01001377,Ealing 034B,899,54,56,62,49,50,54,67,75,69,79,66,49,51,38,24,23,12,14,7,F,2011
E01001379,Ealing 034C,875,74,44,40,35,40,60,82,98,72,85,59,49,31,34,28,18,10,13,3,F,2011
E01001381,Ealing 034D,801,58,31,23,30,100,93,77,77,61,47,38,35,36,26,19,16,15,12,7,F,2011
E01001248,Ealing 035A,813,41,36,45,38,65,62,68,53,58,51,53,50,41,38,33,24,21,15,21,F,2011
E01001299,Ealing 035B,930,62,39,64,30,79,54,62,72,78,58,66,68,53,44,33,30,20,7,11,F,2011
E01001305,Ealing 035C,867,53,64,42,40,41,52,59,81,78,75,76,61,31,37,29,25,14,7,2,F,2011
E01001306,Ealing 035D,817,66,42,21,30,21,63,88,83,76,65,61,47,42,38,12,28,13,11,10,F,2011
E01001366,Ealing 037A,911,98,68,55,58,85,94,92,57,50,60,48,44,28,27,24,13,3,6,1,F,2011
E01001367,Ealing 037B,752,67,47,43,51,61,94,54,57,63,42,39,31,27,23,17,18,15,1,2,F,2011
E01001368,Ealing 037C,811,63,35,64,63,69,70,65,62,63,47,51,36,32,29,24,19,9,6,4,F,2011
E01001370,Ealing 037D,943,68,43,58,81,101,97,68,57,62,57,65,52,43,25,20,25,11,6,4,F,2011
E01001371,Ealing 037E,1017,104,64,72,63,72,106,94,70,66,60,54,51,34,35,34,16,8,9,5,F,2011
E01001372,Ealing 037F,803,53,58,48,56,78,79,74,67,66,63,46,32,26,23,19,4,8,2,1,F,2011
E01001373,Ealing 037G,678,61,55,37,48,57,61,51,53,52,45,42,28,28,11,20,17,7,4,1,F,2011
E01001333,Ealing 038A,883,74,67,60,56,69,82,73,68,54,47,58,32,38,13,28,26,19,13,6,F,2011
E01001335,Ealing 038B,907,43,38,42,46,81,66,63,39,59,70,69,54,56,34,39,33,26,27,22,F,2011
E01001336,Ealing 038C,782,44,38,37,44,63,88,64,47,51,44,54,48,51,41,23,20,17,6,2,F,2011
E01001369,Ealing 038D,901,79,55,45,55,93,109,85,56,47,48,53,53,32,20,28,24,8,7,4,F,2011
E01001300,Ealing 039A,834,64,62,45,28,41,71,64,105,84,74,48,30,27,28,19,15,12,11,6,F,2011
E01001301,Ealing 039B,846,61,34,12,14,114,124,133,83,53,47,25,28,21,26,21,20,15,7,8,F,2011
E01001302,Ealing 039C,778,66,48,27,25,50,71,83,78,66,61,44,36,36,30,20,8,17,8,4,F,2011
E01001304,Ealing 039D,816,64,38,32,23,38,97,105,104,64,65,39,42,26,20,26,12,8,6,7,F,2011
E01001374,Ealing 040A,922,63,46,33,38,45,72,122,116,86,61,56,44,44,32,24,16,10,9,5,F,2011
E01001376,Ealing 040B,797,54,26,24,25,61,101,115,84,56,53,49,31,36,32,21,13,10,2,4,F,2011
E01001380,Ealing 040C,890,68,36,30,22,60,104,107,104,65,60,49,39,38,41,23,13,14,9,8,F,2011
E01032572,Ealing 040D,790,43,30,34,25,49,127,111,77,61,52,44,42,43,17,9,13,7,4,2,F,2011
E09000010,,162410,12037,10294,9847,9979,11339,13409,12633,11527,12373,12112,9846,7866,6997,6024,4968,4280,3206,2277,1396,F,2011
E01001444,Enfield 001A,893,60,53,38,77,61,61,67,50,76,80,64,39,39,38,29,36,14,7,4,F,2011
E01001446,Enfield 001B,922,67,68,61,57,64,66,70,69,66,87,54,49,39,34,26,25,6,9,5,F,2011
E01001546,Enfield 001C,930,63,82,58,62,71,84,63,48,88,89,44,36,41,21,31,24,13,6,6,F,2011
E01001552,Enfield 001D,951,47,58,49,66,60,58,64,65,60,97,57,53,45,32,31,30,26,30,23,F,2011
E01001442,Enfield 002A,924,117,64,64,60,72,80,67,63,79,65,39,20,23,28,21,25,15,17,5,F,2011
E01001545,Enfield 002B,983,87,59,93,94,52,77,80,72,89,79,50,28,25,27,19,14,15,21,2,F,2011
E01001547,Enfield 002C,902,70,67,45,58,61,78,61,57,57,79,50,43,40,44,30,28,16,11,7,F,2011
E01001548,Enfield 002D,937,91,59,49,79,58,83,83,60,71,69,47,39,25,35,44,15,12,12,6,F,2011
E01001551,Enfield 002E,943,47,61,67,76,67,54,65,53,69,76,53,46,38,39,29,32,27,27,17,F,2011
E01001445,Enfield 003B,1216,152,95,66,63,78,146,138,99,104,77,44,54,32,21,20,10,11,2,4,F,2011
E01001447,Enfield 003C,1015,76,62,66,59,69,97,75,66,68,83,61,51,53,40,34,31,13,7,4,F,2011
E01001448,Enfield 003D,952,87,64,67,85,78,69,60,69,76,87,53,37,27,29,27,20,9,7,1,F,2011
E01001449,Enfield 003E,851,60,83,71,62,52,52,58,70,62,68,52,51,34,26,18,17,7,5,3,F,2011
E01033148,Enfield 003F,1046,102,93,93,74,72,96,89,83,99,84,52,32,27,18,22,7,0,0,3,F,2011
E01033150,Enfield 003G,932,146,75,55,40,80,125,118,93,76,48,35,19,10,4,6,2,0,0,0,F,2011
E01001408,Enfield 004A,892,67,45,45,42,47,55,90,83,75,76,60,56,40,40,25,27,11,3,5,F,2011
E01001411,Enfield 004B,993,92,71,52,50,49,68,97,93,82,64,57,54,50,31,30,17,11,14,11,F,2011
E01001412,Enfield 004C,930,47,57,57,64,44,55,51,66,70,78,68,53,54,51,38,29,20,21,7,F,2011
E01001413,Enfield 004D,846,34,48,49,49,31,32,52,46,60,83,64,55,56,46,27,42,30,22,20,F,2011
E01001414,Enfield 004E,838,57,52,57,50,53,62,50,82,53,62,37,31,41,37,36,26,24,13,15,F,2011
E01001407,Enfield 005A,856,58,58,56,47,50,56,64,66,76,79,45,39,41,40,25,18,15,15,8,F,2011
E01001409,Enfield 005B,976,92,70,62,47,73,103,94,73,77,81,42,32,34,26,28,11,14,10,7,F,2011
E01001410,Enfield 005C,916,80,68,47,58,76,73,82,75,88,65,43,41,19,19,15,17,20,15,15,F,2011
E01001516,Enfield 005D,956,77,75,70,68,55,77,74,60,67,79,51,56,40,36,28,19,13,7,4,F,2011
E01001537,Enfield 005E,938,91,44,47,35,52,81,90,72,68,66,47,45,47,35,20,34,18,26,20,F,2011
E01001439,Enfield 006A,1120,112,114,88,52,84,127,97,82,97,56,47,32,37,29,26,18,13,7,2,F,2011
E01001441,Enfield 006B,803,82,53,48,61,71,68,63,62,68,47,52,29,30,16,21,12,10,7,3,F,2011
E01001517,Enfield 006C,1002,82,88,73,77,74,86,65,72,90,81,39,46,35,34,25,19,6,8,2,F,2011
E01001549,Enfield 006D,1053,145,99,65,51,88,116,100,63,92,56,45,28,30,28,21,17,1,5,3,F,2011
E01001550,Enfield 006E,925,76,75,91,83,51,48,74,74,77,73,50,34,34,22,26,16,10,10,1,F,2011
E01001433,Enfield 007A,990,73,91,91,103,72,58,71,75,92,77,59,33,28,25,10,10,14,5,3,F,2011
E01001434,Enfield 007B,790,62,54,63,51,54,65,49,47,66,63,58,38,31,27,20,20,9,8,5,F,2011
E01001435,Enfield 007C,774,49,58,67,59,45,57,60,54,53,51,65,42,18,27,31,16,8,7,7,F,2011
E01001436,Enfield 007D,979,76,66,78,80,75,60,65,58,83,74,63,36,35,40,42,24,16,6,2,F,2011
E01001438,Enfield 007E,882,60,59,80,82,51,77,63,54,78,64,65,31,35,29,19,13,15,4,3,F,2011
E01001469,Enfield 008A,828,42,46,49,40,42,53,62,57,72,73,52,53,53,38,26,26,21,19,4,F,2011
E01001536,Enfield 008B,882,57,42,35,28,52,67,75,68,71,75,54,52,51,36,34,37,22,23,3,F,2011
E01001540,Enfield 008C,917,67,48,33,44,35,90,111,78,70,59,46,64,45,31,24,26,27,8,11,F,2011
E01001541,Enfield 008D,770,65,44,37,36,28,43,65,89,74,65,46,36,45,28,18,17,16,13,5,F,2011
E01001542,Enfield 008E,832,64,40,39,44,44,74,74,56,62,53,51,42,36,37,27,23,27,22,17,F,2011
E01001538,Enfield 009A,858,34,71,52,62,45,45,32,47,72,86,71,62,57,49,26,19,14,9,5,F,2011
E01001539,Enfield 009B,882,42,46,64,84,46,44,49,54,74,73,69,42,49,40,36,35,20,7,8,F,2011
E01001543,Enfield 009C,837,51,45,49,58,50,37,39,59,67,72,65,57,41,39,27,39,25,14,3,F,2011
E01001544,Enfield 009D,808,41,43,40,43,35,48,46,51,54,64,62,52,48,45,44,37,30,16,9,F,2011
E01001457,Enfield 010A,841,51,13,23,40,32,72,94,72,41,45,48,48,46,38,38,40,32,32,36,F,2011
E01001468,Enfield 010B,627,36,27,22,33,32,42,29,48,39,52,42,36,35,37,36,21,34,20,6,F,2011
E01001471,Enfield 010C,895,37,24,25,23,44,81,111,59,61,65,54,41,36,52,54,49,39,20,20,F,2011
E01001472,Enfield 010D,898,59,39,30,45,61,103,58,53,64,55,61,55,38,37,31,49,26,30,4,F,2011
E01001474,Enfield 010E,887,39,30,37,38,43,78,74,53,65,59,66,62,66,47,39,36,28,15,12,F,2011
E01001415,Enfield 011A,808,32,34,25,41,69,65,49,34,39,49,53,44,43,37,46,44,44,38,22,F,2011
E01001417,Enfield 011B,1052,51,46,43,93,164,47,39,56,58,65,55,64,58,45,47,31,39,30,21,F,2011
E01001418,Enfield 011C,840,42,35,48,49,42,63,48,54,66,47,59,45,45,62,36,30,29,27,13,F,2011
E01001422,Enfield 011D,826,30,49,58,66,49,31,30,38,59,91,79,56,45,45,37,25,15,14,9,F,2011
E01001440,Enfield 012A,846,58,57,50,70,55,58,52,55,62,60,59,34,43,42,29,27,17,12,6,F,2011
E01001504,Enfield 012B,798,61,60,51,67,57,69,54,51,52,68,45,38,29,32,22,21,10,9,2,F,2011
E01001505,Enfield 012C,887,57,57,65,67,78,74,65,70,86,58,51,28,35,39,23,6,12,9,7,F,2011
E01001507,Enfield 012D,950,112,57,57,51,90,89,78,81,70,52,42,34,27,29,30,18,14,12,7,F,2011
E01001508,Enfield 012E,1021,94,57,56,70,85,141,81,74,76,77,51,42,33,23,20,15,13,9,4,F,2011
E01001513,Enfield 012F,920,74,55,71,86,54,66,65,65,89,79,53,35,37,19,14,30,12,9,7,F,2011
E01001416,Enfield 013A,890,43,53,56,56,55,38,42,28,66,85,70,64,64,35,50,33,29,16,7,F,2011
E01001470,Enfield 013B,849,42,41,54,64,50,46,28,40,70,70,64,43,49,48,30,47,29,18,16,F,2011
E01001473,Enfield 013C,795,41,46,47,61,52,33,39,44,72,67,55,37,57,51,33,23,18,13,6,F,2011
E01001475,Enfield 013D,884,38,45,69,61,39,40,39,51,66,79,53,56,69,40,48,34,27,18,12,F,2011
E01001437,Enfield 014A,1254,128,106,70,68,106,139,109,85,103,77,41,52,28,24,29,41,26,15,7,F,2011
E01001506,Enfield 014B,860,96,76,66,61,57,83,70,75,57,56,41,30,21,32,16,10,7,4,2,F,2011
E01001509,Enfield 014C,910,108,53,46,66,79,111,86,59,56,67,42,35,28,29,14,13,12,3,3,F,2011
E01001510,Enfield 014D,780,100,70,56,47,76,86,98,64,50,41,32,24,6,13,7,6,4,0,0,F,2011
E01001405,Enfield 015A,849,42,23,23,20,43,77,57,50,51,48,56,55,44,54,48,56,38,37,27,F,2011
E01001406,Enfield 015B,861,63,48,54,39,49,76,67,69,67,68,51,47,39,30,22,34,12,7,19,F,2011
E01001450,Enfield 015C,935,66,40,22,26,74,113,95,71,52,59,47,38,39,47,30,33,38,27,18,F,2011
E01001512,Enfield 015D,918,93,52,35,38,53,85,110,71,79,63,48,36,24,34,22,32,19,12,12,F,2011
E01001515,Enfield 015E,1005,94,84,57,70,80,103,94,88,73,67,53,43,27,32,9,15,4,11,1,F,2011
E01001401,Enfield 016A,692,44,52,43,44,24,35,59,47,47,55,37,39,42,38,22,24,20,11,9,F,2011
E01001478,Enfield 016B,772,49,44,49,61,45,56,45,41,62,75,62,39,28,35,31,27,11,10,2,F,2011
E01001484,Enfield 016C,712,60,49,40,42,32,46,50,42,53,50,51,47,29,28,21,38,16,12,6,F,2011
E01001511,Enfield 016D,936,84,75,57,51,40,63,90,71,92,71,50,43,39,30,31,17,15,13,4,F,2011
E01001514,Enfield 016E,919,68,57,50,66,69,69,85,74,86,83,54,39,37,25,15,18,8,9,7,F,2011
E01001518,Enfield 016F,922,60,61,45,55,73,68,95,59,73,67,65,48,50,33,19,25,13,7,6,F,2011
E01001451,Enfield 017A,802,50,40,35,40,36,42,46,44,53,57,63,48,57,43,39,33,27,25,24,F,2011
E01001452,Enfield 017B,672,28,35,42,41,44,27,27,35,60,61,59,53,42,35,26,25,17,10,5,F,2011
E01001453,Enfield 017C,843,43,45,45,45,48,37,34,45,61,63,80,61,53,49,39,36,32,15,12,F,2011
E01001454,Enfield 017D,842,33,48,55,43,41,32,37,51,74,58,56,47,57,52,36,44,34,27,17,F,2011
E01001476,Enfield 018A,865,58,63,59,55,60,59,60,58,61,69,66,50,33,29,29,21,15,13,7,F,2011
E01001477,Enfield 018B,968,78,87,83,73,51,61,65,78,83,79,42,42,52,20,29,13,12,10,10,F,2011
E01001481,Enfield 018C,867,49,50,66,54,64,71,63,49,68,70,49,52,36,38,20,19,22,21,6,F,2011
E01001502,Enfield 018D,972,67,58,66,126,99,68,52,66,65,79,51,40,33,34,27,12,12,11,6,F,2011
E01001503,Enfield 018E,973,73,85,65,55,58,78,64,59,55,90,69,39,32,52,37,31,11,6,14,F,2011
E01001520,Enfield 019A,877,55,48,46,41,57,75,78,66,54,60,60,60,44,36,38,20,18,14,7,F,2011
E01001522,Enfield 019B,945,70,71,39,37,55,64,118,98,86,66,49,31,35,27,20,21,14,17,27,F,2011
E01001523,Enfield 019C,880,36,46,48,42,45,60,77,58,58,61,66,53,36,30,37,36,29,38,24,F,2011
E01001524,Enfield 019D,827,51,50,48,64,58,75,63,49,67,55,53,39,39,34,21,24,19,15,3,F,2011
E01001526,Enfield 019E,836,45,49,44,40,42,44,58,64,57,61,57,51,48,46,41,36,20,23,10,F,2011
E01001419,Enfield 020A,1056,57,33,37,59,145,116,72,49,57,61,53,49,49,55,40,46,27,31,20,F,2011
E01001420,Enfield 020B,839,54,42,50,52,90,46,72,51,56,58,56,53,41,26,23,27,27,8,7,F,2011
E01001421,Enfield 020C,930,44,65,50,47,81,77,66,62,69,49,47,43,35,39,31,27,38,40,20,F,2011
E01001519,Enfield 020D,1273,102,53,39,46,124,212,177,132,70,72,38,29,34,31,31,24,24,23,12,F,2011
E01001525,Enfield 020E,959,53,52,53,38,81,73,89,76,86,63,64,39,46,33,33,24,22,20,14,F,2011
E01001398,Enfield 021A,704,42,40,36,37,47,32,46,46,60,48,72,57,41,28,19,15,18,11,9,F,2011
E01001399,Enfield 021B,724,28,39,58,47,43,35,35,47,48,65,58,51,46,46,19,26,15,11,7,F,2011
E01001400,Enfield 021C,821,28,44,44,51,44,46,36,35,47,51,54,58,71,38,49,38,43,27,17,F,2011
E01001402,Enfield 021D,934,46,39,56,53,68,62,77,67,61,81,67,57,50,41,38,28,18,18,7,F,2011
E01001403,Enfield 021E,830,41,40,49,48,52,54,50,54,52,65,42,56,49,43,27,37,33,20,18,F,2011
E01001455,Enfield 021F,754,35,28,40,51,60,44,51,44,56,61,51,56,41,32,44,21,20,11,8,F,2011
E01001456,Enfield 022A,685,42,46,52,36,26,23,27,46,62,70,51,43,46,35,32,20,12,15,1,F,2011
E01001564,Enfield 022B,870,63,56,42,35,36,70,65,66,77,83,63,42,35,34,20,30,23,13,17,F,2011
E01001567,Enfield 022C,801,46,47,36,51,29,43,34,56,59,70,55,55,55,41,32,34,23,30,5,F,2011
E01001568,Enfield 022D,779,23,25,64,47,52,37,19,45,54,68,75,55,54,55,41,21,26,15,3,F,2011
E01001569,Enfield 022E,873,62,35,22,37,39,96,93,76,77,61,55,37,34,42,36,16,20,19,16,F,2011
E01001479,Enfield 023A,879,63,59,59,49,45,85,62,60,67,67,53,41,30,32,24,24,24,19,16,F,2011
E01001482,Enfield 023B,946,80,73,77,51,74,75,73,60,74,62,69,38,34,32,21,28,9,11,5,F,2011
E01001487,Enfield 023C,1049,125,75,66,80,58,82,98,80,71,52,65,41,31,33,37,26,18,6,5,F,2011
E01001489,Enfield 023D,926,90,65,59,59,57,83,64,71,68,70,64,35,35,33,28,26,11,5,3,F,2011
E01001491,Enfield 023E,1041,84,80,76,68,62,94,87,75,85,81,67,45,39,25,21,17,19,9,7,F,2011
E01001459,Enfield 024A,857,48,40,67,68,71,55,65,57,54,62,66,62,39,35,24,19,12,7,6,F,2011
E01001460,Enfield 024B,891,101,82,65,43,69,103,76,81,58,55,35,29,18,21,22,15,11,5,2,F,2011
E01001462,Enfield 024C,707,78,37,31,50,72,65,48,39,54,63,51,29,16,30,20,10,7,4,3,F,2011
E01001480,Enfield 024D,798,50,66,52,53,58,60,68,52,65,62,43,37,33,27,22,12,13,11,14,F,2011
E01001488,Enfield 024E,992,83,73,80,65,74,86,76,79,70,79,69,37,34,27,23,20,12,4,1,F,2011
E01001483,Enfield 025A,577,57,23,26,27,62,72,56,56,35,38,31,25,22,11,15,7,5,5,4,F,2011
E01001485,Enfield 025B,960,77,73,78,68,56,70,84,62,70,73,63,38,36,32,25,25,18,8,4,F,2011
E01001486,Enfield 025C,1138,103,84,72,81,90,115,89,83,72,66,69,55,46,30,31,21,19,6,6,F,2011
E01001492,Enfield 025E,1039,81,89,61,79,70,83,75,64,80,84,58,50,42,36,32,24,17,9,5,F,2011
E01033146,Enfield 025F,821,72,73,86,58,53,56,72,78,80,58,55,37,14,9,9,5,4,1,1,F,2011
E01033151,Enfield 025G,777,71,68,55,51,65,65,50,73,67,57,38,33,20,20,17,13,8,5,1,F,2011
E01001404,Enfield 026A,762,43,42,44,60,52,36,51,47,63,62,51,46,51,31,18,27,25,8,5,F,2011
E01001493,Enfield 026B,887,66,55,36,48,65,73,75,60,66,67,54,37,45,50,31,24,16,12,7,F,2011
E01001494,Enfield 026C,797,38,46,57,60,47,52,46,48,61,59,47,45,56,38,42,20,15,14,6,F,2011
E01001496,Enfield 026D,911,53,45,58,59,67,76,51,49,63,71,61,58,46,50,37,36,10,19,2,F,2011
E01001570,Enfield 026E,938,65,47,49,46,60,64,75,89,77,62,54,65,37,32,29,28,27,17,15,F,2011
E01001423,Enfield 027A,953,68,79,81,83,75,70,52,71,65,51,55,43,41,31,31,18,15,15,9,F,2011
E01001425,Enfield 027B,1007,110,92,69,82,69,112,79,74,74,73,44,36,28,19,21,15,5,5,0,F,2011
E01001428,Enfield 027C,873,63,62,60,78,61,62,48,71,78,61,48,42,32,15,29,30,17,10,6,F,2011
E01001461,Enfield 027D,931,97,64,49,71,72,83,76,67,86,45,47,50,31,25,25,13,23,5,2,F,2011
E01001464,Enfield 027E,689,36,44,68,59,49,44,25,42,50,58,45,35,33,28,22,19,16,13,3,F,2011
E01001521,Enfield 028A,947,59,53,50,48,75,68,65,67,90,68,68,46,43,27,29,24,27,25,15,F,2011
E01001531,Enfield 028B,745,34,36,39,38,44,57,54,39,52,64,64,49,51,38,26,22,16,11,11,F,2011
E01001532,Enfield 028C,892,48,41,58,53,60,55,63,47,65,78,68,55,62,50,26,34,15,7,7,F,2011
E01001533,Enfield 028D,820,30,43,51,33,56,49,27,48,53,72,58,56,54,48,30,35,37,19,21,F,2011
E01001535,Enfield 028E,753,45,47,26,45,45,47,51,49,49,61,44,53,48,35,35,31,29,10,3,F,2011
E01001495,Enfield 029A,854,53,37,40,37,62,87,112,57,69,75,52,49,30,31,17,17,19,4,6,F,2011
E01001498,Enfield 029B,975,63,44,33,40,94,130,92,68,89,69,59,37,38,39,33,15,13,15,4,F,2011
E01001563,Enfield 029C,801,60,41,30,41,56,69,98,62,61,57,43,39,38,21,22,17,20,13,13,F,2011
E01001565,Enfield 029D,857,51,31,40,32,49,62,69,55,78,73,56,59,47,41,29,29,29,18,9,F,2011
E01001566,Enfield 029E,857,62,32,41,40,55,71,61,60,65,68,69,59,45,27,25,14,22,15,26,F,2011
E01001424,Enfield 030A,654,68,42,49,37,68,64,65,52,42,42,32,23,16,18,11,13,6,3,3,F,2011
E01001426,Enfield 030B,954,64,70,81,69,93,81,72,70,79,74,54,36,32,26,24,14,6,7,2,F,2011
E01001427,Enfield 030C,966,83,86,86,76,64,78,76,93,75,70,44,22,25,24,30,18,11,3,2,F,2011
E01001429,Enfield 030D,1297,123,104,63,64,78,169,131,110,94,78,52,35,41,36,41,31,27,14,6,F,2011
E01001430,Enfield 030E,1037,92,111,107,73,79,69,84,77,95,57,61,31,27,20,18,16,12,7,1,F,2011
E01001463,Enfield 031A,808,53,45,53,64,62,50,48,68,63,53,58,36,37,40,34,19,15,9,1,F,2011
E01001465,Enfield 031B,776,45,49,47,56,55,54,46,50,63,70,55,38,44,33,27,21,15,5,3,F,2011
E01001466,Enfield 031C,970,114,76,76,55,60,72,84,75,84,70,58,40,33,26,15,14,9,7,2,F,2011
E01001467,Enfield 031D,945,81,76,48,63,80,88,78,61,87,74,63,49,24,28,15,12,10,5,3,F,2011
E01001497,Enfield 031E,773,45,44,69,50,42,55,54,62,45,52,59,30,49,34,36,16,23,6,2,F,2011
E01001499,Enfield 031F,850,41,41,55,52,78,61,49,41,64,65,73,44,44,38,30,40,19,11,4,F,2011
E01001392,Enfield 032A,907,58,48,37,47,53,107,73,77,59,71,58,44,45,36,38,33,12,7,4,F,2011
E01001528,Enfield 032B,775,52,43,49,56,76,70,71,60,41,77,47,47,28,19,10,15,10,4,0,F,2011
E01001529,Enfield 032C,740,52,51,24,34,62,102,71,59,54,45,39,23,21,25,17,22,19,12,8,F,2011
E01001530,Enfield 032D,634,46,31,32,24,54,57,50,49,44,46,42,23,29,30,21,29,14,9,4,F,2011
E01001534,Enfield 032E,809,47,36,49,45,48,66,68,44,59,65,52,34,46,49,28,35,18,10,10,F,2011
E01001431,Enfield 033A,791,89,69,44,53,59,92,62,79,45,57,46,33,20,15,12,9,4,2,1,F,2011
E01001432,Enfield 033B,962,95,68,79,49,74,85,77,79,70,76,57,41,31,25,19,12,12,11,2,F,2011
E01001555,Enfield 033C,901,85,60,66,58,74,77,68,49,75,74,45,39,36,28,28,16,17,5,1,F,2011
E01001557,Enfield 033D,811,61,73,62,46,55,64,53,56,71,64,50,40,36,25,24,14,4,6,7,F,2011
E01001558,Enfield 033E,839,75,103,69,50,59,76,78,61,64,70,32,27,18,14,16,9,7,8,3,F,2011
E01001559,Enfield 033F,1085,84,90,70,68,91,74,106,79,91,72,44,52,39,26,31,19,23,15,11,F,2011
E01001394,Enfield 035A,852,63,30,40,44,59,108,73,52,57,52,53,52,48,31,27,24,20,13,6,F,2011
E01001395,Enfield 035B,867,71,67,50,53,66,73,70,57,81,68,59,39,31,26,23,18,11,3,1,F,2011
E01001397,Enfield 035C,959,67,48,56,40,79,139,88,89,78,52,41,48,39,30,13,17,19,11,5,F,2011
E01001500,Enfield 035D,780,55,41,45,38,51,70,67,52,60,65,46,38,45,34,22,22,21,4,4,F,2011
E01001556,Enfield 035E,825,52,42,49,60,68,59,58,48,60,55,57,41,51,41,24,29,21,7,3,F,2011
E01001560,Enfield 035F,834,46,49,53,51,83,91,56,65,55,63,50,41,38,34,18,17,18,4,2,F,2011
E01001390,Enfield 036A,960,50,36,43,38,91,112,109,85,79,71,51,51,45,32,22,19,16,7,3,F,2011
E01001391,Enfield 036B,775,60,20,27,27,76,111,91,61,47,56,49,33,31,19,24,19,11,9,4,F,2011
E01001393,Enfield 036C,1056,70,41,46,41,99,154,135,82,79,72,62,49,39,29,24,16,9,7,2,F,2011
E01001396,Enfield 036D,739,45,33,36,37,56,74,54,43,43,59,47,35,37,38,31,35,22,10,4,F,2011
E01001501,Enfield 036E,959,81,43,32,38,83,111,110,75,62,54,63,34,35,31,31,19,23,22,12,F,2011
E01001527,Enfield 036F,768,49,33,26,33,40,71,61,62,49,56,55,49,32,31,39,29,25,19,9,F,2011
E01001458,Enfield 037A,916,85,73,72,51,81,69,96,76,64,59,47,45,28,26,25,6,8,4,1,F,2011
E01001553,Enfield 037B,839,75,64,79,54,57,67,55,58,76,71,56,27,31,28,16,12,3,5,5,F,2011
E01001554,Enfield 037C,986,109,71,68,73,62,108,80,68,79,73,52,35,27,18,15,17,17,12,2,F,2011
E01001562,Enfield 037D,938,83,62,50,60,84,106,74,79,77,77,52,37,21,24,16,11,11,9,5,F,2011
E01032574,Enfield 037E,1116,115,97,76,63,98,103,81,87,76,76,63,43,35,25,30,30,10,4,4,F,2011
E09000011,,128588,10288,8052,7280,7813,9743,11415,12359,10396,9683,8802,7053,5723,5091,3989,3322,2776,2228,1624,951,F,2011
E01001690,Greenwich 001A,979,92,79,74,43,61,111,88,75,73,64,50,43,39,32,16,23,11,3,2,F,2011
E01001692,Greenwich 001B,699,65,51,54,47,50,47,60,74,65,52,36,36,23,20,5,7,2,4,1,F,2011
E01001693,Greenwich 001C,770,97,65,47,53,61,55,70,69,57,57,42,32,19,21,13,7,3,2,0,F,2011
E01001694,Greenwich 001D,850,80,74,62,58,38,68,72,71,83,66,48,40,44,23,11,8,4,0,0,F,2011
E01001687,Greenwich 002A,622,65,39,41,32,40,51,52,54,42,40,47,31,24,19,20,12,5,5,3,F,2011
E01001688,Greenwich 002B,1387,184,137,80,58,63,177,146,139,111,71,46,33,34,7,16,14,22,27,22,F,2011
E01033739,Greenwich 002E,742,92,66,28,44,65,129,131,70,42,37,15,8,9,3,0,2,1,0,0,F,2011
E01033740,Greenwich 002F,800,103,62,67,44,38,87,110,90,69,46,25,21,10,17,2,4,4,1,0,F,2011
E01033741,Greenwich 002G,864,127,87,54,39,48,96,99,110,66,58,28,23,16,8,2,1,1,0,1,F,2011
E01033743,Greenwich 002H,1066,132,140,69,53,54,91,149,123,83,58,33,18,16,9,10,12,9,5,2,F,2011
E01033745,Greenwich 002I,943,96,94,79,66,50,75,104,99,85,68,55,24,19,15,5,6,3,0,0,F,2011
E01001575,Greenwich 003A,912,89,71,78,69,58,59,80,64,80,70,46,31,28,17,16,20,19,15,2,F,2011
E01001576,Greenwich 003B,910,91,77,66,61,65,65,62,64,86,54,40,30,26,21,14,27,23,22,16,F,2011
E01001577,Greenwich 003C,978,90,87,58,70,60,64,73,78,79,71,60,30,30,33,20,28,24,20,3,F,2011
E01001578,Greenwich 003D,1081,112,84,63,49,68,89,125,83,97,68,63,45,40,25,27,18,15,9,1,F,2011
E01001579,Greenwich 003E,874,70,72,57,71,58,61,75,66,56,75,34,37,32,21,20,20,29,14,6,F,2011
E01001709,Greenwich 004B,593,45,44,57,38,51,58,49,39,36,43,30,22,29,17,9,11,9,4,2,F,2011
E01001711,Greenwich 004C,679,59,35,36,38,73,97,78,64,56,39,29,21,19,15,6,5,2,5,2,F,2011
E01001712,Greenwich 004D,1044,107,87,44,45,100,115,146,87,73,59,25,28,25,17,21,21,17,18,9,F,2011
E01033731,Greenwich 004E,511,39,18,12,15,67,123,82,44,41,30,10,13,11,5,1,0,0,0,0,F,2011
E01033734,Greenwich 004F,665,42,40,43,38,66,125,122,73,46,28,14,13,9,4,1,0,1,0,0,F,2011
E01033735,Greenwich 004G,493,50,23,6,17,87,76,86,45,23,15,5,8,9,9,10,7,8,5,4,F,2011
E01033736,Greenwich 004H,503,39,12,7,6,49,121,113,64,35,21,13,10,7,0,3,1,1,1,0,F,2011
E01033737,Greenwich 004I,721,80,52,41,41,61,76,75,77,50,39,38,17,13,17,13,10,11,6,4,F,2011
E01001705,Greenwich 005A,973,107,77,74,63,75,95,102,88,72,57,44,47,20,22,14,5,5,4,2,F,2011
E01001706,Greenwich 005B,677,49,54,45,51,64,47,51,43,59,53,56,44,24,16,13,6,1,1,0,F,2011
E01001708,Greenwich 005C,812,56,60,50,43,51,53,79,63,59,52,61,61,43,26,19,20,11,4,1,F,2011
E01001710,Greenwich 005D,873,105,64,68,70,64,72,88,75,72,42,24,30,22,17,14,16,15,10,5,F,2011
E01001713,Greenwich 005E,903,112,92,71,49,57,65,66,78,73,63,42,22,22,11,15,15,11,16,23,F,2011
E01001672,Greenwich 006A,971,94,64,59,62,82,104,95,87,82,62,45,43,29,16,20,12,12,2,1,F,2011
E01001673,Greenwich 006B,908,80,53,52,67,92,66,81,60,56,73,45,34,45,30,24,15,10,17,8,F,2011
E01001674,Greenwich 006C,983,78,65,64,60,74,75,82,62,91,66,74,37,35,35,34,22,21,7,1,F,2011
E01001675,Greenwich 006D,963,81,61,58,85,84,92,81,85,78,74,54,37,28,19,21,12,5,3,5,F,2011
E01001677,Greenwich 006E,977,92,65,63,68,95,67,89,78,73,88,59,37,30,20,18,12,18,4,1,F,2011
E01001631,Greenwich 007B,1026,101,84,79,63,96,117,96,83,74,66,43,34,20,14,23,14,8,8,3,F,2011
E01001632,Greenwich 007C,1163,100,88,60,84,142,103,158,81,68,68,70,43,29,24,16,15,6,7,1,F,2011
E01001635,Greenwich 007D,792,62,43,58,45,50,58,75,80,81,56,40,55,33,19,11,13,2,5,6,F,2011
E01001636,Greenwich 007E,761,70,44,36,37,68,70,68,65,53,52,47,37,32,20,15,17,20,9,1,F,2011
E01033742,Greenwich 007F,631,83,31,11,19,55,138,104,59,31,38,23,15,10,7,1,4,1,1,0,F,2011
E01033744,Greenwich 007G,939,86,59,57,35,65,86,116,82,69,61,53,24,27,22,17,9,21,27,23,F,2011
E01001571,Greenwich 008A,864,71,54,58,70,58,56,67,67,72,63,58,57,28,29,12,12,14,8,10,F,2011
E01001572,Greenwich 008B,910,86,67,51,44,53,80,83,70,70,60,55,48,45,25,24,13,15,14,7,F,2011
E01001573,Greenwich 008C,748,58,46,49,48,65,45,48,58,64,50,65,44,35,14,25,17,12,4,1,F,2011
E01001574,Greenwich 008D,908,107,74,48,47,72,93,82,65,69,63,42,35,20,26,20,16,10,13,6,F,2011
E01001629,Greenwich 009A,1114,88,97,75,63,96,139,111,74,71,78,53,48,34,34,26,14,10,2,1,F,2011
E01001633,Greenwich 009B,787,85,57,53,53,57,67,82,59,59,50,41,42,24,20,10,11,11,2,4,F,2011
E01001634,Greenwich 009C,922,99,68,63,50,62,86,82,75,62,54,56,32,30,19,19,11,18,13,23,F,2011
E01001637,Greenwich 009D,853,65,40,39,62,75,96,73,64,51,68,50,39,37,34,24,13,13,5,5,F,2011
E01001695,Greenwich 011A,772,66,35,57,49,63,72,65,61,62,41,34,33,34,23,32,17,10,8,10,F,2011
E01001696,Greenwich 011B,687,51,49,46,67,70,54,67,64,63,42,30,17,16,14,8,15,8,4,2,F,2011
E01001697,Greenwich 011C,1026,106,79,68,55,86,120,108,112,68,64,39,36,23,22,18,9,6,4,3,F,2011
E01001700,Greenwich 011D,991,103,80,77,54,75,115,107,110,60,52,48,36,21,22,14,9,6,0,2,F,2011
E01001703,Greenwich 011E,965,108,89,77,61,82,90,105,99,83,46,36,24,17,9,12,11,8,8,0,F,2011
E01001704,Greenwich 011F,800,53,34,46,61,43,67,67,60,74,59,59,44,43,23,23,24,9,8,3,F,2011
E01001588,Greenwich 012A,894,75,60,39,40,67,76,76,49,38,47,64,45,27,35,33,33,43,29,18,F,2011
E01001589,Greenwich 012B,782,60,39,33,40,69,68,82,65,64,53,43,39,43,26,21,14,15,4,4,F,2011
E01001591,Greenwich 012C,1066,92,82,68,56,85,92,102,82,98,68,46,29,38,34,33,25,15,12,9,F,2011
E01001595,Greenwich 012D,1051,93,79,83,65,65,82,83,83,81,71,50,46,35,26,31,28,17,21,12,F,2011
E01001590,Greenwich 014A,898,80,45,36,43,84,87,104,98,67,55,51,37,32,23,19,17,11,7,2,F,2011
E01001592,Greenwich 014B,897,96,39,32,49,41,87,104,92,77,65,54,36,39,29,21,18,10,3,5,F,2011
E01001593,Greenwich 014C,847,84,31,28,20,38,67,110,84,76,58,49,48,43,27,29,26,15,11,3,F,2011
E01001594,Greenwich 014D,1027,88,81,87,64,74,97,115,85,80,60,46,37,25,27,15,21,13,8,4,F,2011
E01001698,Greenwich 015A,884,92,71,59,55,83,75,84,66,82,82,43,26,26,13,12,8,4,2,1,F,2011
E01001699,Greenwich 015B,743,94,59,40,41,72,89,102,64,47,48,25,18,15,6,1,6,11,5,0,F,2011
E01001701,Greenwich 015C,762,110,63,46,46,40,106,98,62,45,34,26,29,19,12,7,7,8,3,1,F,2011
E01001702,Greenwich 015D,905,98,83,94,91,54,48,64,66,74,65,52,43,21,16,19,12,3,1,1,F,2011
E01001581,Greenwich 016A,880,48,38,33,45,49,84,100,82,65,46,51,34,45,36,32,26,24,20,22,F,2011
E01001585,Greenwich 016B,769,63,52,46,33,26,63,66,81,58,68,54,30,35,33,19,20,10,8,4,F,2011
E01001586,Greenwich 016C,793,44,29,34,36,38,56,73,66,62,48,43,50,35,34,29,24,38,37,17,F,2011
E01001587,Greenwich 016D,937,57,45,31,42,75,92,109,85,65,66,49,48,40,40,31,25,21,10,6,F,2011
E01001678,Greenwich 017A,828,49,45,44,61,43,38,56,53,70,77,59,60,27,40,34,22,29,12,9,F,2011
E01001683,Greenwich 017B,733,46,46,45,45,48,42,58,58,60,64,57,49,34,20,16,18,10,12,5,F,2011
E01001684,Greenwich 017C,768,38,38,64,60,41,44,49,53,71,59,61,47,43,33,29,16,10,11,1,F,2011
E01001685,Greenwich 017D,751,41,39,32,53,43,33,53,52,78,62,56,42,34,43,29,25,16,13,7,F,2011
E01001646,Greenwich 019A,1472,110,81,87,146,142,168,194,155,114,78,47,35,40,28,19,8,11,8,1,F,2011
E01001650,Greenwich 019B,875,62,51,55,60,56,54,58,54,76,63,65,62,46,27,31,23,17,11,4,F,2011
E01001651,Greenwich 019C,862,78,42,49,54,51,78,66,61,72,57,49,31,44,31,28,27,20,17,7,F,2011
E01001652,Greenwich 019D,805,44,40,33,36,57,63,74,65,58,51,42,48,41,26,22,25,29,23,28,F,2011
E01001679,Greenwich 020A,697,59,37,51,32,29,30,66,80,60,48,58,40,30,30,15,16,8,2,6,F,2011
E01001680,Greenwich 020B,778,42,50,48,43,38,42,37,56,47,63,55,49,53,45,33,31,25,14,7,F,2011
E01001681,Greenwich 020C,612,38,34,46,40,32,34,40,40,63,64,50,35,35,25,14,9,5,7,1,F,2011
E01001682,Greenwich 020D,679,43,32,45,43,30,34,43,63,53,48,52,45,32,35,31,21,14,9,6,F,2011
E01001686,Greenwich 020E,895,82,62,45,37,52,91,80,75,79,71,54,46,43,20,17,12,13,9,7,F,2011
E01001580,Greenwich 021A,810,47,31,26,37,52,108,121,85,50,58,29,39,32,41,23,17,5,5,4,F,2011
E01001582,Greenwich 021B,779,62,38,40,30,36,67,74,49,59,59,34,31,39,31,41,24,21,26,18,F,2011
E01001583,Greenwich 021C,792,44,29,40,24,36,82,115,79,54,74,38,34,28,24,21,30,20,15,5,F,2011
E01001584,Greenwich 021D,801,56,43,29,20,38,61,66,74,70,62,37,35,34,41,35,26,25,20,29,F,2011
E01001645,Greenwich 022A,873,48,49,50,59,45,51,57,56,69,81,69,53,42,37,19,28,23,24,13,F,2011
E01001647,Greenwich 022B,748,51,42,41,47,40,35,55,60,48,50,52,44,50,37,27,24,21,12,12,F,2011
E01001648,Greenwich 022C,875,77,49,49,42,40,93,74,90,67,64,55,39,31,29,27,22,14,8,5,F,2011
E01001649,Greenwich 022D,796,55,47,55,57,54,55,60,57,76,65,38,53,44,24,19,16,9,8,4,F,2011
E01001605,Greenwich 023A,813,36,43,63,58,46,24,47,40,71,78,66,42,56,40,37,27,16,12,11,F,2011
E01001606,Greenwich 023B,827,55,35,66,49,47,35,49,64,84,74,63,45,55,33,23,25,15,8,2,F,2011
E01001610,Greenwich 023C,856,41,50,46,41,46,39,69,53,69,75,61,65,45,48,40,28,26,11,3,F,2011
E01001611,Greenwich 023D,830,47,35,43,36,39,49,63,68,69,54,62,53,38,35,43,40,27,18,11,F,2011
E01001620,Greenwich 025A,806,45,55,71,69,56,40,55,46,68,70,58,32,36,26,28,26,12,9,4,F,2011
E01001621,Greenwich 025B,772,43,44,44,48,47,55,57,52,64,65,60,38,46,31,29,14,18,14,3,F,2011
E01001623,Greenwich 025C,864,63,51,65,46,48,73,94,67,66,78,52,32,42,26,27,16,11,7,0,F,2011
E01001624,Greenwich 025D,826,47,41,49,40,47,40,63,53,64,73,73,54,49,36,36,20,21,15,5,F,2011
E01001625,Greenwich 025E,820,49,45,48,55,44,47,60,57,58,63,57,61,39,31,33,26,21,14,12,F,2011
E01001604,Greenwich 027A,703,42,26,24,42,46,43,41,60,67,51,50,59,36,36,20,21,13,21,5,F,2011
E01001607,Greenwich 027B,801,57,39,46,48,32,40,41,55,72,51,57,63,61,40,38,24,19,14,4,F,2011
E01001608,Greenwich 027C,730,39,30,47,39,51,18,20,34,61,62,51,49,62,46,33,35,23,23,7,F,2011
E01001609,Greenwich 027D,803,46,34,42,43,41,52,48,56,57,58,53,53,43,39,27,33,37,24,17,F,2011
E01001613,Greenwich 028A,825,46,42,30,35,62,68,65,61,36,50,51,43,50,53,27,34,24,35,13,F,2011
E01001614,Greenwich 028B,727,29,18,47,54,43,28,30,27,39,59,69,49,56,52,39,32,27,21,8,F,2011
E01001615,Greenwich 028C,740,40,32,25,27,70,74,66,47,54,47,40,34,34,18,35,33,34,20,10,F,2011
E01001617,Greenwich 028D,824,30,28,44,31,51,47,55,48,54,59,46,52,52,53,48,43,40,29,14,F,2011
E01001653,Greenwich 029A,816,54,67,50,62,47,60,74,57,64,54,53,44,43,27,28,19,5,5,3,F,2011
E01001654,Greenwich 029B,835,68,65,60,62,47,55,53,62,63,66,52,34,42,23,24,23,15,12,9,F,2011
E01001655,Greenwich 029C,747,61,43,50,46,44,69,83,57,45,57,34,49,34,18,20,15,7,11,4,F,2011
E01001660,Greenwich 029D,836,60,45,56,75,48,45,59,56,76,64,50,42,44,40,28,17,7,18,6,F,2011
E01001661,Greenwich 029E,798,50,53,52,49,47,40,64,66,58,57,41,39,55,34,37,17,21,17,1,F,2011
E01001618,Greenwich 030C,813,43,62,41,39,60,44,53,59,61,62,52,38,46,38,28,25,33,16,13,F,2011
E01001619,Greenwich 030D,957,70,47,40,36,66,102,116,85,66,56,47,52,48,42,17,25,24,13,5,F,2011
E01033729,Greenwich 030E,1669,90,74,48,323,490,110,69,60,59,64,52,43,52,33,34,26,21,13,8,F,2011
E01001597,Greenwich 031A,766,40,37,41,42,49,42,63,45,48,61,62,41,54,35,27,24,26,15,14,F,2011
E01001598,Greenwich 031B,773,27,32,36,62,51,33,37,34,42,55,74,58,62,50,47,27,19,19,8,F,2011
E01001602,Greenwich 031C,999,63,62,64,86,52,57,60,64,72,71,67,55,41,50,46,27,25,21,16,F,2011
E01001603,Greenwich 031D,871,76,61,37,47,63,65,59,55,52,68,48,39,53,34,25,30,30,23,6,F,2011
E01001596,Greenwich 032A,793,36,52,30,47,39,33,54,43,61,74,50,55,53,46,34,35,25,20,6,F,2011
E01001599,Greenwich 032B,871,43,56,56,52,66,46,61,44,66,67,57,59,53,46,31,32,12,12,12,F,2011
E01001600,Greenwich 032C,765,53,32,31,45,66,65,48,51,59,61,52,37,37,39,28,25,19,12,5,F,2011
E01001601,Greenwich 032D,802,41,33,54,40,79,38,30,44,46,72,51,49,56,27,43,29,23,29,18,F,2011
E01001669,Greenwich 033A,948,71,68,67,81,67,60,72,71,80,67,62,48,34,29,21,21,20,7,2,F,2011
E01001671,Greenwich 033B,814,58,58,34,49,47,56,66,79,76,56,44,41,44,24,27,28,10,6,11,F,2011
E01001676,Greenwich 033C,872,90,66,72,59,69,92,63,85,67,50,56,21,22,16,9,13,13,8,1,F,2011
E01032567,Greenwich 033D,823,36,50,48,62,57,47,40,49,77,76,67,47,39,33,44,24,12,8,7,F,2011
E01001656,Greenwich 034A,648,32,23,39,29,30,44,55,34,54,60,30,37,35,30,24,28,28,22,14,F,2011
E01001657,Greenwich 034B,792,64,55,33,38,21,47,64,59,81,70,49,35,43,44,31,26,17,10,5,F,2011
E01001658,Greenwich 034C,822,68,40,31,41,37,72,80,52,54,53,48,33,45,38,36,35,29,22,8,F,2011
E01001659,Greenwich 034D,713,34,44,37,52,44,35,45,45,29,71,47,50,41,43,26,24,19,17,10,F,2011
E01033726,Greenwich 034E,1261,66,107,85,101,81,65,79,88,106,101,101,63,50,41,34,26,33,19,15,F,2011
E01001640,Greenwich 035A,1238,86,81,64,97,225,139,116,88,94,69,48,36,27,19,24,18,3,2,2,F,2011
E01033727,Greenwich 035B,1321,62,55,69,259,262,118,117,90,81,64,52,32,23,17,13,3,0,3,1,F,2011
E01033728,Greenwich 035C,589,42,20,13,25,62,127,125,62,39,27,17,11,8,3,3,3,0,2,0,F,2011
E01033730,Greenwich 035D,585,44,21,14,24,58,126,133,69,26,18,13,9,3,11,7,3,4,1,1,F,2011
E01001666,Greenwich 036A,722,52,39,29,26,81,91,84,71,31,38,33,39,37,24,13,9,15,5,5,F,2011
E01001667,Greenwich 036B,817,54,60,33,51,82,77,71,58,43,49,42,30,31,32,21,24,28,18,13,F,2011
E01001668,Greenwich 036C,1187,85,80,57,53,101,131,139,94,107,80,63,36,41,30,32,29,16,7,6,F,2011
E01033732,Greenwich 036D,520,53,30,13,30,47,93,104,53,31,20,14,10,11,4,5,0,0,0,2,F,2011
E01033733,Greenwich 036E,563,60,29,6,13,53,136,125,64,30,14,11,8,6,4,2,0,1,1,0,F,2011
E01001662,Greenwich 037A,811,64,28,20,33,59,97,138,93,47,58,35,36,32,28,14,16,5,6,2,F,2011
E01001664,Greenwich 037B,930,56,36,33,27,91,126,114,71,66,56,41,45,40,37,29,28,22,7,5,F,2011
E01001665,Greenwich 037C,929,71,48,31,35,89,125,128,98,57,51,48,52,33,17,18,6,11,4,7,F,2011
E01033738,Greenwich 037D,593,46,28,14,13,55,93,76,70,45,27,24,25,16,21,13,9,8,8,2,F,2011
E01001638,Greenwich 038A,1027,85,61,61,49,84,118,122,86,94,57,40,30,20,16,26,17,26,19,16,F,2011
E01001641,Greenwich 038B,904,78,49,25,30,79,121,115,73,68,64,40,30,24,21,30,21,19,9,8,F,2011
E01001642,Greenwich 038C,917,79,47,52,15,35,90,98,88,70,77,47,42,41,40,35,28,14,12,7,F,2011
E01001644,Greenwich 038D,1041,60,44,38,44,106,167,176,105,71,55,53,28,34,17,13,21,8,0,1,F,2011
E01033746,Greenwich 038E,774,68,26,18,31,26,70,115,77,42,56,36,30,31,34,27,30,27,19,11,F,2011
E09000015,,121622,7894,7102,6914,7195,7715,9890,9655,8557,8650,8492,7858,6712,6229,5070,4186,3649,2868,1829,1157,F,2011
E01002112,Harrow 001A,999,61,57,43,46,54,78,54,51,77,62,83,49,70,50,44,42,28,30,20,F,2011
E01002114,Harrow 001B,1104,74,60,35,35,37,94,78,72,63,59,39,40,56,53,61,67,75,54,52,F,2011
E01002225,Harrow 001C,861,23,30,31,37,26,39,36,40,41,47,58,63,54,66,73,57,46,36,58,F,2011
E01002226,Harrow 001D,1185,64,43,51,44,65,83,94,78,75,72,55,58,65,84,71,50,58,43,32,F,2011
E01002113,Harrow 002A,812,40,48,51,55,41,48,47,40,63,67,56,47,62,28,36,25,24,19,15,F,2011
E01002115,Harrow 002B,780,37,48,42,41,40,61,53,67,45,43,59,48,57,42,30,16,25,19,7,F,2011
E01002116,Harrow 002C,859,35,35,28,47,57,70,51,43,40,47,60,57,57,53,47,38,43,23,28,F,2011
E01002117,Harrow 002D,1101,64,95,91,86,80,69,65,83,89,62,76,50,53,41,36,28,14,12,7,F,2011
E01002118,Harrow 002E,883,65,50,21,39,56,84,79,77,42,45,51,45,44,37,35,29,31,32,21,F,2011
E01002227,Harrow 003A,919,50,46,55,65,64,43,56,51,74,55,73,51,65,51,40,29,18,14,19,F,2011
E01002228,Harrow 003B,1105,79,77,75,61,76,84,89,100,84,58,55,65,56,38,47,33,19,6,3,F,2011
E01002229,Harrow 003C,918,50,45,40,36,41,65,70,81,61,47,47,48,52,57,51,39,38,29,21,F,2011
E01002230,Harrow 003D,897,40,41,48,52,67,47,39,60,54,64,86,44,76,54,41,32,35,13,4,F,2011
E01002144,Harrow 004A,796,34,37,52,51,48,50,20,42,51,60,74,55,54,48,37,32,26,19,6,F,2011
E01002146,Harrow 004B,765,26,65,47,45,38,31,36,44,50,79,55,55,50,40,29,36,17,12,10,F,2011
E01002147,Harrow 004C,715,21,25,17,45,36,38,32,21,36,51,59,45,70,56,41,44,24,24,30,F,2011
E01002149,Harrow 004D,692,30,36,33,41,29,31,21,41,61,52,52,57,52,49,47,22,24,13,1,F,2011
E01002140,Harrow 005A,860,47,42,55,57,52,68,49,48,56,88,64,44,41,35,37,20,28,14,15,F,2011
E01002141,Harrow 005B,924,51,34,55,57,52,73,54,42,51,80,67,46,67,47,38,44,35,19,12,F,2011
E01002142,Harrow 005C,936,72,47,42,69,46,78,73,57,45,68,66,61,57,52,24,34,31,8,6,F,2011
E01002143,Harrow 005D,812,67,45,67,60,40,63,60,55,71,75,53,35,36,18,23,18,13,8,5,F,2011
E01002145,Harrow 005E,827,34,39,43,45,41,41,47,50,49,48,59,37,58,52,49,45,48,24,18,F,2011
E01002139,Harrow 006A,773,42,56,64,77,64,48,37,45,65,59,48,38,36,26,15,9,17,17,10,F,2011
E01002148,Harrow 006B,739,32,43,50,55,56,39,39,30,59,68,63,45,39,33,33,23,12,16,4,F,2011
E01002150,Harrow 006C,1006,67,52,37,41,52,100,90,70,67,58,63,37,47,37,35,51,44,39,19,F,2011
E01002151,Harrow 006D,806,58,52,63,49,47,38,55,43,61,67,47,44,31,37,24,23,23,20,24,F,2011
E01002152,Harrow 006E,861,53,42,30,50,39,57,58,70,60,53,46,59,51,42,38,40,35,25,13,F,2011
E01002119,Harrow 007A,877,52,56,46,57,61,106,88,52,43,62,64,40,46,28,22,29,15,4,6,F,2011
E01002120,Harrow 007B,677,55,29,41,35,59,53,59,35,42,52,43,43,27,29,26,20,15,8,6,F,2011
E01002121,Harrow 007C,910,66,61,55,40,74,78,70,63,77,53,65,45,49,29,29,22,17,8,9,F,2011
E01002122,Harrow 007D,834,52,39,46,56,58,86,80,60,51,52,45,45,30,39,28,31,16,11,9,F,2011
E01002123,Harrow 007E,863,55,37,36,63,94,104,77,47,50,49,53,47,35,27,26,29,22,10,2,F,2011
E01002106,Harrow 008A,1036,54,65,71,62,61,70,62,63,75,91,84,68,68,52,32,22,18,18,0,F,2011
E01002108,Harrow 008B,937,56,67,71,67,55,53,55,75,73,74,54,63,51,36,27,30,13,11,6,F,2011
E01002109,Harrow 008C,900,48,42,33,51,55,63,54,65,62,75,71,75,48,48,28,32,24,17,9,F,2011
E01002110,Harrow 008D,896,50,60,54,67,60,58,62,72,66,69,56,52,48,37,28,19,23,8,7,F,2011
E01002111,Harrow 008E,1095,67,82,79,77,57,80,98,80,79,69,77,67,45,42,34,19,21,16,6,F,2011
E01002185,Harrow 009A,825,52,50,63,64,48,51,69,52,85,54,59,49,32,29,28,21,8,6,5,F,2011
E01002186,Harrow 009B,874,53,47,39,28,43,75,80,76,56,54,59,50,44,39,24,33,25,38,11,F,2011
E01002187,Harrow 009C,980,48,48,51,57,43,56,52,64,65,68,60,62,63,71,54,39,42,21,16,F,2011
E01002190,Harrow 009D,848,37,33,42,49,38,39,33,52,64,65,64,53,81,54,53,45,27,11,8,F,2011
E01002124,Harrow 010A,938,67,80,59,58,79,82,84,72,58,70,56,48,30,30,16,17,21,7,4,F,2011
E01002125,Harrow 010B,801,62,43,42,44,71,81,74,41,50,62,59,38,39,32,21,17,12,6,7,F,2011
E01002198,Harrow 010C,898,52,59,57,65,67,104,78,65,62,63,67,43,32,22,23,16,11,5,7,F,2011
E01002200,Harrow 010D,826,51,41,51,47,81,80,56,51,50,70,58,45,31,37,32,17,14,6,8,F,2011
E01002203,Harrow 010E,893,58,69,54,73,51,62,92,59,81,46,67,37,45,32,31,17,16,1,2,F,2011
E01002232,Harrow 011A,1001,92,61,54,49,71,76,96,52,60,58,57,61,54,36,22,36,32,20,14,F,2011
E01002233,Harrow 011B,1048,102,64,57,54,82,103,89,81,91,79,40,46,43,35,21,29,17,13,2,F,2011
E01002234,Harrow 011C,874,57,59,56,76,63,84,67,66,74,68,55,41,32,23,21,13,11,5,3,F,2011
E01002235,Harrow 011D,1019,86,77,70,91,57,56,59,77,86,58,71,39,41,42,26,29,25,21,8,F,2011
E01002236,Harrow 011E,909,70,61,67,67,70,81,75,64,87,60,57,38,31,31,24,8,13,3,2,F,2011
E01002107,Harrow 012A,917,55,77,71,53,44,60,63,71,87,49,68,64,50,41,24,21,13,4,2,F,2011
E01002197,Harrow 012B,710,33,32,47,43,51,48,41,43,53,44,51,47,31,34,28,25,26,14,19,F,2011
E01002199,Harrow 012C,774,49,41,51,47,52,62,49,60,63,44,57,53,44,36,20,18,14,8,6,F,2011
E01002201,Harrow 012D,904,46,42,67,52,65,73,53,44,60,81,79,55,47,45,34,29,22,10,0,F,2011
E01002202,Harrow 012E,1040,115,85,47,46,74,127,106,89,82,56,40,43,25,28,26,26,16,6,3,F,2011
E01002179,Harrow 013A,1104,112,56,49,54,93,121,127,86,72,68,62,61,36,31,28,25,14,6,3,F,2011
E01002180,Harrow 013B,1046,92,79,55,40,78,127,110,71,81,72,66,49,33,29,23,16,16,3,6,F,2011
E01002183,Harrow 013C,1056,61,64,53,61,67,93,89,79,76,85,54,57,56,32,42,31,25,18,13,F,2011
E01002184,Harrow 013D,944,84,49,57,43,76,85,78,72,75,68,53,39,41,42,24,32,11,9,6,F,2011
E01002231,Harrow 013E,953,74,62,59,76,53,77,89,72,80,65,60,36,52,29,22,19,19,6,3,F,2011
E01002154,Harrow 015A,1027,57,57,58,74,65,60,71,71,85,67,75,68,66,54,24,24,25,18,8,F,2011
E01002156,Harrow 015B,777,37,39,44,50,45,40,41,52,42,66,69,54,59,47,26,31,20,13,2,F,2011
E01002162,Harrow 015C,950,76,56,63,47,52,83,80,77,72,78,63,41,35,31,20,31,26,14,5,F,2011
E01002163,Harrow 015D,858,28,44,61,86,46,42,53,55,48,72,68,75,51,48,24,27,17,8,5,F,2011
E01002188,Harrow 016A,859,27,54,50,44,30,35,33,35,52,71,68,67,73,52,35,48,33,27,25,F,2011
E01002189,Harrow 016B,857,46,40,49,38,30,61,70,55,52,63,45,53,62,50,32,41,34,17,19,F,2011
E01002192,Harrow 016C,798,70,29,34,33,24,48,45,48,51,50,53,47,55,46,41,50,41,22,11,F,2011
E01002193,Harrow 016D,962,69,75,57,46,52,67,71,71,87,70,55,58,45,31,29,26,22,27,4,F,2011
E01002165,Harrow 017A,841,54,40,57,38,74,92,82,64,57,53,56,44,34,26,23,28,12,5,2,F,2011
E01002166,Harrow 017B,808,40,46,49,38,52,87,55,52,49,53,59,57,54,35,28,23,20,4,7,F,2011
E01002167,Harrow 017C,825,53,44,56,47,65,85,48,61,51,61,62,47,32,20,25,32,22,9,5,F,2011
E01002168,Harrow 017D,796,38,50,66,61,59,46,53,60,68,66,56,34,32,23,28,25,16,10,5,F,2011
E01002169,Harrow 017E,822,34,39,45,48,55,81,62,58,59,62,52,58,37,37,33,28,16,12,6,F,2011
E01002153,Harrow 019A,908,53,57,53,53,49,61,59,47,60,66,55,57,53,59,46,26,34,11,9,F,2011
E01002155,Harrow 019B,831,51,44,30,44,27,37,60,55,68,67,52,66,49,41,30,27,47,26,10,F,2011
E01002157,Harrow 019C,862,51,34,54,48,56,77,75,50,61,64,52,70,50,32,26,21,26,12,3,F,2011
E01002158,Harrow 019D,742,39,46,34,54,41,42,42,39,56,71,55,47,47,32,34,24,27,8,4,F,2011
E01002128,Harrow 020A,1035,82,56,28,30,111,150,155,103,51,39,54,31,41,34,24,14,9,14,9,F,2011
E01002130,Harrow 020B,1108,110,66,40,37,109,160,170,94,82,76,31,32,35,22,19,14,8,2,1,F,2011
E01002181,Harrow 020C,907,59,64,41,37,63,109,110,76,51,67,41,53,35,19,22,22,18,12,8,F,2011
E01002182,Harrow 020D,959,79,59,37,34,80,99,118,86,63,57,45,48,40,27,41,23,15,3,5,F,2011
E01002159,Harrow 021A,934,48,38,64,52,73,66,73,70,72,61,68,60,56,37,33,28,18,10,7,F,2011
E01002160,Harrow 021B,972,67,70,45,48,92,135,87,94,64,68,52,44,29,23,23,17,10,2,2,F,2011
E01002161,Harrow 021C,1066,69,52,72,69,70,98,115,66,88,75,49,66,36,36,41,27,14,12,11,F,2011
E01002164,Harrow 021D,901,72,45,36,35,46,94,110,81,66,58,43,48,45,27,33,19,20,15,8,F,2011
E01002191,Harrow 022A,1014,61,86,66,75,37,62,60,96,91,70,66,62,56,46,32,25,15,7,1,F,2011
E01002194,Harrow 022B,894,50,53,51,59,34,31,49,59,63,65,68,53,62,56,38,34,34,26,9,F,2011
E01002195,Harrow 022C,838,50,52,58,48,36,36,52,59,60,75,54,54,51,34,44,23,24,17,11,F,2011
E01002196,Harrow 022D,892,46,77,40,51,39,37,51,55,65,77,68,80,58,47,28,36,19,13,5,F,2011
E01002126,Harrow 023A,1393,129,42,30,70,107,229,196,126,68,53,39,41,45,56,45,46,26,25,20,F,2011
E01002127,Harrow 023B,913,51,42,35,42,86,116,80,60,54,56,54,59,42,34,36,24,18,13,11,F,2011
E01002129,Harrow 023C,989,65,50,43,33,69,140,128,87,64,49,80,40,40,35,21,18,13,10,4,F,2011
E01002131,Harrow 023D,814,54,41,50,48,71,77,64,61,65,54,45,39,41,37,20,23,13,7,4,F,2011
E01002237,Harrow 024A,828,59,40,49,57,68,90,103,67,65,72,26,35,31,20,15,15,9,5,2,F,2011
E01002238,Harrow 024B,903,76,66,45,56,42,71,82,77,86,60,53,43,35,29,24,21,18,10,9,F,2011
E01002240,Harrow 024C,908,64,33,53,58,56,59,69,76,68,59,72,48,48,27,39,28,24,13,14,F,2011
E01002242,Harrow 024D,954,49,62,58,50,61,76,69,63,79,62,77,60,39,52,31,26,26,11,3,F,2011
E01002208,Harrow 025A,679,33,49,51,35,25,27,30,50,48,54,46,27,52,52,32,28,26,11,3,F,2011
E01002209,Harrow 025B,805,47,44,42,58,48,64,47,55,67,60,53,52,41,32,34,25,17,11,8,F,2011
E01002239,Harrow 025C,888,56,52,52,41,48,57,60,51,81,61,50,48,57,57,34,33,27,16,7,F,2011
E01002241,Harrow 025D,808,51,65,71,44,55,44,40,72,72,60,60,48,41,27,29,19,9,1,0,F,2011
E01002133,Harrow 027A,1042,65,67,53,64,55,93,80,101,75,67,53,41,52,42,43,34,31,17,9,F,2011
E01002136,Harrow 027B,870,72,49,62,35,47,62,82,47,74,48,66,44,40,41,36,21,19,16,9,F,2011
E01002138,Harrow 027C,774,58,49,48,61,42,55,81,63,58,61,51,35,42,23,16,13,6,7,5,F,2011
E01002213,Harrow 027D,1499,156,94,82,71,93,186,185,127,94,83,60,64,57,31,29,24,36,14,13,F,2011
E01002211,Harrow 028A,785,64,47,53,69,57,62,50,52,67,64,55,52,25,17,20,17,7,5,2,F,2011
E01002212,Harrow 028B,889,70,75,46,49,57,70,104,71,46,66,40,46,38,29,31,19,16,8,8,F,2011
E01002216,Harrow 028C,824,58,62,64,52,30,53,76,63,65,69,43,55,34,31,19,26,8,11,5,F,2011
E01002217,Harrow 028D,835,54,62,78,82,54,61,62,61,90,54,45,39,23,16,21,13,9,11,0,F,2011
E01002132,Harrow 029A,1035,107,57,31,51,57,114,141,80,77,80,53,33,47,32,23,20,17,9,6,F,2011
E01002134,Harrow 029B,702,55,37,24,20,31,62,95,65,50,41,38,33,41,30,24,24,13,12,7,F,2011
E01002135,Harrow 029C,902,71,48,39,40,48,90,92,64,57,53,54,43,52,26,38,32,19,17,19,F,2011
E01002137,Harrow 029D,503,45,24,18,14,21,46,60,45,50,42,28,28,22,20,14,12,6,6,2,F,2011
E01002218,Harrow 030A,835,75,53,50,31,34,57,75,65,56,43,65,37,37,40,31,28,33,20,5,F,2011
E01002219,Harrow 030B,903,70,61,56,49,53,66,89,82,64,55,43,46,42,26,27,37,14,18,5,F,2011
E01002221,Harrow 030C,766,43,42,48,69,61,79,41,57,51,61,52,31,39,27,26,18,9,5,7,F,2011
E01002222,Harrow 030D,818,60,55,60,70,53,47,60,57,43,84,50,38,40,26,26,24,10,10,5,F,2011
E01002214,Harrow 031A,930,75,69,70,48,64,74,89,71,70,63,56,36,47,25,23,17,18,13,2,F,2011
E01002215,Harrow 031B,830,44,54,67,59,51,41,47,55,72,63,61,50,39,35,27,27,22,10,6,F,2011
E01002220,Harrow 031C,792,50,46,66,79,44,40,44,62,71,70,56,45,42,27,20,6,10,9,5,F,2011
E01002223,Harrow 031D,951,65,64,75,68,56,69,63,66,73,89,72,58,41,31,21,25,7,4,4,F,2011
E01002224,Harrow 031E,789,61,53,54,67,54,74,52,59,55,62,62,36,37,20,11,11,14,5,2,F,2011
E01002204,Harrow 032A,867,64,65,50,46,51,101,81,73,49,55,49,40,38,27,22,25,18,7,6,F,2011
E01002206,Harrow 032B,680,45,35,46,49,49,47,51,38,56,55,55,32,29,25,14,22,18,9,5,F,2011
E01002207,Harrow 032C,859,47,69,65,65,45,55,63,73,58,67,62,39,36,35,31,24,17,8,0,F,2011
E01002210,Harrow 032D,824,56,50,44,50,48,58,81,51,48,61,53,66,38,33,26,29,13,15,4,F,2011
E01032576,Harrow 032E,862,56,55,54,52,49,77,74,48,62,66,49,55,48,40,29,23,9,12,4,F,2011
E01002170,Harrow 033A,691,32,33,43,62,47,52,44,46,50,53,58,37,31,30,27,20,14,10,2,F,2011
E01002171,Harrow 033B,856,55,46,48,44,78,77,71,69,48,45,51,47,49,35,37,20,22,10,4,F,2011
E01002172,Harrow 033C,800,49,53,53,56,54,57,64,47,58,60,69,41,43,32,22,15,13,10,4,F,2011
E01002173,Harrow 033D,880,52,35,39,52,70,76,58,51,64,57,61,72,59,46,33,30,17,5,3,F,2011
E01002174,Harrow 033E,796,36,31,36,47,51,76,63,46,41,55,61,65,53,39,27,32,14,17,6,F,2011
E01002175,Harrow 033F,687,33,30,17,29,67,77,59,46,30,45,56,32,46,38,25,21,15,14,7,F,2011
E01002176,Harrow 033G,911,45,40,41,54,107,85,72,59,45,58,67,58,37,43,31,32,18,13,6,F,2011
E01002177,Harrow 033H,714,35,41,39,56,44,51,50,41,51,59,58,46,40,27,29,23,12,9,3,F,2011
E01002178,Harrow 033I,854,42,46,62,71,50,55,42,50,75,63,72,56,39,42,36,27,11,8,7,F,2011
E09000016,,123397,6738,6535,7041,7566,7442,7535,7549,7491,8927,9132,8371,6936,7405,6023,5223,5035,4240,2768,1440,F,2011
E01002276,Havering 001A,1024,41,65,68,80,70,57,61,55,67,78,76,57,50,30,35,29,40,37,28,F,2011
E01002278,Havering 001B,832,51,61,63,69,38,56,70,58,60,49,50,44,32,32,12,25,24,23,15,F,2011
E01002312,Havering 001C,734,39,38,59,25,24,28,50,52,56,29,32,36,49,49,52,51,32,23,10,F,2011
E01002313,Havering 001D,796,61,60,40,53,33,53,55,56,56,53,51,32,51,29,32,19,27,24,11,F,2011
E01002277,Havering 002A,750,41,33,47,56,61,45,41,44,58,72,56,42,42,33,17,25,15,11,11,F,2011
E01002279,Havering 002B,855,66,74,44,59,57,57,50,59,75,67,38,41,38,33,18,19,22,26,12,F,2011
E01002281,Havering 002C,827,57,61,42,60,58,67,61,71,66,54,54,28,37,32,16,22,20,10,11,F,2011
E01002283,Havering 002D,770,53,41,55,41,57,41,51,61,62,55,38,38,28,28,24,21,28,28,20,F,2011
E01002299,Havering 002E,911,67,60,59,71,49,53,72,66,81,69,60,41,44,28,25,22,19,16,9,F,2011
E01002301,Havering 003A,785,35,36,38,50,47,43,26,48,46,51,75,64,72,42,46,36,20,6,4,F,2011
E01002303,Havering 003B,1131,74,75,68,84,67,93,88,70,82,73,62,60,54,40,49,35,28,23,6,F,2011
E01002304,Havering 003C,745,29,37,34,42,40,50,31,40,50,41,54,45,59,50,39,37,30,15,22,F,2011
E01002306,Havering 003D,875,73,67,81,57,52,85,57,75,55,51,45,39,38,28,27,22,13,9,1,F,2011
E01002307,Havering 003E,871,67,54,57,54,57,64,60,58,68,66,63,42,43,31,31,22,18,14,2,F,2011
E01002280,Havering 004A,813,62,49,66,66,76,61,78,64,56,48,40,22,37,18,19,24,10,12,5,F,2011
E01002282,Havering 004B,825,55,70,63,70,63,68,62,55,87,51,42,25,32,18,7,16,17,15,9,F,2011
E01002284,Havering 004C,988,71,76,59,80,66,70,67,66,69,69,63,41,43,17,25,23,45,25,13,F,2011
E01002297,Havering 004D,717,54,35,39,63,64,55,59,54,46,56,54,33,30,19,19,10,11,10,6,F,2011
E01002314,Havering 004E,911,65,65,61,67,57,61,80,66,69,37,68,43,32,23,31,24,22,31,9,F,2011
E01002316,Havering 004F,831,51,44,56,48,48,44,62,50,61,57,46,35,71,46,31,25,19,23,14,F,2011
E01002302,Havering 005A,859,55,46,62,54,61,46,45,60,70,62,56,52,56,32,32,23,28,12,7,F,2011
E01002305,Havering 005B,800,41,47,56,41,44,52,43,47,63,52,57,51,60,50,33,34,20,9,0,F,2011
E01002308,Havering 005C,852,65,38,49,57,65,51,48,50,60,57,51,44,48,46,30,38,27,16,12,F,2011
E01002326,Havering 005D,784,47,32,48,52,55,48,42,48,55,60,55,38,42,44,33,35,29,14,7,F,2011
E01002331,Havering 005E,807,32,33,39,59,42,42,49,45,58,57,54,49,47,39,35,48,35,28,16,F,2011
E01002309,Havering 006A,787,52,41,40,48,40,41,50,57,58,53,51,44,42,40,42,38,23,18,9,F,2011
E01002310,Havering 006B,926,54,49,60,46,43,58,88,54,73,47,44,62,61,47,18,24,37,38,23,F,2011
E01002311,Havering 006C,893,63,71,49,59,57,57,62,49,81,52,52,39,61,40,34,26,27,9,5,F,2011
E01002315,Havering 006D,821,61,51,63,42,38,62,60,55,73,58,52,36,47,38,25,17,23,10,10,F,2011
E01002293,Havering 007A,806,60,39,22,42,55,82,87,65,60,61,45,42,25,34,28,27,18,9,5,F,2011
E01002294,Havering 007B,757,35,25,34,49,33,44,27,46,50,62,46,53,71,35,44,38,29,21,15,F,2011
E01002296,Havering 007C,849,43,35,48,39,39,47,33,36,64,61,67,57,77,61,36,29,45,22,10,F,2011
E01002298,Havering 007D,795,34,39,43,45,33,33,48,52,72,62,51,47,46,55,44,34,31,16,10,F,2011
E01002300,Havering 007E,843,48,33,31,31,44,54,56,46,55,47,62,48,57,53,43,51,44,24,16,F,2011
E01002333,Havering 008A,696,18,28,44,53,40,26,21,29,47,62,54,51,53,37,32,39,37,20,5,F,2011
E01002334,Havering 008B,862,26,43,36,49,50,39,35,43,52,69,65,68,75,61,50,32,40,24,5,F,2011
E01002336,Havering 008C,780,38,38,42,47,36,32,37,40,53,66,51,52,59,55,49,36,25,18,6,F,2011
E01002339,Havering 008D,814,22,39,64,57,34,23,28,48,59,68,74,52,54,50,48,43,26,19,6,F,2011
E01002341,Havering 008E,721,23,34,33,33,39,37,34,35,43,51,57,47,60,43,34,45,46,21,6,F,2011
E01002327,Havering 009A,789,38,43,49,59,39,42,47,44,52,52,62,55,41,47,37,38,25,16,3,F,2011
E01002328,Havering 009B,843,55,49,43,45,47,48,58,58,68,79,64,43,65,34,27,21,17,15,7,F,2011
E01002332,Havering 009C,866,43,48,47,51,46,44,65,43,59,66,54,46,65,44,57,40,29,11,8,F,2011
E01002335,Havering 009D,751,39,26,28,35,45,56,55,45,42,43,57,64,55,37,30,37,20,23,14,F,2011
E01002338,Havering 009E,698,41,53,40,37,50,29,31,46,66,45,50,36,43,34,28,29,25,10,5,F,2011
E01002340,Havering 009F,695,47,36,51,51,28,42,40,48,62,52,39,47,40,28,30,21,18,11,4,F,2011
E01002268,Havering 010A,724,40,39,45,48,31,35,37,50,37,66,56,35,46,36,25,36,32,22,8,F,2011
E01002269,Havering 010B,936,40,56,84,62,53,38,44,44,80,73,67,48,49,46,48,58,26,16,4,F,2011
E01002295,Havering 010C,823,48,39,34,41,59,66,61,64,56,49,55,44,48,53,36,20,18,23,9,F,2011
E01002377,Havering 010D,856,55,48,44,47,65,62,63,60,59,57,49,49,37,41,34,30,20,24,12,F,2011
E01002378,Havering 010E,853,40,41,77,71,51,27,47,58,85,77,59,49,42,41,38,15,21,12,2,F,2011
E01002383,Havering 010F,801,40,42,47,47,36,54,43,54,59,73,54,39,43,45,39,26,31,17,12,F,2011
E01002244,Havering 011A,883,70,49,46,45,57,90,98,62,70,61,49,49,37,20,34,21,16,6,3,F,2011
E01002245,Havering 011B,851,48,53,42,66,40,47,56,58,68,67,43,28,27,33,41,36,37,38,23,F,2011
E01002325,Havering 011C,963,56,61,56,43,47,84,69,53,71,46,61,45,58,43,36,48,41,32,13,F,2011
E01002329,Havering 011D,840,49,56,44,57,42,37,49,67,62,68,46,46,56,39,40,41,21,16,4,F,2011
E01002330,Havering 011E,867,59,61,40,34,56,71,70,64,62,61,51,42,48,44,31,32,26,13,2,F,2011
E01002337,Havering 012A,669,28,21,38,32,34,24,24,26,56,48,51,45,51,41,28,33,33,32,24,F,2011
E01002354,Havering 012B,710,41,33,24,36,37,52,31,48,54,54,48,40,48,36,22,39,38,22,7,F,2011
E01002376,Havering 012C,720,42,31,40,48,44,22,33,36,72,63,63,48,60,42,24,15,18,10,9,F,2011
E01002379,Havering 012D,761,44,33,23,46,57,56,40,52,47,48,48,50,54,39,28,36,30,20,10,F,2011
E01002380,Havering 012E,1094,76,52,55,32,100,162,104,64,66,73,38,51,59,31,41,28,30,20,12,F,2011
E01002381,Havering 012F,844,47,56,43,51,42,71,48,52,54,53,67,49,44,45,33,29,26,25,9,F,2011
E01002243,Havering 013A,987,89,61,37,53,81,111,116,65,51,48,54,39,38,35,24,18,23,22,22,F,2011
E01002353,Havering 013B,1001,64,45,50,51,68,97,73,62,61,56,55,48,76,41,56,49,28,13,8,F,2011
E01002356,Havering 013C,1138,92,61,45,57,123,173,133,91,60,45,64,29,35,22,24,27,29,19,9,F,2011
E01032741,Havering 013E,518,25,12,15,20,65,92,94,37,34,21,20,15,9,8,11,8,17,12,3,F,2011
E01032742,Havering 013F,687,42,19,25,26,49,75,40,37,38,39,44,30,33,31,34,33,31,36,25,F,2011
E01002272,Havering 014A,690,41,32,45,35,34,41,39,46,42,50,60,51,38,35,36,23,19,19,4,F,2011
E01002274,Havering 014B,841,43,40,49,47,46,42,49,47,64,55,61,53,68,57,30,42,29,16,3,F,2011
E01002317,Havering 014C,808,34,40,47,62,56,30,44,36,50,67,68,51,70,41,36,28,24,16,8,F,2011
E01002318,Havering 014D,840,45,43,40,52,55,33,31,35,69,64,63,56,64,53,59,36,26,12,4,F,2011
E01002355,Havering 014E,743,41,44,51,32,35,35,41,57,75,50,52,56,43,46,25,22,17,15,6,F,2011
E01002382,Havering 014F,902,49,51,43,52,58,60,69,64,78,51,52,50,60,41,41,35,25,17,6,F,2011
E01002270,Havering 015A,868,34,29,48,48,62,49,31,38,63,53,59,53,68,56,45,55,44,22,11,F,2011
E01002271,Havering 015B,746,28,34,39,53,38,33,21,39,43,63,57,65,57,59,40,42,25,10,0,F,2011
E01002273,Havering 015C,683,18,30,37,41,33,35,19,32,48,47,64,48,56,56,29,38,29,16,7,F,2011
E01002275,Havering 015D,691,19,27,41,46,49,29,14,25,38,61,60,47,63,42,51,44,19,8,8,F,2011
E01002319,Havering 016A,867,48,51,48,64,57,40,46,46,60,68,69,44,52,46,27,38,31,20,12,F,2011
E01002350,Havering 016B,805,62,33,28,42,55,98,57,56,45,42,46,30,59,26,23,32,28,27,16,F,2011
E01002351,Havering 016C,831,65,40,46,45,49,69,80,63,67,55,64,35,52,37,17,19,8,13,7,F,2011
E01002352,Havering 016D,852,51,35,46,49,52,76,91,58,75,56,38,58,32,31,29,19,25,14,17,F,2011
E01002358,Havering 016E,930,67,42,51,42,73,98,128,87,71,67,54,40,34,24,23,13,7,7,2,F,2011
E01002246,Havering 017A,905,46,47,63,52,44,37,51,58,61,70,57,49,63,39,31,40,36,29,32,F,2011
E01002247,Havering 017B,916,83,53,43,51,58,74,100,83,77,67,53,36,37,26,26,19,17,9,4,F,2011
E01002248,Havering 017C,768,72,48,39,35,45,74,58,57,34,55,40,28,39,33,27,34,27,18,5,F,2011
E01002249,Havering 017D,943,76,45,49,53,124,77,80,69,78,58,53,49,41,23,21,24,9,8,6,F,2011
E01002250,Havering 017E,792,59,46,43,60,68,56,61,58,54,74,48,43,33,25,25,25,9,4,1,F,2011
E01002251,Havering 017F,736,50,58,41,52,41,43,50,44,66,55,61,36,17,28,25,23,13,15,18,F,2011
E01002252,Havering 018A,790,30,32,48,55,41,28,30,46,61,59,52,40,55,48,49,62,35,13,6,F,2011
E01002256,Havering 018B,799,42,35,51,51,32,30,44,38,62,66,45,47,50,36,45,54,51,18,2,F,2011
E01002258,Havering 018C,924,47,42,42,48,56,49,55,46,68,48,53,46,59,54,49,64,51,30,17,F,2011
E01002259,Havering 018D,797,38,34,53,55,52,26,46,35,51,73,52,46,43,44,34,49,43,19,4,F,2011
E01002391,Havering 018E,849,24,29,50,48,39,24,27,38,54,67,60,48,58,46,33,51,64,51,38,F,2011
E01002253,Havering 019A,786,27,36,53,45,37,16,30,27,56,67,50,66,54,43,33,40,77,24,5,F,2011
E01002254,Havering 019B,820,31,35,65,51,35,18,27,43,64,60,58,52,62,53,41,55,40,23,7,F,2011
E01002257,Havering 019C,893,42,57,46,69,46,24,34,46,56,91,55,49,50,45,41,44,41,33,24,F,2011
E01002384,Havering 019D,768,21,36,31,37,43,35,36,48,64,58,61,52,48,42,44,42,36,20,14,F,2011
E01002359,Havering 020A,681,27,42,46,48,44,22,29,30,55,57,45,53,38,29,21,30,29,23,13,F,2011
E01002360,Havering 020B,782,17,19,33,42,28,29,28,24,43,61,46,45,59,45,59,52,75,50,27,F,2011
E01002361,Havering 020C,901,44,36,37,43,64,85,69,49,59,51,56,52,42,46,40,55,31,30,12,F,2011
E01002363,Havering 020D,829,43,32,42,50,36,52,50,47,56,71,44,48,58,47,37,31,34,25,26,F,2011
E01002367,Havering 020E,822,36,56,32,53,40,57,47,48,57,76,58,57,40,47,34,28,28,16,12,F,2011
E01002320,Havering 021A,785,36,40,64,64,43,45,33,40,65,83,74,50,43,31,19,21,12,9,13,F,2011
E01002321,Havering 021B,824,44,43,37,48,65,41,31,54,59,68,83,48,47,46,29,31,27,9,14,F,2011
E01002322,Havering 021C,952,41,44,61,80,53,56,55,63,71,95,80,73,59,35,36,22,16,9,3,F,2011
E01002323,Havering 021D,840,50,50,41,60,50,47,45,48,73,67,73,48,38,32,30,40,25,19,4,F,2011
E01002324,Havering 021E,765,28,35,43,45,44,36,32,36,50,60,62,51,68,46,32,32,33,24,8,F,2011
E01002255,Havering 022A,797,51,33,41,42,42,48,49,44,68,64,54,42,48,45,32,46,27,19,2,F,2011
E01002289,Havering 022B,844,40,60,51,57,36,32,45,54,69,77,58,51,39,37,50,46,18,20,4,F,2011
E01002292,Havering 022C,835,39,50,52,51,37,46,47,50,60,61,48,51,38,54,33,34,40,27,17,F,2011
E01002362,Havering 022D,781,28,34,35,46,53,45,52,37,48,68,63,46,57,39,43,30,20,26,11,F,2011
E01002386,Havering 022E,948,59,46,46,45,48,91,69,55,69,67,49,37,49,51,39,44,39,34,11,F,2011
E01002287,Havering 023A,796,41,32,49,49,56,31,40,29,56,72,67,62,53,46,31,27,33,17,5,F,2011
E01002291,Havering 023B,796,23,24,30,39,37,67,57,54,49,54,53,60,59,48,43,47,23,22,7,F,2011
E01002364,Havering 023C,760,22,34,44,33,31,34,29,29,63,55,49,61,52,61,40,39,37,23,24,F,2011
E01002365,Havering 023D,660,28,26,32,42,43,32,37,35,60,61,62,26,33,27,26,43,31,11,5,F,2011
E01002366,Havering 023E,770,36,38,51,64,43,39,43,49,56,72,64,43,44,42,26,26,22,8,4,F,2011
E01002385,Havering 024A,807,32,49,45,54,29,30,23,53,57,64,63,54,76,41,30,39,31,23,14,F,2011
E01002387,Havering 024B,840,30,48,67,52,38,21,26,38,68,72,65,63,57,38,44,50,26,23,14,F,2011
E01002388,Havering 024C,876,31,37,62,57,42,27,28,49,60,78,61,60,53,60,37,39,44,27,24,F,2011
E01002389,Havering 024D,798,18,39,39,42,37,26,23,37,46,50,64,58,78,57,55,52,41,23,13,F,2011
E01002390,Havering 024E,741,31,41,70,36,37,23,25,41,58,58,68,46,58,47,35,32,18,11,6,F,2011
E01002265,Havering 025A,784,40,34,38,44,48,47,47,48,53,70,57,46,65,49,25,30,23,14,6,F,2011
E01002285,Havering 025B,615,28,24,31,37,26,28,25,33,35,40,50,42,56,45,35,29,25,18,8,F,2011
E01002286,Havering 025C,864,30,52,68,65,38,31,46,37,77,77,57,67,52,50,39,32,31,10,5,F,2011
E01002288,Havering 025D,789,27,38,47,57,73,36,33,37,54,90,69,64,54,39,19,23,21,6,2,F,2011
E01002290,Havering 025E,784,23,31,40,47,47,27,24,35,52,70,49,48,67,39,58,49,31,37,10,F,2011
E01002260,Havering 026A,767,30,34,42,46,48,38,37,64,61,73,49,49,55,48,39,32,8,10,4,F,2011
E01002261,Havering 026B,855,47,48,62,55,43,42,59,53,46,70,76,44,41,43,42,28,30,18,8,F,2011
E01002262,Havering 026C,851,36,44,51,73,53,35,41,49,61,70,64,40,59,31,33,30,47,25,9,F,2011
E01002263,Havering 026D,805,37,39,47,40,55,48,55,42,44,70,72,53,61,57,35,35,6,7,2,F,2011
E01002264,Havering 026E,818,42,56,42,45,48,62,58,52,52,48,50,29,31,28,42,39,54,30,10,F,2011
E01002266,Havering 027A,756,40,28,39,37,47,28,22,39,38,62,54,47,48,32,46,67,54,20,8,F,2011
E01002267,Havering 027B,904,36,47,51,74,32,42,57,60,60,57,53,31,57,55,58,50,44,27,13,F,2011
E01002372,Havering 027C,837,41,53,48,64,40,36,32,58,68,75,54,44,46,52,39,34,25,21,7,F,2011
E01002373,Havering 027D,815,48,45,41,53,47,42,46,48,49,70,53,58,48,35,36,42,34,14,6,F,2011
E01002374,Havering 027E,797,36,42,59,55,50,54,41,41,67,66,60,35,46,31,38,30,31,10,5,F,2011
E01002368,Havering 028A,762,66,56,68,38,59,54,54,58,61,55,49,37,23,30,28,11,8,6,1,F,2011
E01002369,Havering 028B,975,64,48,57,62,80,58,73,60,52,60,73,62,50,48,40,35,33,15,5,F,2011
E01002370,Havering 028C,976,56,58,67,63,62,73,70,57,69,92,62,45,48,38,36,19,34,20,7,F,2011
E01002371,Havering 028D,799,34,47,37,42,39,53,38,53,63,54,57,46,45,54,39,38,36,16,8,F,2011
E01002375,Havering 028E,926,65,71,64,57,48,56,51,66,68,55,56,34,48,40,39,45,28,20,15,F,2011
E01002343,Havering 029A,874,45,55,48,53,57,33,39,43,71,57,67,45,63,60,50,39,23,21,5,F,2011
E01002344,Havering 029B,787,48,36,46,42,49,37,34,42,56,58,44,46,60,48,56,43,32,6,4,F,2011
E01002348,Havering 029C,775,32,25,39,47,37,22,28,39,45,73,50,50,66,67,58,43,35,12,7,F,2011
E01002349,Havering 029D,762,21,25,33,60,51,33,33,31,65,67,65,54,39,38,57,43,31,14,2,F,2011
E01002342,Havering 030A,806,40,52,47,49,63,45,63,64,50,63,70,37,29,25,25,30,30,7,17,F,2011
E01002345,Havering 030B,924,96,69,50,39,82,99,98,65,62,62,44,38,25,24,21,19,13,13,5,F,2011
E01002346,Havering 030C,819,62,59,38,62,62,57,53,55,62,71,65,43,33,31,32,12,12,5,5,F,2011
E01002347,Havering 030D,747,33,41,41,57,45,46,48,43,50,62,49,44,49,32,41,32,20,7,7,F,2011
E09000017,,138708,9683,8259,8236,8965,10900,10686,10905,10015,9957,9916,8395,6711,6519,5105,4355,3997,3056,1870,1178,F,2011
E01002473,Hillingdon 001A,801,19,40,44,47,54,44,25,23,59,81,83,59,65,41,38,39,26,7,7,F,2011
E01002475,Hillingdon 001B,816,57,41,33,18,28,54,66,52,67,52,46,46,63,48,42,40,31,19,13,F,2011
E01002476,Hillingdon 001C,795,34,33,35,45,31,46,43,52,61,58,58,65,54,52,44,32,26,13,13,F,2011
E01002477,Hillingdon 001D,668,34,30,26,26,38,38,50,50,51,37,48,35,56,32,43,24,21,17,12,F,2011
E01002482,Hillingdon 001E,838,35,41,46,45,38,35,37,46,59,73,71,44,67,48,44,51,32,19,7,F,2011
E01002472,Hillingdon 002A,824,41,28,26,37,54,73,84,62,49,47,35,31,53,36,39,41,45,24,19,F,2011
E01002474,Hillingdon 002B,812,55,38,49,39,39,66,47,50,49,76,42,47,59,48,34,34,19,13,8,F,2011
E01002478,Hillingdon 002C,773,33,37,46,30,35,55,65,59,56,58,48,40,49,53,29,25,22,14,19,F,2011
E01002483,Hillingdon 002D,919,65,47,43,43,46,62,73,81,56,62,56,54,49,44,51,32,19,21,15,F,2011
E01002484,Hillingdon 002E,732,38,39,38,45,37,39,57,57,62,61,43,46,51,33,17,37,19,8,5,F,2011
E01002485,Hillingdon 002F,899,53,46,47,40,54,75,87,78,66,68,56,45,38,31,20,38,23,21,13,F,2011
E01002438,Hillingdon 003A,682,43,36,42,33,23,32,35,52,56,65,49,32,37,33,24,25,24,21,20,F,2011
E01002439,Hillingdon 003B,810,57,60,27,42,49,55,60,57,61,59,66,31,40,42,27,29,26,15,7,F,2011
E01002440,Hillingdon 003C,740,48,36,41,47,25,36,56,39,64,41,68,49,49,27,31,35,23,15,10,F,2011
E01002441,Hillingdon 003D,817,58,44,36,48,34,69,61,49,68,63,52,38,44,37,36,34,22,14,10,F,2011
E01002442,Hillingdon 003E,783,55,41,46,45,36,45,54,57,60,82,54,49,47,33,17,21,25,8,8,F,2011
E01002433,Hillingdon 004A,980,66,31,77,64,48,60,95,68,53,68,63,50,67,37,44,32,29,16,12,F,2011
E01002436,Hillingdon 004B,811,54,39,39,43,27,40,59,51,64,80,61,50,43,45,32,36,21,20,7,F,2011
E01002479,Hillingdon 004C,924,53,41,77,52,51,44,61,66,73,77,60,40,49,33,36,25,31,27,28,F,2011
E01002480,Hillingdon 004D,894,46,37,60,53,34,40,66,62,62,73,73,49,44,51,54,37,31,15,7,F,2011
E01002481,Hillingdon 004E,839,46,42,58,50,43,51,53,67,60,68,57,46,48,45,32,23,29,6,15,F,2011
E01002533,Hillingdon 005A,757,56,44,50,46,33,52,70,68,62,69,48,47,43,21,18,14,6,8,2,F,2011
E01002534,Hillingdon 005B,752,47,51,33,36,45,33,36,53,49,63,51,41,48,44,30,33,21,25,13,F,2011
E01002538,Hillingdon 005C,845,39,51,38,35,46,45,55,50,69,69,64,54,64,56,35,31,26,11,7,F,2011
E01002539,Hillingdon 005D,740,32,36,37,32,35,33,30,39,60,55,58,46,60,47,44,42,31,15,8,F,2011
E01002418,Hillingdon 006A,917,45,71,80,54,40,27,57,77,67,97,57,49,31,42,39,34,23,21,6,F,2011
E01002419,Hillingdon 006B,803,34,55,55,30,50,42,49,52,63,74,56,59,46,33,27,28,35,8,7,F,2011
E01002431,Hillingdon 006C,733,43,42,51,45,47,26,34,40,57,58,65,54,36,36,34,27,20,13,5,F,2011
E01002432,Hillingdon 006D,806,38,28,35,45,60,49,58,42,59,63,61,39,48,39,36,35,31,26,14,F,2011
E01002437,Hillingdon 006E,735,19,31,32,49,31,15,29,23,44,53,52,61,57,55,63,57,28,22,14,F,2011
E01002430,Hillingdon 007A,762,44,39,46,53,44,33,22,40,50,63,68,55,73,43,27,24,22,13,3,F,2011
E01002434,Hillingdon 007B,701,29,38,55,40,26,28,32,33,52,60,55,53,43,43,38,31,22,19,4,F,2011
E01002435,Hillingdon 007C,708,32,36,43,29,41,27,32,47,47,58,60,51,57,45,37,27,18,16,5,F,2011
E01002470,Hillingdon 007D,830,35,36,53,37,58,71,73,46,51,61,56,43,32,43,33,41,28,22,11,F,2011
E01002535,Hillingdon 007E,880,31,24,41,45,48,75,88,53,56,55,56,54,64,34,34,53,31,23,15,F,2011
E01002416,Hillingdon 008A,892,50,51,68,78,44,38,49,52,87,88,63,50,45,39,31,20,23,7,9,F,2011
E01002417,Hillingdon 008B,845,47,47,44,42,43,52,41,48,61,77,42,57,52,44,47,42,31,21,7,F,2011
E01002420,Hillingdon 008C,838,55,48,47,53,31,51,58,75,82,71,62,38,48,27,26,18,23,11,14,F,2011
E01002421,Hillingdon 008D,900,51,43,59,45,36,45,60,51,66,74,65,56,47,52,41,30,29,30,20,F,2011
E01002471,Hillingdon 008E,834,50,50,46,42,50,53,58,61,81,62,65,45,47,42,30,27,16,6,3,F,2011
E01002465,Hillingdon 009A,846,74,57,42,48,49,71,83,64,63,53,44,40,29,31,29,20,22,20,7,F,2011
E01002467,Hillingdon 009B,817,50,49,48,30,32,29,42,58,59,45,47,38,47,44,41,47,48,33,30,F,2011
E01002494,Hillingdon 009C,868,59,59,56,48,56,65,78,72,78,63,58,34,39,25,21,22,17,10,8,F,2011
E01002536,Hillingdon 009D,744,61,29,37,32,38,87,88,62,53,38,40,27,27,21,23,21,26,12,22,F,2011
E01002537,Hillingdon 009E,691,54,41,28,31,45,61,65,54,55,35,46,38,41,31,21,19,16,5,5,F,2011
E01002415,Hillingdon 010A,879,52,54,55,64,38,46,54,58,78,95,64,45,47,47,25,21,23,10,3,F,2011
E01002466,Hillingdon 010B,861,52,57,48,56,45,41,61,69,74,81,64,47,41,29,26,29,19,15,7,F,2011
E01002468,Hillingdon 010C,860,46,58,52,54,53,44,68,60,82,76,68,59,42,20,24,21,19,6,8,F,2011
E01002469,Hillingdon 010D,831,53,58,49,45,46,42,54,65,68,92,47,45,53,35,39,14,21,2,3,F,2011
E01002495,Hillingdon 010E,1022,64,67,50,52,64,149,96,111,69,64,50,45,34,20,27,25,16,12,7,F,2011
E01002458,Hillingdon 011A,724,28,34,46,50,35,16,24,35,57,60,63,47,52,56,31,29,29,22,10,F,2011
E01002459,Hillingdon 011B,853,39,44,60,57,33,11,21,47,63,81,61,55,67,56,44,41,39,26,8,F,2011
E01002460,Hillingdon 011C,673,29,33,34,25,41,31,29,38,52,54,39,37,52,24,35,38,36,27,19,F,2011
E01002462,Hillingdon 011D,707,48,44,42,47,37,28,39,54,56,68,53,35,33,32,24,27,24,12,4,F,2011
E01002464,Hillingdon 011E,824,69,52,50,31,20,35,76,71,76,63,63,36,42,39,24,25,33,9,10,F,2011
E01002461,Hillingdon 013A,752,27,30,39,60,72,34,34,37,45,76,62,45,46,37,30,39,22,13,4,F,2011
E01002463,Hillingdon 013B,793,25,55,55,55,45,27,22,46,61,73,70,49,47,39,37,33,23,15,16,F,2011
E01002512,Hillingdon 013C,863,32,46,33,41,52,46,47,51,55,69,58,61,66,43,44,43,26,27,23,F,2011
E01002513,Hillingdon 013D,692,26,26,34,35,44,39,28,38,37,58,55,52,62,41,28,36,31,16,6,F,2011
E01002516,Hillingdon 013E,746,33,40,42,49,44,32,49,56,54,51,48,55,46,51,31,24,19,14,8,F,2011
E01002450,Hillingdon 014A,728,50,59,55,54,51,44,46,57,69,54,51,32,36,22,16,14,8,9,1,F,2011
E01002451,Hillingdon 014B,764,56,47,57,54,53,46,52,57,57,54,50,43,34,26,32,21,14,8,3,F,2011
E01002452,Hillingdon 014C,741,56,50,45,44,55,48,49,46,57,64,69,40,35,15,27,17,16,6,2,F,2011
E01002453,Hillingdon 014D,863,67,52,62,56,52,37,68,65,59,64,65,54,43,33,30,19,23,9,5,F,2011
E01002454,Hillingdon 014E,929,90,80,67,48,57,77,86,63,70,58,38,42,42,28,31,25,14,10,3,F,2011
E01002414,Hillingdon 015A,1410,35,15,17,427,458,96,48,53,33,38,30,27,30,20,28,22,13,9,11,F,2011
E01002514,Hillingdon 015C,901,46,37,33,37,68,100,96,73,55,80,50,41,34,39,29,38,23,12,10,F,2011
E01002515,Hillingdon 015D,859,66,48,48,40,67,89,87,75,59,46,55,34,31,28,20,19,19,12,16,F,2011
E01033725,Hillingdon 015F,1159,82,62,53,71,147,97,92,80,80,79,60,44,60,38,35,43,16,13,7,F,2011
E01002520,Hillingdon 016B,770,50,43,35,50,111,72,103,49,51,50,45,33,20,20,17,9,8,1,3,F,2011
E01002521,Hillingdon 016C,839,74,31,25,20,70,132,96,68,49,32,41,26,31,26,30,28,27,22,11,F,2011
E01002523,Hillingdon 016D,836,40,46,35,68,205,77,56,47,51,35,43,38,30,18,14,17,7,3,6,F,2011
E01033724,Hillingdon 016F,2492,73,64,69,303,1024,220,142,94,78,88,74,63,63,36,21,35,27,11,7,F,2011
E01002410,Hillingdon 017A,847,51,40,41,55,73,71,73,50,56,48,64,55,48,43,28,15,23,9,4,F,2011
E01002412,Hillingdon 017B,1121,50,53,62,81,120,80,92,97,81,102,71,46,39,36,42,34,26,4,5,F,2011
E01002456,Hillingdon 017C,866,73,54,74,45,39,56,59,63,57,50,57,35,46,23,26,37,28,24,20,F,2011
E01002509,Hillingdon 017D,746,33,49,46,55,72,35,33,48,48,52,51,50,48,33,28,24,24,14,3,F,2011
E01002511,Hillingdon 017E,802,55,44,50,51,60,47,52,56,65,48,56,50,51,40,27,21,21,5,3,F,2011
E01002422,Hillingdon 018A,717,48,40,50,48,43,48,43,58,51,62,46,33,41,29,27,17,19,9,5,F,2011
E01002423,Hillingdon 018B,819,42,58,50,59,53,61,54,40,59,79,57,42,33,38,36,20,25,6,7,F,2011
E01002424,Hillingdon 018C,795,62,52,50,60,55,62,53,63,80,44,54,32,26,33,24,22,20,2,1,F,2011
E01002425,Hillingdon 018D,880,52,60,52,90,121,72,50,55,59,64,47,27,36,26,25,24,8,9,3,F,2011
E01002427,Hillingdon 018E,790,42,49,49,44,44,58,58,58,53,59,56,48,28,29,27,22,27,24,15,F,2011
E01002428,Hillingdon 018F,725,35,46,54,53,48,40,45,44,69,64,48,37,34,23,30,32,16,5,2,F,2011
E01002408,Hillingdon 019A,755,52,41,41,46,73,54,67,77,60,41,42,36,31,19,25,17,15,16,2,F,2011
E01002409,Hillingdon 019B,891,66,56,51,43,59,71,63,63,57,67,39,41,53,40,39,30,21,18,14,F,2011
E01002429,Hillingdon 019C,698,49,50,63,57,49,38,47,51,56,72,44,20,28,19,15,17,13,7,3,F,2011
E01002455,Hillingdon 019D,879,62,44,55,58,71,72,78,55,70,65,49,33,36,34,35,36,11,10,5,F,2011
E01002457,Hillingdon 019E,787,68,38,58,66,76,66,73,52,59,56,46,45,22,16,11,17,13,4,1,F,2011
E01002392,Hillingdon 020A,899,92,91,57,51,50,85,71,85,74,61,32,30,30,27,15,13,19,10,6,F,2011
E01002393,Hillingdon 020B,1016,83,74,75,73,82,97,91,68,83,64,54,38,40,25,20,15,15,15,4,F,2011
E01002540,Hillingdon 020C,875,98,55,54,55,79,83,81,70,65,57,49,40,29,23,16,12,6,2,1,F,2011
E01002542,Hillingdon 020D,977,129,66,60,66,67,112,92,92,59,44,39,34,33,19,18,22,14,11,0,F,2011
E01002543,Hillingdon 020E,901,95,61,72,54,62,78,81,60,66,65,59,29,27,24,21,17,17,11,2,F,2011
E01002394,Hillingdon 021A,809,80,56,51,51,62,68,66,59,43,49,44,41,28,27,26,24,21,7,6,F,2011
E01002395,Hillingdon 021B,672,48,47,55,55,42,61,51,53,44,63,48,28,28,22,10,8,6,2,1,F,2011
E01002397,Hillingdon 021C,833,72,53,75,45,74,98,79,65,47,61,49,32,19,19,19,16,6,2,2,F,2011
E01002398,Hillingdon 021D,794,43,38,39,59,71,82,86,50,52,57,48,48,33,27,16,22,12,7,4,F,2011
E01002399,Hillingdon 021E,789,59,49,59,57,54,66,60,59,58,49,56,38,33,35,20,18,10,8,1,F,2011
E01002426,Hillingdon 021F,919,88,74,61,36,66,72,80,71,75,64,45,31,37,30,35,29,11,9,5,F,2011
E01002411,Hillingdon 022A,839,60,35,41,54,131,63,56,45,57,49,48,37,36,31,26,29,18,14,9,F,2011
E01002413,Hillingdon 022B,786,54,50,49,41,84,66,60,65,52,51,38,43,28,19,22,22,23,11,8,F,2011
E01002518,Hillingdon 022C,668,29,34,35,43,110,35,37,27,38,60,47,41,39,26,19,23,16,7,2,F,2011
E01002519,Hillingdon 022D,727,49,26,18,33,73,81,65,41,55,50,38,30,46,34,26,25,19,13,5,F,2011
E01002550,Hillingdon 022E,886,82,52,40,39,85,107,102,82,73,73,37,27,25,23,4,16,10,6,3,F,2011
E01002554,Hillingdon 022F,1306,143,81,71,79,105,175,187,110,81,77,57,43,32,23,19,12,3,5,3,F,2011
E01002541,Hillingdon 023A,1011,67,79,55,41,60,93,118,90,81,74,69,50,38,34,21,23,7,7,4,F,2011
E01002544,Hillingdon 023B,801,69,51,46,42,51,89,85,59,70,50,41,37,42,31,16,14,6,2,0,F,2011
E01002545,Hillingdon 023C,822,72,83,63,77,44,70,66,71,81,62,40,32,19,11,12,8,5,6,0,F,2011
E01002546,Hillingdon 023D,760,69,59,58,41,55,54,78,65,53,56,51,42,25,19,7,13,11,3,1,F,2011
E01002547,Hillingdon 023E,783,93,50,45,43,69,92,60,67,46,43,50,35,35,15,21,11,5,2,1,F,2011
E01002400,Hillingdon 024A,896,82,56,55,62,64,62,71,62,58,64,49,59,35,40,36,16,10,9,6,F,2011
E01002401,Hillingdon 024B,895,89,53,42,65,87,92,70,67,52,47,53,38,37,25,22,20,17,9,10,F,2011
E01002402,Hillingdon 024C,779,59,50,51,78,51,57,65,59,60,45,49,43,39,25,14,18,9,2,5,F,2011
E01002403,Hillingdon 024D,952,90,82,78,93,56,76,66,77,65,58,58,41,31,26,24,15,10,3,3,F,2011
E01002404,Hillingdon 024E,939,96,63,82,46,66,69,91,93,64,48,56,46,33,30,17,9,12,12,6,F,2011
E01002548,Hillingdon 025A,884,82,69,72,46,61,63,62,68,59,45,44,33,47,20,23,29,23,28,10,F,2011
E01002549,Hillingdon 025B,906,60,54,51,56,69,69,79,73,69,66,52,44,43,32,34,29,11,11,4,F,2011
E01002551,Hillingdon 025C,952,70,50,64,73,72,58,69,80,80,65,60,33,42,30,28,28,22,17,11,F,2011
E01002552,Hillingdon 025D,779,39,54,51,83,48,54,65,70,70,54,41,38,34,35,21,8,5,6,3,F,2011
E01002553,Hillingdon 025E,870,45,70,66,75,64,66,68,59,69,70,43,34,45,31,26,17,7,6,9,F,2011
E01002396,Hillingdon 026A,881,67,51,62,82,64,77,63,66,68,60,42,37,27,28,27,21,22,14,3,F,2011
E01002501,Hillingdon 026B,830,63,57,50,67,60,69,68,61,54,55,55,41,29,30,16,26,16,9,4,F,2011
E01002502,Hillingdon 026C,776,58,46,56,62,62,53,64,59,49,66,46,32,34,22,28,17,11,9,2,F,2011
E01002505,Hillingdon 026D,889,89,65,39,38,62,112,93,69,73,55,47,36,30,20,20,23,10,3,5,F,2011
E01002508,Hillingdon 026E,933,78,72,64,60,54,89,72,65,51,84,61,37,28,24,29,24,17,12,12,F,2011
E01002405,Hillingdon 027A,947,59,60,53,106,75,81,71,60,78,63,64,35,43,22,23,20,16,10,8,F,2011
E01002406,Hillingdon 027B,1065,90,77,79,87,83,90,80,81,90,75,37,44,49,22,28,21,21,7,4,F,2011
E01002503,Hillingdon 027C,838,69,51,64,76,82,71,69,66,62,68,42,32,22,18,12,18,10,3,3,F,2011
E01002504,Hillingdon 027D,1045,91,55,52,57,83,107,87,70,76,66,64,45,34,35,27,33,30,16,17,F,2011
E01002506,Hillingdon 027E,881,78,63,61,61,61,92,85,83,61,43,45,23,35,29,24,17,16,3,1,F,2011
E01002507,Hillingdon 027F,799,72,51,49,62,59,71,74,61,57,47,44,45,33,18,17,24,5,6,4,F,2011
E01002486,Hillingdon 028A,1107,94,91,93,95,73,78,110,91,78,77,56,45,34,19,26,10,10,20,7,F,2011
E01002487,Hillingdon 028B,889,58,75,67,54,63,66,82,69,55,58,52,48,35,30,30,22,13,7,5,F,2011
E01002526,Hillingdon 028C,1024,79,70,103,93,67,71,80,82,80,80,70,35,29,31,14,14,12,8,6,F,2011
E01002528,Hillingdon 028D,880,70,75,57,64,51,53,67,62,79,55,48,44,36,26,24,21,25,18,5,F,2011
E01002532,Hillingdon 028E,1178,117,95,67,68,100,151,124,103,62,102,49,39,30,23,14,12,10,6,6,F,2011
E01002445,Hillingdon 029A,902,97,100,66,49,61,88,91,61,58,61,38,29,20,14,16,14,23,11,5,F,2011
E01002525,Hillingdon 029B,816,49,35,30,36,56,73,72,63,53,44,43,48,61,37,30,28,22,19,17,F,2011
E01002529,Hillingdon 029C,1046,105,76,60,58,102,123,128,70,69,68,46,35,27,24,18,18,11,4,4,F,2011
E01002530,Hillingdon 029D,877,58,60,63,73,76,61,69,66,82,50,47,28,24,21,24,28,29,13,5,F,2011
E01002531,Hillingdon 029E,791,36,47,32,39,53,59,50,53,49,74,55,49,51,40,40,28,17,15,4,F,2011
E01002407,Hillingdon 030A,1203,127,78,87,74,119,148,130,87,62,65,52,49,36,30,23,17,10,8,1,F,2011
E01002488,Hillingdon 030B,839,57,60,57,58,66,72,65,66,61,50,59,43,32,31,16,24,9,6,7,F,2011
E01002489,Hillingdon 030C,880,72,58,63,57,78,96,53,67,65,67,55,28,32,31,31,11,11,3,2,F,2011
E01002490,Hillingdon 030D,1065,101,83,76,52,74,112,100,81,73,66,65,48,42,23,26,25,6,4,8,F,2011
E01002492,Hillingdon 030E,834,87,56,61,68,54,65,68,72,61,57,38,40,31,23,13,21,9,7,3,F,2011
E01002444,Hillingdon 031A,737,42,33,29,40,53,71,71,57,59,48,40,47,51,36,17,17,16,9,1,F,2011
E01002446,Hillingdon 031B,791,80,41,34,41,62,75,74,54,49,55,43,43,29,31,21,29,18,8,4,F,2011
E01002447,Hillingdon 031C,778,51,49,48,31,77,108,69,76,70,51,52,27,19,14,15,6,7,4,4,F,2011
E01002527,Hillingdon 031D,766,46,38,33,42,74,64,66,79,39,35,38,38,31,27,23,25,32,17,19,F,2011
E01002443,Hillingdon 032A,805,98,38,30,34,58,96,75,86,48,54,44,36,38,16,19,21,8,5,1,F,2011
E01002448,Hillingdon 032B,980,83,69,41,49,58,110,120,78,62,53,47,47,52,24,28,23,22,8,6,F,2011
E01002449,Hillingdon 032C,846,85,45,26,26,69,111,119,64,75,47,39,37,30,23,18,13,9,8,2,F,2011
E01002491,Hillingdon 032D,784,61,49,54,66,81,38,63,59,69,56,50,27,22,28,20,15,18,5,3,F,2011
E01002493,Hillingdon 032E,1002,102,98,93,63,55,111,95,78,64,57,46,44,30,21,15,17,8,4,1,F,2011
E01002496,Hillingdon 033A,963,81,44,54,50,57,87,96,86,67,76,43,47,34,30,29,30,21,12,19,F,2011
E01002497,Hillingdon 033B,937,78,47,56,34,77,85,94,94,49,55,37,44,54,39,23,32,15,12,12,F,2011
E01002498,Hillingdon 033C,723,40,45,42,48,42,29,35,47,40,79,65,33,36,43,32,20,34,8,5,F,2011
E01002499,Hillingdon 033D,885,71,43,26,48,43,90,99,63,70,51,46,37,50,41,30,42,18,13,4,F,2011
E01032577,Hillingdon 033E,881,45,59,72,64,47,36,72,67,89,73,50,39,56,38,32,19,11,6,6,F,2011
E09000018,,126799,9647,7408,6812,7088,8840,13082,12426,10000,9126,8338,7365,6201,5570,4191,3433,2851,2175,1442,804,F,2011
E01002569,Hounslow 001A,900,52,44,29,17,51,91,92,86,70,82,49,49,40,34,28,16,20,27,23,F,2011
E01002570,Hounslow 001B,882,59,40,35,36,64,107,104,94,59,66,48,36,34,42,20,16,9,8,5,F,2011
E01002573,Hounslow 001C,844,44,67,50,39,29,72,73,61,83,78,57,43,44,42,20,16,13,5,8,F,2011
E01002574,Hounslow 001D,822,50,52,28,46,43,83,80,75,77,60,47,41,48,27,17,19,15,9,5,F,2011
E01002575,Hounslow 001E,895,68,68,50,39,49,68,75,90,68,61,63,50,41,32,25,18,16,12,2,F,2011
E01002562,Hounslow 003A,688,50,32,42,29,50,57,47,53,50,54,42,50,33,24,31,13,20,10,1,F,2011
E01002564,Hounslow 003B,989,97,52,54,51,53,113,92,84,77,61,61,46,49,24,22,21,16,10,6,F,2011
E01002566,Hounslow 003C,1066,92,74,47,51,79,106,118,88,88,89,66,47,49,28,17,12,10,5,0,F,2011
E01002568,Hounslow 003D,1455,118,79,89,71,110,199,173,100,109,83,73,57,46,47,34,25,16,14,12,F,2011
E01033081,Hounslow 003F,616,56,26,23,20,35,109,87,61,43,38,38,22,14,13,13,5,8,4,1,F,2011
E01033082,Hounslow 003G,623,44,21,14,17,26,58,73,56,45,38,20,45,47,27,28,19,20,15,10,F,2011
E01002620,Hounslow 004A,915,80,77,60,58,57,84,102,78,62,50,34,39,41,32,21,12,17,8,3,F,2011
E01002625,Hounslow 004B,827,51,46,52,46,81,75,63,43,57,63,59,53,40,22,32,14,14,9,7,F,2011
E01002626,Hounslow 004C,808,47,37,42,51,91,82,64,49,48,48,58,44,44,31,30,22,11,9,0,F,2011
E01002627,Hounslow 004D,824,72,51,46,61,56,79,71,65,53,62,46,39,38,23,24,19,9,4,6,F,2011
E01002631,Hounslow 004E,792,62,57,56,61,52,75,77,69,56,52,45,33,31,26,14,12,9,3,2,F,2011
E01002633,Hounslow 005A,855,78,66,50,65,71,63,60,70,68,56,31,44,30,35,20,15,13,16,4,F,2011
E01002634,Hounslow 005B,892,83,76,68,76,61,57,85,69,57,67,55,30,36,27,16,13,7,6,3,F,2011
E01002637,Hounslow 005C,823,69,56,62,36,79,81,69,56,50,45,56,51,28,26,30,17,6,6,0,F,2011
E01002638,Hounslow 005D,922,69,63,78,66,66,70,80,44,62,66,63,57,37,19,28,18,13,15,8,F,2011
E01002563,Hounslow 006A,823,35,32,43,42,57,95,81,54,45,67,52,43,49,42,29,22,13,15,7,F,2011
E01002565,Hounslow 006B,1447,74,39,36,167,313,159,152,97,75,62,58,41,42,33,34,21,19,14,11,F,2011
E01002567,Hounslow 006C,882,72,27,32,31,43,96,105,84,69,73,62,58,40,24,24,20,11,5,6,F,2011
E01002684,Hounslow 006D,1205,72,55,34,44,103,125,137,112,81,74,96,73,54,37,26,29,18,22,13,F,2011
E01002686,Hounslow 006E,926,75,48,46,81,69,71,74,52,72,73,62,47,37,37,26,25,17,9,5,F,2011
E01002571,Hounslow 007A,637,38,43,32,20,24,38,60,49,54,63,49,43,38,29,14,13,17,9,4,F,2011
E01002572,Hounslow 007B,862,59,47,57,50,51,93,66,67,66,58,38,47,49,35,23,16,18,15,7,F,2011
E01002577,Hounslow 007C,808,46,54,51,40,47,69,83,65,68,66,58,44,36,24,26,12,8,8,3,F,2011
E01002578,Hounslow 007D,768,49,49,52,57,27,41,50,48,61,68,53,56,47,38,22,19,17,9,5,F,2011
E01002689,Hounslow 007E,824,66,41,28,28,26,49,97,68,76,62,64,38,57,33,28,22,25,7,9,F,2011
E01002690,Hounslow 007F,751,41,44,34,41,51,60,54,75,56,70,50,58,33,26,20,13,12,6,7,F,2011
E01002576,Hounslow 008A,854,44,71,56,34,37,65,78,93,78,72,57,44,37,22,21,14,10,17,4,F,2011
E01002579,Hounslow 008B,904,49,52,38,48,33,49,69,74,67,66,72,76,57,52,31,28,24,11,8,F,2011
E01002580,Hounslow 008C,684,51,38,19,16,48,97,62,78,47,43,42,24,34,18,23,17,10,9,8,F,2011
E01002581,Hounslow 008D,911,78,28,29,31,62,96,120,106,75,55,56,46,37,29,28,11,10,6,8,F,2011
E01002582,Hounslow 008E,834,70,60,30,35,36,59,62,86,81,55,48,48,65,32,22,20,9,8,8,F,2011
E01002675,Hounslow 009A,1234,102,81,66,72,90,136,131,89,93,71,64,65,41,41,34,20,21,11,6,F,2011
E01002678,Hounslow 009B,915,67,52,43,59,47,95,103,68,58,50,55,52,57,37,32,20,8,8,4,F,2011
E01002679,Hounslow 009C,885,57,45,43,34,73,98,95,75,48,60,42,45,43,34,32,29,19,9,4,F,2011
E01002680,Hounslow 009D,891,66,32,38,45,56,91,96,75,71,54,55,46,48,41,27,17,21,12,0,F,2011
E01002619,Hounslow 010A,936,50,59,54,51,69,87,66,75,53,68,55,54,49,36,30,35,24,19,2,F,2011
E01002622,Hounslow 010B,849,58,55,49,60,60,97,81,60,52,49,52,45,41,32,16,14,12,11,5,F,2011
E01002632,Hounslow 010C,888,48,52,60,57,64,86,69,59,85,59,56,48,33,34,26,21,19,8,4,F,2011
E01002635,Hounslow 010D,854,70,50,50,50,63,100,74,50,52,50,49,47,41,39,26,18,12,9,4,F,2011
E01002636,Hounslow 010E,997,50,65,60,61,91,82,78,67,76,63,75,63,44,43,31,22,14,6,6,F,2011
E01002618,Hounslow 011A,862,50,43,44,55,68,76,71,67,61,64,47,57,36,40,23,25,11,17,7,F,2011
E01002621,Hounslow 011B,886,58,63,39,50,77,91,84,52,64,51,74,53,44,23,21,18,12,8,4,F,2011
E01002623,Hounslow 011C,809,59,41,52,36,59,92,62,71,53,45,48,46,32,30,22,24,16,12,9,F,2011
E01002628,Hounslow 011D,961,62,52,49,58,76,123,95,54,59,60,67,45,49,35,23,23,21,6,4,F,2011
E01002629,Hounslow 011E,1039,70,65,65,62,83,102,90,81,72,61,55,41,41,44,35,24,16,18,14,F,2011
E01002630,Hounslow 012A,817,63,42,41,46,58,106,90,64,65,33,47,32,38,35,26,13,12,4,2,F,2011
E01002639,Hounslow 012B,807,44,35,41,34,74,98,84,63,43,43,59,43,40,27,26,25,16,7,5,F,2011
E01002640,Hounslow 012C,829,61,31,36,43,62,120,96,73,52,39,51,31,37,29,34,13,14,5,2,F,2011
E01002674,Hounslow 012D,823,75,27,43,27,43,98,89,66,63,44,49,52,45,29,24,19,15,10,5,F,2011
E01002676,Hounslow 012E,815,36,34,34,55,46,72,78,53,57,60,49,46,40,50,41,32,15,12,5,F,2011
E01002583,Hounslow 013A,852,62,53,67,49,74,93,70,62,62,46,49,32,45,27,29,13,12,6,1,F,2011
E01002584,Hounslow 013B,792,71,49,37,51,58,73,96,60,52,33,49,41,45,18,22,17,12,5,3,F,2011
E01002585,Hounslow 013C,801,44,48,55,56,71,88,52,62,54,47,54,47,40,20,19,14,9,13,8,F,2011
E01002586,Hounslow 013D,789,49,38,29,71,59,103,62,44,59,44,51,44,38,29,29,19,10,11,0,F,2011
E01002589,Hounslow 013E,978,100,63,52,53,89,99,81,75,73,62,51,46,34,29,29,21,10,8,3,F,2011
E01002668,Hounslow 014A,1085,85,46,40,55,50,122,156,103,80,62,55,34,43,36,28,28,19,27,16,F,2011
E01002669,Hounslow 014B,918,77,51,64,47,44,87,95,74,101,67,62,46,27,22,15,21,13,4,1,F,2011
E01002681,Hounslow 014C,1071,90,57,66,88,73,124,111,94,82,63,71,46,39,29,10,16,5,5,2,F,2011
E01002682,Hounslow 014D,1187,98,68,65,66,79,134,125,120,85,72,56,50,43,37,30,20,24,8,7,F,2011
E01002683,Hounslow 014E,1291,131,69,61,62,48,125,170,138,97,95,62,45,51,35,32,28,25,12,5,F,2011
E01002642,Hounslow 015A,927,98,44,41,43,83,142,120,66,47,34,38,27,37,29,19,23,16,9,11,F,2011
E01002643,Hounslow 015B,1129,85,51,57,64,60,111,108,83,73,57,68,49,50,38,42,52,41,26,14,F,2011
E01002645,Hounslow 015C,977,69,54,63,57,64,100,109,67,70,69,42,43,46,31,30,25,17,13,8,F,2011
E01002658,Hounslow 015D,652,38,28,43,28,50,41,50,47,50,63,34,40,39,26,19,22,18,9,7,F,2011
E01002677,Hounslow 015E,758,51,46,41,39,66,77,84,57,54,56,57,33,27,16,11,18,15,4,6,F,2011
E01002587,Hounslow 016A,931,70,71,46,40,77,119,85,57,56,51,36,49,40,35,37,29,19,11,3,F,2011
E01002588,Hounslow 016B,930,75,78,63,70,70,81,72,69,79,63,61,34,35,24,20,18,10,6,2,F,2011
E01002660,Hounslow 016C,846,59,35,48,37,82,117,80,50,65,49,57,46,33,19,30,24,9,4,2,F,2011
E01002661,Hounslow 016D,871,57,36,47,30,61,119,81,53,56,49,63,45,52,33,36,29,17,6,1,F,2011
E01002665,Hounslow 016E,798,51,45,50,48,52,92,78,43,45,42,50,41,43,35,26,27,20,6,4,F,2011
E01002624,Hounslow 017A,732,56,45,38,31,51,88,84,58,44,40,38,47,41,21,22,10,11,5,2,F,2011
E01002646,Hounslow 017B,1012,104,85,65,54,70,113,103,85,70,43,65,34,24,23,24,22,10,10,8,F,2011
E01002662,Hounslow 017C,930,69,45,35,36,75,156,106,51,47,54,63,43,41,28,37,26,12,4,2,F,2011
E01002663,Hounslow 017D,1044,72,61,49,55,92,112,101,85,72,55,38,48,31,47,50,33,22,11,10,F,2011
E01002664,Hounslow 017E,869,74,46,35,40,66,124,93,54,68,46,41,33,27,30,17,16,18,21,20,F,2011
E01002641,Hounslow 018A,958,67,66,35,44,60,125,129,65,52,59,49,53,39,32,26,31,9,12,5,F,2011
E01002648,Hounslow 018C,1282,105,83,67,56,100,191,167,91,78,72,63,60,30,35,28,26,17,10,3,F,2011
E01002649,Hounslow 018D,894,72,32,52,59,89,113,109,64,63,53,46,44,30,18,20,12,4,10,4,F,2011
E01002657,Hounslow 018E,949,81,53,58,49,53,82,86,77,78,74,52,40,48,38,26,18,25,8,3,F,2011
E01033083,Hounslow 018F,751,113,48,20,14,49,172,178,72,37,9,9,6,7,4,6,1,3,2,1,F,2011
E01033084,Hounslow 018G,801,82,54,34,44,63,134,118,75,52,34,27,26,16,16,8,8,6,2,2,F,2011
E01002653,Hounslow 019A,878,50,47,56,56,73,71,81,55,57,58,70,53,40,33,27,22,12,12,5,F,2011
E01002654,Hounslow 019B,908,45,59,49,52,63,81,71,69,70,83,59,49,62,32,18,24,12,6,4,F,2011
E01002655,Hounslow 019C,935,72,46,49,56,76,82,79,54,62,71,64,51,50,32,30,30,19,9,3,F,2011
E01002656,Hounslow 019D,667,32,33,33,44,47,43,46,40,48,56,55,42,31,25,25,27,21,15,4,F,2011
E01002659,Hounslow 019E,721,40,45,41,49,42,64,51,56,50,50,51,38,28,28,25,20,19,12,12,F,2011
E01002667,Hounslow 020A,799,48,32,43,43,57,73,84,58,69,48,59,45,51,29,11,15,9,12,13,F,2011
E01002670,Hounslow 020B,899,65,48,42,52,58,85,83,80,66,56,48,52,52,27,22,24,21,10,8,F,2011
E01002671,Hounslow 020C,894,68,48,51,49,40,42,85,82,79,60,58,63,54,39,28,20,10,9,9,F,2011
E01002672,Hounslow 020D,812,54,52,34,62,57,99,104,77,49,56,24,37,21,21,18,22,9,9,7,F,2011
E01002673,Hounslow 020E,849,93,79,54,47,68,74,71,83,49,68,38,39,23,17,22,15,6,3,0,F,2011
E01002647,Hounslow 021A,1116,84,95,73,70,63,113,106,112,96,80,49,43,40,27,27,15,9,11,3,F,2011
E01002650,Hounslow 021B,1225,134,97,91,67,76,155,139,100,84,66,51,48,39,26,23,13,10,3,3,F,2011
E01002651,Hounslow 021C,861,66,52,52,55,76,86,92,71,52,55,43,35,34,29,22,22,8,9,2,F,2011
E01002652,Hounslow 021D,861,50,48,52,60,63,98,70,62,70,50,57,46,47,30,20,13,13,10,2,F,2011
E01002666,Hounslow 021E,674,45,43,33,34,55,68,45,59,43,40,42,38,42,24,21,18,15,6,3,F,2011
E01002555,Hounslow 022A,959,79,65,43,50,57,105,81,71,58,65,66,61,45,30,30,24,15,8,6,F,2011
E01002556,Hounslow 022B,841,75,57,39,47,51,59,74,77,55,49,53,35,37,37,35,33,15,8,5,F,2011
E01002590,Hounslow 022C,937,64,39,48,61,67,85,74,78,76,62,58,47,45,31,29,21,22,17,13,F,2011
E01002592,Hounslow 022D,1023,85,54,52,62,66,101,92,85,69,59,56,37,41,41,37,28,29,14,15,F,2011
E01002595,Hounslow 022E,957,56,65,56,61,70,74,66,88,73,77,60,43,45,32,41,28,10,8,4,F,2011
E01002557,Hounslow 023A,880,59,42,46,53,70,79,79,38,51,74,59,32,44,39,26,38,24,20,7,F,2011
E01002558,Hounslow 023B,997,93,60,61,63,67,103,78,82,58,59,61,49,52,29,25,14,24,9,10,F,2011
E01002559,Hounslow 023C,1164,100,81,77,72,76,127,128,94,84,72,63,45,44,30,29,22,10,6,4,F,2011
E01002560,Hounslow 023D,872,46,33,58,64,48,55,57,54,59,70,57,49,56,26,31,32,37,25,15,F,2011
E01002561,Hounslow 023E,736,76,65,57,37,59,75,71,60,56,65,50,30,20,3,2,6,4,0,0,F,2011
E01002591,Hounslow 024A,879,50,56,63,67,51,57,62,63,70,62,55,43,35,35,34,23,33,14,6,F,2011
E01002593,Hounslow 024B,1035,59,55,45,58,80,84,77,59,78,74,54,58,55,37,35,38,40,28,21,F,2011
E01002594,Hounslow 024C,981,76,60,75,60,68,77,88,76,71,71,46,48,46,38,27,27,17,7,3,F,2011
E01002611,Hounslow 024D,906,72,58,52,56,65,76,74,55,62,63,60,47,48,43,20,20,20,7,8,F,2011
E01002612,Hounslow 024E,860,58,47,45,49,60,69,65,75,65,55,39,63,42,27,27,31,24,15,4,F,2011
E01002613,Hounslow 024F,872,64,55,41,72,63,74,64,60,55,68,57,50,40,23,22,27,20,14,3,F,2011
E01002598,Hounslow 025B,935,92,49,74,75,68,77,70,70,78,79,61,51,24,17,13,19,9,9,0,F,2011
E01002599,Hounslow 025C,844,72,63,60,53,61,60,79,73,65,78,41,39,28,28,22,7,10,2,3,F,2011
E01002600,Hounslow 025D,765,57,54,65,43,53,50,53,59,58,62,56,43,33,19,26,18,8,7,1,F,2011
E01002603,Hounslow 025E,991,92,79,64,62,59,87,101,85,97,84,53,44,29,17,12,14,6,5,1,F,2011
E01033000,Hounslow 025F,952,109,97,51,64,54,112,88,70,73,61,43,32,29,25,19,10,5,8,2,F,2011
E01033030,Hounslow 025G,814,107,59,24,13,54,186,190,79,42,14,17,16,4,3,2,3,0,1,0,F,2011
E01002604,Hounslow 026A,868,84,63,77,70,72,89,65,70,80,51,44,26,16,17,15,6,7,10,6,F,2011
E01002605,Hounslow 026B,946,74,56,62,58,54,85,87,80,63,47,56,49,42,46,24,25,24,9,5,F,2011
E01002606,Hounslow 026C,832,60,64,60,62,46,52,63,55,67,63,59,46,46,32,22,14,8,5,8,F,2011
E01002607,Hounslow 026D,979,87,63,50,61,67,88,106,81,70,66,63,38,34,25,20,26,18,13,3,F,2011
E01002615,Hounslow 026E,743,69,40,42,49,41,78,59,54,55,49,52,38,30,28,15,11,13,17,3,F,2011
E01002596,Hounslow 027A,921,111,74,38,51,64,153,118,92,73,50,32,24,17,15,4,1,2,1,1,F,2011
E01002601,Hounslow 027B,814,94,47,47,38,51,100,100,77,64,52,37,29,25,18,13,5,11,5,1,F,2011
E01002602,Hounslow 027C,759,59,40,46,63,41,44,64,63,72,70,45,27,25,27,24,21,16,8,4,F,2011
E01002614,Hounslow 027D,877,85,49,36,43,76,100,91,67,65,49,47,37,35,25,18,24,15,11,4,F,2011
E01002616,Hounslow 027E,690,47,46,37,37,35,42,51,44,48,60,45,41,43,22,17,34,21,12,8,F,2011
E01002608,Hounslow 028A,889,73,68,57,57,57,61,76,60,64,75,58,37,41,32,16,22,21,9,5,F,2011
E01002609,Hounslow 028B,858,43,49,50,56,52,56,68,61,68,78,56,44,45,41,22,27,23,12,7,F,2011
E01002610,Hounslow 028C,819,73,46,49,57,56,73,57,60,52,50,49,27,52,32,26,30,24,5,1,F,2011
E01002617,Hounslow 028D,815,78,39,40,46,45,75,60,63,48,62,43,52,58,22,33,11,18,15,7,F,2011
E01002687,Hounslow 029A,835,55,35,22,20,33,113,111,90,76,56,41,49,43,24,21,15,18,9,4,F,2011
E01002691,Hounslow 029B,822,43,44,39,30,64,124,81,51,66,49,48,35,29,27,19,19,26,22,6,F,2011
E01002692,Hounslow 029C,877,68,25,33,26,61,112,121,105,56,63,46,47,33,35,11,15,6,8,6,F,2011
E01002693,Hounslow 029D,896,51,30,28,17,42,110,95,75,51,49,41,35,40,37,34,38,47,44,32,F,2011
E01032573,Hounslow 029E,800,45,29,28,17,35,123,109,81,60,46,36,34,38,26,23,21,26,14,9,F,2011
E09000021,,82067,5455,4459,4330,4809,7108,6228,6761,6700,6086,5723,4722,4032,4096,2962,2369,2088,1807,1429,903,F,2011
E01003006,Kingston upon Thames 001A,800,42,51,59,45,31,42,40,57,73,79,57,53,30,22,33,35,26,17,8,F,2011
E01003007,Kingston upon Thames 001B,769,53,59,52,46,30,27,46,53,77,68,54,45,36,30,21,21,24,19,8,F,2011
E01003008,Kingston upon Thames 001C,774,66,62,69,39,29,21,40,68,91,57,59,32,47,26,24,21,10,7,6,F,2011
E01003009,Kingston upon Thames 001D,988,69,68,57,49,58,52,71,82,91,70,77,58,51,36,24,20,27,18,10,F,2011
E01003010,Kingston upon Thames 001E,759,27,59,63,47,33,30,38,53,66,73,75,51,39,37,20,17,19,8,4,F,2011
E01002952,Kingston upon Thames 002A,829,23,38,88,126,38,30,29,37,58,72,51,54,54,41,31,21,22,12,4,F,2011
E01002953,Kingston upon Thames 002B,646,34,42,42,44,55,39,22,41,40,50,53,40,38,28,14,16,21,14,13,F,2011
E01002955,Kingston upon Thames 002C,731,47,31,40,56,86,44,49,39,52,42,57,37,42,31,20,18,22,14,4,F,2011
E01002956,Kingston upon Thames 002D,835,27,29,41,97,148,29,28,36,52,56,46,33,46,41,36,17,20,27,26,F,2011
E01002959,Kingston upon Thames 002E,734,34,53,57,56,26,33,14,34,59,71,58,52,50,34,35,23,23,14,8,F,2011
E01002935,Kingston upon Thames 003A,871,56,35,39,39,105,108,105,82,63,53,49,35,31,20,12,16,9,12,2,F,2011
E01002938,Kingston upon Thames 003B,1012,89,77,53,29,53,38,107,132,107,68,55,34,50,32,25,18,17,14,14,F,2011
E01002951,Kingston upon Thames 003C,754,64,36,31,28,49,56,57,64,70,51,39,42,55,38,25,18,14,13,4,F,2011
E01002954,Kingston upon Thames 003D,725,45,35,20,18,95,76,82,67,37,26,26,24,25,20,17,27,29,32,24,F,2011
E01002957,Kingston upon Thames 003E,914,65,54,56,75,163,83,73,66,58,44,36,33,25,28,21,14,11,7,2,F,2011
E01002933,Kingston upon Thames 004A,1048,104,76,63,48,63,62,71,106,94,72,57,36,38,29,28,26,23,26,26,F,2011
E01002934,Kingston upon Thames 004B,903,85,59,67,34,37,55,77,102,89,74,54,53,45,29,12,17,5,5,4,F,2011
E01002937,Kingston upon Thames 004D,877,104,65,47,29,48,31,80,126,96,58,49,34,35,26,13,14,8,10,4,F,2011
E01003011,Kingston upon Thames 004E,896,72,49,34,36,55,61,59,85,81,66,62,49,50,35,25,19,24,13,21,F,2011
E01033568,Kingston upon Thames 004F,741,62,48,38,18,92,117,107,87,49,29,29,23,13,8,9,7,4,0,1,F,2011
E01033569,Kingston upon Thames 004G,816,66,43,19,52,135,112,101,79,47,38,35,31,16,11,10,10,8,2,1,F,2011
E01002964,Kingston upon Thames 005A,1167,80,33,29,116,217,119,105,81,77,56,37,40,36,27,25,27,21,27,14,F,2011
E01002969,Kingston upon Thames 005B,878,76,50,44,66,129,72,69,64,59,47,38,43,32,23,23,18,19,2,4,F,2011
E01002971,Kingston upon Thames 005C,866,85,41,23,31,116,100,96,102,60,45,29,21,35,15,13,19,21,9,5,F,2011
E01002972,Kingston upon Thames 005D,898,56,33,21,32,148,113,117,85,56,44,26,37,25,21,21,18,12,14,19,F,2011
E01002974,Kingston upon Thames 005E,985,66,55,64,57,121,79,55,92,59,64,53,60,53,32,20,18,17,8,12,F,2011
E01002932,Kingston upon Thames 006A,924,73,69,67,61,74,89,71,86,84,64,34,43,36,17,12,14,10,13,7,F,2011
E01002960,Kingston upon Thames 006B,858,50,67,61,58,65,49,28,58,77,69,58,43,50,26,27,24,24,18,6,F,2011
E01002962,Kingston upon Thames 006C,793,38,45,55,61,46,63,48,66,71,60,41,43,53,26,29,22,10,13,3,F,2011
E01002970,Kingston upon Thames 006D,816,57,50,54,43,111,69,65,67,48,45,52,39,39,15,29,13,10,9,1,F,2011
E01002973,Kingston upon Thames 006E,731,55,46,46,64,88,48,56,57,64,47,38,36,23,25,12,15,6,3,2,F,2011
E01002929,Kingston upon Thames 007A,845,48,54,59,57,42,41,36,63,63,76,57,67,51,46,34,23,13,9,6,F,2011
E01002930,Kingston upon Thames 007B,894,63,49,44,43,56,72,83,83,56,69,49,49,41,33,20,21,21,21,21,F,2011
E01002931,Kingston upon Thames 007C,945,84,82,58,47,52,49,59,104,66,77,66,49,53,26,25,18,19,8,3,F,2011
E01002963,Kingston upon Thames 007D,896,67,46,32,44,73,88,101,69,52,63,46,28,39,27,36,33,20,20,12,F,2011
E01002985,Kingston upon Thames 007E,841,60,57,48,38,50,58,74,73,71,70,46,38,33,37,21,21,27,14,5,F,2011
E01002927,Kingston upon Thames 008A,806,50,44,46,50,61,41,58,50,55,62,58,36,55,34,28,24,28,15,11,F,2011
E01002928,Kingston upon Thames 008B,854,49,37,43,44,47,65,55,67,56,58,52,54,50,37,26,28,23,36,27,F,2011
E01002958,Kingston upon Thames 008C,865,81,47,50,39,45,35,70,106,78,87,44,57,37,27,17,13,17,9,6,F,2011
E01002961,Kingston upon Thames 008D,924,55,65,53,73,67,36,37,63,74,80,77,59,51,39,23,33,21,9,9,F,2011
E01002986,Kingston upon Thames 008E,626,27,32,42,37,28,31,35,44,48,46,44,56,35,28,23,21,27,19,3,F,2011
E01002965,Kingston upon Thames 009A,1183,63,39,23,61,257,129,118,95,51,50,49,51,44,34,20,29,27,27,16,F,2011
E01002967,Kingston upon Thames 009B,945,57,31,14,20,96,120,165,102,54,52,33,29,38,37,26,27,17,14,13,F,2011
E01002968,Kingston upon Thames 009C,1294,82,37,33,93,309,146,133,102,70,60,48,38,51,30,20,18,13,6,5,F,2011
E01002990,Kingston upon Thames 009D,802,43,19,17,7,84,134,149,81,56,38,28,25,30,23,16,15,16,16,5,F,2011
E01002991,Kingston upon Thames 009E,776,50,36,32,25,107,80,74,63,51,54,45,36,32,21,25,14,7,17,7,F,2011
E01002922,Kingston upon Thames 010A,824,46,35,39,44,59,50,65,71,64,59,50,36,53,47,27,22,29,17,11,F,2011
E01002926,Kingston upon Thames 010B,778,67,54,37,37,56,48,50,57,68,55,54,43,30,28,34,22,19,12,7,F,2011
E01002966,Kingston upon Thames 010C,957,68,50,43,40,145,70,101,80,90,70,47,31,33,23,15,15,10,10,16,F,2011
E01002992,Kingston upon Thames 010D,936,36,17,22,184,308,65,60,49,34,28,28,23,30,12,11,10,8,8,3,F,2011
E01002921,Kingston upon Thames 011A,755,46,18,12,16,79,123,119,79,53,42,25,19,26,12,18,23,15,17,13,F,2011
E01002987,Kingston upon Thames 011B,848,45,10,13,24,126,117,124,82,36,36,33,23,24,22,26,23,31,28,25,F,2011
E01002988,Kingston upon Thames 011C,1015,49,34,19,245,183,128,76,70,57,30,29,30,11,17,14,12,6,5,0,F,2011
E01002989,Kingston upon Thames 011D,907,70,27,24,15,62,138,150,137,73,57,39,22,33,26,14,7,8,3,2,F,2011
E01002975,Kingston upon Thames 012A,692,35,45,49,39,34,36,53,51,48,54,48,38,41,35,33,23,14,9,7,F,2011
E01002977,Kingston upon Thames 012B,882,67,73,55,44,61,63,55,67,52,63,48,36,56,33,37,24,23,17,8,F,2011
E01002980,Kingston upon Thames 012C,742,25,40,65,53,37,34,39,35,55,59,59,48,50,52,28,19,26,15,3,F,2011
E01002981,Kingston upon Thames 012D,795,36,49,68,53,37,42,43,52,45,70,70,49,42,37,36,24,19,19,4,F,2011
E01002984,Kingston upon Thames 012E,722,31,42,47,42,32,48,51,52,46,45,36,43,41,28,37,28,38,27,8,F,2011
E01002923,Kingston upon Thames 013A,786,45,39,27,34,101,64,64,50,45,50,17,26,48,40,38,33,24,28,13,F,2011
E01002925,Kingston upon Thames 013B,840,85,34,19,22,58,89,144,81,71,46,23,27,32,12,9,20,19,28,21,F,2011
E01002993,Kingston upon Thames 013C,752,56,17,9,8,58,127,128,78,43,38,39,25,25,21,14,18,19,13,16,F,2011
E01002995,Kingston upon Thames 013D,760,37,37,30,30,40,60,64,52,57,49,40,38,47,29,25,32,27,32,34,F,2011
E01002999,Kingston upon Thames 013E,724,51,31,20,16,84,127,122,78,41,30,22,25,14,10,10,5,15,18,5,F,2011
E01002915,Kingston upon Thames 014A,638,35,24,34,41,36,30,40,40,35,43,51,49,62,36,25,14,20,20,3,F,2011
E01002916,Kingston upon Thames 014B,742,35,49,47,32,43,50,23,49,58,55,64,52,46,43,33,30,21,9,3,F,2011
E01002917,Kingston upon Thames 014C,710,22,43,52,44,44,29,27,41,53,62,60,50,53,38,28,25,22,16,1,F,2011
E01002920,Kingston upon Thames 014D,814,51,52,47,41,43,23,41,71,72,76,55,43,56,26,39,31,17,19,11,F,2011
E01002924,Kingston upon Thames 014E,754,41,43,60,43,34,23,28,47,59,73,46,60,45,34,44,31,21,15,7,F,2011
E01002976,Kingston upon Thames 015A,889,74,64,50,57,40,46,82,80,66,56,55,48,49,30,36,28,17,7,4,F,2011
E01002978,Kingston upon Thames 015B,900,38,33,44,53,55,61,60,59,60,65,74,73,59,53,27,36,18,22,10,F,2011
E01002979,Kingston upon Thames 015C,770,40,33,53,40,54,46,58,43,65,63,46,57,67,35,25,13,17,11,4,F,2011
E01002982,Kingston upon Thames 015D,734,30,33,38,38,27,32,36,51,49,43,52,46,55,47,36,22,31,29,39,F,2011
E01002983,Kingston upon Thames 015E,817,35,44,53,58,41,38,36,48,58,76,67,51,72,40,30,30,24,13,3,F,2011
E01002994,Kingston upon Thames 016A,804,48,34,30,16,46,74,65,59,55,53,39,45,44,36,28,40,25,35,32,F,2011
E01002996,Kingston upon Thames 016B,775,71,40,52,42,38,60,71,77,68,64,43,32,26,22,15,13,16,19,6,F,2011
E01002997,Kingston upon Thames 016C,734,53,50,27,32,51,38,69,72,62,58,47,41,47,28,19,12,9,11,8,F,2011
E01002998,Kingston upon Thames 016D,847,82,50,48,44,80,67,77,79,66,42,52,29,46,25,16,18,12,8,6,F,2011
E01003002,Kingston upon Thames 016E,949,81,48,42,31,63,97,99,92,63,52,43,41,46,34,24,35,21,20,17,F,2011
E01002918,Kingston upon Thames 017A,896,67,60,78,63,48,64,77,77,74,57,53,42,41,26,18,28,12,8,3,F,2011
E01002919,Kingston upon Thames 017B,856,66,38,46,54,80,79,70,53,59,65,54,43,39,26,28,20,18,13,5,F,2011
E01003000,Kingston upon Thames 017C,804,51,38,54,59,58,51,48,55,68,64,53,43,47,34,19,21,21,11,9,F,2011
E01003001,Kingston upon Thames 017D,965,82,67,60,68,56,61,70,62,60,86,54,55,54,38,27,23,16,16,10,F,2011
E01003003,Kingston upon Thames 017E,770,54,44,38,48,65,63,67,58,58,61,52,41,24,21,25,21,19,5,6,F,2011
E01002939,Kingston upon Thames 018A,804,61,60,50,55,53,47,74,64,47,69,66,31,38,23,14,16,17,8,11,F,2011
E01002941,Kingston upon Thames 018B,777,28,31,43,66,39,23,43,42,64,77,50,34,48,52,34,34,30,26,13,F,2011
E01002942,Kingston upon Thames 018C,679,36,29,33,43,39,31,35,50,63,54,47,33,55,37,27,27,22,12,6,F,2011
E01003004,Kingston upon Thames 018D,816,48,60,48,61,45,46,61,62,62,76,38,46,44,31,31,24,21,9,3,F,2011
E01003005,Kingston upon Thames 018E,755,56,45,34,47,38,43,48,57,80,63,49,39,40,49,22,14,15,9,7,F,2011
E01002944,Kingston upon Thames 019A,711,65,55,55,27,31,50,68,57,57,47,39,33,42,31,16,14,17,6,1,F,2011
E01002945,Kingston upon Thames 019B,783,64,35,44,27,38,63,90,71,50,47,62,40,35,34,26,21,17,12,7,F,2011
E01002946,Kingston upon Thames 019C,788,53,38,36,39,47,57,64,60,70,52,58,48,58,26,39,22,12,9,0,F,2011
E01002947,Kingston upon Thames 019D,783,35,49,53,47,40,41,47,55,67,66,61,45,61,29,31,27,16,7,6,F,2011
E01002940,Kingston upon Thames 020A,823,44,58,67,48,43,43,62,63,73,72,39,45,41,32,24,30,14,18,7,F,2011
E01002943,Kingston upon Thames 020B,720,57,47,49,48,42,49,47,48,43,63,47,39,45,31,21,8,12,10,14,F,2011
E01002948,Kingston upon Thames 020C,1111,72,73,62,64,64,76,74,95,96,90,60,54,53,42,29,32,37,22,16,F,2011
E01002949,Kingston upon Thames 020D,920,55,65,64,61,55,51,68,61,60,93,63,44,48,46,29,23,17,9,8,F,2011
E01002950,Kingston upon Thames 020E,880,81,42,48,48,54,75,75,62,62,59,50,52,36,35,32,24,21,19,5,F,2011
E09000024,,101521,7314,5606,5085,4905,6220,9929,10563,8549,7779,7208,5820,4885,4567,3413,2907,2502,2044,1360,865,F,2011
E01003472,Merton 001A,684,88,38,28,20,29,36,61,71,74,50,42,36,28,27,18,24,8,1,5,F,2011
E01003473,Merton 001B,707,50,43,26,19,49,85,77,50,69,54,27,42,31,24,14,12,11,9,15,F,2011
E01003474,Merton 001C,710,39,56,48,54,39,35,44,44,74,58,65,42,36,20,18,12,14,10,2,F,2011
E01003475,Merton 001D,1308,110,61,40,32,134,254,204,119,78,69,54,46,32,20,19,12,13,5,6,F,2011
E01003478,Merton 001E,830,100,60,35,22,43,80,104,107,71,51,24,28,27,16,14,21,16,7,4,F,2011
E01003460,Merton 002A,752,35,40,44,30,20,46,56,50,52,63,52,54,51,48,31,18,32,19,11,F,2011
E01003462,Merton 002B,750,51,38,38,36,28,21,37,57,55,52,61,65,44,36,38,29,32,21,11,F,2011
E01003464,Merton 002C,698,40,39,34,26,19,19,31,44,65,54,50,37,45,50,36,26,24,32,27,F,2011
E01003465,Merton 002D,668,28,47,62,26,18,17,29,40,47,54,61,57,40,29,27,26,28,16,16,F,2011
E01003400,Merton 003A,743,42,35,22,26,40,120,123,65,61,49,36,24,31,23,15,17,10,4,0,F,2011
E01003454,Merton 003B,708,37,33,26,21,35,82,88,64,43,47,46,28,38,24,11,13,19,30,23,F,2011
E01003456,Merton 003C,752,40,35,22,27,58,130,113,65,46,36,41,38,29,17,16,14,12,7,6,F,2011
E01003476,Merton 003D,705,56,49,39,46,54,64,67,59,72,51,46,31,29,14,10,4,4,9,1,F,2011
E01003477,Merton 003E,779,53,50,34,31,55,89,101,81,57,61,38,38,28,23,9,16,8,3,4,F,2011
E01003401,Merton 004A,718,54,28,20,14,32,91,86,69,47,36,23,38,43,31,17,26,27,24,12,F,2011
E01003402,Merton 004B,792,56,39,32,26,30,75,95,76,56,50,42,39,45,29,29,24,26,14,9,F,2011
E01003403,Merton 004C,797,50,28,20,15,33,79,110,63,61,56,34,35,43,27,31,33,28,26,25,F,2011
E01003404,Merton 004D,860,55,16,14,15,34,119,159,95,51,41,28,40,26,30,27,33,31,31,15,F,2011
E01003461,Merton 004E,785,35,40,35,24,42,98,104,50,46,71,48,29,51,34,22,14,21,14,7,F,2011
E01003367,Merton 005A,1127,76,32,29,32,94,181,184,121,68,61,47,50,35,25,26,28,12,9,17,F,2011
E01003369,Merton 005B,858,58,21,24,23,75,145,156,99,50,42,44,35,23,14,19,12,13,3,2,F,2011
E01003370,Merton 005C,992,85,33,28,26,92,160,199,91,68,50,37,30,33,19,16,12,5,5,3,F,2011
E01003371,Merton 005D,777,58,32,16,33,64,121,89,76,53,37,38,39,34,20,17,24,15,9,2,F,2011
E01003455,Merton 005E,769,57,26,22,21,36,134,167,97,62,42,17,19,23,9,9,9,11,4,4,F,2011
E01003359,Merton 006A,901,69,34,33,26,63,124,129,82,67,67,30,32,24,24,28,22,25,8,14,F,2011
E01003360,Merton 006B,879,79,28,21,14,60,146,154,110,69,33,34,31,34,23,10,9,16,5,3,F,2011
E01003457,Merton 006C,817,105,48,26,21,33,61,100,112,83,52,40,34,37,22,13,10,8,9,3,F,2011
E01003458,Merton 006D,822,65,40,22,18,46,117,149,90,60,57,30,23,37,23,19,12,7,3,4,F,2011
E01003459,Merton 006E,1084,91,42,41,31,81,157,193,112,76,42,45,44,37,23,25,18,14,11,1,F,2011
E01003394,Merton 007A,888,57,47,40,37,65,101,84,64,65,68,47,51,40,32,31,27,20,8,4,F,2011
E01003395,Merton 007B,729,41,41,33,50,40,67,54,42,39,57,62,33,47,39,27,22,19,11,5,F,2011
E01003396,Merton 007C,760,56,44,34,27,52,84,91,57,63,49,44,31,23,42,21,23,10,5,4,F,2011
E01003397,Merton 007D,729,48,33,31,53,44,66,71,66,49,54,41,41,29,29,29,16,15,13,1,F,2011
E01003398,Merton 007E,858,40,64,67,50,59,71,60,57,60,70,57,43,52,33,26,20,15,12,2,F,2011
E01003368,Merton 008A,784,51,29,43,38,64,83,84,61,64,51,42,37,53,23,22,14,12,8,5,F,2011
E01003372,Merton 008B,764,52,52,43,44,70,77,85,54,74,48,41,33,33,17,17,8,6,5,5,F,2011
E01003393,Merton 008C,736,70,30,23,22,53,148,107,86,51,35,31,24,14,13,7,11,9,1,1,F,2011
E01003406,Merton 008D,856,68,58,61,77,62,80,90,46,86,90,48,28,32,11,8,5,3,2,1,F,2011
E01003407,Merton 008E,905,82,44,43,27,68,154,142,85,65,55,38,32,26,17,16,6,3,2,0,F,2011
E01003355,Merton 009A,790,46,27,23,10,43,145,163,90,54,42,20,25,26,18,11,14,13,10,10,F,2011
E01003356,Merton 009B,890,78,43,38,35,52,116,98,89,82,65,43,41,33,21,20,16,6,10,4,F,2011
E01003358,Merton 009C,931,61,42,13,13,68,178,159,117,57,57,34,24,22,16,27,15,11,11,6,F,2011
E01003383,Merton 009D,757,55,27,25,9,54,131,142,90,48,44,31,31,20,17,14,10,1,5,3,F,2011
E01003384,Merton 009E,771,60,39,26,24,38,133,98,83,62,41,31,29,33,18,21,14,9,6,6,F,2011
E01003442,Merton 010A,894,56,50,32,34,26,48,63,84,78,55,61,48,53,35,31,22,30,31,57,F,2011
E01003443,Merton 010B,812,87,45,32,29,22,45,68,96,72,72,40,43,51,41,24,16,17,8,4,F,2011
E01003444,Merton 010C,807,57,53,35,24,16,68,81,84,66,62,44,43,42,31,30,24,20,17,10,F,2011
E01003445,Merton 010D,853,54,54,43,37,25,50,61,88,79,61,55,52,55,36,33,26,17,15,12,F,2011
E01003463,Merton 010E,674,37,56,55,32,22,32,28,47,52,51,62,45,44,40,20,22,14,12,3,F,2011
E01003380,Merton 011A,857,66,38,32,27,51,100,101,88,67,44,55,37,39,30,19,23,19,14,7,F,2011
E01003382,Merton 011B,802,61,32,18,18,23,117,131,84,66,54,33,30,33,31,20,23,11,11,6,F,2011
E01003385,Merton 011C,792,65,58,39,27,25,79,89,75,84,50,61,37,29,30,18,14,7,4,1,F,2011
E01003399,Merton 011D,695,31,23,25,18,49,116,94,57,46,45,40,27,28,24,25,19,17,5,6,F,2011
E01003423,Merton 011E,810,69,54,30,27,56,93,97,68,68,51,39,30,43,21,22,16,11,9,6,F,2011
E01003357,Merton 012A,956,61,47,62,43,104,147,85,79,70,64,37,38,30,27,17,10,18,12,5,F,2011
E01003376,Merton 012B,796,54,37,50,59,57,67,58,66,59,65,63,51,33,30,20,18,7,1,1,F,2011
E01003377,Merton 012C,818,81,55,62,75,67,62,63,60,78,57,54,42,26,14,7,5,6,3,1,F,2011
E01003408,Merton 012D,929,90,33,19,23,76,138,148,102,61,52,46,37,46,22,13,14,5,4,0,F,2011
E01003410,Merton 012E,835,73,52,37,40,61,101,100,76,66,56,47,40,24,23,19,7,9,3,1,F,2011
E01003386,Merton 013A,1125,122,87,76,80,74,102,138,88,71,76,52,38,31,29,17,13,16,10,5,F,2011
E01003388,Merton 013B,791,48,45,40,43,56,72,55,56,60,46,50,46,40,41,22,31,14,14,12,F,2011
E01003389,Merton 013C,849,57,70,47,44,51,79,77,62,62,68,60,43,42,18,19,26,15,2,7,F,2011
E01003392,Merton 013D,625,43,34,32,38,38,53,67,48,45,50,42,36,29,22,15,15,8,7,3,F,2011
E01003409,Merton 013E,892,67,66,52,59,71,69,88,66,61,59,61,41,35,25,18,28,15,7,4,F,2011
E01003387,Merton 014A,826,56,66,52,57,63,60,60,68,78,55,57,43,29,15,22,13,19,8,5,F,2011
E01003391,Merton 014B,687,71,48,49,48,63,62,58,52,43,49,34,27,26,22,12,12,10,1,0,F,2011
E01003411,Merton 014C,892,77,74,43,46,36,92,100,88,76,53,49,33,41,20,18,17,16,9,4,F,2011
E01003412,Merton 014D,851,57,67,61,57,59,58,71,69,61,74,61,43,40,21,14,17,9,9,3,F,2011
E01003435,Merton 014E,689,43,41,33,34,46,51,44,60,43,59,54,42,32,35,25,27,5,9,6,F,2011
E01003361,Merton 015A,805,58,40,41,47,50,71,63,67,51,64,51,51,41,35,30,18,12,6,9,F,2011
E01003424,Merton 015B,766,49,38,52,31,24,33,38,56,58,60,56,51,54,49,38,27,23,20,9,F,2011
E01003425,Merton 015C,733,45,36,54,36,38,39,35,50,58,57,57,52,53,31,40,20,17,4,11,F,2011
E01003426,Merton 015D,870,40,52,55,45,54,66,75,58,70,63,42,50,50,36,29,32,33,15,5,F,2011
E01003428,Merton 015E,725,45,46,36,29,26,72,82,51,53,60,35,30,37,31,22,19,23,15,13,F,2011
E01003366,Merton 016A,739,42,27,29,37,51,80,77,53,58,59,38,41,39,28,21,29,18,9,3,F,2011
E01003381,Merton 016B,767,67,18,9,6,29,123,151,73,42,37,30,32,31,27,24,18,19,19,12,F,2011
E01003446,Merton 016C,837,34,34,29,19,48,127,133,85,70,40,39,48,35,26,24,17,13,10,6,F,2011
E01003447,Merton 016D,819,76,41,28,30,50,88,119,91,54,40,38,25,28,25,27,12,13,18,16,F,2011
E01003471,Merton 016E,809,59,35,24,29,31,76,88,67,62,42,44,44,36,38,35,27,22,26,24,F,2011
E01003413,Merton 017A,982,73,58,57,57,74,96,104,77,74,83,52,45,34,30,18,19,17,10,4,F,2011
E01003414,Merton 017B,812,53,34,48,60,59,64,47,31,64,68,60,47,40,35,35,27,17,15,8,F,2011
E01003415,Merton 017C,846,52,49,58,55,62,48,44,59,69,72,66,59,40,30,24,19,20,16,4,F,2011
E01003416,Merton 017D,763,36,41,54,59,53,47,46,41,63,68,49,45,44,41,33,19,16,6,2,F,2011
E01003434,Merton 017E,764,50,40,51,65,50,60,40,36,67,70,54,43,35,35,16,25,14,10,3,F,2011
E01003373,Merton 018A,778,85,50,65,48,58,67,63,58,64,54,33,31,42,19,16,10,10,4,1,F,2011
E01003378,Merton 018B,1057,92,73,67,72,77,86,107,84,95,82,51,48,38,27,19,18,13,4,4,F,2011
E01003379,Merton 018C,983,91,69,49,60,66,87,82,62,72,71,44,38,43,26,25,28,31,27,12,F,2011
E01003390,Merton 018D,813,79,67,50,42,78,70,81,74,77,43,55,30,20,17,6,8,9,5,2,F,2011
E01003405,Merton 018E,862,68,43,51,51,60,69,81,60,64,76,58,33,29,35,32,19,17,9,7,F,2011
E01003429,Merton 019A,737,46,44,51,67,49,38,38,42,52,75,77,34,33,17,35,20,10,5,4,F,2011
E01003430,Merton 019B,762,77,54,52,63,63,59,67,53,54,52,53,28,33,21,11,14,5,1,2,F,2011
E01003431,Merton 019C,805,49,60,75,67,46,44,60,64,64,70,52,45,42,20,17,17,3,7,3,F,2011
E01003432,Merton 019D,813,66,69,62,95,55,58,45,57,62,76,52,34,19,18,13,11,13,2,6,F,2011
E01003433,Merton 019E,767,45,50,49,65,40,43,60,43,65,75,42,37,34,30,31,24,18,9,7,F,2011
E01003466,Merton 020A,802,53,36,43,31,41,59,71,68,56,61,53,48,42,38,33,28,25,13,3,F,2011
E01003467,Merton 020B,821,64,43,35,41,36,54,65,87,60,54,49,48,51,30,34,32,17,14,7,F,2011
E01003468,Merton 020C,855,67,55,38,40,39,38,73,85,69,62,63,56,46,28,26,27,26,12,5,F,2011
E01003469,Merton 020D,820,59,57,63,47,34,74,74,73,67,66,50,50,26,14,22,22,9,9,4,F,2011
E01003470,Merton 020E,908,68,58,57,58,57,65,82,64,66,80,56,53,41,24,30,17,20,8,4,F,2011
E01003362,Merton 021A,683,33,30,34,51,36,36,25,38,41,54,54,53,53,40,38,28,17,17,5,F,2011
E01003363,Merton 021B,826,52,62,53,29,38,40,48,70,71,67,61,45,45,35,36,39,13,16,6,F,2011
E01003364,Merton 021C,884,44,52,48,45,53,49,47,58,68,72,71,58,55,38,52,32,22,9,11,F,2011
E01003365,Merton 021D,710,29,33,40,47,43,30,43,47,37,63,58,52,44,29,35,34,31,9,6,F,2011
E01003421,Merton 021E,797,60,35,41,32,35,79,94,61,43,53,44,51,42,39,31,14,19,12,12,F,2011
E01003374,Merton 022A,754,58,46,27,34,57,71,72,56,52,48,43,38,26,20,24,22,32,14,14,F,2011
E01003375,Merton 022B,850,51,51,37,46,64,43,65,46,55,67,50,52,58,45,33,38,27,17,5,F,2011
E01003437,Merton 022C,941,57,47,54,57,53,68,70,60,74,62,57,47,49,48,44,34,29,26,5,F,2011
E01003440,Merton 022D,774,72,35,31,53,44,84,74,61,54,51,47,33,40,31,24,20,11,7,2,F,2011
E01003441,Merton 022E,935,72,59,58,54,64,84,68,57,79,65,54,36,33,29,34,31,25,12,21,F,2011
E01003427,Merton 023A,850,63,48,34,40,55,89,96,75,58,59,35,41,35,30,26,25,21,10,10,F,2011
E01003436,Merton 023B,769,57,42,44,36,41,64,64,64,58,66,57,37,21,26,18,30,31,9,4,F,2011
E01003439,Merton 023C,713,49,46,41,42,47,60,70,61,64,66,46,25,29,17,17,11,11,9,2,F,2011
E01003448,Merton 023D,900,67,61,73,50,66,82,65,68,76,75,45,30,40,18,24,19,28,10,3,F,2011
E01003453,Merton 023E,864,75,56,55,49,56,67,82,80,75,63,43,19,35,19,30,26,13,14,7,F,2011
E01003438,Merton 024A,866,55,43,69,60,53,56,56,81,81,69,46,41,33,31,31,17,30,12,2,F,2011
E01003449,Merton 024B,865,60,58,60,52,50,60,94,68,62,56,43,34,44,33,30,20,22,16,3,F,2011
E01003450,Merton 024C,834,61,59,61,46,58,60,75,66,86,62,43,27,21,25,21,22,24,15,2,F,2011
E01003451,Merton 024D,855,24,44,44,68,58,47,32,52,56,82,63,54,42,41,39,38,29,22,20,F,2011
E01003452,Merton 024E,992,60,52,61,65,70,66,91,77,78,83,44,40,41,27,38,37,29,22,11,F,2011
E01003417,Merton 025A,787,38,41,31,33,44,47,45,63,68,71,49,46,54,43,24,37,25,19,9,F,2011
E01003418,Merton 025B,731,30,47,38,49,36,33,42,53,56,61,59,52,47,33,33,28,21,10,3,F,2011
E01003419,Merton 025C,858,53,49,57,45,36,58,77,67,71,75,59,42,51,38,24,23,16,13,4,F,2011
E01003420,Merton 025D,699,59,44,42,44,26,39,58,45,54,57,50,42,28,30,27,16,16,16,6,F,2011
E01003422,Merton 025E,687,37,33,40,36,34,35,57,49,50,41,53,35,47,34,27,29,22,14,14,F,2011
E09000026,,141877,10572,9248,9077,8824,9094,12078,12177,10414,10001,9662,8289,7059,6440,4926,3994,3540,3086,2063,1333,F,2011
E01003744,Redbridge 001A,686,25,27,30,32,27,38,43,38,42,61,42,43,60,57,31,36,25,20,9,F,2011
E01003745,Redbridge 001B,728,31,37,57,58,39,30,25,36,63,64,63,51,64,34,20,21,20,8,7,F,2011
E01003746,Redbridge 001C,764,44,33,31,31,33,37,42,48,42,52,48,57,57,49,36,41,48,25,10,F,2011
E01003747,Redbridge 001D,675,31,38,58,48,28,20,17,39,54,59,71,38,40,27,39,27,23,12,6,F,2011
E01003748,Redbridge 001E,783,33,28,42,55,33,37,48,37,47,59,61,50,49,46,31,31,37,30,29,F,2011
E01003749,Redbridge 001F,846,42,42,42,44,30,77,69,68,53,72,46,44,63,40,34,25,26,17,12,F,2011
E01003750,Redbridge 001G,864,43,43,38,37,25,61,62,65,70,67,47,36,65,33,37,41,31,31,32,F,2011
E01003720,Redbridge 002A,951,61,46,51,51,44,64,59,65,58,70,57,54,65,48,43,36,43,25,11,F,2011
E01003722,Redbridge 002B,914,66,47,51,64,57,64,74,66,71,72,55,46,36,31,37,27,18,23,9,F,2011
E01003723,Redbridge 002C,940,69,72,67,63,36,55,69,66,90,86,38,40,37,31,29,32,21,26,13,F,2011
E01003726,Redbridge 002D,805,73,54,47,56,46,60,77,46,72,57,48,37,29,29,13,7,24,16,14,F,2011
E01003721,Redbridge 003A,876,58,60,58,49,54,58,63,60,61,59,47,44,39,41,30,27,22,26,20,F,2011
E01003724,Redbridge 003B,711,47,43,49,43,41,46,61,54,60,48,40,46,40,26,15,10,19,13,10,F,2011
E01003725,Redbridge 003C,810,68,57,52,39,47,63,65,77,75,65,37,32,40,28,19,19,12,8,7,F,2011
E01003727,Redbridge 003D,849,68,45,65,59,38,52,66,68,65,73,56,34,37,32,20,16,30,15,10,F,2011
E01003654,Redbridge 004A,823,56,38,47,61,57,61,80,49,62,65,48,38,43,31,30,14,23,14,6,F,2011
E01003655,Redbridge 004B,784,40,43,43,45,38,50,81,62,60,59,52,42,51,40,23,21,14,17,3,F,2011
E01003658,Redbridge 004C,848,50,72,54,44,52,60,72,61,66,64,57,39,46,28,24,35,15,4,5,F,2011
E01003660,Redbridge 004D,841,61,32,40,55,45,44,69,66,64,82,74,61,44,26,23,22,13,9,11,F,2011
E01003656,Redbridge 005A,778,44,42,39,45,49,62,56,55,54,63,43,35,43,34,31,29,27,16,11,F,2011
E01003657,Redbridge 005B,1071,53,61,64,62,80,50,82,66,84,97,71,54,61,77,40,35,22,4,8,F,2011
E01003659,Redbridge 005C,836,48,49,47,63,40,56,64,69,70,81,58,46,38,35,24,18,15,9,6,F,2011
E01003698,Redbridge 006A,692,36,34,63,39,36,47,44,40,56,74,41,44,47,34,17,17,13,4,6,F,2011
E01003699,Redbridge 006B,738,54,34,33,36,37,57,69,51,60,50,54,41,38,32,26,20,17,19,10,F,2011
E01003700,Redbridge 006C,1161,68,74,58,79,69,90,79,76,96,97,74,67,62,53,33,38,17,21,10,F,2011
E01003701,Redbridge 006D,897,57,64,52,43,61,67,68,64,69,71,48,57,47,32,30,28,22,12,5,F,2011
E01003702,Redbridge 006E,842,60,41,33,40,45,66,88,70,72,56,43,41,62,39,27,17,26,11,5,F,2011
E01003703,Redbridge 006F,1265,86,84,79,75,66,86,112,94,109,93,92,71,65,56,37,28,17,7,8,F,2011
E01003704,Redbridge 006G,895,57,57,50,79,63,53,76,68,60,77,64,30,45,35,28,19,13,17,4,F,2011
E01003668,Redbridge 007A,860,65,33,28,20,54,81,122,71,64,46,47,41,43,27,19,27,34,28,10,F,2011
E01003669,Redbridge 007B,781,46,40,60,52,36,59,61,67,61,61,65,54,39,25,16,20,12,5,2,F,2011
E01003670,Redbridge 007C,733,41,54,42,50,44,45,46,52,50,58,61,47,46,24,20,26,16,6,5,F,2011
E01003671,Redbridge 007D,777,45,49,46,44,49,25,41,61,63,71,69,50,56,36,20,22,14,14,2,F,2011
E01003672,Redbridge 007E,768,47,35,41,30,44,114,82,69,41,43,29,24,16,26,19,27,34,23,24,F,2011
E01003673,Redbridge 007F,885,57,47,39,43,55,77,119,92,77,79,42,35,41,29,26,12,5,6,4,F,2011
E01003674,Redbridge 007G,1066,80,41,31,33,79,171,162,100,65,56,47,32,44,24,27,20,25,16,13,F,2011
E01003707,Redbridge 008A,668,25,44,47,43,40,34,29,43,55,58,48,51,38,35,28,24,9,8,9,F,2011
E01003708,Redbridge 008B,795,48,51,51,48,43,46,60,68,60,73,63,26,32,30,30,17,26,17,6,F,2011
E01003709,Redbridge 008C,819,53,47,51,56,51,32,48,47,47,69,51,55,51,43,38,28,33,15,4,F,2011
E01003710,Redbridge 008D,772,24,29,75,42,52,54,33,36,48,52,78,51,57,25,29,26,30,25,6,F,2011
E01003759,Redbridge 009A,768,68,43,37,43,32,36,57,57,58,67,46,47,43,40,44,18,11,15,6,F,2011
E01003760,Redbridge 009B,886,69,53,49,70,60,59,75,65,77,67,59,45,36,35,18,18,14,13,4,F,2011
E01003761,Redbridge 009C,926,109,104,82,48,45,76,103,92,58,78,39,23,29,13,9,8,6,4,0,F,2011
E01003762,Redbridge 009D,825,61,45,41,71,34,44,79,59,89,68,63,45,41,33,21,17,4,7,3,F,2011
E01003763,Redbridge 009E,959,82,65,47,63,49,58,77,69,63,73,58,60,59,40,28,28,19,15,6,F,2011
E01003764,Redbridge 009F,1018,71,62,32,36,74,108,126,136,66,64,49,48,33,32,25,24,16,8,8,F,2011
E01003765,Redbridge 009G,816,64,34,56,40,42,80,104,69,77,61,39,38,27,26,19,16,13,8,3,F,2011
E01003705,Redbridge 010A,1143,77,81,70,78,65,95,86,83,105,73,68,61,47,39,34,33,31,14,3,F,2011
E01003706,Redbridge 010B,856,52,68,70,39,54,62,64,55,61,52,54,31,30,44,30,25,35,17,13,F,2011
E01003711,Redbridge 010C,936,55,60,56,47,45,85,56,68,59,61,37,55,43,38,39,41,41,26,24,F,2011
E01003712,Redbridge 010D,715,37,45,55,61,45,45,48,42,63,49,46,41,31,28,15,20,22,11,11,F,2011
E01003646,Redbridge 012A,851,51,55,55,43,83,79,62,51,56,57,48,37,41,35,22,25,20,19,12,F,2011
E01003648,Redbridge 012B,714,32,34,36,32,39,48,39,37,39,51,64,50,47,35,41,39,32,15,4,F,2011
E01003649,Redbridge 012C,805,46,42,49,54,54,54,65,45,68,58,50,58,47,36,28,26,14,8,3,F,2011
E01003651,Redbridge 012D,760,28,47,39,48,63,53,33,50,60,53,60,47,51,29,19,23,25,20,12,F,2011
E01003639,Redbridge 013A,932,77,54,46,61,62,76,82,67,65,54,51,38,44,40,35,28,25,18,9,F,2011
E01003640,Redbridge 013B,909,64,68,62,50,55,69,74,55,83,64,49,39,45,42,28,23,18,13,8,F,2011
E01003641,Redbridge 013C,862,50,62,74,57,62,60,78,64,64,64,56,49,43,19,15,14,15,8,8,F,2011
E01003642,Redbridge 013D,907,52,74,84,66,64,55,70,70,74,62,46,40,37,38,19,24,15,5,12,F,2011
E01003774,Redbridge 014A,910,66,27,25,32,31,94,103,86,83,65,55,43,49,37,33,28,28,13,12,F,2011
E01003775,Redbridge 014B,922,72,40,47,36,33,98,99,69,63,43,52,36,48,47,43,34,33,16,13,F,2011
E01003776,Redbridge 014C,953,56,22,30,31,46,84,107,79,60,52,45,30,42,36,32,43,55,56,47,F,2011
E01003777,Redbridge 014D,944,62,22,27,25,42,136,121,86,64,57,54,50,43,26,24,30,27,31,17,F,2011
E01003778,Redbridge 014E,939,47,32,32,29,46,103,114,72,84,77,41,48,43,37,21,29,33,30,21,F,2011
E01003779,Redbridge 014F,869,69,33,26,30,25,53,90,60,56,61,44,36,51,49,35,35,43,36,37,F,2011
E01003780,Redbridge 014G,767,29,51,52,44,35,43,40,37,53,70,59,61,48,43,30,27,24,13,8,F,2011
E01003647,Redbridge 015A,898,51,62,58,51,53,98,91,71,47,60,58,48,24,32,29,27,22,10,6,F,2011
E01003650,Redbridge 015B,802,43,56,45,35,56,35,60,57,60,47,53,35,40,32,41,41,35,16,15,F,2011
E01003652,Redbridge 015C,759,46,49,56,54,51,45,50,50,65,54,66,36,35,32,23,18,19,4,6,F,2011
E01003653,Redbridge 015D,751,59,56,49,45,40,76,79,51,48,52,38,27,39,22,19,21,19,6,5,F,2011
E01003638,Redbridge 017A,821,49,42,40,69,74,42,40,58,50,72,46,44,47,38,32,23,33,14,8,F,2011
E01003643,Redbridge 017B,965,71,55,56,63,59,61,68,86,59,68,54,47,42,38,33,36,32,26,11,F,2011
E01003644,Redbridge 017C,798,65,53,46,49,54,52,64,59,50,51,51,52,47,37,18,23,15,6,6,F,2011
E01003645,Redbridge 017D,1320,127,93,65,56,82,178,173,106,84,74,62,41,41,27,24,20,19,34,14,F,2011
E01003789,Redbridge 018A,736,46,26,33,27,46,67,61,49,44,53,54,41,55,29,31,31,25,13,5,F,2011
E01003794,Redbridge 018B,761,55,52,51,30,40,43,57,66,58,72,35,47,46,24,29,19,19,8,10,F,2011
E01003795,Redbridge 018C,611,44,33,30,39,31,20,35,53,50,49,47,34,39,29,28,22,11,13,4,F,2011
E01003796,Redbridge 018D,822,58,34,40,47,44,60,50,74,63,53,70,45,52,46,22,22,18,9,15,F,2011
E01003661,Redbridge 019A,1001,75,51,59,74,78,75,59,72,71,84,74,58,38,31,27,27,19,13,16,F,2011
E01003662,Redbridge 019B,950,96,57,59,60,62,102,94,80,49,71,52,37,29,20,26,19,21,8,8,F,2011
E01003663,Redbridge 019C,967,38,67,81,57,50,37,58,54,66,61,60,47,42,32,31,62,55,44,25,F,2011
E01003664,Redbridge 019D,914,76,74,74,74,59,50,66,56,69,63,67,48,36,19,26,13,27,13,4,F,2011
E01003665,Redbridge 019E,857,67,58,73,74,41,58,53,80,59,77,52,25,41,25,24,21,18,7,4,F,2011
E01003666,Redbridge 019F,1219,164,92,71,74,100,135,139,104,86,69,59,37,24,14,15,12,14,8,2,F,2011
E01033590,Redbridge 019H,568,54,31,34,31,53,99,76,54,45,28,13,11,16,8,5,6,4,0,0,F,2011
E01033592,Redbridge 019I,972,71,60,57,65,79,84,106,80,62,83,59,50,41,17,18,16,14,5,5,F,2011
E01003751,Redbridge 020A,1013,83,60,84,76,58,76,92,67,76,60,68,45,52,31,27,20,27,7,4,F,2011
E01003753,Redbridge 020B,992,99,66,78,70,57,88,79,82,80,60,54,40,39,28,23,23,15,6,5,F,2011
E01003754,Redbridge 020C,826,47,64,65,58,44,60,57,54,53,53,61,48,31,32,29,20,16,26,8,F,2011
E01003757,Redbridge 020D,999,85,100,78,64,89,91,93,62,61,69,39,50,41,21,23,17,9,6,1,F,2011
E01003769,Redbridge 022A,815,76,59,51,45,58,98,75,72,41,48,32,49,27,26,18,13,8,5,14,F,2011
E01003770,Redbridge 022B,1307,98,96,74,96,82,120,129,123,104,83,71,45,34,35,21,20,27,25,24,F,2011
E01003771,Redbridge 022C,1005,124,54,84,58,82,82,89,61,37,81,50,84,30,22,21,17,12,10,7,F,2011
E01003773,Redbridge 022D,843,75,66,65,44,50,61,84,72,50,54,51,40,34,24,21,22,20,7,3,F,2011
E01003752,Redbridge 023A,1275,72,91,72,79,112,192,105,93,75,84,60,54,55,42,38,26,14,6,5,F,2011
E01003755,Redbridge 023B,995,76,65,95,76,51,71,78,90,76,80,56,48,40,26,20,22,17,5,3,F,2011
E01003756,Redbridge 023C,1076,72,77,93,90,72,76,72,71,92,72,71,44,46,40,28,29,14,14,3,F,2011
E01003758,Redbridge 023D,1321,134,111,106,97,87,149,144,103,115,88,47,50,42,16,11,12,3,4,2,F,2011
E01003766,Redbridge 024A,959,65,76,77,74,72,85,91,62,54,62,66,43,38,25,28,16,10,9,6,F,2011
E01003767,Redbridge 024B,858,73,67,58,70,70,82,81,69,59,43,44,33,29,29,21,11,12,5,2,F,2011
E01003768,Redbridge 024C,853,73,59,53,65,80,85,74,69,58,40,35,39,40,28,18,17,9,8,3,F,2011
E01003772,Redbridge 024D,852,61,56,48,49,77,78,67,56,66,60,43,48,31,32,33,19,14,9,5,F,2011
E01003781,Redbridge 026A,842,71,49,49,69,45,90,90,70,46,55,44,37,21,35,24,13,12,13,9,F,2011
E01003782,Redbridge 026B,885,105,44,88,45,78,84,88,54,61,57,41,40,33,20,18,9,12,4,4,F,2011
E01003786,Redbridge 026C,741,37,61,52,67,50,60,53,50,61,47,42,55,27,26,18,10,13,7,5,F,2011
E01003787,Redbridge 026D,777,64,65,43,59,57,60,78,44,50,40,43,46,43,27,22,16,12,4,4,F,2011
E01003790,Redbridge 027A,722,49,50,36,46,35,36,48,43,72,59,53,45,45,35,18,20,11,14,7,F,2011
E01003791,Redbridge 027B,757,51,32,39,34,51,48,39,48,43,62,50,66,65,44,27,22,17,11,8,F,2011
E01003792,Redbridge 027C,736,37,42,52,48,40,38,39,48,48,70,77,64,42,19,16,19,16,13,8,F,2011
E01003793,Redbridge 027D,847,49,37,42,46,50,62,76,62,59,70,54,44,33,37,29,31,29,23,14,F,2011
E01003783,Redbridge 029A,1086,149,63,54,95,85,139,131,69,56,36,52,30,27,21,17,25,20,12,5,F,2011
E01003784,Redbridge 029B,851,79,48,56,43,70,80,78,68,49,53,57,50,33,26,20,20,13,7,1,F,2011
E01003785,Redbridge 029C,927,100,64,42,40,65,150,111,73,44,47,43,33,26,22,28,17,11,5,6,F,2011
E01003788,Redbridge 029D,857,104,46,37,38,47,120,115,88,50,33,38,36,30,23,13,13,9,14,3,F,2011
E01003683,Redbridge 030A,1044,113,107,84,71,53,88,98,99,58,55,45,50,33,27,28,20,8,4,3,F,2011
E01003684,Redbridge 030B,915,87,104,88,65,49,93,63,62,76,47,48,38,27,16,19,13,10,6,4,F,2011
E01003685,Redbridge 030C,867,75,72,68,72,71,91,55,50,69,42,52,43,29,20,24,14,10,8,2,F,2011
E01003686,Redbridge 030D,958,105,65,65,73,78,106,94,66,42,58,51,39,35,28,16,14,16,5,2,F,2011
E01003688,Redbridge 030F,906,97,77,58,65,67,96,93,55,48,47,42,37,43,31,19,18,10,3,0,F,2011
E01003689,Redbridge 030G,764,62,70,39,43,48,80,62,43,47,61,40,38,31,17,22,17,19,9,16,F,2011
E01033589,Redbridge 030H,804,129,48,26,28,56,189,173,56,20,25,10,10,15,9,2,7,0,0,1,F,2011
E01033591,Redbridge 030I,971,96,63,40,141,74,96,114,58,68,48,39,31,27,18,26,5,10,8,9,F,2011
E01003737,Redbridge 031A,922,72,53,57,64,51,69,59,56,63,55,55,54,54,50,33,27,28,13,9,F,2011
E01003738,Redbridge 031B,1063,73,71,85,70,71,87,80,79,77,62,74,49,53,37,24,22,27,19,3,F,2011
E01003739,Redbridge 031C,1041,89,61,61,94,77,108,103,74,66,71,60,38,38,25,24,21,22,7,2,F,2011
E01003740,Redbridge 031D,1069,64,81,85,86,59,84,79,68,77,68,77,45,57,35,30,27,22,14,11,F,2011
E01003741,Redbridge 031E,887,43,56,52,56,52,72,59,51,64,43,60,46,45,36,34,34,46,26,12,F,2011
E01003742,Redbridge 031F,1003,75,100,114,46,63,85,87,87,69,67,66,31,31,19,26,6,14,13,4,F,2011
E01003743,Redbridge 031G,896,66,84,85,67,63,77,72,54,64,60,43,34,29,27,19,18,19,5,10,F,2011
E01003728,Redbridge 032A,1152,113,103,64,43,87,194,172,87,86,52,31,27,21,27,18,14,9,2,2,F,2011
E01003729,Redbridge 032B,844,81,63,61,52,61,87,69,62,57,37,54,37,19,17,20,12,27,17,11,F,2011
E01003730,Redbridge 032C,822,74,79,86,49,68,86,57,44,72,43,45,37,28,12,11,14,12,4,1,F,2011
E01003732,Redbridge 032D,950,103,103,59,54,51,126,109,75,45,54,20,21,20,13,10,23,16,16,32,F,2011
E01003733,Redbridge 032E,880,83,76,71,63,74,95,95,63,46,49,46,29,30,15,5,16,6,13,5,F,2011
E01003731,Redbridge 033A,702,64,53,61,53,58,63,52,55,45,46,41,25,34,10,9,14,13,4,2,F,2011
E01003734,Redbridge 033B,897,96,90,90,52,51,64,67,73,54,58,34,42,24,19,23,26,13,10,11,F,2011
E01003735,Redbridge 033C,1263,96,123,136,79,69,108,111,138,97,75,36,38,23,29,41,22,17,19,6,F,2011
E01003736,Redbridge 033D,807,98,89,66,56,50,67,68,86,70,51,35,19,16,15,13,3,3,1,1,F,2011
E01003713,Redbridge 034A,867,60,67,57,71,69,81,71,52,58,49,46,52,44,28,18,23,12,8,1,F,2011
E01003714,Redbridge 034B,1088,125,97,75,60,70,111,87,81,80,55,59,45,37,32,30,15,16,11,2,F,2011
E01003715,Redbridge 034C,979,85,80,65,70,87,103,85,59,54,70,54,51,30,21,24,22,12,6,1,F,2011
E01003716,Redbridge 034D,864,74,60,56,60,66,70,70,65,54,48,61,57,42,24,19,14,19,2,3,F,2011
E01003718,Redbridge 034E,917,83,72,59,49,79,103,130,73,45,57,32,52,23,25,15,11,4,3,2,F,2011
E01003719,Redbridge 034F,968,73,55,66,68,76,99,98,56,53,69,54,57,44,30,29,16,13,7,5,F,2011
E01032581,Redbridge 034G,828,82,52,40,51,57,87,88,72,75,54,45,47,27,20,10,8,7,3,3,F,2011
E01003690,Redbridge 035A,843,55,28,37,37,80,111,61,50,53,35,36,43,31,26,25,30,27,27,51,F,2011
E01003691,Redbridge 035B,732,51,51,64,57,58,78,50,44,55,48,30,53,24,20,17,9,12,4,7,F,2011
E01003692,Redbridge 035C,816,68,66,53,45,53,83,67,54,46,48,60,38,29,26,33,15,16,13,3,F,2011
E01003693,Redbridge 035D,766,39,46,56,57,59,63,41,41,51,45,66,51,49,35,29,14,13,6,5,F,2011
E01003694,Redbridge 035E,712,39,50,39,44,55,57,51,48,42,38,49,47,48,34,18,20,19,9,5,F,2011
E01003695,Redbridge 035F,716,55,50,28,38,61,74,59,78,45,51,31,39,29,24,25,15,2,6,6,F,2011
E01003696,Redbridge 035G,844,53,60,61,63,62,51,68,56,55,33,51,47,42,27,36,39,20,16,4,F,2011
E01003697,Redbridge 035H,802,52,68,38,43,60,100,58,65,49,48,42,45,47,26,20,18,9,9,5,F,2011
E01003675,Redbridge 036A,834,44,55,72,47,68,55,64,52,63,60,49,47,38,32,22,22,22,17,5,F,2011
E01003676,Redbridge 036B,851,52,46,68,62,73,62,58,49,65,63,52,52,40,31,23,21,14,16,4,F,2011
E01003677,Redbridge 036C,762,33,38,51,56,47,43,49,50,42,55,47,46,51,47,30,31,26,11,9,F,2011
E01003678,Redbridge 036D,808,47,51,68,61,45,55,45,56,67,59,58,43,43,38,22,29,9,6,6,F,2011
E01003679,Redbridge 036E,826,37,51,49,51,69,49,58,54,58,53,73,62,45,24,28,25,20,15,5,F,2011
E01003680,Redbridge 036F,802,44,45,66,60,67,34,44,49,71,61,57,60,41,37,20,18,19,7,2,F,2011
E01003681,Redbridge 036G,988,56,58,68,61,69,62,61,72,77,54,58,55,41,46,46,43,26,25,10,F,2011
E01003682,Redbridge 036H,839,42,52,62,66,49,56,53,61,58,68,56,56,51,32,22,15,21,13,6,F,2011
E09000027,,96112,6869,5537,4863,4641,4637,6416,8344,8654,8097,7303,6010,5052,5218,3910,2979,2536,2203,1689,1154,F,2011
E01003797,Richmond upon Thames 001A,796,45,64,67,42,22,31,25,50,41,72,57,57,48,48,31,27,24,21,24,F,2011
E01003798,Richmond upon Thames 001B,777,43,41,33,41,24,44,74,56,61,56,71,34,46,44,30,22,20,23,14,F,2011
E01003799,Richmond upon Thames 001C,832,75,59,38,36,21,61,80,85,77,79,41,38,40,25,23,23,12,9,10,F,2011
E01003800,Richmond upon Thames 001D,824,38,46,72,41,31,48,54,67,73,66,57,52,60,27,35,18,19,9,11,F,2011
E01003801,Richmond upon Thames 001E,666,56,31,23,23,34,59,72,67,57,42,41,33,36,29,17,17,9,14,6,F,2011
E01003802,Richmond upon Thames 001F,650,39,35,31,20,26,53,53,55,55,58,54,40,45,33,13,19,12,5,4,F,2011
E01003803,Richmond upon Thames 001G,775,38,47,40,49,62,47,57,59,66,60,47,44,32,36,31,22,15,14,9,F,2011
E01003846,Richmond upon Thames 002A,887,67,59,63,60,24,30,39,75,78,86,72,49,53,44,32,20,20,12,4,F,2011
E01003847,Richmond upon Thames 002B,832,50,22,26,30,26,67,101,83,74,50,42,44,40,33,51,27,38,17,11,F,2011
E01003849,Richmond upon Thames 002C,771,56,44,34,21,18,48,67,80,50,58,43,43,50,46,29,19,17,25,23,F,2011
E01003851,Richmond upon Thames 002D,888,63,75,50,40,24,36,55,69,84,70,67,37,40,44,45,24,17,26,22,F,2011
E01003860,Richmond upon Thames 002E,836,57,29,18,22,42,94,129,98,66,49,43,51,47,33,23,18,7,6,4,F,2011
E01003864,Richmond upon Thames 002F,771,40,42,38,29,22,62,67,81,72,51,42,45,51,34,30,27,21,11,6,F,2011
E01003852,Richmond upon Thames 003A,653,30,31,16,24,25,66,70,50,41,45,39,35,47,31,33,22,26,14,8,F,2011
E01003853,Richmond upon Thames 003B,805,76,50,58,40,22,42,50,58,64,60,48,45,64,36,37,21,11,11,12,F,2011
E01003854,Richmond upon Thames 003C,736,66,44,23,12,29,55,93,67,57,59,47,33,45,31,22,16,11,14,12,F,2011
E01003855,Richmond upon Thames 003D,873,66,31,40,39,52,81,104,82,63,71,52,44,40,36,17,23,14,14,4,F,2011
E01003856,Richmond upon Thames 003E,851,83,37,20,20,22,78,159,118,73,62,37,33,30,25,21,9,10,13,1,F,2011
E01003857,Richmond upon Thames 003F,950,101,60,35,27,24,54,128,120,111,57,38,38,42,38,31,12,20,7,7,F,2011
E01003858,Richmond upon Thames 003G,861,106,56,40,34,21,42,95,107,80,55,49,37,46,31,30,12,9,7,4,F,2011
E01003848,Richmond upon Thames 004A,935,78,53,40,30,36,89,125,114,86,67,58,26,35,37,20,16,10,14,1,F,2011
E01003861,Richmond upon Thames 004C,904,71,46,27,19,46,122,158,104,75,55,39,21,33,17,23,9,20,12,7,F,2011
E01003862,Richmond upon Thames 004D,733,53,43,32,25,26,54,68,54,65,57,50,40,49,40,24,21,13,10,9,F,2011
E01003863,Richmond upon Thames 004E,768,46,59,30,43,29,36,72,68,47,47,45,30,48,35,27,38,26,18,24,F,2011
E01003865,Richmond upon Thames 004F,682,46,56,35,34,25,46,59,69,57,42,51,25,32,30,25,28,14,8,0,F,2011
E01033570,Richmond upon Thames 004G,758,80,47,39,28,32,76,116,117,73,42,24,20,25,11,12,4,8,3,1,F,2011
E01033571,Richmond upon Thames 004H,787,58,57,50,50,43,33,47,55,69,54,55,38,47,42,21,21,17,18,12,F,2011
E01003804,Richmond upon Thames 005A,923,82,51,42,26,50,50,91,105,74,71,54,45,41,37,27,23,21,25,8,F,2011
E01003807,Richmond upon Thames 005B,915,58,43,36,29,49,99,118,98,69,69,50,27,43,30,29,17,30,15,6,F,2011
E01003808,Richmond upon Thames 005C,967,100,62,36,34,24,56,118,119,80,61,56,40,58,36,29,17,22,14,5,F,2011
E01003809,Richmond upon Thames 005D,882,63,68,44,41,36,35,36,66,68,69,66,72,64,35,32,27,17,29,14,F,2011
E01003859,Richmond upon Thames 005E,824,66,62,46,33,37,49,54,67,78,64,52,43,60,29,20,15,22,19,8,F,2011
E01003873,Richmond upon Thames 006A,835,64,41,33,24,23,78,100,86,74,63,43,25,41,40,21,21,32,16,10,F,2011
E01003874,Richmond upon Thames 006B,797,53,26,20,18,18,82,136,89,91,50,47,34,29,34,26,12,18,9,5,F,2011
E01003875,Richmond upon Thames 006C,809,51,51,51,46,23,41,56,59,81,66,49,40,51,34,29,25,24,19,13,F,2011
E01003878,Richmond upon Thames 006D,757,42,37,41,48,28,38,34,59,59,65,52,52,51,43,25,19,16,32,16,F,2011
E01003866,Richmond upon Thames 007A,776,80,41,28,19,22,28,86,112,82,59,58,32,32,32,18,17,13,12,5,F,2011
E01003868,Richmond upon Thames 007B,745,68,50,33,22,13,71,106,79,77,61,39,42,27,27,14,6,5,5,0,F,2011
E01003871,Richmond upon Thames 007C,853,88,66,54,31,20,61,77,104,87,61,48,38,45,24,18,12,10,6,3,F,2011
E01003872,Richmond upon Thames 007D,723,44,37,41,21,37,69,75,86,59,55,47,36,29,14,27,17,10,15,4,F,2011
E01003821,Richmond upon Thames 008A,727,46,42,18,10,21,76,99,87,58,46,40,30,33,26,26,18,25,8,18,F,2011
E01003876,Richmond upon Thames 008B,804,31,32,22,25,31,103,100,74,54,47,46,29,58,36,36,34,15,21,10,F,2011
E01003877,Richmond upon Thames 008C,758,54,35,37,26,26,41,74,79,74,58,39,36,40,38,16,26,24,23,12,F,2011
E01003879,Richmond upon Thames 008D,789,41,43,28,82,68,75,59,72,66,61,40,38,38,26,18,8,9,13,4,F,2011
E01003892,Richmond upon Thames 009A,1018,77,51,43,19,22,61,86,111,108,71,58,52,62,54,28,16,32,30,37,F,2011
E01003893,Richmond upon Thames 009B,817,59,45,22,22,32,49,104,75,69,64,35,36,56,28,24,28,17,31,21,F,2011
E01003894,Richmond upon Thames 009C,812,47,65,35,31,28,81,98,79,75,66,45,37,40,28,15,11,15,12,4,F,2011
E01003895,Richmond upon Thames 009D,913,67,54,43,34,42,63,95,96,65,52,55,53,53,39,27,32,18,15,10,F,2011
E01003905,Richmond upon Thames 010A,737,57,41,33,51,44,60,57,59,62,48,40,38,35,29,22,24,18,7,12,F,2011
E01003906,Richmond upon Thames 010B,835,75,34,27,33,49,55,74,56,75,59,50,46,44,36,29,15,26,34,18,F,2011
E01003907,Richmond upon Thames 010C,844,72,58,35,51,62,71,54,65,53,49,54,54,45,35,26,25,15,9,11,F,2011
E01003908,Richmond upon Thames 010D,933,55,56,57,60,49,60,58,59,86,74,57,52,54,40,43,26,24,13,10,F,2011
E01003909,Richmond upon Thames 010E,788,49,40,45,41,65,41,63,58,58,41,54,46,35,45,24,33,25,13,12,F,2011
E01003867,Richmond upon Thames 011A,742,58,49,32,40,50,52,59,75,60,53,37,45,35,27,23,23,7,9,8,F,2011
E01003869,Richmond upon Thames 011B,809,50,36,36,33,37,70,112,93,63,47,57,52,28,22,22,19,14,12,6,F,2011
E01003870,Richmond upon Thames 011C,950,81,68,59,49,40,64,95,97,101,78,69,32,33,24,17,16,8,8,11,F,2011
E01003910,Richmond upon Thames 011D,834,46,42,40,48,30,34,66,62,66,62,52,48,50,47,34,35,30,26,16,F,2011
E01003805,Richmond upon Thames 012A,849,55,82,52,41,32,36,31,60,82,65,54,48,65,49,27,30,21,14,5,F,2011
E01003806,Richmond upon Thames 012B,813,50,58,91,83,25,16,22,43,78,72,64,47,46,40,31,11,16,7,13,F,2011
E01003816,Richmond upon Thames 012C,870,55,67,77,58,18,23,37,60,65,92,64,32,49,43,44,29,30,18,9,F,2011
E01003817,Richmond upon Thames 012D,911,40,46,33,28,36,61,57,76,65,69,49,42,57,50,44,54,47,32,25,F,2011
E01003840,Richmond upon Thames 013A,812,64,47,51,49,59,57,76,63,54,62,54,48,46,21,16,22,11,10,2,F,2011
E01003841,Richmond upon Thames 013B,966,83,62,60,60,74,98,85,68,75,62,56,36,31,29,27,26,18,7,9,F,2011
E01003842,Richmond upon Thames 013C,870,57,55,53,48,55,62,54,65,64,62,46,57,58,33,30,34,18,13,6,F,2011
E01003843,Richmond upon Thames 013D,1033,84,71,52,63,84,66,72,76,66,67,53,53,49,49,40,41,21,18,8,F,2011
E01003844,Richmond upon Thames 013E,744,33,33,43,63,46,38,25,44,55,54,51,59,49,42,29,43,20,10,7,F,2011
E01003845,Richmond upon Thames 013F,826,41,37,49,50,46,35,34,43,47,66,66,70,60,40,46,43,28,15,10,F,2011
E01003882,Richmond upon Thames 014A,926,83,52,51,39,39,54,92,89,87,84,64,46,37,25,25,23,15,11,10,F,2011
E01003883,Richmond upon Thames 014B,881,91,35,11,17,30,63,169,127,78,61,37,32,44,24,23,12,17,7,3,F,2011
E01003896,Richmond upon Thames 014C,791,41,39,25,26,79,109,92,75,56,49,38,38,36,24,25,12,11,14,2,F,2011
E01003897,Richmond upon Thames 014D,925,71,46,38,32,81,112,138,86,69,47,50,43,36,14,19,15,10,14,4,F,2011
E01003898,Richmond upon Thames 015A,780,64,40,26,19,25,83,87,78,82,58,46,38,33,25,11,18,20,10,17,F,2011
E01003899,Richmond upon Thames 015B,719,65,48,41,24,32,53,66,75,56,58,40,31,39,29,13,26,11,9,3,F,2011
E01003900,Richmond upon Thames 015C,811,36,56,60,59,49,46,40,57,82,74,40,49,48,29,22,20,18,15,11,F,2011
E01003901,Richmond upon Thames 015D,845,59,58,67,38,41,44,51,87,88,78,51,40,47,26,17,14,16,18,5,F,2011
E01003902,Richmond upon Thames 015E,655,59,41,39,28,25,25,57,58,63,50,40,40,41,25,19,18,11,13,3,F,2011
E01003903,Richmond upon Thames 015F,824,66,59,58,44,45,49,58,56,81,70,58,34,46,31,23,15,17,7,7,F,2011
E01003904,Richmond upon Thames 015G,806,74,45,36,30,57,38,85,101,54,65,50,31,33,27,21,22,20,15,2,F,2011
E01003880,Richmond upon Thames 016A,757,45,53,69,48,27,28,36,64,76,75,59,44,38,36,21,11,16,8,3,F,2011
E01003881,Richmond upon Thames 016B,995,27,30,39,256,200,47,54,47,50,48,41,37,29,27,21,20,8,8,6,F,2011
E01003884,Richmond upon Thames 016C,790,41,51,44,31,40,51,51,55,65,57,68,57,61,35,23,24,18,12,6,F,2011
E01003885,Richmond upon Thames 016D,771,52,46,55,45,33,45,66,63,68,64,63,44,38,28,14,17,16,9,5,F,2011
E01003818,Richmond upon Thames 017A,797,50,41,43,44,26,36,57,42,70,57,66,53,43,64,24,33,16,17,15,F,2011
E01003819,Richmond upon Thames 017B,854,66,49,52,50,49,48,66,57,69,82,55,51,39,34,19,28,19,14,7,F,2011
E01003820,Richmond upon Thames 017C,1030,79,74,51,63,41,43,59,88,93,80,70,59,60,44,31,21,38,18,18,F,2011
E01003811,Richmond upon Thames 018A,801,84,52,33,31,28,31,73,102,81,59,60,45,42,32,13,12,16,1,6,F,2011
E01003812,Richmond upon Thames 018B,953,70,64,62,41,64,64,82,100,85,96,57,48,41,15,26,13,14,8,3,F,2011
E01003890,Richmond upon Thames 018C,811,62,38,55,43,66,44,47,71,78,80,37,51,52,33,17,10,14,9,4,F,2011
E01003891,Richmond upon Thames 018D,894,38,45,41,34,48,52,62,78,78,76,59,53,69,44,35,24,35,16,7,F,2011
E01003810,Richmond upon Thames 019A,804,65,49,62,40,26,39,52,77,91,86,50,53,37,31,14,15,7,6,4,F,2011
E01003813,Richmond upon Thames 019B,821,36,48,48,60,41,28,27,55,63,79,78,45,49,42,21,34,27,25,15,F,2011
E01003814,Richmond upon Thames 019C,933,52,39,51,42,31,57,70,73,73,81,53,38,44,44,28,30,37,34,56,F,2011
E01003815,Richmond upon Thames 019D,931,85,47,52,28,43,65,81,112,79,71,57,45,42,34,28,30,8,16,8,F,2011
E01003828,Richmond upon Thames 020A,787,33,46,35,44,32,44,32,44,64,50,64,63,70,46,34,32,30,16,8,F,2011
E01003829,Richmond upon Thames 020B,873,57,49,48,62,55,45,62,66,60,73,58,50,50,36,41,18,20,11,12,F,2011
E01003830,Richmond upon Thames 020C,899,55,61,42,45,54,52,68,65,67,84,45,55,44,41,35,32,26,18,10,F,2011
E01003831,Richmond upon Thames 020D,845,47,60,45,42,36,56,75,67,58,69,62,52,46,36,29,25,19,12,9,F,2011
E01003832,Richmond upon Thames 020E,751,46,44,39,36,28,62,68,67,55,57,44,44,44,32,21,21,12,20,11,F,2011
E01003833,Richmond upon Thames 020F,736,45,32,32,25,36,69,73,69,47,49,43,49,41,23,23,27,23,10,20,F,2011
E01003886,Richmond upon Thames 021A,869,66,61,57,43,44,64,71,90,81,74,58,39,41,26,14,12,16,10,2,F,2011
E01003887,Richmond upon Thames 021B,901,69,47,42,36,50,57,76,80,106,73,56,51,35,31,32,27,17,11,5,F,2011
E01003888,Richmond upon Thames 021C,1018,66,49,35,45,90,84,75,92,75,58,61,44,59,35,28,46,31,27,18,F,2011
E01003889,Richmond upon Thames 021D,882,53,41,39,28,31,59,60,80,71,67,64,52,70,42,29,25,31,17,23,F,2011
E01003834,Richmond upon Thames 022A,841,40,31,36,57,108,63,72,74,57,47,43,38,42,30,28,17,24,19,15,F,2011
E01003835,Richmond upon Thames 022B,779,59,53,64,48,33,26,35,52,79,84,66,62,38,26,12,19,16,7,0,F,2011
E01003836,Richmond upon Thames 022C,803,52,56,48,37,65,30,36,51,61,71,57,36,43,37,20,20,29,31,23,F,2011
E01003837,Richmond upon Thames 022D,928,53,61,49,42,26,35,41,76,77,89,60,63,65,49,40,38,35,23,6,F,2011
E01003838,Richmond upon Thames 022E,920,68,64,60,59,29,71,86,78,84,76,68,46,44,27,13,17,12,9,9,F,2011
E01003839,Richmond upon Thames 022F,971,98,39,33,35,66,73,98,96,85,67,64,43,41,26,32,20,25,19,11,F,2011
E01003822,Richmond upon Thames 023A,764,42,50,60,45,29,15,23,30,63,70,62,58,63,39,32,18,23,18,24,F,2011
E01003823,Richmond upon Thames 023B,841,48,29,26,45,41,57,56,65,54,69,69,51,65,45,45,27,27,18,4,F,2011
E01003824,Richmond upon Thames 023C,854,57,44,52,42,36,46,34,68,76,70,61,54,48,47,33,22,30,21,13,F,2011
E01003825,Richmond upon Thames 023D,900,76,55,42,58,30,46,47,84,75,66,61,69,59,33,31,27,25,11,5,F,2011
E01003826,Richmond upon Thames 023E,950,84,31,40,55,42,67,93,77,66,60,49,55,53,46,25,28,32,17,30,F,2011
E01003827,Richmond upon Thames 023F,884,81,41,34,31,51,82,95,78,83,64,53,59,42,28,17,16,13,11,5,F,2011
E09000029,,98223,6287,5500,5662,5659,5473,6946,7462,7464,7919,7671,6130,5066,5298,4139,3317,3029,2460,1708,1033,F,2011
E01004125,Sutton 001A,825,60,53,55,57,49,64,68,65,66,69,40,26,41,23,18,28,19,16,8,F,2011
E01004183,Sutton 001B,892,60,58,70,72,75,72,71,67,88,65,40,41,22,28,23,16,16,5,3,F,2011
E01004184,Sutton 001C,856,87,78,49,67,47,66,82,87,62,54,42,37,17,25,16,18,15,5,2,F,2011
E01004185,Sutton 001D,753,61,67,45,60,61,60,45,61,72,73,49,28,27,17,11,5,5,3,3,F,2011
E01004189,Sutton 001E,1009,70,74,51,59,63,81,81,102,83,66,65,37,36,35,23,37,20,23,3,F,2011
E01004123,Sutton 002A,1097,70,85,74,95,71,90,107,120,73,78,69,41,29,21,25,21,17,7,4,F,2011
E01004124,Sutton 002B,931,76,59,64,54,69,74,70,70,81,71,67,45,28,26,24,26,17,6,4,F,2011
E01004126,Sutton 002C,818,73,62,53,61,33,65,66,57,88,62,54,32,21,26,21,23,15,5,1,F,2011
E01004128,Sutton 002D,785,40,48,47,55,47,51,60,72,77,70,54,41,25,24,23,19,11,15,6,F,2011
E01004129,Sutton 002E,944,54,67,45,56,79,73,75,56,78,61,53,42,36,43,33,30,34,22,7,F,2011
E01004130,Sutton 003A,818,28,41,63,45,46,51,31,56,78,53,55,64,55,44,33,32,25,12,6,F,2011
E01004131,Sutton 003B,855,45,50,73,59,39,47,49,70,65,74,56,41,51,39,24,27,23,16,7,F,2011
E01004134,Sutton 003C,734,44,36,43,42,50,52,43,51,59,56,43,47,48,31,21,30,18,15,5,F,2011
E01004135,Sutton 003D,736,32,32,58,45,37,42,39,33,48,83,56,62,43,28,40,34,14,6,4,F,2011
E01004136,Sutton 003E,759,21,42,48,57,41,30,42,56,64,64,58,60,58,34,34,24,15,8,3,F,2011
E01004164,Sutton 004A,742,50,38,28,45,59,43,51,48,50,72,52,45,43,35,31,28,14,7,3,F,2011
E01004166,Sutton 004B,753,50,31,32,48,40,56,65,58,69,56,47,39,37,30,17,30,25,14,9,F,2011
E01004169,Sutton 004C,589,59,35,36,36,49,44,69,57,47,36,28,22,22,17,12,9,6,3,2,F,2011
E01004186,Sutton 004D,870,76,41,48,33,72,126,95,95,74,58,43,29,18,22,16,10,9,2,3,F,2011
E01004188,Sutton 004E,913,82,70,45,62,49,103,104,80,73,55,37,43,36,23,18,15,9,5,4,F,2011
E01004127,Sutton 005A,881,64,77,66,58,45,61,76,84,75,71,40,34,34,25,23,22,14,7,5,F,2011
E01004163,Sutton 005B,777,41,37,52,47,44,38,40,60,75,79,52,41,47,26,39,27,19,9,4,F,2011
E01004165,Sutton 005C,874,68,42,43,52,57,79,90,77,76,54,56,33,48,24,20,25,12,12,6,F,2011
E01004167,Sutton 005D,701,47,54,49,42,53,43,51,48,49,58,41,23,39,26,26,25,11,8,8,F,2011
E01004187,Sutton 005E,806,52,56,46,57,43,45,70,59,79,63,60,30,40,21,21,22,20,7,15,F,2011
E01004117,Sutton 006A,740,46,38,58,67,42,19,38,41,65,92,61,33,41,31,22,22,16,5,3,F,2011
E01004121,Sutton 006B,778,48,35,38,39,48,51,62,62,58,57,58,47,48,30,24,25,29,12,7,F,2011
E01004192,Sutton 006C,1030,84,58,55,58,47,83,109,120,102,82,46,52,36,32,28,14,11,9,4,F,2011
E01004193,Sutton 006D,1232,136,72,71,59,57,116,152,154,98,87,53,48,36,33,14,17,15,12,2,F,2011
E01004195,Sutton 006E,803,54,52,40,41,27,67,77,88,62,55,43,34,37,38,39,24,10,11,4,F,2011
E01004144,Sutton 007A,803,40,37,44,47,34,37,53,49,63,77,57,48,55,47,26,23,34,18,14,F,2011
E01004145,Sutton 007B,1113,71,80,76,75,63,53,82,89,95,86,73,56,58,40,36,41,18,16,5,F,2011
E01004146,Sutton 007C,898,60,59,45,56,44,56,65,68,78,75,35,47,39,32,35,29,27,26,22,F,2011
E01004147,Sutton 007D,834,44,32,49,43,42,37,29,45,77,61,55,57,62,51,50,34,29,26,11,F,2011
E01004116,Sutton 008A,851,34,35,41,48,44,36,34,38,53,72,47,42,42,46,52,48,51,48,40,F,2011
E01004122,Sutton 008B,691,41,23,45,40,33,24,31,44,44,65,56,40,61,38,36,29,22,10,9,F,2011
E01004190,Sutton 008C,677,21,21,45,51,44,25,33,44,50,64,57,46,51,48,22,18,22,10,5,F,2011
E01004191,Sutton 008D,834,49,42,44,43,48,50,69,65,58,55,51,40,53,51,35,32,26,15,8,F,2011
E01004194,Sutton 008E,691,60,31,25,32,26,59,76,61,37,45,38,42,38,35,25,21,19,17,4,F,2011
E01004196,Sutton 008F,747,43,38,38,49,36,50,35,53,51,61,41,60,43,55,35,29,13,11,6,F,2011
E01004115,Sutton 009A,927,60,60,60,50,52,53,65,75,71,74,66,46,36,46,33,26,26,23,5,F,2011
E01004118,Sutton 009B,850,37,51,67,60,42,57,51,47,74,70,49,35,51,45,38,25,26,15,10,F,2011
E01004119,Sutton 009C,696,40,41,41,48,33,27,41,37,67,73,66,44,44,23,20,27,7,11,6,F,2011
E01004132,Sutton 009D,784,43,67,70,58,31,24,54,62,72,69,50,42,38,34,24,24,13,7,2,F,2011
E01004133,Sutton 009E,760,37,55,70,58,33,25,30,60,75,75,48,39,52,29,21,26,13,7,7,F,2011
E01004171,Sutton 010A,780,58,46,44,49,35,35,43,52,61,73,49,40,50,27,41,24,28,9,16,F,2011
E01004172,Sutton 010B,814,75,48,37,44,37,98,81,76,76,47,34,31,33,37,29,8,11,9,3,F,2011
E01004173,Sutton 010C,718,31,52,48,48,43,35,43,42,56,64,52,46,47,25,24,26,17,14,5,F,2011
E01004175,Sutton 010D,846,59,46,52,50,46,52,64,60,84,65,58,39,46,38,28,28,19,7,5,F,2011
E01004176,Sutton 010E,753,71,43,38,43,43,64,72,62,58,54,48,43,42,24,14,20,9,1,4,F,2011
E01004076,Sutton 011A,768,45,42,60,40,36,63,58,57,70,69,44,39,39,35,16,17,21,12,5,F,2011
E01004077,Sutton 011B,791,42,47,52,52,45,38,47,45,71,63,52,51,58,39,26,23,23,12,5,F,2011
E01004078,Sutton 011C,811,75,48,49,42,33,69,62,80,72,74,39,38,40,17,27,20,11,9,6,F,2011
E01004079,Sutton 011D,686,26,40,57,50,26,16,29,40,61,71,71,54,44,34,25,18,13,10,1,F,2011
E01004080,Sutton 011E,677,30,31,40,39,30,40,24,42,61,54,44,58,56,32,24,37,16,10,9,F,2011
E01004081,Sutton 011F,773,61,46,57,31,32,43,57,79,83,62,47,38,38,28,24,24,10,7,6,F,2011
E01004082,Sutton 011G,711,36,30,48,61,43,36,38,42,56,78,54,40,48,26,21,24,12,12,6,F,2011
E01004137,Sutton 012A,755,60,46,32,24,39,85,100,72,61,46,34,31,34,14,24,28,16,7,2,F,2011
E01004140,Sutton 012B,745,37,39,34,40,43,76,77,51,60,51,30,35,38,25,25,21,25,22,16,F,2011
E01004141,Sutton 012C,827,55,38,41,40,47,78,84,67,62,50,47,30,34,36,18,28,28,24,20,F,2011
E01004142,Sutton 012D,1043,75,55,47,37,91,159,115,87,68,61,41,23,35,38,30,23,29,17,12,F,2011
E01004149,Sutton 012E,885,50,41,40,46,41,63,73,62,63,55,54,45,53,53,37,51,42,11,5,F,2011
E01004101,Sutton 013A,680,46,26,45,45,26,32,37,46,54,67,38,36,41,34,40,36,23,4,4,F,2011
E01004103,Sutton 013B,839,59,37,41,45,44,90,97,60,82,79,51,46,32,25,16,14,10,6,5,F,2011
E01004138,Sutton 013C,795,76,38,30,43,40,78,90,91,76,60,40,38,32,28,13,12,8,2,0,F,2011
E01004139,Sutton 013D,705,58,37,29,29,45,53,74,63,64,55,34,42,35,21,23,13,9,13,8,F,2011
E01004168,Sutton 013E,810,39,42,52,63,43,33,41,62,73,71,65,35,51,48,43,28,13,5,3,F,2011
E01004143,Sutton 014A,778,48,53,44,40,41,62,70,74,73,62,51,34,35,26,22,14,9,11,9,F,2011
E01004148,Sutton 014B,847,65,75,47,37,62,63,64,64,76,65,42,28,38,30,26,18,26,11,10,F,2011
E01004159,Sutton 014C,741,37,32,41,43,40,45,45,48,71,63,50,49,41,37,26,40,18,10,5,F,2011
E01004160,Sutton 014D,783,54,41,43,43,55,64,69,84,66,62,49,34,36,23,22,15,12,7,4,F,2011
E01004161,Sutton 014E,763,46,40,46,45,27,82,69,67,65,70,42,33,40,28,25,18,12,5,3,F,2011
E01004097,Sutton 015A,850,59,44,49,59,62,51,59,50,69,73,72,49,42,34,14,26,22,12,4,F,2011
E01004098,Sutton 015B,642,34,27,45,37,28,34,28,56,60,54,53,31,46,28,16,22,21,17,5,F,2011
E01004099,Sutton 015C,750,60,28,31,26,35,75,93,83,69,42,34,33,34,28,23,19,13,17,7,F,2011
E01004100,Sutton 015D,677,42,32,32,38,33,31,44,44,55,61,45,41,46,43,25,25,23,11,6,F,2011
E01004102,Sutton 015E,706,50,40,44,33,25,30,54,59,68,52,57,44,34,29,21,27,23,9,7,F,2011
E01004110,Sutton 016A,919,60,57,45,32,55,67,77,68,76,71,56,55,50,29,30,41,18,26,6,F,2011
E01004111,Sutton 016B,777,58,51,61,50,37,30,41,53,62,68,62,35,31,30,37,28,19,14,10,F,2011
E01004112,Sutton 016C,856,40,52,53,46,39,37,43,56,61,80,59,46,52,52,36,39,39,17,9,F,2011
E01004120,Sutton 016D,796,28,36,55,68,45,24,27,31,59,81,79,38,62,39,37,33,28,19,7,F,2011
E01004157,Sutton 016E,661,36,37,51,38,38,26,25,44,59,57,49,44,39,35,28,16,19,16,4,F,2011
E01004087,Sutton 017A,742,25,33,61,38,49,33,13,33,48,67,72,50,69,57,33,21,25,10,5,F,2011
E01004170,Sutton 017B,886,46,45,41,40,68,86,77,77,61,59,56,52,61,30,31,23,16,9,8,F,2011
E01004174,Sutton 017C,747,60,43,33,37,48,56,61,75,48,63,40,40,35,23,20,25,21,16,3,F,2011
E01004178,Sutton 017D,1010,67,47,42,51,77,98,76,97,76,77,55,37,44,37,42,33,22,21,11,F,2011
E01004179,Sutton 017E,796,49,49,54,46,54,38,39,54,64,72,71,43,54,40,22,14,20,11,2,F,2011
E01004152,Sutton 018A,841,48,31,21,24,51,88,93,69,50,41,33,23,45,29,37,36,47,42,33,F,2011
E01004155,Sutton 018B,841,62,26,22,16,29,99,110,85,58,50,40,34,34,30,19,34,31,35,27,F,2011
E01004156,Sutton 018C,894,72,41,16,23,50,97,135,93,45,43,35,37,50,25,28,22,24,39,19,F,2011
E01004158,Sutton 018D,751,40,36,36,28,45,67,83,54,55,50,53,32,31,41,24,33,21,16,6,F,2011
E01004162,Sutton 018E,811,73,39,20,23,34,107,121,68,47,46,37,26,32,27,29,22,23,10,27,F,2011
E01004083,Sutton 019A,760,50,50,61,46,53,60,54,63,69,51,43,37,37,38,16,12,11,7,2,F,2011
E01004086,Sutton 019B,836,55,50,45,51,61,79,63,56,51,57,47,42,51,40,33,24,14,10,7,F,2011
E01004088,Sutton 019C,998,91,78,75,86,96,57,63,96,91,65,46,41,33,22,30,11,11,3,3,F,2011
E01004089,Sutton 019D,686,74,58,40,29,67,71,69,44,56,44,36,18,18,19,17,10,8,7,1,F,2011
E01004182,Sutton 019E,840,75,69,51,47,43,65,70,57,71,77,46,36,38,27,21,14,18,10,5,F,2011
E01004104,Sutton 020A,779,53,58,35,40,38,35,34,50,64,59,57,48,54,43,33,38,23,14,3,F,2011
E01004107,Sutton 020B,826,63,60,45,64,42,49,62,78,68,65,48,44,41,27,23,16,15,11,5,F,2011
E01004177,Sutton 020C,980,63,33,30,31,53,89,75,53,47,43,49,45,45,45,42,48,65,70,54,F,2011
E01004180,Sutton 020D,895,21,38,72,78,40,41,19,32,64,76,78,68,70,54,33,50,25,23,13,F,2011
E01004181,Sutton 020E,858,48,37,39,37,51,94,72,51,55,52,52,55,54,25,32,35,22,27,20,F,2011
E01004090,Sutton 021A,610,53,42,41,29,29,66,56,38,60,34,31,19,30,21,22,16,11,7,5,F,2011
E01004096,Sutton 021B,756,62,31,22,18,47,82,103,49,81,43,32,30,47,24,15,23,16,17,14,F,2011
E01004150,Sutton 021C,818,44,35,22,14,47,106,89,71,47,35,37,21,27,33,31,38,48,50,23,F,2011
E01004151,Sutton 021D,874,58,29,37,23,52,109,120,65,71,57,38,35,47,16,27,21,30,18,21,F,2011
E01004153,Sutton 021E,840,76,37,18,33,43,99,95,76,59,46,38,40,35,43,25,21,35,12,9,F,2011
E01004091,Sutton 022A,659,21,32,48,49,38,21,19,30,46,58,52,55,60,57,23,17,20,6,7,F,2011
E01004092,Sutton 022B,749,30,26,42,37,45,47,49,34,44,76,51,53,58,47,33,33,21,13,10,F,2011
E01004105,Sutton 022C,927,56,56,56,73,52,49,52,74,63,78,86,55,54,44,26,21,17,9,6,F,2011
E01004106,Sutton 022D,786,30,45,58,57,43,22,25,36,65,72,70,60,67,59,25,27,10,14,1,F,2011
E01004154,Sutton 022E,698,32,33,43,48,26,28,34,45,46,51,52,55,63,41,42,24,17,12,6,F,2011
E01004084,Sutton 024A,737,15,28,48,53,54,26,13,25,59,61,67,65,70,44,33,26,27,17,6,F,2011
E01004085,Sutton 024B,818,31,41,55,60,49,35,34,41,65,81,59,68,52,41,38,32,18,14,4,F,2011
E01004108,Sutton 024C,871,50,57,61,55,28,32,47,67,85,73,57,45,52,35,23,24,24,26,30,F,2011
E01004109,Sutton 024D,816,46,43,46,56,39,42,63,45,71,79,57,56,43,43,19,17,29,12,10,F,2011
E01004093,Sutton 025A,795,51,41,48,39,28,47,57,64,48,58,47,48,61,51,27,26,27,18,9,F,2011
E01004094,Sutton 025B,876,68,43,48,43,36,67,73,85,76,69,46,36,32,36,33,26,25,20,14,F,2011
E01004095,Sutton 025C,759,34,35,25,40,27,55,56,51,61,63,44,46,71,46,34,25,16,12,18,F,2011
E01004114,Sutton 025D,887,26,50,63,49,33,18,24,42,60,70,75,62,77,56,58,32,37,30,25,F,2011
E01032623,Sutton 025E,955,30,52,77,66,34,24,24,31,64,84,64,56,82,71,55,38,45,38,20,F,2011
E09000031,,129767,10134,8095,7246,7489,9993,12925,11943,10192,9936,8928,7385,6006,5005,3927,3216,2726,2154,1540,927,F,2011
E01004349,Waltham Forest 001A,765,36,46,57,55,47,40,37,58,66,61,46,31,42,43,30,26,20,14,10,F,2011
E01004350,Waltham Forest 001B,936,45,47,29,38,39,63,49,45,61,52,27,40,43,60,62,74,64,58,40,F,2011
E01004351,Waltham Forest 001C,821,39,35,49,42,42,38,38,43,69,74,59,45,67,46,34,31,34,26,10,F,2011
E01004356,Waltham Forest 001D,828,38,42,61,74,43,42,38,47,74,74,56,36,49,40,44,26,23,10,11,F,2011
E01004357,Waltham Forest 001E,814,49,51,57,50,41,44,46,39,51,76,59,49,50,35,46,27,26,16,2,F,2011
E01004352,Waltham Forest 002A,936,40,35,46,47,46,40,52,59,60,71,67,52,64,54,34,46,50,43,30,F,2011
E01004353,Waltham Forest 002B,962,48,38,45,65,42,54,47,52,73,83,69,56,71,58,51,34,34,20,22,F,2011
E01004354,Waltham Forest 002C,911,60,59,37,45,52,71,77,79,83,54,58,47,42,43,30,25,25,11,13,F,2011
E01004358,Waltham Forest 002D,882,61,35,39,40,53,68,58,54,72,60,59,54,40,44,32,42,29,17,25,F,2011
E01004359,Waltham Forest 002E,848,37,47,58,72,46,39,37,56,70,80,57,68,42,42,34,25,18,13,7,F,2011
E01004384,Waltham Forest 003A,970,61,62,62,69,53,67,80,74,80,70,49,46,35,28,32,25,28,29,20,F,2011
E01004385,Waltham Forest 003B,751,45,39,46,47,43,59,58,60,53,54,36,36,23,18,33,22,34,32,13,F,2011
E01004386,Waltham Forest 003C,845,34,34,59,63,46,32,42,52,64,72,73,55,52,48,42,22,35,12,8,F,2011
E01004389,Waltham Forest 003D,833,62,41,49,41,44,35,65,68,70,64,55,38,47,44,37,25,23,16,9,F,2011
E01004390,Waltham Forest 003E,864,76,49,46,66,39,52,60,76,58,72,48,36,43,31,34,31,21,19,7,F,2011
E01004355,Waltham Forest 004A,833,63,40,46,62,52,51,57,63,71,61,68,32,32,35,26,31,22,12,9,F,2011
E01004360,Waltham Forest 004B,659,24,33,30,36,32,24,25,35,53,55,38,63,48,51,39,23,23,19,8,F,2011
E01004413,Waltham Forest 004C,853,53,51,39,50,35,54,51,54,75,72,55,44,51,33,35,26,28,27,20,F,2011
E01004415,Waltham Forest 004D,828,53,47,56,59,52,57,41,41,73,72,55,41,43,35,30,30,12,25,6,F,2011
E01004416,Waltham Forest 004E,833,57,41,51,44,63,45,60,51,57,75,71,44,47,37,32,22,19,13,4,F,2011
E01004361,Waltham Forest 005A,646,32,23,39,35,44,40,39,26,38,65,52,56,53,37,23,14,15,10,5,F,2011
E01004414,Waltham Forest 005B,835,51,42,53,49,54,58,47,51,80,55,55,47,49,29,28,28,36,13,10,F,2011
E01004417,Waltham Forest 005C,885,56,46,44,47,65,61,50,61,52,67,59,65,31,33,28,29,28,38,25,F,2011
E01004451,Waltham Forest 005D,903,39,52,52,58,69,61,42,52,69,80,66,67,44,36,35,27,23,23,8,F,2011
E01004452,Waltham Forest 005E,843,59,44,47,36,65,51,60,58,67,56,56,45,38,34,37,37,25,16,12,F,2011
E01004450,Waltham Forest 006A,845,46,58,54,59,57,40,47,47,68,83,58,42,34,37,28,37,24,15,11,F,2011
E01004453,Waltham Forest 006B,827,57,43,37,56,69,67,74,64,65,70,43,42,34,30,18,28,18,5,7,F,2011
E01004454,Waltham Forest 006C,883,61,64,41,46,66,66,56,69,62,69,52,41,39,31,28,26,26,23,17,F,2011
E01004455,Waltham Forest 006D,792,52,58,57,51,47,57,62,54,63,66,57,41,40,33,21,11,12,9,1,F,2011
E01004456,Waltham Forest 006E,848,55,63,60,63,69,56,51,48,77,75,71,44,38,28,24,14,7,5,0,F,2011
E01004379,Waltham Forest 007A,743,37,43,40,79,34,42,51,42,67,71,69,38,33,24,30,16,17,6,4,F,2011
E01004380,Waltham Forest 007B,817,42,41,53,54,44,50,51,64,75,61,58,48,37,41,30,23,22,16,7,F,2011
E01004381,Waltham Forest 007C,926,60,58,51,71,57,66,59,79,76,90,62,46,53,22,20,14,25,11,6,F,2011
E01004383,Waltham Forest 007D,855,46,43,64,68,58,45,39,62,71,67,62,40,43,42,30,22,19,21,13,F,2011
E01004387,Waltham Forest 007E,769,30,45,53,67,57,32,35,39,79,71,68,52,35,41,27,18,10,6,4,F,2011
E01004388,Waltham Forest 007F,766,30,41,39,40,48,67,42,58,60,61,49,37,60,29,27,19,27,15,17,F,2011
E01004343,Waltham Forest 008A,908,60,49,65,57,54,55,49,76,81,88,59,54,48,29,17,26,23,13,5,F,2011
E01004344,Waltham Forest 008B,893,67,81,48,45,63,101,79,72,78,61,53,41,35,21,19,13,6,5,5,F,2011
E01004382,Waltham Forest 008C,727,63,58,52,60,45,44,59,60,61,61,37,24,22,28,17,11,10,10,5,F,2011
E01004418,Waltham Forest 008D,849,59,59,45,54,45,61,67,52,58,82,58,46,45,34,26,32,11,12,3,F,2011
E01004419,Waltham Forest 008E,812,56,48,46,44,67,57,63,60,58,58,52,51,39,25,29,21,16,10,12,F,2011
E01004398,Waltham Forest 009A,1024,70,69,73,81,83,70,76,80,87,74,67,44,40,33,24,20,16,11,6,F,2011
E01004399,Waltham Forest 009B,938,65,62,82,86,73,62,65,79,85,70,44,50,38,32,12,18,9,4,2,F,2011
E01004400,Waltham Forest 009C,856,55,52,64,57,59,59,83,80,76,73,53,36,28,26,20,19,7,8,1,F,2011
E01004402,Waltham Forest 009D,895,64,71,66,57,61,60,78,70,70,69,47,45,34,31,19,18,18,10,7,F,2011
E01004403,Waltham Forest 009E,911,67,77,63,53,66,56,74,80,78,64,63,50,28,23,17,26,11,10,5,F,2011
E01004345,Waltham Forest 010A,994,89,62,67,82,78,80,89,80,72,72,69,40,36,27,17,18,9,4,3,F,2011
E01004348,Waltham Forest 010B,1332,151,95,73,59,93,159,177,118,97,73,64,55,41,25,16,23,9,3,1,F,2011
E01004377,Waltham Forest 010C,921,68,52,70,62,49,77,55,58,84,71,76,50,40,20,22,20,21,15,11,F,2011
E01004378,Waltham Forest 010D,895,59,58,55,69,53,74,56,61,81,77,56,53,46,37,19,18,11,4,8,F,2011
E01004342,Waltham Forest 011A,991,73,75,64,56,61,87,87,108,65,73,56,37,36,29,12,22,13,24,13,F,2011
E01004346,Waltham Forest 011B,880,61,87,74,53,53,52,58,90,65,60,61,45,34,29,20,12,12,7,7,F,2011
E01004347,Waltham Forest 011C,1040,103,68,50,33,57,92,133,117,80,77,57,44,39,27,19,14,11,12,7,F,2011
E01004460,Waltham Forest 011D,983,64,67,54,69,71,97,99,80,78,74,47,37,37,18,17,19,21,16,18,F,2011
E01004462,Waltham Forest 011E,908,78,61,34,49,56,111,88,84,65,69,51,51,36,20,20,11,12,5,7,F,2011
E01004396,Waltham Forest 012A,914,98,55,45,52,60,91,94,89,85,50,45,39,26,22,17,21,13,10,2,F,2011
E01004457,Waltham Forest 012B,933,82,70,42,47,55,107,101,99,91,60,39,28,24,27,22,15,11,3,10,F,2011
E01004458,Waltham Forest 012C,952,85,54,52,59,56,94,103,79,82,74,49,34,31,29,26,20,15,2,8,F,2011
E01004459,Waltham Forest 012D,890,88,79,81,76,35,64,75,69,71,60,36,40,23,20,23,13,18,12,7,F,2011
E01004463,Waltham Forest 012E,1005,110,58,33,21,54,118,143,134,86,66,48,40,30,13,15,17,9,5,5,F,2011
E01004407,Waltham Forest 013A,829,116,44,45,96,113,108,80,49,38,36,26,13,9,13,15,8,6,13,1,F,2011
E01004410,Waltham Forest 013B,1011,67,47,53,59,75,84,108,77,78,69,49,31,39,42,26,30,36,24,17,F,2011
E01004464,Waltham Forest 013C,796,83,57,55,53,55,60,81,77,62,64,39,37,22,15,5,12,12,4,3,F,2011
E01004469,Waltham Forest 013D,838,79,69,59,45,59,82,81,58,67,56,41,31,24,17,25,9,21,9,6,F,2011
E01004470,Waltham Forest 013E,772,83,46,50,36,51,83,87,60,60,54,41,33,16,16,16,17,6,13,4,F,2011
E01004471,Waltham Forest 013F,896,100,63,57,45,51,84,89,68,54,68,44,28,41,24,27,12,19,17,5,F,2011
E01004391,Waltham Forest 014A,941,81,41,48,45,54,111,118,93,70,71,57,44,31,21,18,18,8,8,4,F,2011
E01004393,Waltham Forest 014B,880,72,56,31,25,57,108,119,81,67,31,34,45,20,26,25,23,21,26,13,F,2011
E01004401,Waltham Forest 014C,1035,110,50,49,46,81,146,97,104,79,77,41,45,32,24,19,11,12,10,2,F,2011
E01004404,Waltham Forest 014D,1048,101,95,55,54,64,150,140,95,77,62,40,35,30,13,8,11,10,5,3,F,2011
E01004461,Waltham Forest 014E,1084,139,59,34,40,76,125,143,96,73,63,56,52,35,26,23,20,11,11,2,F,2011
E01004412,Waltham Forest 015A,908,86,55,43,40,58,85,102,113,94,65,37,33,34,16,15,11,10,10,1,F,2011
E01004465,Waltham Forest 015B,795,68,49,50,56,58,63,64,59,80,58,56,27,28,18,24,17,11,6,3,F,2011
E01004466,Waltham Forest 015C,833,86,32,46,33,44,61,81,91,91,71,41,40,36,23,23,15,13,5,1,F,2011
E01004467,Waltham Forest 015D,1134,110,107,52,56,93,133,119,99,75,72,49,50,26,25,14,24,11,14,5,F,2011
E01004468,Waltham Forest 015E,810,52,49,38,32,53,72,74,55,68,60,44,43,45,30,25,22,25,11,12,F,2011
E01004406,Waltham Forest 016A,911,91,58,40,30,89,124,93,111,64,51,41,35,17,16,16,12,9,11,3,F,2011
E01004408,Waltham Forest 016B,897,81,51,45,36,59,102,93,85,75,65,60,34,38,18,8,23,15,3,6,F,2011
E01004409,Waltham Forest 016C,820,57,36,38,29,51,90,91,74,59,42,46,38,38,25,30,17,27,15,17,F,2011
E01004411,Waltham Forest 016D,831,71,47,27,29,86,142,106,61,63,43,36,30,37,18,17,14,3,1,0,F,2011
E01004443,Waltham Forest 016E,919,84,50,45,61,85,139,84,73,56,57,47,38,22,22,24,10,13,7,2,F,2011
E01004447,Waltham Forest 016F,919,73,47,45,53,58,109,113,65,78,74,51,41,32,29,16,17,7,7,4,F,2011
E01004392,Waltham Forest 017A,1092,89,55,42,53,107,155,135,102,88,75,61,27,30,25,24,4,10,5,5,F,2011
E01004394,Waltham Forest 017B,901,70,55,48,50,68,78,102,75,83,70,48,34,35,21,15,23,12,10,4,F,2011
E01004397,Waltham Forest 017C,1146,94,63,46,43,145,155,155,90,86,70,50,45,40,19,20,12,8,4,1,F,2011
E01004444,Waltham Forest 017D,1297,104,95,78,75,106,165,131,125,108,73,57,50,26,29,14,28,16,11,6,F,2011
E01004446,Waltham Forest 017E,948,102,61,53,55,69,110,75,87,74,58,54,41,37,35,18,10,5,3,1,F,2011
E01004395,Waltham Forest 018A,795,75,54,44,40,28,72,87,70,66,60,45,41,31,29,18,15,14,5,1,F,2011
E01004421,Waltham Forest 018B,1069,73,71,88,73,92,87,73,87,82,61,57,46,35,33,38,22,16,20,15,F,2011
E01004445,Waltham Forest 018C,873,85,49,41,45,85,81,82,82,76,56,46,34,32,26,11,23,7,9,3,F,2011
E01004448,Waltham Forest 018D,981,92,90,35,40,101,88,90,125,95,60,53,39,16,15,14,8,12,7,1,F,2011
E01004449,Waltham Forest 018E,952,61,85,62,62,69,92,58,68,65,62,50,37,43,50,27,17,23,11,10,F,2011
E01004363,Waltham Forest 019A,778,56,29,44,47,69,74,61,49,57,42,61,51,41,25,16,26,18,9,3,F,2011
E01004364,Waltham Forest 019B,862,63,53,66,64,86,57,66,61,59,59,57,41,36,27,23,17,13,9,5,F,2011
E01004366,Waltham Forest 019C,912,48,49,55,59,84,83,66,65,64,51,57,47,51,34,32,22,23,12,10,F,2011
E01004367,Waltham Forest 019D,788,57,57,45,54,67,80,68,56,65,42,48,46,21,25,29,14,10,3,1,F,2011
E01004368,Waltham Forest 019E,924,72,52,33,35,110,138,115,58,41,52,48,46,31,40,23,12,9,6,3,F,2011
E01004365,Waltham Forest 020A,1126,104,62,56,54,207,126,86,71,122,61,32,47,25,28,17,8,14,5,1,F,2011
E01004405,Waltham Forest 020B,843,77,76,38,47,72,99,83,56,68,43,52,43,24,16,11,20,11,4,3,F,2011
E01004420,Waltham Forest 020C,1028,70,65,63,66,113,118,87,66,77,79,64,44,26,27,25,15,11,7,5,F,2011
E01004423,Waltham Forest 020D,913,75,36,38,35,89,126,83,61,57,43,47,39,35,29,39,23,17,24,17,F,2011
E01033153,Waltham Forest 020G,1369,121,123,99,122,124,117,123,93,119,94,66,31,30,28,32,21,12,9,5,F,2011
E01004362,Waltham Forest 021A,761,50,36,28,39,64,97,72,53,55,57,41,57,38,19,18,11,8,13,5,F,2011
E01004436,Waltham Forest 021B,816,52,48,44,41,67,112,82,72,36,50,49,44,31,24,14,19,13,8,10,F,2011
E01004437,Waltham Forest 021C,902,62,47,36,53,87,130,101,68,55,66,46,33,40,17,17,16,11,7,10,F,2011
E01004439,Waltham Forest 021D,838,59,43,49,43,66,100,101,67,64,54,49,34,17,25,24,10,12,12,9,F,2011
E01004442,Waltham Forest 021E,814,47,42,38,38,69,106,88,51,63,61,54,65,32,19,7,14,9,8,3,F,2011
E01004422,Waltham Forest 022A,818,75,46,48,60,57,73,74,48,66,63,42,33,36,34,20,21,11,9,2,F,2011
E01004424,Waltham Forest 022B,912,63,90,68,91,63,87,86,72,78,49,57,24,21,20,19,15,0,4,5,F,2011
E01004425,Waltham Forest 022C,1069,132,76,47,45,75,119,139,117,114,64,37,23,22,16,12,11,13,6,1,F,2011
E01004426,Waltham Forest 022D,900,61,68,68,74,51,82,80,45,74,58,51,53,37,37,17,24,13,6,1,F,2011
E01004427,Waltham Forest 022E,1067,133,76,60,47,85,102,173,101,91,64,45,26,21,11,15,7,3,2,5,F,2011
E01004369,Waltham Forest 023A,852,81,75,35,26,83,122,103,90,69,39,42,25,23,11,8,15,2,2,1,F,2011
E01004370,Waltham Forest 023B,891,75,63,47,30,81,112,99,70,68,58,40,36,22,31,13,25,12,6,3,F,2011
E01004372,Waltham Forest 023C,910,125,53,27,27,64,175,116,85,55,47,27,31,22,16,16,7,7,7,3,F,2011
E01004432,Waltham Forest 023D,890,93,66,50,43,74,110,98,58,57,68,50,24,35,22,21,12,6,2,1,F,2011
E01004435,Waltham Forest 023E,1065,81,38,108,85,91,124,99,73,58,59,71,47,36,24,22,19,15,12,3,F,2011
E01004333,Waltham Forest 024A,888,79,66,51,59,65,126,84,97,57,52,33,31,26,25,21,8,4,2,2,F,2011
E01004334,Waltham Forest 024B,816,73,65,70,42,63,74,70,54,51,54,44,37,34,17,19,20,11,13,5,F,2011
E01004438,Waltham Forest 024C,938,56,43,42,41,107,154,95,80,52,59,62,37,33,18,15,19,12,8,5,F,2011
E01004440,Waltham Forest 024D,1011,70,50,39,42,97,167,164,92,66,43,51,36,35,20,16,11,4,5,3,F,2011
E01004441,Waltham Forest 024E,770,59,30,32,39,52,108,82,54,48,49,68,45,36,21,17,14,7,5,4,F,2011
E01004371,Waltham Forest 025A,830,67,49,24,49,51,103,81,90,56,55,50,51,39,32,11,11,7,4,0,F,2011
E01004373,Waltham Forest 025B,844,59,64,45,37,101,130,88,40,62,37,44,35,25,17,24,11,13,8,4,F,2011
E01004374,Waltham Forest 025C,946,76,41,57,54,88,133,104,65,74,45,52,37,28,28,15,25,18,4,2,F,2011
E01004375,Waltham Forest 025D,955,108,38,47,49,75,144,96,106,54,51,43,47,30,13,19,14,14,5,2,F,2011
E01004376,Waltham Forest 025E,991,71,41,39,56,113,164,120,88,44,46,32,66,33,22,20,20,7,8,1,F,2011
E01004336,Waltham Forest 026A,839,28,38,17,50,180,153,80,54,33,47,37,31,28,22,14,15,6,6,0,F,2011
E01004428,Waltham Forest 026B,935,74,75,83,69,55,72,77,65,73,76,65,50,24,29,21,9,5,9,4,F,2011
E01004429,Waltham Forest 026C,903,65,62,44,65,74,112,110,52,60,61,59,37,26,26,16,18,6,6,4,F,2011
E01004430,Waltham Forest 026D,1022,64,45,34,40,158,163,125,71,48,52,54,61,35,21,21,14,8,6,2,F,2011
E01004434,Waltham Forest 026E,1027,86,70,49,54,87,144,83,61,71,69,66,37,41,31,30,19,18,6,5,F,2011
E01004335,Waltham Forest 027A,982,71,100,70,82,85,95,94,77,79,61,46,36,38,15,19,6,3,4,1,F,2011
E01004337,Waltham Forest 027B,955,64,88,57,36,60,106,106,77,68,39,53,81,33,20,18,18,14,10,7,F,2011
E01004338,Waltham Forest 027C,862,64,29,27,40,107,161,93,72,49,39,46,38,37,21,16,13,7,2,1,F,2011
E01004339,Waltham Forest 027D,893,72,81,52,37,79,109,138,64,61,54,34,36,30,14,10,10,7,4,1,F,2011
E01004340,Waltham Forest 027E,937,74,74,55,50,79,100,77,72,84,74,47,45,35,30,15,15,8,1,2,F,2011
E01004341,Waltham Forest 027F,888,75,60,64,54,83,103,80,56,69,49,48,26,35,27,16,18,16,5,4,F,2011
E01004327,Waltham Forest 028A,591,50,23,33,28,40,61,56,49,38,39,40,23,28,21,24,13,12,9,4,F,2011
E01004328,Waltham Forest 028B,857,85,52,43,51,98,97,100,68,52,52,41,38,23,16,15,15,5,3,3,F,2011
E01004329,Waltham Forest 028C,866,69,60,41,51,81,91,89,75,72,58,55,39,34,17,17,10,3,4,0,F,2011
E01004330,Waltham Forest 028D,861,70,65,42,42,58,90,86,70,72,66,53,51,26,30,13,11,3,9,4,F,2011
E01004331,Waltham Forest 028E,866,81,64,49,48,74,94,86,74,67,57,50,41,35,18,11,7,6,3,1,F,2011
E01004332,Waltham Forest 028F,879,88,64,64,39,85,96,105,53,57,52,53,29,20,15,19,20,14,5,1,F,2011
E06000036,,57198,3997,3270,3419,3522,2997,3865,4460,4341,4755,4599,3966,3136,2921,2231,1753,1526,1151,800,489,F,2011
E01016252,Bracknell Forest 001C,708,32,36,27,28,28,36,34,42,53,69,59,48,67,53,42,19,22,10,3,F,2011
E01016253,Bracknell Forest 001D,711,54,59,57,37,20,18,40,76,82,65,59,30,35,26,15,19,10,6,3,F,2011
E01032727,Bracknell Forest 001E,1565,84,89,109,67,40,30,58,121,121,130,115,81,107,112,111,86,61,32,11,F,2011
E01016184,Bracknell Forest 002A,1105,83,64,73,51,58,101,104,74,84,94,90,72,51,27,32,17,13,11,6,F,2011
E01016185,Bracknell Forest 002B,701,57,30,20,34,44,70,85,49,66,40,55,29,18,24,17,11,16,18,18,F,2011
E01016186,Bracknell Forest 002C,909,62,57,52,54,31,32,54,56,81,99,68,65,59,36,33,27,23,13,7,F,2011
E01016187,Bracknell Forest 002D,826,50,63,52,39,22,24,38,67,78,88,76,63,50,33,26,26,11,13,7,F,2011
E01016188,Bracknell Forest 002E,853,68,60,56,55,32,45,70,92,101,96,47,39,33,23,11,15,5,4,1,F,2011
E01016190,Bracknell Forest 003A,770,48,40,51,48,41,39,32,54,65,66,47,40,48,37,32,37,27,15,3,F,2011
E01016238,Bracknell Forest 003B,628,18,29,26,45,22,33,30,25,44,45,48,40,42,44,14,40,32,26,25,F,2011
E01016243,Bracknell Forest 003C,752,61,49,49,36,31,50,80,88,80,59,58,34,29,14,11,10,9,2,2,F,2011
E01016245,Bracknell Forest 003D,1180,85,85,81,77,34,64,79,114,137,149,99,51,38,36,18,10,14,4,5,F,2011
E01016246,Bracknell Forest 003E,844,54,78,78,51,25,43,65,88,90,100,54,38,30,16,14,10,7,2,1,F,2011
E01016247,Bracknell Forest 003F,833,67,46,56,34,34,62,93,89,100,92,50,40,30,13,11,7,8,1,0,F,2011
E01016239,Bracknell Forest 004A,770,40,37,41,46,49,39,41,65,58,56,67,43,31,32,30,32,43,14,6,F,2011
E01016240,Bracknell Forest 004B,785,54,50,36,34,35,55,72,64,62,73,47,44,37,29,30,26,23,10,4,F,2011
E01016241,Bracknell Forest 004C,811,64,55,53,40,45,50,71,61,52,73,47,40,26,25,26,29,29,18,7,F,2011
E01016242,Bracknell Forest 004D,883,79,42,43,45,71,88,95,65,71,56,43,39,24,33,26,22,14,17,10,F,2011
E01016180,Bracknell Forest 005A,764,48,37,69,74,34,33,51,39,59,54,47,32,27,36,40,25,29,15,15,F,2011
E01016181,Bracknell Forest 005B,830,29,26,84,145,19,23,46,41,68,50,58,40,44,40,29,32,19,16,21,F,2011
E01016182,Bracknell Forest 005C,792,40,60,57,50,25,27,45,55,76,87,50,48,40,40,25,24,23,12,8,F,2011
E01016183,Bracknell Forest 005D,660,41,51,50,37,25,25,37,48,62,73,48,43,29,23,23,20,13,8,4,F,2011
E01016222,Bracknell Forest 005E,642,38,36,39,33,33,38,45,53,63,69,71,42,38,21,11,6,5,0,1,F,2011
E01016191,Bracknell Forest 006B,837,52,36,55,54,42,53,45,71,62,54,61,40,32,34,46,46,35,17,2,F,2011
E01016223,Bracknell Forest 006C,710,64,34,25,35,57,57,87,52,59,48,51,34,25,23,34,17,4,3,1,F,2011
E01016224,Bracknell Forest 006D,893,95,64,44,32,58,91,102,68,63,45,44,29,38,28,36,23,16,13,4,F,2011
E01016226,Bracknell Forest 006E,671,36,31,33,33,37,44,48,59,51,51,33,42,37,26,25,30,19,20,16,F,2011
E01032724,Bracknell Forest 006F,681,56,39,36,18,79,104,70,34,42,31,33,20,14,23,14,24,16,17,11,F,2011
E01032728,Bracknell Forest 006G,703,56,29,26,24,48,79,62,64,52,51,46,30,23,15,17,25,18,21,17,F,2011
E01016225,Bracknell Forest 007A,1098,109,64,57,54,87,123,73,96,66,70,73,60,55,29,26,25,18,9,4,F,2011
E01016233,Bracknell Forest 007B,1178,103,71,85,88,62,89,120,98,111,87,69,48,29,31,24,31,20,11,1,F,2011
E01016248,Bracknell Forest 007C,815,38,56,44,64,46,40,60,50,68,61,46,41,36,37,28,33,26,22,19,F,2011
E01016249,Bracknell Forest 007D,731,64,32,24,35,76,77,71,47,46,48,29,22,38,26,27,25,17,17,10,F,2011
E01016250,Bracknell Forest 007E,820,48,53,44,48,43,57,59,59,59,57,52,37,44,43,39,37,17,17,7,F,2011
E01016200,Bracknell Forest 008A,685,62,47,28,39,36,70,74,67,54,74,57,25,23,19,7,2,1,0,0,F,2011
E01016201,Bracknell Forest 008B,678,53,27,37,45,50,69,76,47,58,65,57,39,29,13,3,7,1,2,0,F,2011
E01016202,Bracknell Forest 008C,584,41,19,20,13,48,81,114,65,38,47,32,21,13,18,5,4,0,3,2,F,2011
E01016203,Bracknell Forest 008D,712,58,35,40,39,34,55,51,47,56,55,53,40,27,19,16,21,19,25,22,F,2011
E01016204,Bracknell Forest 008E,620,50,34,36,38,33,57,58,50,42,52,58,38,26,12,9,8,9,7,3,F,2011
E01016209,Bracknell Forest 009A,759,39,42,43,48,40,52,51,43,68,51,52,47,61,52,32,22,11,3,2,F,2011
E01016210,Bracknell Forest 009B,636,52,58,23,43,53,54,55,47,47,42,33,29,32,31,14,11,4,6,2,F,2011
E01016213,Bracknell Forest 009D,584,40,28,41,43,31,31,31,37,49,65,45,47,39,20,15,11,7,4,0,F,2011
E01016214,Bracknell Forest 009E,704,38,32,39,48,35,26,37,33,59,45,64,62,77,56,25,8,12,5,3,F,2011
E01016215,Bracknell Forest 009F,645,76,27,42,42,41,60,67,46,36,42,34,38,31,15,18,15,6,9,0,F,2011
E01032725,Bracknell Forest 009G,818,121,62,37,39,54,121,136,74,50,45,26,26,8,9,4,5,0,1,0,F,2011
E01032726,Bracknell Forest 009H,731,57,51,44,49,41,56,51,62,72,46,42,33,39,28,26,12,13,7,2,F,2011
E01016205,Bracknell Forest 010A,673,51,33,42,33,37,69,72,51,45,52,57,33,31,22,17,11,8,7,2,F,2011
E01016217,Bracknell Forest 010B,709,59,33,37,41,39,52,57,69,51,66,57,42,30,25,19,11,9,10,2,F,2011
E01016218,Bracknell Forest 010C,682,43,44,28,33,31,53,44,48,57,45,52,52,32,34,26,20,15,14,11,F,2011
E01016231,Bracknell Forest 010D,931,60,47,55,80,44,64,88,77,99,61,57,48,35,26,31,26,17,9,7,F,2011
E01016232,Bracknell Forest 010E,726,49,33,31,44,39,50,59,45,73,60,48,31,46,41,24,24,18,8,3,F,2011
E01016212,Bracknell Forest 011A,651,60,45,41,46,33,50,52,52,54,49,41,39,38,22,5,8,11,4,1,F,2011
E01016216,Bracknell Forest 011B,665,52,46,42,30,23,41,69,59,40,37,44,44,57,17,20,22,11,4,7,F,2011
E01016219,Bracknell Forest 011C,676,35,33,29,40,36,36,36,50,38,54,56,53,63,48,27,16,10,10,6,F,2011
E01016220,Bracknell Forest 011D,693,70,43,38,37,38,54,77,54,56,42,46,43,32,15,13,7,11,5,12,F,2011
E01016221,Bracknell Forest 011E,648,39,30,32,25,42,45,65,50,49,58,59,36,32,30,18,17,12,7,2,F,2011
E01016206,Bracknell Forest 012A,913,43,48,55,43,35,38,39,58,78,55,49,75,84,63,45,37,32,24,12,F,2011
E01016208,Bracknell Forest 012B,982,34,46,75,48,39,45,52,52,94,78,64,57,64,48,39,39,32,44,32,F,2011
E01016229,Bracknell Forest 012C,615,30,37,37,50,16,18,27,39,45,50,43,52,37,28,29,22,24,18,13,F,2011
E01016230,Bracknell Forest 012D,793,33,15,89,244,28,35,34,38,47,39,33,40,30,20,18,12,13,16,9,F,2011
E01016207,Bracknell Forest 013A,720,46,45,55,51,37,36,48,55,79,71,52,39,33,27,12,20,5,6,3,F,2011
E01016234,Bracknell Forest 013B,583,44,30,26,35,36,33,47,32,56,49,41,51,30,24,18,14,7,6,4,F,2011
E01016235,Bracknell Forest 013C,668,45,33,47,50,36,31,30,47,66,68,66,47,49,30,11,8,3,1,0,F,2011
E01016236,Bracknell Forest 013D,739,54,47,47,45,34,58,61,65,64,56,57,41,35,35,13,12,7,6,2,F,2011
E01016237,Bracknell Forest 013E,599,49,24,37,33,39,49,44,56,52,48,41,40,32,28,15,7,3,1,1,F,2011
E01016192,Bracknell Forest 014A,697,44,40,28,21,32,38,55,51,58,52,43,30,39,26,35,40,20,22,23,F,2011
E01016194,Bracknell Forest 014B,637,24,24,47,37,25,20,22,28,45,53,44,52,73,42,29,26,34,8,4,F,2011
E01016195,Bracknell Forest 014C,583,52,43,29,27,31,48,58,66,48,43,44,34,29,11,8,4,5,1,2,F,2011
E01016227,Bracknell Forest 014D,677,34,56,67,46,25,25,31,42,64,60,50,40,40,42,24,16,11,3,1,F,2011
E01016228,Bracknell Forest 014E,783,55,36,34,44,34,33,33,50,64,55,61,56,68,45,35,33,23,19,5,F,2011
E01016193,Bracknell Forest 015A,637,50,28,30,34,42,59,66,53,38,60,60,34,29,14,18,13,4,2,3,F,2011
E01016196,Bracknell Forest 015B,962,88,77,64,51,122,105,124,75,72,50,28,20,34,11,14,10,9,3,5,F,2011
E01016197,Bracknell Forest 015C,689,30,45,42,48,33,37,33,59,63,53,59,37,44,34,23,19,14,12,4,F,2011
E01016198,Bracknell Forest 015D,636,22,31,33,39,31,34,37,42,44,58,54,32,35,26,28,27,26,22,15,F,2011
E01016199,Bracknell Forest 015E,616,38,28,40,36,31,38,37,36,55,62,67,49,31,17,22,13,12,2,2,F,2011
E06000043,,136751,7395,6494,6494,8559,14418,11006,10829,10527,10600,10249,7643,6311,6142,4871,4082,3720,3291,2448,1672,F,2011
E01016924,Brighton and Hove 001A,800,48,56,51,46,33,26,30,55,76,73,55,35,43,31,35,36,32,22,17,F,2011
E01016926,Brighton and Hove 001B,789,49,48,70,43,40,42,51,67,76,70,46,40,34,25,24,28,16,15,5,F,2011
E01016927,Brighton and Hove 001C,803,38,46,68,52,44,41,52,51,70,68,52,48,52,23,36,28,19,11,4,F,2011
E01016929,Brighton and Hove 001D,812,47,49,55,51,40,34,43,58,74,77,48,57,49,34,23,20,25,18,10,F,2011
E01016931,Brighton and Hove 001E,810,46,40,46,42,39,17,54,44,63,61,48,40,58,49,49,37,32,19,26,F,2011
E01016898,Brighton and Hove 002A,1131,48,41,45,163,201,64,44,49,55,59,55,62,63,48,35,32,33,21,13,F,2011
E01016899,Brighton and Hove 002B,1754,42,21,27,696,560,72,48,43,39,36,29,31,24,18,16,19,23,6,4,F,2011
E01016914,Brighton and Hove 002C,1277,42,52,53,382,318,64,60,55,54,54,36,28,19,14,18,14,10,3,1,F,2011
E01016915,Brighton and Hove 002D,788,43,59,65,121,115,47,36,42,58,50,36,32,16,26,16,12,9,5,0,F,2011
E01016923,Brighton and Hove 003A,831,44,40,59,61,39,37,38,52,56,55,49,58,41,42,31,38,31,34,26,F,2011
E01016928,Brighton and Hove 003B,828,33,55,42,40,30,31,46,54,66,74,51,40,66,51,52,34,39,17,7,F,2011
E01016998,Brighton and Hove 003C,758,53,47,37,40,20,19,29,69,58,78,50,50,48,27,33,46,32,14,8,F,2011
E01016999,Brighton and Hove 003D,742,40,28,46,56,42,30,34,27,58,64,60,46,50,44,36,34,23,11,13,F,2011
E01017000,Brighton and Hove 003E,884,44,51,47,25,49,55,57,53,66,56,37,42,54,43,49,44,49,38,25,F,2011
E01016925,Brighton and Hove 004A,778,32,42,47,70,44,38,45,58,66,76,62,53,30,36,28,19,15,12,5,F,2011
E01016930,Brighton and Hove 004B,946,40,33,60,65,34,38,45,59,83,88,68,68,78,55,49,29,27,18,9,F,2011
E01017001,Brighton and Hove 004C,771,32,55,51,54,31,16,24,39,46,74,61,52,68,43,38,34,29,15,9,F,2011
E01017003,Brighton and Hove 004D,869,54,57,67,57,47,44,49,59,77,78,64,50,37,33,20,31,21,10,14,F,2011
E01016916,Brighton and Hove 005A,740,32,36,51,48,36,29,39,64,54,48,51,31,51,53,43,34,22,15,3,F,2011
E01016917,Brighton and Hove 005B,692,32,37,34,35,32,49,45,47,61,59,41,33,56,54,31,25,14,4,3,F,2011
E01016918,Brighton and Hove 005C,757,39,46,64,52,43,47,43,42,77,67,32,26,42,42,32,18,11,17,17,F,2011
E01016919,Brighton and Hove 005D,716,44,36,45,45,47,44,51,53,63,72,57,49,41,30,16,11,8,1,3,F,2011
E01016920,Brighton and Hove 005E,826,60,36,60,46,35,62,61,61,89,76,56,41,50,32,19,16,15,8,3,F,2011
E01016882,Brighton and Hove 006A,806,53,37,63,46,44,67,45,42,44,59,41,48,57,37,43,27,29,13,11,F,2011
E01016883,Brighton and Hove 006B,750,25,26,41,40,19,20,24,32,46,55,54,50,71,55,69,54,35,27,7,F,2011
E01016884,Brighton and Hove 006C,811,51,44,54,60,39,39,45,50,54,74,60,42,40,27,41,37,32,18,4,F,2011
E01016885,Brighton and Hove 006D,755,59,52,47,52,40,61,60,58,63,60,43,27,36,24,17,20,16,15,5,F,2011
E01016886,Brighton and Hove 006E,805,50,40,64,51,32,35,40,53,56,64,57,54,48,36,29,33,25,27,11,F,2011
E01016980,Brighton and Hove 007A,762,55,52,40,42,37,32,42,57,65,73,60,44,34,25,30,20,22,16,16,F,2011
E01016982,Brighton and Hove 007B,684,34,54,49,32,37,22,29,40,65,55,50,37,46,42,21,22,20,19,10,F,2011
E01016983,Brighton and Hove 007C,730,27,37,30,65,35,24,21,28,52,62,70,46,41,51,31,29,29,19,33,F,2011
E01016984,Brighton and Hove 007D,722,30,34,53,48,26,16,16,48,46,70,64,50,54,51,38,34,17,19,8,F,2011
E01016985,Brighton and Hove 007E,790,48,51,51,61,38,38,43,53,71,79,62,42,44,20,26,23,14,17,9,F,2011
E01016900,Brighton and Hove 008A,816,47,55,31,72,133,52,64,53,49,51,34,33,22,24,35,23,16,16,6,F,2011
E01016902,Brighton and Hove 008B,768,52,47,57,60,63,42,54,54,47,56,40,40,41,36,31,32,10,4,2,F,2011
E01016904,Brighton and Hove 008C,799,63,51,40,40,105,60,57,51,58,73,48,43,26,15,16,14,20,10,9,F,2011
E01016905,Brighton and Hove 008D,853,43,38,35,56,151,61,63,45,53,57,38,44,39,19,24,29,31,16,11,F,2011
E01016909,Brighton and Hove 008E,919,34,31,35,103,241,66,36,44,62,52,41,30,26,25,29,32,19,11,2,F,2011
E01016906,Brighton and Hove 009A,836,49,49,49,82,78,56,51,51,68,80,57,35,35,31,18,21,11,9,6,F,2011
E01016907,Brighton and Hove 009B,900,24,32,45,106,258,45,40,30,43,48,44,37,39,27,25,24,20,8,5,F,2011
E01016908,Brighton and Hove 009C,790,67,61,65,60,64,67,65,57,50,56,33,36,32,19,29,13,7,5,4,F,2011
E01016910,Brighton and Hove 009D,780,42,41,58,93,116,38,35,53,64,66,44,33,24,17,11,12,13,4,16,F,2011
E01016911,Brighton and Hove 009E,783,32,33,53,80,110,35,31,41,68,44,49,31,35,37,32,16,22,22,12,F,2011
E01016901,Brighton and Hove 010A,889,49,64,73,66,106,31,40,66,82,98,56,41,31,26,21,21,8,7,3,F,2011
E01016903,Brighton and Hove 010B,990,44,64,55,103,190,56,46,73,76,108,46,37,30,21,15,15,3,3,5,F,2011
E01016934,Brighton and Hove 010C,719,46,55,49,48,48,28,31,48,71,98,52,42,40,25,5,6,11,11,5,F,2011
E01016939,Brighton and Hove 010D,855,64,74,70,50,38,26,45,84,87,83,65,51,30,25,15,16,18,11,3,F,2011
E01016940,Brighton and Hove 010E,884,54,68,68,50,64,42,54,77,100,90,80,39,30,13,7,8,11,12,17,F,2011
E01016981,Brighton and Hove 011A,841,36,56,53,52,39,29,21,39,71,65,71,49,59,44,36,42,36,28,15,F,2011
E01017002,Brighton and Hove 011B,865,62,28,43,42,49,75,69,69,50,58,45,45,49,37,32,29,41,16,26,F,2011
E01017004,Brighton and Hove 011C,833,52,47,50,50,53,63,69,67,61,72,51,39,37,25,26,23,17,12,19,F,2011
E01017005,Brighton and Hove 011D,866,63,65,50,46,36,52,78,85,95,78,60,42,38,18,15,10,12,12,11,F,2011
E01017006,Brighton and Hove 011E,760,39,33,43,34,39,59,64,77,81,73,57,44,36,23,16,16,17,2,7,F,2011
E01016921,Brighton and Hove 012A,829,57,54,57,56,45,60,58,52,69,86,58,40,35,32,27,20,15,3,5,F,2011
E01016922,Brighton and Hove 012B,666,38,43,31,39,37,45,45,55,59,59,42,28,40,25,33,22,15,8,2,F,2011
E01016973,Brighton and Hove 012C,786,41,56,49,51,38,30,42,68,70,57,48,40,45,32,33,30,38,8,10,F,2011
E01016977,Brighton and Hove 012D,787,34,48,57,67,38,38,37,57,72,70,70,32,41,48,22,21,18,14,3,F,2011
E01016978,Brighton and Hove 012E,818,52,53,53,39,47,48,60,89,81,53,43,41,32,27,28,26,23,14,9,F,2011
E01016879,Brighton and Hove 013A,800,52,43,60,56,45,31,26,64,63,69,68,48,54,25,26,28,21,10,11,F,2011
E01016880,Brighton and Hove 013B,707,42,64,59,59,37,50,50,41,59,55,57,31,25,20,19,15,17,6,1,F,2011
E01016881,Brighton and Hove 013C,768,43,55,51,43,42,44,46,61,57,58,60,40,39,25,27,30,21,15,11,F,2011
E01016887,Brighton and Hove 013D,753,37,29,47,46,35,26,47,43,46,70,52,46,49,36,49,32,30,26,7,F,2011
E01016888,Brighton and Hove 013E,784,36,43,58,39,27,31,28,43,66,73,62,39,54,33,37,36,36,30,13,F,2011
E01016976,Brighton and Hove 013F,832,37,51,50,55,43,40,38,47,71,70,71,48,57,53,32,29,16,12,12,F,2011
E01016932,Brighton and Hove 014A,809,51,55,67,35,61,40,56,72,66,84,56,55,33,28,16,11,10,6,7,F,2011
E01016933,Brighton and Hove 014B,782,36,45,49,30,36,57,74,54,59,67,47,55,31,23,18,25,29,27,20,F,2011
E01016935,Brighton and Hove 014C,808,48,38,30,35,39,70,84,68,69,52,38,29,32,32,31,35,27,36,15,F,2011
E01016936,Brighton and Hove 014D,800,61,46,38,40,90,76,74,78,57,81,48,41,30,15,13,1,10,1,0,F,2011
E01016937,Brighton and Hove 014E,938,47,27,27,28,130,175,150,106,70,53,15,32,25,19,16,5,6,6,1,F,2011
E01016890,Brighton and Hove 015A,840,38,16,18,27,294,121,84,53,52,46,25,21,11,8,10,6,7,2,1,F,2011
E01016966,Brighton and Hove 015B,880,43,26,25,37,304,103,60,60,40,42,26,20,19,13,14,19,17,9,3,F,2011
E01016970,Brighton and Hove 015C,856,58,44,34,35,146,89,69,77,61,51,44,42,35,25,11,13,11,8,3,F,2011
E01016971,Brighton and Hove 015D,959,29,29,27,69,427,72,71,46,57,42,27,23,18,7,5,1,1,4,4,F,2011
E01016972,Brighton and Hove 015E,972,56,29,35,47,208,110,82,86,75,81,50,22,32,18,14,9,7,9,2,F,2011
E01016979,Brighton and Hove 016A,844,65,51,57,56,37,30,50,72,96,85,64,46,38,25,26,17,11,10,8,F,2011
E01016990,Brighton and Hove 016B,839,74,58,42,35,31,61,83,115,85,68,46,33,31,22,12,21,10,5,7,F,2011
E01016991,Brighton and Hove 016C,931,78,52,45,24,55,93,97,121,87,72,60,37,24,22,13,14,10,17,10,F,2011
E01016996,Brighton and Hove 016D,874,72,69,47,31,49,53,85,102,105,66,38,30,34,25,16,21,14,14,3,F,2011
E01017007,Brighton and Hove 017A,852,50,62,61,62,47,51,55,53,57,53,51,48,50,42,29,17,36,21,7,F,2011
E01017008,Brighton and Hove 017B,838,35,45,45,40,45,34,26,41,55,82,56,57,67,52,47,52,36,13,10,F,2011
E01017009,Brighton and Hove 017C,801,41,44,53,34,36,31,40,43,62,60,66,50,58,64,35,34,25,14,11,F,2011
E01017010,Brighton and Hove 017D,924,64,43,58,61,49,33,35,51,72,80,59,66,54,62,43,37,32,16,9,F,2011
E01017011,Brighton and Hove 017E,750,49,44,57,60,38,39,36,64,63,67,40,43,27,37,27,23,24,10,2,F,2011
E01017012,Brighton and Hove 017F,906,57,46,59,50,49,41,52,58,74,71,57,53,64,48,36,39,31,13,8,F,2011
E01016892,Brighton and Hove 018A,934,64,56,40,64,198,66,76,72,77,52,40,33,32,13,17,15,6,9,4,F,2011
E01016893,Brighton and Hove 018B,952,62,48,33,37,161,64,85,91,96,82,51,39,28,22,24,14,2,8,5,F,2011
E01016912,Brighton and Hove 018C,953,38,31,22,64,321,80,79,72,65,48,28,19,26,21,10,10,13,3,3,F,2011
E01016913,Brighton and Hove 018D,882,24,22,29,90,321,55,54,38,55,40,35,29,17,18,23,14,9,5,4,F,2011
E01016946,Brighton and Hove 018E,716,54,43,49,27,36,36,50,62,64,77,42,44,35,25,26,19,11,11,5,F,2011
E01016860,Brighton and Hove 019A,749,53,34,32,21,45,107,109,76,69,46,28,26,34,22,11,17,10,6,3,F,2011
E01016871,Brighton and Hove 019B,872,38,32,15,21,55,137,131,76,46,38,35,31,37,30,30,37,31,35,17,F,2011
E01016872,Brighton and Hove 019C,859,58,25,18,25,58,124,134,91,93,68,50,29,22,16,13,18,8,7,2,F,2011
E01016873,Brighton and Hove 019D,811,51,24,14,13,72,111,113,90,59,59,30,34,30,24,28,14,18,21,6,F,2011
E01016878,Brighton and Hove 019E,945,58,48,31,35,46,94,98,70,84,68,47,39,40,33,23,34,36,35,26,F,2011
E01016870,Brighton and Hove 020A,785,57,41,43,31,42,70,85,62,57,81,60,42,27,12,15,16,15,17,12,F,2011
E01016874,Brighton and Hove 020B,924,77,28,17,20,40,117,124,82,41,49,35,34,40,40,23,41,56,29,31,F,2011
E01016875,Brighton and Hove 020C,807,59,41,51,52,43,65,61,75,88,80,52,19,36,22,14,9,15,14,11,F,2011
E01016876,Brighton and Hove 020D,852,52,38,23,26,59,108,109,81,77,36,45,39,30,14,16,21,18,31,29,F,2011
E01016877,Brighton and Hove 020E,938,56,41,37,32,53,94,96,90,66,79,42,40,41,46,28,22,18,31,26,F,2011
E01016974,Brighton and Hove 021A,850,70,43,37,48,47,52,78,80,77,85,47,41,27,30,28,29,19,9,3,F,2011
E01016975,Brighton and Hove 021B,813,63,55,45,50,52,41,50,65,86,76,62,37,39,33,21,19,9,7,3,F,2011
E01016992,Brighton and Hove 021C,833,60,44,46,40,32,40,33,74,76,81,52,42,37,32,33,30,26,31,24,F,2011
E01016994,Brighton and Hove 021D,862,69,64,37,31,53,65,79,86,89,74,47,50,33,19,25,16,15,7,3,F,2011
E01016997,Brighton and Hove 021E,839,52,55,60,41,37,36,51,55,87,95,54,44,39,31,23,23,23,17,16,F,2011
E01016889,Brighton and Hove 022A,899,50,35,24,32,260,89,64,79,71,44,35,23,18,8,19,18,10,15,5,F,2011
E01016891,Brighton and Hove 022B,833,48,24,19,42,217,80,66,59,62,58,40,26,24,20,12,10,12,10,4,F,2011
E01016894,Brighton and Hove 022C,944,30,21,32,90,254,104,81,71,68,48,37,28,20,18,16,11,10,4,1,F,2011
E01016896,Brighton and Hove 022D,862,52,44,34,32,195,94,81,78,71,53,47,32,15,14,5,4,5,5,1,F,2011
E01016897,Brighton and Hove 022E,898,66,42,37,31,147,72,88,92,71,62,38,43,30,24,18,13,10,13,1,F,2011
E01016987,Brighton and Hove 023A,948,50,59,53,28,43,73,66,85,95,64,54,35,32,32,26,30,46,29,48,F,2011
E01016989,Brighton and Hove 023B,844,42,38,31,42,48,41,50,64,59,82,68,53,37,38,25,33,38,33,22,F,2011
E01016993,Brighton and Hove 023C,746,46,26,23,23,41,58,41,38,57,43,64,38,42,35,48,34,42,30,17,F,2011
E01016995,Brighton and Hove 023D,905,69,52,58,58,27,27,52,70,88,74,59,53,43,36,34,26,19,35,25,F,2011
E01016938,Brighton and Hove 024A,801,46,25,18,20,73,126,123,97,75,47,32,33,25,13,10,16,13,6,3,F,2011
E01016950,Brighton and Hove 024B,833,37,20,14,9,77,151,118,91,77,47,29,16,31,19,22,31,20,12,12,F,2011
E01016951,Brighton and Hove 024C,681,28,16,21,15,93,84,88,67,49,47,32,23,36,25,16,13,12,10,6,F,2011
E01016967,Brighton and Hove 024D,876,32,18,14,29,117,138,146,108,63,67,43,35,26,14,6,6,7,6,1,F,2011
E01016968,Brighton and Hove 024E,735,26,16,18,16,106,122,124,96,68,48,30,20,19,3,8,9,4,2,0,F,2011
E01016864,Brighton and Hove 025A,751,38,37,49,59,42,46,38,56,43,52,46,38,46,39,33,40,33,13,3,F,2011
E01016865,Brighton and Hove 025B,825,72,68,70,73,60,66,55,57,64,61,44,41,31,22,16,16,7,2,0,F,2011
E01016866,Brighton and Hove 025C,780,59,58,74,64,49,53,47,51,62,66,51,34,31,33,16,16,6,9,1,F,2011
E01016867,Brighton and Hove 025D,756,51,55,38,32,48,75,58,62,63,67,44,37,38,24,23,12,10,17,2,F,2011
E01016868,Brighton and Hove 025E,776,54,68,53,46,55,58,57,53,59,53,44,46,37,30,22,22,9,8,2,F,2011
E01016895,Brighton and Hove 025F,822,49,60,63,83,56,47,36,57,64,74,51,44,30,41,23,24,13,6,1,F,2011
E01016849,Brighton and Hove 026A,695,31,25,16,12,55,96,105,73,61,55,29,29,21,31,18,11,13,10,4,F,2011
E01016852,Brighton and Hove 026B,713,28,20,10,7,102,141,121,70,54,62,23,18,16,10,6,8,5,8,4,F,2011
E01016853,Brighton and Hove 026C,886,42,24,12,24,72,143,125,108,65,78,44,29,38,16,11,16,16,14,9,F,2011
E01016855,Brighton and Hove 026D,771,40,16,15,17,46,121,127,100,79,56,34,23,30,19,11,10,10,9,8,F,2011
E01016856,Brighton and Hove 026E,788,36,13,16,13,58,118,111,73,43,41,39,22,28,30,18,22,46,34,27,F,2011
E01016952,Brighton and Hove 027A,699,26,21,5,30,207,147,72,48,35,22,20,12,20,13,6,7,5,1,2,F,2011
E01016953,Brighton and Hove 027B,743,32,19,18,13,108,118,91,61,56,39,44,37,28,16,14,21,12,7,9,F,2011
E01016964,Brighton and Hove 027C,1019,42,17,19,54,357,115,83,71,46,39,39,25,27,18,17,15,15,12,8,F,2011
E01016969,Brighton and Hove 027E,871,40,22,25,50,181,114,115,63,48,43,19,27,24,33,19,12,12,15,9,F,2011
E01033328,Brighton and Hove 027F,682,27,21,16,21,144,99,74,53,59,40,27,20,19,22,9,14,13,2,2,F,2011
E01033329,Brighton and Hove 027G,948,43,39,24,170,194,120,84,85,58,36,15,33,21,8,9,5,0,3,1,F,2011
E01016857,Brighton and Hove 028A,740,32,23,18,31,51,94,106,64,47,48,28,30,28,20,23,25,22,27,23,F,2011
E01016858,Brighton and Hove 028B,687,35,12,12,12,39,98,113,89,63,46,27,24,27,33,23,15,6,11,2,F,2011
E01016859,Brighton and Hove 028C,719,30,3,15,8,34,59,74,69,34,46,42,37,46,40,30,41,47,31,33,F,2011
E01016986,Brighton and Hove 028D,865,50,32,16,18,41,79,82,62,57,65,52,46,37,41,35,26,40,37,49,F,2011
E01016988,Brighton and Hove 028E,817,54,45,29,27,35,49,82,64,70,61,34,32,39,22,25,28,36,58,27,F,2011
E01016850,Brighton and Hove 029A,793,36,26,15,18,115,154,101,85,56,44,30,32,28,22,9,7,9,5,1,F,2011
E01016851,Brighton and Hove 029B,771,38,15,9,15,74,125,139,98,63,74,32,22,15,13,12,12,9,4,2,F,2011
E01016854,Brighton and Hove 029C,769,29,28,19,24,73,112,136,96,78,55,33,19,22,13,12,10,6,2,2,F,2011
E01016954,Brighton and Hove 029D,824,30,16,8,32,146,117,111,96,69,57,40,33,23,13,13,5,7,4,4,F,2011
E01016955,Brighton and Hove 029E,719,27,12,9,13,131,142,101,65,50,29,26,25,24,18,12,15,12,6,2,F,2011
E01016941,Brighton and Hove 030A,813,27,14,9,32,176,121,81,49,42,47,44,33,23,20,30,16,23,17,9,F,2011
E01016945,Brighton and Hove 030B,660,15,9,6,22,153,126,95,50,50,32,29,19,17,11,7,9,3,3,4,F,2011
E01016947,Brighton and Hove 030C,760,41,20,23,33,86,89,74,57,51,58,48,39,40,31,24,15,16,11,4,F,2011
E01016948,Brighton and Hove 030D,891,55,66,54,36,116,82,92,79,77,67,38,27,37,22,16,8,10,9,0,F,2011
E01016949,Brighton and Hove 030E,824,29,30,23,24,153,69,70,52,54,52,47,34,33,29,20,31,30,25,19,F,2011
E01016861,Brighton and Hove 031A,717,24,25,17,19,62,85,91,88,71,47,41,38,30,24,22,11,7,6,9,F,2011
E01016862,Brighton and Hove 031B,723,25,15,25,33,99,74,79,56,40,57,41,21,33,31,18,21,17,17,21,F,2011
E01016942,Brighton and Hove 031C,854,21,10,34,91,34,26,34,27,30,30,26,32,55,55,68,72,85,76,48,F,2011
E01016943,Brighton and Hove 031D,789,58,47,35,27,74,71,84,85,79,64,41,42,28,11,16,10,5,6,6,F,2011
E01016944,Brighton and Hove 031E,714,20,28,8,15,86,101,102,72,62,52,29,15,24,19,14,8,18,20,21,F,2011
E01016863,Brighton and Hove 032A,766,45,27,21,25,66,69,58,61,48,58,54,37,38,39,35,24,27,20,14,F,2011
E01016869,Brighton and Hove 032B,875,47,37,35,45,73,79,76,67,64,76,44,50,58,31,31,21,22,10,9,F,2011
E01016957,Brighton and Hove 032C,889,23,16,43,213,74,74,53,32,38,44,37,59,48,29,34,18,19,20,15,F,2011
E01016963,Brighton and Hove 032D,887,65,27,28,22,73,110,76,68,80,63,62,42,40,39,22,30,23,10,7,F,2011
E01016956,Brighton and Hove 033A,808,29,33,49,44,23,30,40,45,73,57,57,54,61,49,44,52,38,17,13,F,2011
E01016958,Brighton and Hove 033B,914,38,40,36,43,38,34,38,52,61,67,52,62,66,79,52,56,47,37,16,F,2011
E01016959,Brighton and Hove 033C,759,19,35,36,36,18,30,12,36,61,61,54,45,77,58,43,29,41,32,36,F,2011
E01016960,Brighton and Hove 033D,932,35,54,41,33,31,25,46,45,61,76,57,63,78,69,65,50,41,30,32,F,2011
E01016961,Brighton and Hove 033E,880,37,48,30,46,48,56,32,76,71,52,67,67,47,56,27,38,36,21,25,F,2011
E01016962,Brighton and Hove 033F,890,37,31,43,53,41,23,27,52,57,89,68,69,63,56,56,45,37,33,10,F,2011
E06000046,,70929,3114,3173,3807,3979,3223,3241,3075,3725,4961,5084,4736,4790,5583,5138,3757,3288,2798,2092,1365,F,2011
E01017300,Isle of Wight 001A,1171,62,39,38,45,36,75,59,57,88,80,64,89,69,88,74,70,53,41,44,F,2011
E01017303,Isle of Wight 001B,618,43,32,28,30,29,40,39,61,50,57,47,29,26,33,18,24,9,14,9,F,2011
E01017305,Isle of Wight 001C,703,53,38,28,41,46,59,53,44,56,46,45,41,38,23,12,25,14,25,16,F,2011
E01017306,Isle of Wight 001D,716,40,36,51,55,46,54,51,51,65,59,45,39,36,36,16,13,13,4,6,F,2011
E01017309,Isle of Wight 001E,841,57,56,51,59,46,67,60,58,70,67,53,33,50,44,27,11,18,9,5,F,2011
E01017301,Isle of Wight 002A,563,18,22,30,15,16,8,15,29,30,40,34,35,53,64,37,37,28,28,24,F,2011
E01017302,Isle of Wight 002B,882,62,60,48,47,32,37,60,73,63,63,52,51,65,43,38,32,22,20,14,F,2011
E01017304,Isle of Wight 002C,731,36,47,66,41,32,35,45,62,61,55,63,44,44,28,26,27,12,3,4,F,2011
E01017316,Isle of Wight 002D,873,36,31,55,43,16,22,21,43,66,65,75,61,89,81,41,45,44,24,15,F,2011
E01017329,Isle of Wight 002E,1181,39,46,67,62,34,33,46,60,109,81,83,98,89,102,83,56,51,28,14,F,2011
E01017307,Isle of Wight 003A,1008,36,38,56,39,31,43,41,44,55,52,79,80,104,109,59,50,42,34,16,F,2011
E01017308,Isle of Wight 003B,930,43,47,54,63,42,48,44,54,80,64,52,64,72,54,28,36,28,32,25,F,2011
E01033229,Isle of Wight 003D,719,35,27,32,27,28,44,21,30,44,46,56,54,74,64,55,17,36,16,13,F,2011
E01033237,Isle of Wight 003E,713,40,48,39,48,42,43,37,56,51,43,36,39,42,35,24,23,23,20,24,F,2011
E01017335,Isle of Wight 004A,764,33,28,47,44,41,53,43,46,57,65,51,57,42,41,35,26,26,20,9,F,2011
E01017336,Isle of Wight 004B,792,41,24,24,63,86,67,48,50,54,61,40,29,53,30,27,36,19,18,22,F,2011
E01017337,Isle of Wight 004C,812,32,33,41,53,58,56,31,59,58,73,54,45,51,40,32,35,21,21,19,F,2011
E01017346,Isle of Wight 004D,786,36,33,47,39,53,53,44,56,64,66,44,51,50,42,27,26,31,18,6,F,2011
E01017286,Isle of Wight 005A,778,22,27,34,34,20,12,22,25,46,44,66,62,91,81,72,47,30,24,19,F,2011
E01017287,Isle of Wight 005B,880,41,46,38,45,27,30,39,41,71,58,75,59,71,76,49,42,38,24,10,F,2011
E01017367,Isle of Wight 005C,1013,36,30,58,48,36,33,23,38,54,63,66,76,91,104,77,71,59,34,16,F,2011
E01017368,Isle of Wight 005D,832,39,54,39,49,21,44,42,44,55,57,57,47,62,54,50,32,41,29,16,F,2011
E01017282,Isle of Wight 006A,727,38,43,31,37,33,39,36,48,57,66,48,52,49,61,26,29,18,11,5,F,2011
E01017283,Isle of Wight 006B,812,34,36,49,50,17,30,36,27,51,83,66,60,55,58,37,36,29,34,24,F,2011
E01017338,Isle of Wight 006C,726,22,27,32,39,27,31,18,29,52,53,53,42,65,62,39,45,40,33,17,F,2011
E01017341,Isle of Wight 006D,835,45,48,53,52,37,41,44,50,57,56,41,54,52,57,40,29,38,27,14,F,2011
E01017342,Isle of Wight 006E,911,50,45,65,67,43,40,45,67,72,80,56,54,63,45,46,24,22,15,12,F,2011
E01017339,Isle of Wight 007A,872,43,44,63,78,37,42,49,59,73,85,55,44,49,40,35,31,20,15,10,F,2011
E01017340,Isle of Wight 007B,979,92,56,60,55,66,60,70,79,73,62,57,48,40,35,35,34,20,23,14,F,2011
E01017343,Isle of Wight 007C,653,22,44,33,44,31,39,37,45,59,50,36,31,39,43,25,19,23,17,16,F,2011
E01017344,Isle of Wight 007D,836,26,29,36,39,26,22,35,39,68,60,54,57,70,59,58,57,45,27,29,F,2011
E01017345,Isle of Wight 007E,1048,72,110,82,79,91,81,67,67,96,68,50,36,50,30,26,19,10,8,6,F,2011
E01017310,Isle of Wight 008A,731,12,29,39,46,31,16,22,21,55,60,47,49,51,42,41,48,55,39,28,F,2011
E01017311,Isle of Wight 008B,790,43,36,33,44,50,50,47,33,52,53,64,58,55,55,46,32,19,19,1,F,2011
E01017331,Isle of Wight 008C,758,40,36,44,33,47,58,43,33,45,51,44,36,52,53,40,38,28,19,18,F,2011
E01017332,Isle of Wight 008D,664,42,33,54,42,36,31,39,34,64,49,41,41,39,33,31,22,18,11,4,F,2011
E01017334,Isle of Wight 008E,633,32,41,27,49,33,45,34,54,56,36,43,40,47,35,27,15,8,5,6,F,2011
E01017295,Isle of Wight 009A,670,45,28,43,45,43,54,46,41,59,54,38,34,38,41,26,16,9,6,4,F,2011
E01017325,Isle of Wight 009B,680,43,36,37,31,42,55,37,45,46,48,36,41,39,39,25,18,30,13,19,F,2011
E01017326,Isle of Wight 009C,798,41,34,40,46,75,76,56,42,49,39,45,33,37,28,31,44,40,26,16,F,2011
E01017328,Isle of Wight 009D,739,61,43,38,29,79,69,54,52,54,48,32,31,39,26,28,21,21,6,8,F,2011
E01017333,Isle of Wight 009E,914,64,48,80,76,45,62,45,67,79,97,57,49,44,34,23,22,15,4,3,F,2011
E01017284,Isle of Wight 010A,956,30,25,47,40,31,26,28,36,55,64,51,58,75,89,71,66,63,55,46,F,2011
E01017285,Isle of Wight 010B,1036,25,27,46,40,24,17,25,29,55,65,68,67,112,98,91,72,70,62,43,F,2011
E01017288,Isle of Wight 010C,651,17,32,31,33,21,13,21,36,33,36,58,59,53,59,40,50,27,24,8,F,2011
E01017351,Isle of Wight 010D,732,24,34,35,36,18,23,21,30,47,44,38,56,86,78,43,41,32,31,15,F,2011
E01017352,Isle of Wight 010E,609,9,15,27,18,9,10,7,16,26,32,43,46,78,75,49,49,35,40,25,F,2011
E01017292,Isle of Wight 011A,831,58,49,43,49,46,74,44,42,69,61,44,54,44,51,32,32,15,16,8,F,2011
E01017293,Isle of Wight 011B,1042,71,75,62,83,43,54,70,66,83,86,64,57,55,56,38,29,24,18,8,F,2011
E01017296,Isle of Wight 011C,673,24,19,34,43,28,16,25,28,43,51,45,54,71,66,35,26,21,22,22,F,2011
E01017321,Isle of Wight 011D,631,15,23,31,38,27,19,24,19,53,53,39,37,63,51,43,30,26,22,18,F,2011
E01017322,Isle of Wight 011E,782,45,46,60,58,66,47,38,49,67,61,45,43,35,33,23,29,20,13,4,F,2011
E01017327,Isle of Wight 011F,851,52,35,63,52,49,56,47,56,57,58,46,56,61,49,37,19,25,24,9,F,2011
E01017312,Isle of Wight 012A,826,38,32,41,38,54,28,30,55,51,48,37,59,68,60,50,43,45,33,16,F,2011
E01017315,Isle of Wight 012D,789,31,37,51,48,30,27,23,31,51,55,46,53,64,53,65,36,37,36,15,F,2011
E01017354,Isle of Wight 012E,616,22,28,24,25,20,12,19,26,46,25,34,45,68,55,46,34,41,24,22,F,2011
E01017361,Isle of Wight 012F,758,17,16,20,29,19,21,22,26,40,30,39,60,76,63,65,63,54,45,53,F,2011
E01017362,Isle of Wight 012G,776,31,31,47,46,38,36,26,35,41,56,55,55,74,62,40,25,35,23,20,F,2011
E01033239,Isle of Wight 012H,1229,21,28,53,42,26,23,26,41,47,80,85,102,152,146,105,99,64,52,37,F,2011
E01017290,Isle of Wight 013A,676,23,18,26,35,18,20,12,26,43,52,66,61,82,62,37,28,26,24,17,F,2011
E01017291,Isle of Wight 013B,626,17,26,16,21,17,11,12,23,37,31,51,39,65,68,48,45,46,31,22,F,2011
E01017294,Isle of Wight 013C,804,30,35,37,59,41,32,45,52,48,66,59,61,55,53,37,37,29,21,7,F,2011
E01017353,Isle of Wight 013D,620,15,20,30,18,15,15,20,21,45,52,50,72,78,67,35,29,15,13,10,F,2011
E01017289,Isle of Wight 014A,1074,29,50,51,62,56,31,34,65,68,80,82,102,89,74,65,53,47,25,11,F,2011
E01017347,Isle of Wight 014B,850,37,39,48,56,36,38,36,50,52,65,56,59,66,64,43,40,34,22,9,F,2011
E01017348,Isle of Wight 014C,765,26,29,44,51,38,34,28,34,61,52,50,48,47,41,32,40,35,38,37,F,2011
E01017349,Isle of Wight 014D,1107,58,43,72,71,69,59,62,60,75,88,75,70,80,67,34,40,47,22,15,F,2011
E01017350,Isle of Wight 014E,982,58,59,73,59,54,61,63,53,81,73,64,51,61,53,44,32,25,10,8,F,2011
E01017317,Isle of Wight 015A,797,33,40,43,48,31,34,29,40,60,60,58,53,66,57,39,36,28,31,11,F,2011
E01017320,Isle of Wight 015B,598,7,20,16,35,15,8,13,18,45,30,33,43,53,75,43,46,52,37,9,F,2011
E01017323,Isle of Wight 015C,581,12,24,29,23,16,10,17,24,37,41,40,54,83,59,41,24,31,13,3,F,2011
E01017324,Isle of Wight 015D,736,20,30,38,45,30,21,18,48,47,61,69,74,62,62,39,26,26,13,7,F,2011
E01017355,Isle of Wight 015E,790,44,32,37,46,28,31,31,36,51,57,70,60,63,52,45,50,28,21,8,F,2011
E01017358,Isle of Wight 015F,698,12,29,36,32,17,19,16,23,42,50,55,42,67,69,61,36,41,39,12,F,2011
E01017318,Isle of Wight 016A,627,32,23,43,58,31,28,18,43,44,57,48,46,32,41,38,18,14,9,4,F,2011
E01017319,Isle of Wight 016B,702,13,22,31,34,26,20,15,22,35,48,46,32,63,59,67,56,57,40,16,F,2011
E01017356,Isle of Wight 016C,801,35,35,39,60,49,38,34,36,63,53,58,58,45,40,36,29,40,25,28,F,2011
E01017357,Isle of Wight 016D,775,37,33,44,46,33,35,23,41,59,51,56,53,52,52,40,41,36,23,20,F,2011
E01017359,Isle of Wight 016E,741,12,19,27,39,35,25,29,29,40,59,56,59,67,65,48,44,41,27,20,F,2011
E01017360,Isle of Wight 016F,853,50,36,33,38,57,58,28,42,50,53,61,68,77,62,29,40,34,30,7,F,2011
E01017297,Isle of Wight 017A,747,22,41,57,40,19,21,26,41,51,68,56,54,70,62,46,33,22,10,8,F,2011
E01017298,Isle of Wight 017B,773,23,40,33,31,13,19,20,35,49,51,59,56,83,73,47,60,37,34,10,F,2011
E01017299,Isle of Wight 017C,611,24,22,27,37,26,21,20,32,38,46,45,63,66,54,28,28,17,12,5,F,2011
E01017369,Isle of Wight 017D,741,29,36,41,34,29,19,28,47,50,50,49,60,75,63,42,40,28,14,7,F,2011
E01017363,Isle of Wight 018A,778,39,18,41,48,52,37,39,32,44,60,55,56,75,50,25,35,25,22,25,F,2011
E01017364,Isle of Wight 018B,769,23,30,49,33,29,18,27,34,65,57,50,60,52,73,49,41,39,29,11,F,2011
E01017365,Isle of Wight 018C,752,13,14,16,20,12,11,16,16,40,42,48,67,94,103,51,62,46,44,37,F,2011
E01017366,Isle of Wight 018D,777,41,38,60,60,37,39,42,31,51,56,69,60,56,49,29,31,14,8,6,F,2011
E01017370,Isle of Wight 018E,908,23,32,45,51,38,29,34,37,62,67,65,75,89,77,74,45,38,21,6,F,2011
E06000035,,133517,8465,7996,8078,9148,9449,8733,8716,8631,9925,9900,8787,7272,7836,6002,4710,3884,2925,1928,1132,F,2011
E01016070,Medway 001A,840,38,36,51,49,41,35,40,48,54,57,61,68,76,58,46,28,31,8,15,F,2011
E01016071,Medway 001B,843,51,52,75,62,54,39,54,46,63,76,56,48,64,34,33,15,11,6,4,F,2011
E01016072,Medway 001C,661,35,42,42,50,36,28,33,33,57,58,48,50,39,30,31,22,10,11,6,F,2011
E01016074,Medway 001D,870,33,37,34,34,33,27,35,41,48,53,56,70,90,99,56,52,29,28,15,F,2011
E01016142,Medway 002A,609,36,30,34,40,24,23,40,43,62,67,42,41,41,40,22,10,6,6,2,F,2011
E01016144,Medway 002B,735,27,49,39,48,32,21,35,44,60,64,51,60,74,49,32,18,16,11,5,F,2011
E01016145,Medway 002C,680,32,66,49,50,30,29,51,60,53,56,50,35,60,23,15,11,4,3,3,F,2011
E01016149,Medway 002D,722,46,52,50,44,31,30,45,39,62,68,48,45,49,37,25,18,12,17,4,F,2011
E01016073,Medway 003A,1046,47,69,65,87,36,41,47,50,85,103,80,78,76,64,45,28,26,11,8,F,2011
E01016075,Medway 003B,743,26,44,45,41,37,34,39,44,59,48,58,53,60,57,44,30,15,6,3,F,2011
E01016076,Medway 003C,1234,85,69,90,87,60,84,88,84,88,97,86,54,81,73,49,25,18,11,5,F,2011
E01016077,Medway 003D,785,50,37,40,59,34,41,34,50,58,71,46,35,59,30,39,35,30,25,12,F,2011
E01016143,Medway 003E,1207,107,75,75,75,64,97,104,107,110,93,73,48,64,34,20,30,17,11,3,F,2011
E01016146,Medway 004A,1041,63,54,61,67,53,65,51,63,87,74,81,53,52,49,49,43,37,25,14,F,2011
E01016147,Medway 004B,987,51,49,55,61,55,51,54,60,70,68,71,50,68,57,42,56,36,19,14,F,2011
E01016148,Medway 004C,977,46,60,67,56,40,34,61,84,91,78,66,66,73,48,44,31,16,11,5,F,2011
E01016133,Medway 005A,693,24,28,40,55,29,23,19,36,50,68,44,51,68,44,39,38,15,16,6,F,2011
E01016134,Medway 005B,728,33,50,55,52,33,33,43,36,71,81,54,51,39,39,26,16,7,8,1,F,2011
E01016138,Medway 005C,795,39,38,45,52,42,44,36,43,51,44,65,49,76,53,41,43,13,11,10,F,2011
E01016139,Medway 005D,862,51,47,66,62,44,49,41,65,71,82,59,39,57,35,22,29,23,14,6,F,2011
E01016135,Medway 006A,806,39,47,53,53,46,54,61,52,70,59,58,39,38,32,30,26,26,16,7,F,2011
E01016136,Medway 006B,796,54,64,56,62,47,60,62,57,62,50,45,31,30,30,26,20,14,7,19,F,2011
E01016137,Medway 006C,788,63,50,49,59,59,74,84,52,55,56,48,39,21,22,20,13,12,8,4,F,2011
E01016140,Medway 006D,687,38,39,39,34,69,44,55,53,61,57,48,35,32,21,19,17,6,8,12,F,2011
E01016141,Medway 006E,838,63,61,52,52,65,87,71,74,52,63,33,35,32,33,17,23,10,9,6,F,2011
E01016035,Medway 007A,949,91,66,59,81,138,76,72,60,62,60,55,23,43,19,20,11,4,7,2,F,2011
E01016112,Medway 007D,1378,116,115,65,63,95,109,138,164,135,113,62,55,57,42,25,15,5,4,0,F,2011
E01032798,Medway 007E,1441,115,78,75,106,221,148,126,93,84,83,61,53,56,40,37,23,17,16,9,F,2011
E01016151,Medway 008A,846,59,48,45,58,50,50,58,56,70,66,58,38,46,47,32,23,19,13,10,F,2011
E01016152,Medway 008B,742,39,38,45,59,53,35,41,35,48,60,54,44,40,47,42,28,19,11,4,F,2011
E01016153,Medway 008C,762,63,53,36,45,61,66,39,45,45,48,47,41,49,28,27,25,22,16,6,F,2011
E01016155,Medway 008D,812,49,47,51,54,49,47,47,40,56,60,52,51,58,41,39,26,24,13,8,F,2011
E01016033,Medway 009A,585,47,33,46,54,53,43,31,26,48,30,35,26,26,27,25,17,9,6,3,F,2011
E01016036,Medway 009B,1208,72,55,38,299,254,83,56,47,55,48,41,32,40,14,29,24,9,7,5,F,2011
E01016037,Medway 009C,875,67,53,61,86,138,72,63,50,59,55,54,35,24,15,14,11,9,5,4,F,2011
E01016039,Medway 009D,807,76,45,48,72,96,74,56,52,58,55,39,34,29,17,18,21,14,2,1,F,2011
E01016030,Medway 010A,988,107,57,71,56,86,93,70,72,67,62,57,43,38,25,28,5,23,18,10,F,2011
E01016032,Medway 010B,688,53,57,62,59,41,50,54,43,71,66,40,22,17,15,19,8,6,5,0,F,2011
E01016034,Medway 010C,1241,95,83,69,85,93,119,96,80,107,117,76,48,42,38,37,20,20,10,6,F,2011
E01016038,Medway 010D,747,47,53,62,52,47,52,56,39,57,55,47,41,44,26,19,18,17,7,8,F,2011
E01016150,Medway 011A,827,72,61,56,62,62,62,63,64,49,65,55,46,33,26,15,17,11,7,1,F,2011
E01016154,Medway 011B,808,56,44,54,62,75,58,62,47,73,58,54,44,36,24,29,12,11,5,4,F,2011
E01016156,Medway 011C,859,74,60,47,58,58,93,86,76,55,67,51,32,32,33,19,10,5,2,1,F,2011
E01016157,Medway 011D,1031,71,76,60,77,80,88,87,65,79,60,63,44,44,34,36,28,22,10,7,F,2011
E01016158,Medway 011E,1118,88,67,69,63,93,105,83,82,62,76,70,47,55,39,35,44,24,11,5,F,2011
E01016031,Medway 012A,857,86,54,31,56,126,86,62,52,57,51,34,19,32,22,25,24,17,12,11,F,2011
E01016041,Medway 012B,794,54,49,47,53,81,76,49,66,64,57,52,44,27,20,11,21,13,7,3,F,2011
E01016045,Medway 012C,805,54,66,47,64,68,62,65,62,62,64,60,36,24,19,20,10,9,7,6,F,2011
E01016049,Medway 012D,933,82,52,66,59,99,100,82,69,63,65,51,26,31,22,13,23,14,7,9,F,2011
E01016040,Medway 013A,887,63,59,57,80,71,65,55,67,67,62,61,43,38,42,18,13,15,8,3,F,2011
E01016042,Medway 013B,739,63,61,50,56,63,53,58,61,67,49,42,25,35,14,15,13,6,6,2,F,2011
E01016043,Medway 013C,726,43,36,38,67,56,34,32,44,56,63,63,34,40,37,22,20,17,17,7,F,2011
E01016177,Medway 013D,808,53,67,47,53,48,69,52,50,53,70,62,41,39,23,27,17,13,14,10,F,2011
E01016178,Medway 013E,776,49,51,58,55,42,43,48,59,68,59,40,39,41,35,15,23,15,18,18,F,2011
E01016117,Medway 014A,896,73,47,42,48,122,96,75,64,54,48,45,42,38,22,26,19,16,10,9,F,2011
E01016129,Medway 014B,921,73,51,44,32,93,100,94,75,71,68,61,40,47,21,19,14,8,6,4,F,2011
E01016130,Medway 014C,885,46,39,46,55,71,78,67,51,62,55,48,48,50,37,33,30,30,24,15,F,2011
E01016131,Medway 014D,908,46,52,41,60,38,42,61,68,59,73,68,47,34,48,41,36,44,27,23,F,2011
E01016016,Medway 015A,763,49,60,33,54,62,57,63,65,55,53,45,35,36,28,22,21,11,10,4,F,2011
E01016017,Medway 015B,771,54,29,27,52,138,82,67,49,46,44,32,40,25,33,24,9,15,2,3,F,2011
E01016019,Medway 015C,934,87,95,78,80,106,98,69,70,65,57,35,29,20,20,13,5,5,1,1,F,2011
E01016110,Medway 015D,1068,43,25,17,135,299,144,76,33,34,41,42,42,34,27,19,25,17,9,6,F,2011
E01016111,Medway 015E,584,58,47,22,29,53,71,52,46,24,23,23,12,18,16,22,26,22,13,7,F,2011
E01016044,Medway 016A,843,71,46,51,46,97,85,57,61,58,65,45,32,36,26,24,17,20,4,2,F,2011
E01016046,Medway 016B,775,62,50,42,47,70,61,67,47,63,57,42,47,41,20,13,22,8,9,7,F,2011
E01016047,Medway 016C,853,63,59,65,52,87,65,70,57,68,51,61,39,27,31,9,9,20,13,7,F,2011
E01016048,Medway 016D,841,75,45,51,64,68,64,62,77,56,51,62,34,39,32,24,14,11,8,4,F,2011
E01016113,Medway 017A,754,47,50,35,45,45,44,51,47,55,63,48,49,52,29,35,32,19,2,6,F,2011
E01016114,Medway 017B,820,49,44,47,53,70,61,68,71,78,70,31,48,26,28,25,17,14,13,7,F,2011
E01016115,Medway 017C,1018,84,86,76,64,68,73,81,69,79,57,62,58,50,41,28,17,9,10,6,F,2011
E01016118,Medway 017D,886,53,45,52,51,71,72,81,67,71,66,59,53,38,37,28,17,10,9,6,F,2011
E01016160,Medway 018A,766,41,29,47,56,51,53,51,24,51,61,60,33,40,30,36,39,30,26,8,F,2011
E01016161,Medway 018B,836,48,49,42,44,68,38,36,34,62,64,58,37,45,49,41,43,45,26,7,F,2011
E01016162,Medway 018C,823,50,46,48,51,41,54,61,44,57,61,66,56,52,44,29,21,21,14,7,F,2011
E01016163,Medway 018D,687,29,37,44,52,45,38,43,40,43,68,49,43,33,32,25,21,28,13,4,F,2011
E01016164,Medway 018E,787,37,35,37,61,35,45,45,42,59,60,60,42,46,43,35,46,28,20,11,F,2011
E01016165,Medway 018F,661,21,35,51,37,29,24,32,35,57,47,62,44,48,37,26,32,23,12,9,F,2011
E01016159,Medway 019A,748,74,58,52,65,42,54,44,53,61,43,45,36,35,32,15,13,15,8,3,F,2011
E01016174,Medway 019B,686,34,35,34,45,43,49,39,34,54,53,69,48,34,22,19,20,18,26,10,F,2011
E01016175,Medway 019C,927,36,41,52,81,48,37,32,53,81,72,79,58,77,44,56,24,23,24,9,F,2011
E01016179,Medway 019D,688,23,35,55,49,41,25,26,36,73,63,57,51,40,34,18,28,21,10,3,F,2011
E01016061,Medway 020A,802,72,71,55,59,79,74,58,64,65,51,39,32,28,20,17,8,9,1,0,F,2011
E01016063,Medway 020B,788,79,53,40,55,73,63,70,44,46,46,44,37,37,25,27,16,20,12,1,F,2011
E01016064,Medway 020C,758,64,58,43,49,78,67,33,59,51,38,48,35,24,26,24,20,12,15,14,F,2011
E01016069,Medway 020D,858,100,95,57,54,83,90,55,55,61,51,48,23,36,19,10,9,10,0,2,F,2011
E01016020,Medway 021A,652,46,49,47,36,54,54,48,49,54,44,34,36,26,21,18,17,10,6,3,F,2011
E01016021,Medway 021B,735,47,40,51,34,65,64,49,53,55,56,41,24,42,32,26,22,10,13,11,F,2011
E01016022,Medway 021C,747,36,50,56,64,85,75,68,40,55,43,45,34,25,22,14,19,6,5,5,F,2011
E01016125,Medway 021D,885,47,63,67,82,55,53,60,65,75,67,52,46,51,26,26,19,16,5,10,F,2011
E01016018,Medway 022A,994,111,65,69,68,104,89,103,86,67,65,51,30,17,22,15,17,10,3,2,F,2011
E01016023,Medway 022B,884,90,73,79,72,50,72,60,52,69,78,38,36,29,24,23,15,15,8,1,F,2011
E01016024,Medway 022C,993,119,69,59,58,106,101,87,80,84,50,47,26,27,21,16,20,11,8,4,F,2011
E01016062,Medway 022D,768,55,65,54,64,45,63,56,46,66,59,46,32,41,33,16,11,12,1,3,F,2011
E01016093,Medway 023A,778,34,40,30,33,23,22,25,45,51,50,57,62,70,66,63,47,34,16,10,F,2011
E01016096,Medway 023B,754,31,25,32,33,43,26,37,43,47,58,45,47,46,57,44,68,29,28,15,F,2011
E01016166,Medway 023C,726,39,45,37,35,41,41,40,37,49,52,54,42,60,57,32,33,23,7,2,F,2011
E01016167,Medway 023D,718,26,34,47,42,36,24,28,41,60,77,50,52,48,40,44,21,21,18,9,F,2011
E01016116,Medway 024A,962,58,53,61,68,47,51,51,61,72,73,67,60,65,29,42,38,28,30,8,F,2011
E01016127,Medway 024B,770,53,34,43,47,43,34,44,56,62,63,51,44,53,31,35,25,21,21,10,F,2011
E01016128,Medway 024C,752,30,36,46,60,38,44,23,34,48,56,54,47,40,34,32,49,44,27,10,F,2011
E01016132,Medway 024D,820,49,34,51,58,49,41,36,52,79,71,65,59,48,49,29,26,17,3,4,F,2011
E01016094,Medway 025A,754,30,35,41,47,41,46,37,50,61,50,53,46,52,53,43,25,23,14,7,F,2011
E01016095,Medway 025B,689,38,57,50,41,30,49,46,71,58,43,44,34,43,36,15,13,12,5,4,F,2011
E01016097,Medway 025C,742,42,46,56,39,49,41,65,42,50,43,50,57,58,36,19,15,17,9,8,F,2011
E01016098,Medway 025D,763,47,46,40,46,62,68,46,51,43,52,38,29,38,30,34,22,33,22,16,F,2011
E01016102,Medway 025E,759,46,26,55,57,55,41,44,29,56,62,54,48,61,32,35,21,17,11,9,F,2011
E01016119,Medway 026A,781,29,37,40,55,43,40,27,35,51,73,65,56,54,44,27,28,35,26,16,F,2011
E01016120,Medway 026B,692,46,30,41,36,45,33,42,29,50,51,36,33,45,51,38,34,32,15,5,F,2011
E01016124,Medway 026C,868,42,39,52,53,46,39,46,53,80,64,74,48,52,51,36,30,25,27,11,F,2011
E01016126,Medway 026D,874,42,60,65,74,53,38,44,52,79,83,70,40,36,44,31,30,13,9,11,F,2011
E01016025,Medway 027A,852,45,40,51,59,34,25,33,58,55,58,55,49,42,30,41,55,42,50,30,F,2011
E01016065,Medway 027B,718,42,27,32,39,42,40,44,47,44,63,58,45,53,38,38,34,20,9,3,F,2011
E01016066,Medway 027C,791,48,52,49,57,55,47,53,46,50,66,55,55,42,44,30,18,11,8,5,F,2011
E01016067,Medway 027D,833,49,58,45,70,45,47,47,55,62,77,48,39,48,34,23,32,30,17,7,F,2011
E01016068,Medway 027E,877,82,52,54,79,62,48,71,60,67,53,46,50,37,26,22,22,17,15,14,F,2011
E01016026,Medway 028A,628,38,51,43,42,24,25,50,50,65,65,31,41,38,24,15,13,5,7,1,F,2011
E01016027,Medway 028B,778,40,53,47,40,34,22,41,66,54,60,57,48,79,59,42,24,5,6,1,F,2011
E01016028,Medway 028C,706,33,35,45,35,24,37,26,34,46,49,45,42,72,59,47,26,22,17,12,F,2011
E01016029,Medway 028D,668,36,41,35,48,40,29,45,58,62,65,44,26,38,33,20,18,18,9,3,F,2011
E01016087,Medway 029A,854,52,45,40,42,45,45,55,61,55,50,63,59,72,47,45,37,25,7,9,F,2011
E01016088,Medway 029B,777,32,54,49,45,49,33,37,51,68,50,60,57,63,38,32,25,18,7,9,F,2011
E01016089,Medway 029C,812,35,30,46,54,59,29,47,48,53,56,53,46,51,48,41,36,33,24,23,F,2011
E01016090,Medway 029D,767,29,38,50,52,21,27,46,33,60,53,62,48,60,59,36,43,28,15,7,F,2011
E01016085,Medway 030A,830,22,36,54,56,38,13,30,36,57,58,56,55,84,80,56,44,30,13,12,F,2011
E01016086,Medway 030B,698,18,42,42,61,27,21,22,31,52,59,67,44,60,45,28,21,25,17,16,F,2011
E01016091,Medway 030C,767,26,33,37,39,31,18,29,37,55,54,62,62,83,65,52,33,29,15,7,F,2011
E01016176,Medway 030D,774,32,41,45,50,47,40,36,41,64,64,82,57,60,42,17,27,17,9,3,F,2011
E01016058,Medway 031A,756,33,49,36,43,56,45,51,54,50,63,59,59,60,46,10,18,15,6,3,F,2011
E01016059,Medway 031B,699,51,45,63,54,28,57,37,48,55,49,41,36,47,30,19,17,5,12,5,F,2011
E01016079,Medway 031C,677,31,43,51,36,53,39,46,43,56,56,75,44,52,19,12,9,6,2,4,F,2011
E01016083,Medway 031D,711,45,39,47,68,42,31,52,40,60,45,30,60,39,24,15,22,25,18,9,F,2011
E01016084,Medway 031E,798,65,64,80,64,52,51,64,53,54,56,56,51,39,18,12,9,8,2,0,F,2011
E01016101,Medway 032A,753,56,38,53,55,49,45,53,64,59,52,60,48,47,38,16,6,8,6,0,F,2011
E01016103,Medway 032B,734,47,40,39,41,42,39,45,58,69,57,54,48,55,36,24,22,12,5,1,F,2011
E01016104,Medway 032C,743,71,49,49,30,35,70,59,68,38,61,56,47,43,29,22,8,4,2,2,F,2011
E01016107,Medway 032D,749,40,50,48,50,43,50,51,52,50,52,69,67,53,27,23,9,6,5,4,F,2011
E01016121,Medway 033A,792,40,45,43,40,28,35,40,36,54,59,42,55,72,60,46,46,22,20,9,F,2011
E01016122,Medway 033B,789,35,46,43,53,25,25,36,51,49,66,52,51,65,45,29,45,38,24,11,F,2011
E01016123,Medway 033C,803,50,42,41,52,44,41,53,42,74,61,48,51,50,45,39,27,15,16,12,F,2011
E01016173,Medway 033D,814,61,56,48,52,48,54,43,46,59,74,44,44,48,37,35,20,22,19,4,F,2011
E01016078,Medway 034A,771,79,52,39,37,79,93,87,63,71,53,58,22,17,8,8,3,1,0,1,F,2011
E01016080,Medway 034B,772,60,44,36,44,53,72,67,61,66,57,41,28,39,26,17,15,19,19,8,F,2011
E01016081,Medway 034C,831,52,64,71,64,50,67,72,61,83,70,68,35,33,20,9,3,5,3,1,F,2011
E01016082,Medway 034D,803,48,52,60,65,49,48,74,55,61,63,53,40,47,35,30,13,7,3,0,F,2011
E01016050,Medway 035A,862,35,31,61,57,43,36,42,46,55,73,76,73,81,54,37,30,18,9,5,F,2011
E01016051,Medway 035B,796,42,38,72,44,33,28,42,64,73,59,72,53,56,27,27,23,20,20,3,F,2011
E01016052,Medway 035C,873,26,49,53,48,32,29,40,48,51,55,79,71,85,72,45,34,34,14,8,F,2011
E01016053,Medway 035D,823,29,40,28,43,36,22,19,32,50,62,57,56,88,53,52,42,46,31,37,F,2011
E01016054,Medway 035E,741,36,35,35,39,38,34,38,40,54,57,68,63,69,38,41,25,16,10,5,F,2011
E01016092,Medway 036A,795,35,39,54,52,41,25,44,39,56,59,62,48,64,45,56,33,24,13,6,F,2011
E01016099,Medway 036B,790,54,58,45,34,40,57,79,69,58,55,40,44,56,37,25,20,7,9,3,F,2011
E01016100,Medway 036C,828,49,44,43,48,41,58,55,59,50,53,54,60,75,36,37,26,22,10,8,F,2011
E01016105,Medway 036D,715,29,30,35,40,26,25,33,40,46,50,44,48,70,51,38,39,22,25,24,F,2011
E01016106,Medway 036E,735,40,45,43,40,28,37,50,52,44,50,41,47,61,51,38,23,28,10,7,F,2011
E01016168,Medway 037A,797,34,52,36,42,42,50,46,43,58,55,60,42,59,53,51,37,18,13,6,F,2011
E01016169,Medway 037B,855,34,41,59,77,58,40,45,47,73,81,61,53,65,52,31,18,18,2,0,F,2011
E01016171,Medway 037C,838,67,48,47,59,50,59,59,59,49,66,49,29,44,36,40,33,32,10,2,F,2011
E01016172,Medway 037D,723,25,29,50,45,33,35,38,44,56,56,50,51,54,46,33,35,21,15,7,F,2011
E01016055,Medway 038A,780,41,46,43,48,33,54,44,36,43,59,68,37,60,59,33,30,20,14,12,F,2011
E01016056,Medway 038B,719,58,40,29,38,58,78,69,46,48,68,37,42,37,13,16,19,8,12,3,F,2011
E01016057,Medway 038C,861,54,63,52,60,51,64,71,51,61,66,72,70,55,32,15,11,8,5,0,F,2011
E01016060,Medway 038D,818,42,39,42,55,41,25,38,35,65,71,60,71,76,74,39,24,11,5,5,F,2011
E01016170,Medway 038E,838,57,56,58,51,59,58,54,58,71,73,50,38,45,43,26,20,14,3,4,F,2011
E06000042,,126287,9812,8111,7802,7179,7071,9765,10577,9804,9556,9110,7980,7220,6753,4617,3566,2719,2178,1569,898,F,2011
E01016796,Milton Keynes 001A,802,38,41,32,35,24,41,46,68,50,53,44,49,62,51,45,38,36,28,21,F,2011
E01016797,Milton Keynes 001B,957,46,50,43,45,34,39,49,59,69,92,59,40,69,54,45,44,53,43,24,F,2011
E01016798,Milton Keynes 001C,963,60,52,68,66,48,34,44,75,82,111,83,70,50,45,26,21,16,9,3,F,2011
E01016799,Milton Keynes 001D,948,68,51,50,43,26,40,57,78,81,71,58,65,71,55,37,36,39,17,5,F,2011
E01016800,Milton Keynes 001E,836,64,44,47,35,28,27,51,58,71,72,61,61,61,65,35,21,18,15,2,F,2011
E01016759,Milton Keynes 002A,705,49,48,35,25,37,38,49,56,49,62,41,58,50,30,25,17,20,12,4,F,2011
E01016760,Milton Keynes 002B,1238,117,61,74,62,77,100,113,95,94,78,70,68,80,46,31,20,22,21,9,F,2011
E01016761,Milton Keynes 002C,664,39,39,32,28,25,21,41,38,60,51,49,55,73,45,24,18,21,3,2,F,2011
E01016801,Milton Keynes 002D,696,48,26,38,37,18,23,38,34,52,58,46,56,62,48,39,32,29,7,5,F,2011
E01016802,Milton Keynes 002E,740,22,39,47,37,30,22,30,39,61,67,58,61,59,48,38,33,15,16,18,F,2011
E01016803,Milton Keynes 002F,670,37,35,31,40,24,12,37,30,56,75,54,59,48,41,32,24,25,8,2,F,2011
E01016786,Milton Keynes 003A,763,35,35,25,35,43,34,42,48,42,42,60,61,61,50,47,34,46,17,6,F,2011
E01016787,Milton Keynes 003B,878,35,44,57,42,40,52,48,53,54,43,56,57,67,42,34,40,35,40,39,F,2011
E01016788,Milton Keynes 003C,817,49,43,51,51,49,40,41,60,64,57,83,67,68,27,20,16,14,15,2,F,2011
E01016789,Milton Keynes 003D,697,48,37,53,46,52,48,67,60,58,60,59,46,24,15,4,8,5,7,0,F,2011
E01016790,Milton Keynes 003E,701,29,29,42,35,30,19,28,37,58,56,43,61,67,46,26,26,31,23,15,F,2011
E01016791,Milton Keynes 004A,742,35,37,43,45,28,39,38,43,47,57,67,78,51,35,23,25,22,19,10,F,2011
E01016792,Milton Keynes 004B,669,41,37,49,49,36,49,50,48,58,61,51,46,33,21,7,10,16,7,0,F,2011
E01016793,Milton Keynes 004C,978,69,52,61,40,49,77,72,79,80,75,52,54,66,39,42,22,14,16,19,F,2011
E01016794,Milton Keynes 004D,735,49,29,38,39,29,59,61,54,53,53,44,50,58,29,30,17,11,19,13,F,2011
E01016795,Milton Keynes 004E,804,55,47,33,39,44,80,71,78,49,65,56,52,26,39,21,21,18,6,4,F,2011
E01016762,Milton Keynes 005A,665,48,31,44,38,30,37,37,42,41,49,53,50,68,37,29,11,9,9,2,F,2011
E01016764,Milton Keynes 005B,722,38,30,28,43,41,62,44,29,50,47,62,69,65,39,24,27,10,14,0,F,2011
E01016766,Milton Keynes 005C,705,44,41,38,36,36,37,50,38,49,45,54,64,63,40,33,17,9,7,4,F,2011
E01016767,Milton Keynes 005D,680,34,41,36,40,26,39,47,30,59,64,76,51,54,26,20,16,10,8,3,F,2011
E01016771,Milton Keynes 005E,733,57,61,50,39,40,49,48,43,59,41,50,36,46,34,16,23,16,13,12,F,2011
E01016806,Milton Keynes 006A,1003,72,107,73,71,67,84,102,76,53,76,60,48,38,22,22,14,10,6,2,F,2011
E01016807,Milton Keynes 006B,860,50,64,48,53,59,62,59,42,70,60,61,71,49,29,17,22,26,14,4,F,2011
E01016809,Milton Keynes 006C,757,69,59,58,42,39,50,49,42,65,58,46,50,53,41,15,9,9,1,2,F,2011
E01016835,Milton Keynes 006D,856,78,69,47,63,54,59,68,67,67,63,40,45,35,27,26,16,15,13,4,F,2011
E01016763,Milton Keynes 007A,688,26,24,26,29,29,30,32,45,48,57,61,64,64,46,33,26,25,15,8,F,2011
E01016769,Milton Keynes 007B,704,30,38,34,45,29,41,50,40,59,57,69,62,34,24,24,22,13,12,21,F,2011
E01016770,Milton Keynes 007C,851,48,47,31,61,54,58,79,64,59,77,60,70,43,30,18,16,15,13,8,F,2011
E01016773,Milton Keynes 007D,937,30,41,44,41,43,47,50,59,64,59,73,57,59,52,64,53,45,44,12,F,2011
E01016836,Milton Keynes 008A,821,67,58,53,51,48,69,68,75,66,53,41,52,36,22,17,10,15,13,7,F,2011
E01016837,Milton Keynes 008B,923,82,64,61,72,58,81,101,69,64,57,54,43,39,16,18,17,17,6,4,F,2011
E01016838,Milton Keynes 008C,812,68,52,58,44,34,52,56,59,60,46,55,46,49,38,22,27,21,19,6,F,2011
E01016841,Milton Keynes 008D,1091,121,56,83,29,104,147,128,87,68,48,54,35,34,19,31,15,13,11,8,F,2011
E01016721,Milton Keynes 009A,824,80,42,58,58,47,63,68,62,46,60,43,43,40,34,21,20,12,15,12,F,2011
E01016765,Milton Keynes 009B,891,55,32,51,47,33,48,49,38,59,48,66,67,60,53,41,33,41,25,45,F,2011
E01016772,Milton Keynes 009C,709,58,41,43,44,37,64,70,49,45,33,50,44,40,26,14,8,17,12,14,F,2011
E01016804,Milton Keynes 009D,875,74,55,47,55,58,75,88,71,54,42,45,57,38,32,17,22,26,15,4,F,2011
E01016812,Milton Keynes 010A,799,53,50,41,28,35,36,60,55,51,43,58,74,75,62,31,20,11,13,3,F,2011
E01016817,Milton Keynes 010B,787,50,50,32,40,38,56,56,52,57,51,47,50,74,43,29,22,15,18,7,F,2011
E01016818,Milton Keynes 010C,900,54,28,29,22,64,52,67,66,47,56,52,64,68,47,43,23,43,46,29,F,2011
E01016840,Milton Keynes 010D,1334,137,86,49,56,82,156,140,94,75,67,71,90,69,53,40,38,19,7,5,F,2011
E01016719,Milton Keynes 011A,741,40,30,31,40,39,64,47,51,50,38,66,63,57,36,36,25,10,11,7,F,2011
E01016722,Milton Keynes 011B,822,62,45,36,51,48,52,58,57,45,65,82,60,48,45,25,28,13,0,2,F,2011
E01016805,Milton Keynes 011C,649,26,24,18,27,40,34,45,38,41,47,62,61,61,41,41,24,14,3,2,F,2011
E01016808,Milton Keynes 011D,700,51,42,39,50,42,42,49,42,56,62,47,63,46,20,16,12,12,9,0,F,2011
E01016810,Milton Keynes 012A,690,75,53,35,42,47,61,57,46,38,33,41,41,31,27,26,16,10,7,4,F,2011
E01016811,Milton Keynes 012B,772,89,91,60,65,54,58,78,52,53,53,34,30,26,14,10,4,1,0,0,F,2011
E01016819,Milton Keynes 012C,608,45,51,52,39,35,36,38,40,39,25,34,35,56,28,19,13,9,8,6,F,2011
E01016839,Milton Keynes 012D,878,96,77,76,68,60,78,92,64,53,55,42,36,34,22,8,6,6,3,2,F,2011
E01016717,Milton Keynes 013A,782,58,37,47,42,33,70,68,47,62,55,68,55,41,28,34,19,8,5,5,F,2011
E01016720,Milton Keynes 013B,813,71,59,52,48,40,63,74,44,58,46,47,43,51,23,21,23,18,19,13,F,2011
E01016723,Milton Keynes 013C,839,58,44,57,52,40,40,55,65,74,65,70,84,52,34,23,12,8,6,0,F,2011
E01016724,Milton Keynes 013D,794,58,53,52,58,57,100,69,63,42,55,51,50,27,14,17,14,11,3,0,F,2011
E01016718,Milton Keynes 014A,792,70,62,53,67,72,95,62,71,53,62,39,26,20,12,18,7,2,1,0,F,2011
E01016729,Milton Keynes 014B,1074,129,76,72,70,80,130,96,85,71,65,44,44,36,15,18,17,13,12,1,F,2011
E01016768,Milton Keynes 014D,931,73,44,44,42,94,129,84,69,68,61,65,53,37,18,22,14,8,5,1,F,2011
E01033499,Milton Keynes 014E,615,40,15,11,21,98,135,92,38,21,32,24,26,19,13,11,7,5,5,2,F,2011
E01033500,Milton Keynes 014F,549,36,3,2,6,98,205,95,43,17,13,9,5,9,2,3,1,2,0,0,F,2011
E01016776,Milton Keynes 015A,731,32,39,47,43,59,47,44,38,58,78,77,60,36,21,23,15,8,6,0,F,2011
E01016813,Milton Keynes 015B,714,68,34,33,45,71,76,95,42,59,48,50,33,26,10,12,6,3,1,2,F,2011
E01016815,Milton Keynes 015C,631,35,43,42,33,33,49,43,60,36,42,49,58,42,21,9,14,10,9,3,F,2011
E01016816,Milton Keynes 015D,775,42,45,44,45,24,33,34,48,52,80,58,58,70,48,36,20,25,7,6,F,2011
E01016731,Milton Keynes 016A,779,45,38,51,43,35,47,62,55,50,53,70,58,62,31,30,24,15,7,3,F,2011
E01016732,Milton Keynes 016B,741,38,47,40,56,40,48,38,53,36,56,82,60,46,29,23,20,9,15,5,F,2011
E01016784,Milton Keynes 016D,788,67,34,41,43,53,66,59,48,60,59,53,53,62,33,23,19,7,7,1,F,2011
E01033501,Milton Keynes 016E,1021,102,100,78,59,60,103,151,129,104,52,27,29,12,5,2,4,2,0,2,F,2011
E01033506,Milton Keynes 016F,984,88,73,71,63,41,56,104,123,104,73,62,48,40,16,6,4,6,5,1,F,2011
E01016783,Milton Keynes 017A,1013,103,95,61,53,29,117,157,112,93,67,47,24,22,12,9,9,2,1,0,F,2011
E01016820,Milton Keynes 017C,849,62,60,60,71,49,70,54,65,70,80,65,54,29,23,17,12,2,5,1,F,2011
E01016821,Milton Keynes 017D,789,75,46,49,44,30,58,75,56,60,65,52,30,22,21,12,16,17,29,32,F,2011
E01016823,Milton Keynes 017E,872,98,54,40,55,56,129,103,89,61,68,47,26,21,15,5,1,4,0,0,F,2011
E01033503,Milton Keynes 017F,808,59,68,68,36,26,46,76,101,79,62,44,34,43,26,19,13,5,1,2,F,2011
E01033508,Milton Keynes 017G,863,110,62,45,33,50,119,141,116,68,42,35,23,7,3,5,1,1,2,0,F,2011
E01033509,Milton Keynes 017H,835,124,63,51,38,71,150,125,94,41,36,13,14,4,3,2,2,4,0,0,F,2011
E01033511,Milton Keynes 017I,719,74,54,46,37,59,123,102,77,55,37,18,15,8,2,9,2,0,1,0,F,2011
E01033512,Milton Keynes 017J,831,72,68,65,40,29,62,75,95,79,77,50,46,35,23,4,4,5,0,2,F,2011
E01016726,Milton Keynes 018A,792,91,54,60,62,60,72,75,66,60,55,51,35,25,15,5,1,3,2,0,F,2011
E01016733,Milton Keynes 018B,915,117,77,74,65,41,114,99,91,59,45,35,32,21,12,7,12,10,2,2,F,2011
E01016845,Milton Keynes 018C,974,85,85,76,50,68,119,102,72,66,60,45,44,35,30,13,12,9,1,2,F,2011
E01016846,Milton Keynes 018D,842,74,62,46,34,63,80,93,45,56,50,44,54,59,26,29,10,8,6,3,F,2011
E01016848,Milton Keynes 018E,757,54,37,35,34,31,59,68,49,38,41,51,53,47,31,39,23,31,20,16,F,2011
E01016780,Milton Keynes 019B,891,62,59,77,64,52,69,69,72,82,78,73,43,31,29,10,10,5,6,0,F,2011
E01016781,Milton Keynes 019C,780,38,43,73,77,25,32,37,48,83,87,74,46,32,27,12,21,11,10,4,F,2011
E01016814,Milton Keynes 019D,814,40,21,29,38,29,38,43,32,53,45,57,59,100,67,68,28,31,24,12,F,2011
E01033505,Milton Keynes 019E,689,66,65,57,30,41,95,89,77,50,37,28,19,12,10,9,2,1,0,1,F,2011
E01033522,Milton Keynes 019F,695,75,59,37,41,34,93,83,77,61,50,32,19,14,8,5,2,4,1,0,F,2011
E01033523,Milton Keynes 019G,755,95,84,56,45,49,85,112,72,66,31,29,12,12,1,4,1,1,0,0,F,2011
E01033525,Milton Keynes 019H,904,83,85,92,51,54,65,87,101,83,68,47,24,37,10,5,10,2,0,0,F,2011
E01016774,Milton Keynes 020A,901,57,70,51,59,28,37,63,69,85,84,62,50,41,39,36,15,31,14,10,F,2011
E01016775,Milton Keynes 020B,929,66,78,54,65,39,83,64,67,65,88,69,49,49,31,31,14,9,6,2,F,2011
E01016777,Milton Keynes 020C,815,61,50,41,42,44,71,71,71,64,59,58,40,51,22,21,16,11,14,8,F,2011
E01016778,Milton Keynes 020D,906,71,76,59,53,41,80,53,100,75,79,62,35,34,30,14,16,14,11,3,F,2011
E01016725,Milton Keynes 021A,805,85,54,55,51,53,111,71,62,56,46,55,33,39,10,12,7,1,3,1,F,2011
E01016727,Milton Keynes 021B,851,74,59,51,58,33,73,81,60,56,58,81,39,44,25,22,15,10,7,5,F,2011
E01016728,Milton Keynes 021C,967,116,68,50,46,73,134,146,90,50,61,46,28,25,11,14,3,3,1,2,F,2011
E01016847,Milton Keynes 021D,1071,92,83,69,53,57,109,100,95,76,70,59,46,60,27,23,19,12,13,8,F,2011
E01016822,Milton Keynes 022A,793,67,50,54,51,45,66,78,80,88,50,47,43,29,13,14,10,4,3,1,F,2011
E01016824,Milton Keynes 022B,819,67,58,53,59,44,44,81,68,96,78,58,34,31,19,7,9,8,4,1,F,2011
E01016825,Milton Keynes 022C,762,60,45,61,39,39,56,81,95,61,56,41,47,27,21,11,9,6,5,2,F,2011
E01016827,Milton Keynes 022D,864,84,47,56,46,51,78,93,76,98,90,40,41,29,16,9,5,2,0,3,F,2011
E01016828,Milton Keynes 022E,899,60,59,59,44,46,70,57,65,96,87,77,60,42,26,28,11,7,3,2,F,2011
E01016842,Milton Keynes 023B,818,82,105,49,42,67,59,88,51,64,47,30,44,27,25,10,9,10,5,4,F,2011
E01016843,Milton Keynes 023C,755,93,81,58,56,48,74,72,68,37,36,34,37,27,17,3,10,4,0,0,F,2011
E01016844,Milton Keynes 023D,831,74,51,67,56,42,65,54,51,48,62,45,49,57,35,34,18,11,8,4,F,2011
E01033497,Milton Keynes 023E,550,47,13,17,14,63,61,39,30,25,31,25,28,38,25,24,28,23,11,8,F,2011
E01033498,Milton Keynes 023F,636,78,26,16,25,55,68,69,48,34,37,32,28,30,28,13,15,11,14,9,F,2011
E01016734,Milton Keynes 024A,614,35,29,38,33,12,25,35,36,30,54,60,44,48,44,29,24,21,7,10,F,2011
E01016735,Milton Keynes 024B,1022,61,57,58,52,50,64,81,89,89,86,69,60,57,49,35,28,18,9,10,F,2011
E01016736,Milton Keynes 024C,762,34,31,41,41,25,26,26,46,45,54,67,47,50,42,30,39,41,34,43,F,2011
E01016826,Milton Keynes 024D,778,40,56,73,86,28,27,39,54,92,119,55,41,33,14,7,7,4,3,0,F,2011
E01016752,Milton Keynes 025B,909,75,78,73,70,39,62,67,89,102,95,51,38,27,22,8,9,1,1,2,F,2011
E01016753,Milton Keynes 025C,1162,103,80,98,80,78,85,119,120,131,99,59,39,30,17,12,8,2,2,0,F,2011
E01016755,Milton Keynes 025D,968,82,59,80,51,53,63,84,84,91,82,54,55,41,23,25,12,12,13,4,F,2011
E01033514,Milton Keynes 025E,726,87,59,62,35,38,72,92,95,50,55,30,9,8,4,5,5,7,3,10,F,2011
E01033515,Milton Keynes 025F,983,76,83,107,80,38,48,76,103,129,84,61,36,14,17,14,12,2,2,1,F,2011
E01033517,Milton Keynes 025G,801,75,72,83,49,31,50,88,106,93,71,27,22,15,5,3,5,3,2,1,F,2011
E01016754,Milton Keynes 026A,860,51,43,48,34,41,71,79,66,59,51,47,57,52,52,36,27,18,19,9,F,2011
E01016756,Milton Keynes 026B,1230,106,88,84,75,73,84,112,123,100,76,62,66,66,44,20,19,17,13,2,F,2011
E01016757,Milton Keynes 026C,778,68,49,52,40,42,63,59,62,54,68,51,60,49,28,15,6,6,6,0,F,2011
E01016758,Milton Keynes 026D,890,65,67,66,61,38,58,70,81,89,91,56,50,45,31,11,5,2,3,1,F,2011
E01016737,Milton Keynes 027A,849,52,56,56,51,44,52,49,52,74,76,63,55,56,42,32,16,15,6,2,F,2011
E01016738,Milton Keynes 027B,1024,86,58,46,73,70,68,64,73,77,60,36,45,48,42,60,37,30,35,16,F,2011
E01016739,Milton Keynes 027C,782,51,38,54,52,40,53,62,41,55,59,66,55,59,32,24,21,15,1,4,F,2011
E01016740,Milton Keynes 027D,684,41,45,33,26,21,19,42,40,50,50,35,62,47,56,48,33,24,10,2,F,2011
E01016741,Milton Keynes 027E,836,60,41,69,48,66,56,65,44,50,50,48,47,43,51,43,28,19,7,1,F,2011
E01016748,Milton Keynes 028A,984,95,75,64,52,34,66,125,120,95,87,57,37,34,11,12,10,5,2,3,F,2011
E01016750,Milton Keynes 028C,828,56,56,56,46,45,51,58,59,70,77,58,58,48,32,19,18,10,8,3,F,2011
E01016751,Milton Keynes 028D,833,59,70,48,45,51,39,76,102,90,77,48,42,32,18,16,7,7,6,0,F,2011
E01033519,Milton Keynes 028E,966,101,75,74,50,51,79,137,100,101,70,39,30,24,11,10,8,5,0,1,F,2011
E01033520,Milton Keynes 028F,925,55,77,86,55,39,35,77,126,118,93,52,28,34,25,13,7,1,3,1,F,2011
E01016829,Milton Keynes 029A,837,66,44,43,50,47,53,54,55,61,53,41,58,63,40,42,32,23,12,0,F,2011
E01016831,Milton Keynes 029B,806,50,34,51,58,41,35,50,47,53,54,70,56,65,71,23,20,13,11,4,F,2011
E01016832,Milton Keynes 029C,651,43,40,34,27,34,40,42,35,44,46,55,60,46,28,36,22,11,6,2,F,2011
E01016833,Milton Keynes 029D,658,26,30,38,44,19,20,38,29,36,58,59,52,55,62,35,34,15,7,1,F,2011
E01016834,Milton Keynes 029E,802,44,51,49,42,48,55,55,41,71,64,42,26,47,31,32,43,39,17,5,F,2011
E01016710,Milton Keynes 030A,949,51,66,59,52,45,41,47,47,60,60,56,52,65,54,54,46,46,38,10,F,2011
E01016714,Milton Keynes 030B,974,92,60,61,55,103,59,70,57,53,41,49,49,51,39,45,34,27,25,4,F,2011
E01016716,Milton Keynes 030C,918,56,44,39,48,50,54,69,47,71,52,56,52,84,49,48,36,22,23,18,F,2011
E01016745,Milton Keynes 030D,790,42,41,45,44,42,48,58,46,54,57,56,55,69,46,45,13,15,9,5,F,2011
E01016711,Milton Keynes 031A,1162,75,62,39,46,52,80,98,79,86,75,82,60,77,57,60,47,31,39,17,F,2011
E01016713,Milton Keynes 031B,851,46,28,36,45,53,43,48,53,68,50,77,56,54,49,51,48,26,14,6,F,2011
E01016715,Milton Keynes 031C,877,64,57,60,41,50,45,62,67,65,59,48,58,46,42,39,25,25,19,5,F,2011
E01016830,Milton Keynes 031D,629,35,27,35,26,28,47,56,47,41,57,40,34,30,22,19,21,17,25,22,F,2011
E01016742,Milton Keynes 032A,870,91,67,81,55,66,63,70,66,52,49,41,40,36,30,14,12,10,10,17,F,2011
E01016743,Milton Keynes 032B,1084,119,92,67,64,85,118,103,103,67,49,52,54,47,31,15,10,6,0,2,F,2011
E01016744,Milton Keynes 032C,808,70,79,54,64,58,80,68,70,42,48,40,33,42,24,20,9,5,2,0,F,2011
E01016746,Milton Keynes 032D,925,87,71,50,37,40,69,53,56,38,65,59,57,74,47,39,37,26,13,7,F,2011
E06000044,,101574,6630,5427,5281,7195,10656,8235,6752,6547,6972,6914,5845,4695,4869,3933,3287,2933,2448,1807,1148,F,2011
E01017112,Portsmouth 001A,920,58,62,82,81,66,55,55,60,93,69,53,46,39,29,32,20,11,6,3,F,2011
E01017115,Portsmouth 001B,684,37,50,54,59,40,37,32,48,50,60,54,38,42,28,19,16,11,5,4,F,2011
E01017117,Portsmouth 001C,815,58,61,62,57,40,71,60,56,59,51,55,44,40,49,23,5,9,10,5,F,2011
E01017119,Portsmouth 001D,879,75,70,63,64,36,65,49,64,54,78,52,52,44,31,18,21,21,15,7,F,2011
E01017120,Portsmouth 001E,770,52,48,38,52,42,49,32,50,63,49,46,45,56,27,26,27,28,23,17,F,2011
E01017051,Portsmouth 002A,975,88,54,56,57,102,102,58,61,63,58,63,37,38,34,30,22,18,19,15,F,2011
E01017052,Portsmouth 002B,722,46,55,44,34,47,57,40,50,48,56,47,45,34,34,38,13,22,7,5,F,2011
E01017053,Portsmouth 002C,708,51,42,58,56,42,59,49,37,43,49,55,32,39,30,21,17,14,9,5,F,2011
E01017118,Portsmouth 002D,822,60,42,65,74,54,67,57,65,60,69,56,31,46,26,16,15,9,7,3,F,2011
E01017050,Portsmouth 003A,791,35,23,41,44,42,40,37,36,42,60,58,65,62,40,43,47,37,27,12,F,2011
E01017061,Portsmouth 003B,827,24,35,36,52,37,22,27,42,67,70,57,59,60,70,50,48,32,20,19,F,2011
E01017063,Portsmouth 003C,821,29,43,48,45,31,20,26,42,54,71,66,64,55,56,45,45,34,31,16,F,2011
E01017064,Portsmouth 003D,892,44,48,41,45,35,32,40,40,61,53,52,54,62,51,59,43,53,43,36,F,2011
E01017054,Portsmouth 004A,723,42,30,41,45,30,39,37,47,59,57,51,41,41,28,31,35,26,22,21,F,2011
E01017113,Portsmouth 004B,787,51,39,55,49,43,48,37,45,63,63,45,47,58,39,39,27,19,15,5,F,2011
E01017114,Portsmouth 004C,644,32,17,16,28,36,46,46,39,47,52,58,41,68,47,25,20,14,10,2,F,2011
E01017116,Portsmouth 004D,820,97,64,51,38,50,83,67,63,64,53,44,21,27,26,13,26,19,9,5,F,2011
E01017055,Portsmouth 006A,814,46,36,51,47,37,44,42,59,53,61,50,41,58,39,35,35,23,32,25,F,2011
E01017056,Portsmouth 006B,707,45,63,52,44,35,29,33,53,64,65,53,24,31,34,22,19,19,13,9,F,2011
E01017057,Portsmouth 006C,748,34,63,35,49,30,29,52,59,62,71,44,44,52,35,35,21,20,8,5,F,2011
E01017058,Portsmouth 006D,882,62,67,65,68,67,74,44,57,70,63,75,36,31,29,24,15,18,11,6,F,2011
E01017060,Portsmouth 006E,807,36,60,59,56,28,25,40,59,70,61,55,37,34,45,43,30,32,25,12,F,2011
E01017086,Portsmouth 007A,686,46,30,46,58,27,29,41,51,62,58,59,40,31,26,21,23,19,13,6,F,2011
E01017089,Portsmouth 007B,854,85,60,56,48,68,75,70,79,62,54,49,39,38,29,19,7,10,6,0,F,2011
E01017090,Portsmouth 007C,788,77,33,58,44,55,74,56,48,66,63,49,39,38,22,19,22,11,10,4,F,2011
E01017091,Portsmouth 007D,833,71,42,36,42,53,97,65,50,34,37,42,26,45,38,30,43,41,27,14,F,2011
E01017092,Portsmouth 007E,770,38,28,42,46,47,40,39,46,67,64,41,28,51,40,31,46,32,28,16,F,2011
E01017014,Portsmouth 008A,787,47,34,56,55,54,40,52,52,73,67,43,45,46,35,33,21,15,14,5,F,2011
E01017046,Portsmouth 008B,837,29,19,43,51,62,52,34,59,70,85,77,61,55,48,39,23,16,9,5,F,2011
E01017047,Portsmouth 008C,866,62,48,69,66,47,46,52,60,83,74,49,49,42,35,24,19,20,12,9,F,2011
E01017048,Portsmouth 008D,796,41,52,58,79,36,36,37,55,78,82,51,39,33,39,21,26,14,9,10,F,2011
E01017085,Portsmouth 008E,742,27,28,37,40,32,40,42,47,46,67,57,42,53,48,46,32,34,9,15,F,2011
E01017084,Portsmouth 009A,712,45,39,41,49,46,52,50,35,53,69,48,45,34,25,24,21,13,15,8,F,2011
E01017087,Portsmouth 009B,720,56,28,38,53,57,70,42,53,57,68,44,41,33,33,19,14,7,4,3,F,2011
E01017088,Portsmouth 009C,841,52,51,48,49,65,52,47,59,65,71,59,53,41,31,18,26,26,17,11,F,2011
E01017105,Portsmouth 009D,702,49,47,41,31,48,80,44,41,53,40,47,41,36,25,21,24,16,15,3,F,2011
E01017107,Portsmouth 009E,769,75,50,36,41,57,85,67,53,55,62,43,34,34,30,8,13,9,10,7,F,2011
E01017104,Portsmouth 010A,591,40,38,34,38,43,61,47,21,42,48,46,26,24,20,18,24,9,11,1,F,2011
E01017106,Portsmouth 010B,791,68,53,50,38,52,65,52,65,62,47,59,36,45,25,26,19,15,8,6,F,2011
E01017108,Portsmouth 010C,792,53,37,42,44,47,73,63,58,57,52,51,39,30,35,31,29,27,6,18,F,2011
E01017109,Portsmouth 010D,704,66,55,32,45,46,86,56,41,34,53,38,26,35,26,17,23,11,7,7,F,2011
E01017041,Portsmouth 011A,697,53,37,51,45,46,54,42,43,49,66,43,34,44,32,15,17,10,5,11,F,2011
E01017043,Portsmouth 011B,753,59,55,66,62,52,40,42,68,62,57,49,32,35,19,12,23,9,9,2,F,2011
E01017044,Portsmouth 011C,741,54,45,40,47,47,58,61,57,75,63,47,43,33,29,9,8,10,11,4,F,2011
E01017049,Portsmouth 011D,729,35,38,43,49,43,29,36,37,60,71,60,48,50,26,34,28,16,15,11,F,2011
E01017110,Portsmouth 011E,752,61,53,45,43,60,75,53,56,52,66,41,42,22,29,20,11,11,4,8,F,2011
E01017111,Portsmouth 011F,741,74,46,37,32,54,98,70,43,52,52,43,36,26,24,19,12,13,6,4,F,2011
E01017013,Portsmouth 012A,832,70,60,52,46,57,68,66,71,61,73,48,34,35,16,16,23,18,13,5,F,2011
E01017042,Portsmouth 012B,721,55,71,43,52,51,46,66,55,55,60,45,30,26,29,17,9,5,3,3,F,2011
E01017045,Portsmouth 012C,691,58,52,45,33,43,73,57,46,59,50,42,26,35,20,23,10,6,7,6,F,2011
E01017075,Portsmouth 012D,829,76,59,59,47,57,91,76,60,64,62,50,35,23,20,14,15,8,12,1,F,2011
E01017082,Portsmouth 012E,838,74,70,56,39,56,103,77,75,64,50,47,27,25,19,16,12,14,10,4,F,2011
E01017083,Portsmouth 012F,903,67,53,58,70,69,83,71,73,89,69,55,29,35,27,13,11,20,9,2,F,2011
E01017036,Portsmouth 013A,809,83,50,50,54,56,77,44,54,72,64,45,34,33,32,25,22,8,1,5,F,2011
E01017037,Portsmouth 013B,792,72,69,52,59,68,71,53,38,44,64,41,29,31,29,22,21,18,8,3,F,2011
E01017038,Portsmouth 013C,835,65,52,34,42,45,75,51,44,47,48,36,38,52,48,42,43,33,27,13,F,2011
E01017102,Portsmouth 013D,761,43,44,46,49,60,64,59,40,47,59,37,56,49,25,23,17,23,15,5,F,2011
E01017103,Portsmouth 013E,654,64,49,43,40,74,56,64,36,39,37,28,31,35,21,10,12,11,2,2,F,2011
E01017015,Portsmouth 014A,739,35,34,54,47,37,35,35,40,73,69,60,44,35,32,34,33,23,16,3,F,2011
E01017016,Portsmouth 014B,802,57,44,51,50,46,61,50,64,76,69,41,42,35,28,23,20,18,14,13,F,2011
E01017017,Portsmouth 014C,779,39,36,56,58,46,22,43,48,78,70,56,45,56,28,21,29,19,17,12,F,2011
E01017018,Portsmouth 014D,814,45,42,42,65,41,33,39,47,70,82,54,46,44,42,32,34,28,16,12,F,2011
E01017019,Portsmouth 014E,923,70,60,49,63,53,88,76,67,78,63,54,46,51,28,26,16,18,11,6,F,2011
E01017020,Portsmouth 014F,1146,105,57,71,77,63,90,91,72,85,87,67,39,55,48,55,31,31,18,4,F,2011
E01017076,Portsmouth 015A,801,64,30,37,70,79,81,75,65,53,55,35,39,34,26,19,8,14,11,6,F,2011
E01017077,Portsmouth 015B,868,58,44,49,45,79,98,50,57,50,53,49,42,37,37,31,26,24,25,14,F,2011
E01017078,Portsmouth 015C,777,61,55,50,51,59,89,73,61,50,49,40,25,36,17,29,15,5,5,7,F,2011
E01017079,Portsmouth 015D,717,56,20,40,49,93,77,59,53,59,49,37,28,24,24,14,14,10,7,4,F,2011
E01017080,Portsmouth 015E,990,102,49,32,60,189,117,78,57,50,53,49,24,29,32,16,17,16,11,9,F,2011
E01017081,Portsmouth 015F,836,65,43,44,62,105,91,70,78,51,48,53,26,21,25,18,13,8,10,5,F,2011
E01017031,Portsmouth 016A,962,83,61,45,47,93,88,64,61,47,64,60,44,32,42,36,35,30,22,8,F,2011
E01017032,Portsmouth 016B,1270,31,30,30,504,348,52,42,23,32,32,33,18,11,8,21,19,12,16,8,F,2011
E01017034,Portsmouth 016D,822,53,23,14,54,193,126,84,57,39,33,29,27,22,17,22,11,13,4,1,F,2011
E01017039,Portsmouth 016E,900,77,66,63,43,87,75,66,65,52,46,35,38,41,38,32,26,21,18,11,F,2011
E01017040,Portsmouth 016F,733,57,59,42,52,50,67,59,47,48,57,42,32,29,26,27,17,11,9,2,F,2011
E01033381,Portsmouth 016G,609,41,20,12,36,131,101,66,30,33,24,29,30,22,14,8,10,1,1,0,F,2011
E01033383,Portsmouth 016H,670,44,45,34,46,85,63,44,32,33,33,47,37,28,28,21,17,20,10,3,F,2011
E01017021,Portsmouth 017A,772,27,24,27,38,32,19,26,33,40,62,54,52,68,67,58,46,38,34,27,F,2011
E01017093,Portsmouth 017B,759,33,15,23,155,116,36,34,33,37,40,37,38,32,39,33,22,22,10,4,F,2011
E01017096,Portsmouth 017C,730,47,38,25,34,35,41,63,50,47,56,48,35,58,40,34,25,21,18,15,F,2011
E01017099,Portsmouth 017D,829,50,45,53,55,70,84,55,42,62,54,43,32,48,37,28,21,25,15,10,F,2011
E01017100,Portsmouth 017E,742,46,52,57,61,36,42,49,50,71,60,41,29,35,40,22,17,17,10,7,F,2011
E01017101,Portsmouth 017F,790,59,43,40,38,62,50,62,59,77,55,53,35,32,42,28,23,14,10,8,F,2011
E01017035,Portsmouth 018A,858,83,60,43,51,62,95,59,42,38,44,18,30,33,35,43,32,36,33,21,F,2011
E01017128,Portsmouth 018B,724,20,20,19,61,284,71,47,33,34,20,28,18,16,12,11,11,7,7,5,F,2011
E01017129,Portsmouth 018C,820,35,18,19,67,361,60,39,37,23,29,33,27,20,18,15,10,3,5,1,F,2011
E01017130,Portsmouth 018D,963,71,69,65,80,140,68,66,65,55,49,35,41,42,28,32,27,15,8,7,F,2011
E01017132,Portsmouth 018E,1360,210,76,45,143,234,100,87,91,60,41,54,36,27,31,27,33,28,22,15,F,2011
E01017133,Portsmouth 018F,875,43,30,30,57,163,69,41,32,35,61,30,29,43,33,32,37,47,40,23,F,2011
E01017023,Portsmouth 019A,801,43,30,39,70,124,62,45,67,54,47,48,32,23,35,23,19,21,11,8,F,2011
E01017025,Portsmouth 019B,949,50,49,34,83,219,82,63,60,64,47,36,31,30,30,25,15,13,10,8,F,2011
E01017026,Portsmouth 019C,1023,44,40,37,113,230,65,70,61,51,61,38,36,47,26,26,23,22,19,14,F,2011
E01017029,Portsmouth 019D,829,53,36,43,81,121,67,55,55,52,55,42,34,29,23,25,26,16,10,6,F,2011
E01017030,Portsmouth 019E,1007,53,64,45,110,254,78,64,60,49,51,34,27,25,22,21,18,17,11,4,F,2011
E01017022,Portsmouth 020A,680,25,17,17,50,161,72,38,38,31,38,33,29,32,23,17,20,17,14,8,F,2011
E01017024,Portsmouth 020B,822,35,17,16,61,253,84,61,42,50,39,38,26,27,16,13,15,14,8,7,F,2011
E01017027,Portsmouth 020C,791,21,21,22,110,258,47,41,39,35,38,26,30,31,18,13,20,14,4,3,F,2011
E01017028,Portsmouth 020D,996,31,26,22,121,424,68,43,37,39,56,33,18,23,16,11,13,5,6,4,F,2011
E01017124,Portsmouth 020E,849,45,38,39,46,125,84,73,69,60,42,40,34,42,28,16,16,9,20,23,F,2011
E01017094,Portsmouth 021A,763,60,49,25,50,44,64,68,72,74,55,48,30,27,30,17,21,13,8,8,F,2011
E01017095,Portsmouth 021B,916,59,43,37,38,60,109,78,84,54,81,59,41,38,29,31,25,24,18,8,F,2011
E01017097,Portsmouth 021C,799,57,47,33,54,80,69,84,45,64,65,47,35,28,24,20,16,14,12,5,F,2011
E01017098,Portsmouth 021D,763,48,43,50,48,69,74,61,74,65,50,36,23,32,22,28,14,11,8,7,F,2011
E01017122,Portsmouth 022A,783,34,27,38,32,119,93,62,60,43,46,41,31,40,20,26,16,24,18,13,F,2011
E01017125,Portsmouth 022B,891,27,20,45,60,109,71,58,32,49,46,43,46,40,29,21,45,50,60,40,F,2011
E01017127,Portsmouth 022C,803,31,23,14,30,189,121,85,38,44,41,32,24,28,18,22,17,21,13,12,F,2011
E01017135,Portsmouth 022D,749,27,26,9,29,123,80,56,31,48,36,34,37,46,35,30,25,34,26,17,F,2011
E01017067,Portsmouth 023A,739,47,42,28,37,29,37,41,58,47,56,54,52,59,43,43,34,15,9,8,F,2011
E01017068,Portsmouth 023B,900,66,40,20,28,58,83,80,49,63,61,64,67,61,49,40,31,21,10,9,F,2011
E01017069,Portsmouth 023C,1015,98,95,45,50,41,111,55,55,67,67,49,53,53,35,39,40,22,14,26,F,2011
E01017070,Portsmouth 023D,757,28,41,30,48,74,40,31,48,38,43,67,43,49,39,25,24,44,27,18,F,2011
E01017074,Portsmouth 023E,898,91,70,43,49,60,99,88,82,60,50,51,28,40,30,17,20,11,8,1,F,2011
E01017073,Portsmouth 024A,851,42,34,21,36,120,124,52,55,43,49,44,35,34,24,29,32,24,32,21,F,2011
E01017123,Portsmouth 024B,925,38,11,20,18,133,131,83,49,53,36,46,55,62,37,29,34,40,27,23,F,2011
E01017131,Portsmouth 024C,933,41,48,58,124,162,89,31,42,42,44,25,30,31,40,30,27,41,23,5,F,2011
E01033380,Portsmouth 024E,617,37,28,12,20,105,100,50,45,25,34,29,23,36,29,16,20,4,2,2,F,2011
E01033384,Portsmouth 024F,671,16,14,12,26,41,43,47,38,29,36,43,52,66,44,42,46,39,24,13,F,2011
E01017071,Portsmouth 025A,761,19,35,47,68,130,68,38,71,57,45,56,21,34,24,8,8,11,11,10,F,2011
E01017072,Portsmouth 025B,787,34,42,54,46,56,41,41,48,45,60,50,35,41,37,24,43,30,35,25,F,2011
E01017121,Portsmouth 025C,791,43,39,33,30,102,65,60,56,51,47,47,46,25,27,34,27,23,24,12,F,2011
E01017126,Portsmouth 025D,802,41,25,25,53,120,91,65,68,49,46,40,45,40,23,21,17,20,8,5,F,2011
E01017059,Portsmouth 026A,801,53,42,41,41,23,15,41,40,70,50,50,54,49,48,65,51,38,22,8,F,2011
E01017062,Portsmouth 026B,825,64,53,57,51,30,32,59,73,89,59,51,30,45,34,28,34,20,10,6,F,2011
E01017066,Portsmouth 026C,929,44,55,49,56,60,59,59,60,70,67,70,42,64,42,48,38,21,18,7,F,2011
E01032604,Portsmouth 026D,761,26,42,64,39,28,21,30,54,93,52,59,49,46,40,34,32,23,20,9,F,2011
E06000038,,77449,5887,4194,3951,4668,7395,7655,7336,5668,5342,4897,3955,3370,3232,2532,2152,1866,1552,1105,692,F,2011
E01016407,Reading 001A,771,35,45,46,33,32,27,52,62,52,47,36,46,55,46,50,35,34,21,17,F,2011
E01016408,Reading 001B,755,53,44,43,47,50,43,53,53,64,62,41,44,54,42,27,17,11,6,1,F,2011
E01016410,Reading 001C,841,56,58,43,38,30,58,71,70,58,64,49,56,67,40,39,17,15,7,5,F,2011
E01016411,Reading 001D,815,34,37,45,42,29,21,21,34,68,56,67,56,62,62,51,45,43,29,13,F,2011
E01016412,Reading 001E,798,55,59,56,43,31,44,71,55,58,67,58,45,58,41,19,18,12,6,2,F,2011
E01016386,Reading 002A,745,33,29,48,44,21,16,25,32,55,69,54,55,62,59,44,36,27,20,16,F,2011
E01016387,Reading 002B,782,55,42,48,42,25,19,31,49,61,76,64,52,54,47,33,35,22,21,6,F,2011
E01016425,Reading 002C,883,72,66,62,45,19,33,57,77,82,74,53,52,44,38,36,29,25,10,9,F,2011
E01016426,Reading 002D,716,53,62,50,53,19,13,18,54,58,67,56,51,53,38,26,10,21,10,4,F,2011
E01016430,Reading 002E,721,55,52,64,45,22,14,29,74,64,68,58,49,35,24,22,17,23,4,2,F,2011
E01016364,Reading 003A,715,61,32,34,36,35,39,54,80,53,57,47,34,47,19,19,22,24,12,10,F,2011
E01016409,Reading 003B,915,44,42,50,49,22,31,68,54,63,58,52,50,55,38,55,48,47,53,36,F,2011
E01016427,Reading 003C,875,60,48,76,91,28,38,51,48,56,55,55,54,54,42,27,34,29,20,9,F,2011
E01016428,Reading 003D,955,72,71,64,41,37,40,71,86,76,55,58,38,55,46,47,29,21,35,13,F,2011
E01016429,Reading 003E,855,76,41,49,72,31,35,50,77,74,71,52,44,40,49,31,26,19,11,7,F,2011
E01016362,Reading 004A,757,46,23,17,11,39,110,113,63,56,45,36,21,28,25,21,23,29,32,19,F,2011
E01016363,Reading 004B,958,107,77,70,64,51,104,121,84,90,55,40,35,22,18,4,6,4,6,0,F,2011
E01016365,Reading 004C,761,57,22,23,26,44,105,124,66,61,42,36,30,37,25,21,17,13,5,7,F,2011
E01016366,Reading 004D,786,69,27,37,43,36,54,74,74,69,62,54,40,39,37,19,25,14,9,4,F,2011
E01016367,Reading 004E,801,65,52,40,25,31,92,96,73,70,39,37,39,34,37,22,16,21,8,4,F,2011
E01016380,Reading 005A,829,53,48,44,39,46,60,60,58,56,74,61,50,49,44,34,25,19,8,1,F,2011
E01016383,Reading 005B,793,61,49,48,40,41,81,60,59,62,66,51,39,40,34,28,10,12,9,3,F,2011
E01016384,Reading 005C,819,47,30,53,54,41,39,43,37,74,72,57,67,62,44,31,26,23,11,8,F,2011
E01016431,Reading 005D,820,54,55,47,56,32,38,54,42,64,77,66,44,45,41,32,26,21,21,5,F,2011
E01016432,Reading 005E,777,56,31,34,43,51,43,32,53,46,61,57,24,44,50,30,26,38,36,22,F,2011
E01016381,Reading 006A,739,75,47,46,51,43,63,54,52,60,55,39,35,32,19,29,17,18,4,0,F,2011
E01016382,Reading 006B,889,76,61,55,53,56,91,88,66,48,70,50,42,37,24,20,23,13,14,2,F,2011
E01016385,Reading 006C,855,65,55,44,37,50,66,78,61,69,59,44,32,40,20,18,32,30,31,24,F,2011
E01016396,Reading 006D,645,47,58,36,52,39,53,45,53,53,30,36,35,37,22,14,17,9,7,2,F,2011
E01016397,Reading 006E,731,60,65,43,56,34,52,45,64,49,52,45,24,32,36,24,21,9,10,10,F,2011
E01016355,Reading 007A,857,76,38,27,28,48,155,134,85,78,50,29,30,19,21,15,8,8,4,4,F,2011
E01016358,Reading 007B,797,74,51,35,33,65,125,96,63,74,51,39,20,24,16,7,13,5,4,2,F,2011
E01016359,Reading 007C,1052,104,72,67,51,86,136,125,91,65,75,38,40,29,20,20,15,9,2,7,F,2011
E01016360,Reading 007D,957,88,51,57,58,91,133,111,82,57,65,56,31,20,15,13,15,7,3,4,F,2011
E01016361,Reading 007E,861,85,46,38,41,69,115,116,86,83,49,32,17,18,15,17,16,12,3,3,F,2011
E01016356,Reading 008A,762,66,46,43,34,60,122,100,66,69,50,29,23,11,6,12,14,6,4,1,F,2011
E01016357,Reading 008B,762,80,30,31,30,50,120,111,69,64,44,32,28,22,15,8,8,10,7,3,F,2011
E01016395,Reading 008C,726,43,34,34,35,28,46,59,42,51,30,44,39,34,35,32,42,39,36,23,F,2011
E01016398,Reading 008D,828,77,59,34,38,56,137,108,76,64,48,35,31,18,12,12,9,7,3,4,F,2011
E01016399,Reading 008E,682,56,40,38,32,40,53,65,56,51,55,38,48,36,25,18,8,13,7,3,F,2011
E01016400,Reading 008F,731,55,41,36,40,57,77,81,64,51,29,52,42,36,13,23,10,12,8,4,F,2011
E01016394,Reading 009A,730,57,47,50,44,45,38,47,42,47,39,33,34,42,34,27,36,43,20,5,F,2011
E01016433,Reading 009B,697,45,31,47,33,36,45,49,34,46,67,37,28,53,34,40,26,19,15,12,F,2011
E01016434,Reading 009C,917,78,54,75,44,44,56,67,64,60,61,63,49,59,47,35,29,24,4,4,F,2011
E01016435,Reading 009D,738,46,53,48,31,36,31,35,49,56,56,49,31,47,43,41,37,23,16,10,F,2011
E01016436,Reading 009E,781,54,46,51,45,39,38,53,58,62,67,51,50,39,26,26,28,22,16,10,F,2011
E01016402,Reading 010B,944,67,40,28,56,369,81,75,54,42,32,18,15,22,11,8,6,9,5,6,F,2011
E01016404,Reading 010C,986,95,68,41,45,99,124,131,104,62,72,35,25,30,16,12,10,10,4,3,F,2011
E01016405,Reading 010D,946,95,56,61,39,121,125,125,79,66,57,36,28,11,14,19,8,4,1,1,F,2011
E01016406,Reading 010E,748,38,31,34,56,226,58,61,48,38,40,24,23,28,11,11,13,7,1,0,F,2011
E01033417,Reading 010F,494,29,9,8,14,74,96,94,44,22,24,9,16,9,14,7,12,6,7,0,F,2011
E01033421,Reading 010G,837,67,45,46,43,76,123,108,71,60,53,29,45,15,18,19,11,2,5,1,F,2011
E01016353,Reading 011B,825,64,52,24,36,97,136,127,71,50,45,40,19,13,15,12,11,9,2,2,F,2011
E01016378,Reading 011D,960,82,37,18,55,142,203,159,69,47,40,29,20,15,15,6,9,8,2,4,F,2011
E01016391,Reading 011E,913,90,54,43,41,66,154,123,71,54,67,34,37,24,18,20,9,5,1,2,F,2011
E01033415,Reading 011F,606,47,14,6,18,71,163,122,52,25,23,20,12,12,5,6,3,3,2,2,F,2011
E01033418,Reading 011G,514,53,15,8,7,54,142,104,46,33,11,13,12,3,9,1,3,0,0,0,F,2011
E01033420,Reading 011H,495,42,16,3,6,72,105,94,42,19,11,18,12,9,12,10,7,10,4,3,F,2011
E01033422,Reading 011I,510,35,14,9,15,48,118,84,47,26,17,23,10,15,6,16,11,5,6,5,F,2011
E01033423,Reading 011J,542,44,20,8,18,59,131,95,45,26,25,26,9,13,4,4,12,1,0,2,F,2011
E01016401,Reading 012A,745,43,33,32,39,155,56,52,48,47,42,36,29,31,18,22,26,12,12,12,F,2011
E01016403,Reading 012B,949,82,53,45,49,127,83,77,70,67,64,41,43,37,28,30,17,10,14,12,F,2011
E01016416,Reading 012C,764,39,25,12,41,318,102,67,36,28,15,18,19,13,8,9,5,5,3,1,F,2011
E01016417,Reading 012D,844,44,29,21,51,338,68,55,40,30,35,28,26,15,13,10,18,6,7,10,F,2011
E01016418,Reading 012E,827,52,26,16,39,346,90,55,42,35,23,22,24,12,14,9,8,5,9,0,F,2011
E01016388,Reading 013A,738,35,38,42,31,42,56,64,47,51,63,55,49,32,29,36,28,27,10,3,F,2011
E01016389,Reading 013B,916,108,71,72,52,52,92,90,71,67,58,40,39,24,23,23,16,12,5,1,F,2011
E01016390,Reading 013C,736,62,17,22,13,49,112,98,65,39,46,35,24,23,24,10,23,29,25,20,F,2011
E01016392,Reading 013D,971,75,30,23,30,67,133,142,64,70,49,40,25,31,28,29,27,31,37,40,F,2011
E01016393,Reading 013E,786,59,35,29,26,50,78,82,49,52,43,49,41,30,38,35,32,27,19,12,F,2011
E01016374,Reading 014A,777,67,35,20,28,73,161,112,75,51,38,29,25,19,14,10,8,4,3,5,F,2011
E01016375,Reading 014B,627,44,29,31,23,103,99,70,49,41,25,27,17,24,12,13,7,7,1,5,F,2011
E01016376,Reading 014C,751,59,19,20,24,164,109,89,56,31,27,37,28,27,16,10,10,10,8,7,F,2011
E01016379,Reading 014D,782,53,25,17,21,119,164,142,73,32,34,21,24,14,16,8,9,7,2,1,F,2011
E01016413,Reading 014E,899,33,27,14,166,220,93,60,51,37,34,26,36,33,19,16,12,13,6,3,F,2011
E01016414,Reading 014F,767,56,21,22,41,125,115,107,48,40,33,39,26,35,17,9,7,15,8,3,F,2011
E01016419,Reading 015A,844,51,43,29,43,46,89,97,62,65,51,59,43,52,25,21,28,17,18,5,F,2011
E01016420,Reading 015B,727,82,55,53,55,40,44,71,64,56,48,30,30,21,16,9,12,18,14,9,F,2011
E01016421,Reading 015C,699,51,39,36,44,36,30,24,35,55,50,46,40,38,42,52,30,25,17,9,F,2011
E01016422,Reading 015D,720,40,39,35,29,28,33,50,39,41,40,34,49,39,44,48,50,31,28,23,F,2011
E01016423,Reading 015E,808,47,50,53,55,36,52,40,47,60,71,48,39,37,30,34,19,44,30,16,F,2011
E01016424,Reading 015F,670,52,50,33,44,33,29,47,49,53,53,39,44,54,37,23,6,10,10,4,F,2011
E01016370,Reading 016A,1601,49,30,33,503,530,104,56,45,35,32,24,18,21,25,21,26,16,18,15,F,2011
E01016371,Reading 016B,849,57,36,50,84,58,57,51,52,59,63,39,44,52,36,27,28,26,15,15,F,2011
E01016373,Reading 016C,782,59,50,65,74,64,55,63,61,69,58,44,29,22,17,15,13,6,11,7,F,2011
E01016415,Reading 016D,769,83,49,40,47,72,45,66,50,52,45,39,26,26,30,35,32,13,12,7,F,2011
E01016368,Reading 017A,721,52,62,58,64,51,60,28,57,49,61,37,25,27,18,23,19,11,13,6,F,2011
E01016372,Reading 017B,653,48,49,55,50,47,51,50,45,42,53,37,40,23,20,13,11,10,5,4,F,2011
E01016377,Reading 017C,799,59,47,40,54,95,92,77,55,54,41,57,27,17,24,17,14,13,11,5,F,2011
E01016438,Reading 017D,665,51,49,41,46,36,57,65,32,56,39,33,29,35,30,16,21,8,12,9,F,2011
E01016442,Reading 017E,1347,147,81,100,72,117,202,163,95,84,88,57,41,32,20,20,10,12,3,3,F,2011
E01016443,Reading 017F,792,70,63,71,58,47,69,65,58,75,59,22,34,30,19,21,16,8,5,2,F,2011
E01016369,Reading 018A,822,48,54,34,51,48,52,53,50,53,51,60,52,51,35,34,42,30,15,9,F,2011
E01016437,Reading 018B,709,66,56,60,34,38,50,72,52,62,35,43,33,40,19,18,18,4,2,7,F,2011
E01016439,Reading 018C,785,62,52,49,51,39,60,60,56,58,57,46,51,47,26,27,16,15,10,3,F,2011
E01016440,Reading 018D,726,49,37,48,49,50,46,56,48,61,66,49,45,36,29,15,14,15,10,3,F,2011
E01016441,Reading 018E,782,69,52,67,50,47,59,52,52,68,49,49,49,33,21,14,21,16,9,5,F,2011
E06000039,,70286,6337,4905,4380,4197,4752,7117,7055,5457,4944,4459,3860,3094,2565,1845,1601,1470,1145,674,429,F,2011
E01016450,Slough 001A,834,96,69,57,59,62,67,73,68,71,67,40,27,19,11,10,12,15,8,3,F,2011
E01016451,Slough 001B,832,87,87,58,58,58,66,76,58,68,65,37,27,29,13,9,11,3,16,6,F,2011
E01016452,Slough 001C,843,61,65,59,56,45,62,56,61,67,74,45,47,31,23,21,20,24,12,14,F,2011
E01016453,Slough 001D,782,66,46,50,42,28,51,65,54,60,51,63,40,27,22,24,36,33,17,7,F,2011
E01016454,Slough 001E,774,73,58,56,49,50,43,56,60,64,70,43,31,20,18,20,18,23,15,7,F,2011
E01016455,Slough 001F,758,80,68,41,55,49,65,71,57,44,65,50,19,19,16,12,17,15,9,6,F,2011
E01016483,Slough 002A,877,95,52,65,47,84,106,86,75,47,38,42,43,24,23,20,12,14,3,1,F,2011
E01016484,Slough 002B,773,59,53,53,39,45,94,74,65,45,29,55,29,37,35,29,15,11,4,2,F,2011
E01016485,Slough 002C,826,79,56,60,50,66,82,81,57,59,51,46,34,38,19,18,17,7,5,1,F,2011
E01016486,Slough 002D,854,84,73,67,45,52,70,79,73,59,50,56,32,22,23,19,25,14,7,4,F,2011
E01016487,Slough 002E,891,60,62,85,50,78,88,83,48,48,66,57,43,30,16,29,28,12,6,2,F,2011
E01016488,Slough 002F,905,102,66,52,50,51,84,87,85,66,66,42,35,31,16,31,16,10,9,6,F,2011
E01016493,Slough 003A,644,40,34,37,44,48,33,57,51,48,51,41,45,36,16,11,14,16,10,12,F,2011
E01016494,Slough 003B,965,100,77,36,30,76,136,122,74,72,65,49,34,23,19,15,19,11,5,2,F,2011
E01016495,Slough 003C,751,69,33,32,38,62,81,89,61,58,41,35,27,30,26,24,18,12,9,6,F,2011
E01016496,Slough 003D,693,67,51,37,24,42,69,71,57,51,42,28,32,26,23,17,19,15,17,5,F,2011
E01016497,Slough 003E,740,37,45,70,50,29,38,39,40,65,70,50,45,50,23,30,17,21,11,10,F,2011
E01016498,Slough 003F,849,79,56,56,54,52,85,74,63,79,73,55,44,38,14,11,8,4,2,2,F,2011
E01016499,Slough 003G,685,65,52,48,46,51,56,77,45,56,48,51,27,21,13,14,12,2,0,1,F,2011
E01016444,Slough 004A,879,115,67,62,67,70,86,73,66,54,51,35,50,25,16,15,10,8,5,4,F,2011
E01016445,Slough 004B,965,96,99,75,77,64,92,79,69,72,52,44,44,28,19,13,15,11,12,4,F,2011
E01016446,Slough 004C,814,73,65,63,60,71,68,61,71,54,46,44,36,24,12,27,14,12,11,2,F,2011
E01016447,Slough 004D,888,98,70,55,47,74,97,103,76,37,43,47,34,34,15,26,19,8,3,2,F,2011
E01016448,Slough 004E,1150,105,67,68,77,71,146,124,78,54,61,58,46,45,33,35,29,27,14,12,F,2011
E01016449,Slough 004F,1073,96,75,103,84,69,98,92,84,68,63,72,47,37,22,22,22,12,3,4,F,2011
E01016516,Slough 005A,858,73,76,86,66,68,72,80,62,62,40,49,36,30,17,13,12,6,6,4,F,2011
E01016517,Slough 005B,758,59,53,55,55,55,82,76,49,47,47,50,31,19,29,16,22,8,3,2,F,2011
E01016518,Slough 005C,837,73,62,51,52,52,88,109,54,59,57,52,34,26,22,24,10,8,2,2,F,2011
E01016519,Slough 005D,1401,94,78,84,75,120,148,122,85,99,63,70,50,36,37,30,60,67,39,44,F,2011
E01016520,Slough 005E,852,73,66,59,69,50,69,58,68,68,52,51,44,26,25,15,27,18,13,1,F,2011
E01016521,Slough 005F,906,75,64,42,61,57,66,78,59,61,64,49,42,32,33,21,35,39,19,9,F,2011
E01016467,Slough 006A,719,60,46,53,38,34,74,82,53,72,42,52,26,29,14,15,13,7,6,3,F,2011
E01016468,Slough 006B,872,74,48,61,61,59,64,80,62,77,65,58,34,43,24,18,15,11,8,10,F,2011
E01016469,Slough 006C,818,68,45,45,41,50,78,95,69,50,49,54,35,31,30,20,23,21,8,6,F,2011
E01016470,Slough 006D,791,65,48,39,50,45,70,84,61,54,62,55,37,39,24,21,18,11,4,4,F,2011
E01016471,Slough 006E,717,46,53,45,60,43,43,45,60,53,55,40,59,30,25,13,22,16,5,4,F,2011
E01016472,Slough 006F,851,56,68,57,64,47,52,50,74,66,53,42,58,53,24,28,19,12,16,12,F,2011
E01016456,Slough 007A,1003,99,62,66,54,80,142,106,62,66,52,50,41,33,22,14,23,17,11,3,F,2011
E01016457,Slough 007B,956,90,75,66,77,77,117,79,52,60,48,51,47,46,24,20,13,6,4,4,F,2011
E01016458,Slough 007C,924,77,82,69,70,65,80,73,70,73,65,37,42,26,26,17,21,12,7,12,F,2011
E01016459,Slough 007D,1091,113,76,56,75,98,144,122,85,55,67,56,53,19,19,20,10,10,8,5,F,2011
E01016460,Slough 007E,943,109,57,56,59,55,104,77,59,54,58,45,51,53,32,25,15,18,6,10,F,2011
E01016461,Slough 007F,1229,141,81,54,57,99,187,166,107,77,47,62,48,37,17,17,16,5,9,2,F,2011
E01016473,Slough 008A,1075,115,94,60,68,60,128,129,93,92,82,52,27,27,18,18,8,3,1,0,F,2011
E01016474,Slough 008B,999,91,56,49,43,55,110,92,75,73,71,58,48,49,34,30,27,23,12,3,F,2011
E01016475,Slough 008C,1049,107,75,75,73,64,122,94,63,63,45,67,54,36,34,22,21,19,12,3,F,2011
E01016476,Slough 008D,882,97,66,59,44,45,91,129,105,74,57,41,28,23,8,8,4,1,2,0,F,2011
E01016477,Slough 008E,1179,142,90,53,47,66,145,189,127,93,70,48,37,29,19,8,13,2,0,1,F,2011
E01016478,Slough 008F,905,92,59,60,46,45,94,111,71,74,62,50,42,36,26,18,11,5,3,0,F,2011
E01016462,Slough 009A,1128,125,78,54,60,105,173,146,89,68,59,48,36,23,18,19,8,14,2,3,F,2011
E01016463,Slough 009B,894,86,84,67,53,77,77,80,68,56,47,43,35,29,43,18,16,7,5,3,F,2011
E01016464,Slough 009C,876,83,48,42,68,86,115,94,62,53,43,37,35,22,21,30,15,16,3,3,F,2011
E01016465,Slough 009D,1347,164,92,63,80,113,190,172,103,80,59,60,45,34,24,16,20,18,6,8,F,2011
E01032729,Slough 009F,789,95,64,31,35,48,82,110,65,50,31,32,29,24,22,20,15,8,14,14,F,2011
E01032730,Slough 009G,750,115,45,20,27,80,146,132,47,34,27,18,15,12,9,5,10,3,2,3,F,2011
E01016506,Slough 010A,847,81,49,31,30,69,150,108,77,55,65,54,31,20,7,12,3,4,0,1,F,2011
E01016507,Slough 010B,813,44,44,56,44,43,66,60,72,53,49,47,53,41,39,35,26,24,13,4,F,2011
E01016508,Slough 010C,888,71,52,65,48,57,70,89,67,50,63,41,44,38,42,27,33,21,9,1,F,2011
E01016509,Slough 010D,754,42,48,39,42,55,60,69,49,49,73,67,45,30,30,13,26,11,3,3,F,2011
E01016510,Slough 010E,734,25,26,34,66,39,48,46,48,50,67,54,56,57,31,35,23,15,6,8,F,2011
E01016511,Slough 011A,896,81,36,31,42,68,128,86,64,62,66,48,24,27,25,27,24,25,15,17,F,2011
E01016512,Slough 011B,889,97,47,33,22,64,130,144,77,58,51,40,29,32,20,14,16,9,4,2,F,2011
E01016513,Slough 011C,971,56,69,68,76,48,60,74,69,72,60,73,59,45,39,28,27,28,10,10,F,2011
E01016514,Slough 011D,861,71,53,42,24,51,129,132,65,54,58,30,36,25,31,18,21,13,3,5,F,2011
E01016515,Slough 011E,1056,72,70,80,57,63,87,84,70,74,66,57,62,61,43,41,25,22,15,7,F,2011
E01016500,Slough 012A,946,86,72,57,53,53,102,75,75,68,72,57,43,38,23,22,11,22,11,6,F,2011
E01016501,Slough 012B,832,59,64,65,55,48,56,75,80,64,51,58,37,31,16,13,23,16,14,7,F,2011
E01016502,Slough 012C,752,59,60,70,56,39,56,65,64,57,50,37,35,28,15,12,15,22,10,2,F,2011
E01016503,Slough 012D,770,53,49,47,52,44,79,69,59,57,65,40,31,31,24,10,10,25,17,8,F,2011
E01016504,Slough 012E,711,34,36,39,47,40,48,51,59,53,47,48,49,29,31,24,32,21,16,7,F,2011
E01016505,Slough 012F,855,52,72,68,48,57,64,84,80,60,41,43,37,40,20,13,23,22,24,7,F,2011
E01016490,Slough 013B,1002,88,95,67,62,57,94,88,96,71,51,35,53,52,31,28,10,10,11,3,F,2011
E01016491,Slough 013C,822,59,33,53,38,48,55,57,49,64,58,67,43,40,40,40,37,22,14,5,F,2011
E01016492,Slough 013D,853,66,74,57,50,42,61,77,77,84,59,50,32,22,24,33,21,16,5,3,F,2011
E01032731,Slough 013E,776,83,80,47,40,39,76,95,89,64,48,37,20,19,9,12,10,7,0,1,F,2011
E01032732,Slough 013F,817,74,49,51,43,57,72,73,70,54,63,33,33,40,20,29,21,14,11,10,F,2011
E01016479,Slough 014A,764,84,69,43,46,53,86,93,58,59,47,42,27,24,15,6,7,1,3,1,F,2011
E01016480,Slough 014B,708,48,47,51,52,47,65,70,54,52,43,46,32,37,21,16,12,7,4,4,F,2011
E01016481,Slough 014C,702,49,40,36,34,43,70,100,64,71,49,37,29,30,18,9,7,9,5,2,F,2011
E01016482,Slough 014D,823,64,34,28,44,83,89,83,70,60,60,57,37,32,25,23,22,8,2,2,F,2011
E06000045,,116705,7491,5773,5595,8206,14190,10365,8992,7201,7081,7206,6268,5399,5507,4502,3588,3315,2870,1956,1200,F,2011
E01017144,Southampton 001A,594,29,22,27,51,114,45,35,26,28,40,23,23,22,28,19,30,18,6,8,F,2011
E01017145,Southampton 001B,705,23,27,18,32,39,68,40,36,40,38,51,52,64,38,30,46,31,24,8,F,2011
E01017146,Southampton 001C,1073,37,40,36,227,135,84,62,37,59,49,57,55,44,44,32,20,25,17,13,F,2011
E01017148,Southampton 001D,1087,30,22,22,300,280,70,45,30,33,31,37,44,31,26,25,26,19,8,8,F,2011
E01017149,Southampton 001E,647,32,35,38,53,122,40,52,39,45,44,28,26,25,26,8,12,13,7,2,F,2011
E01017180,Southampton 002A,767,42,39,55,49,43,34,62,52,64,58,49,59,82,34,21,10,8,4,2,F,2011
E01017181,Southampton 002B,715,43,52,29,45,25,33,53,56,43,41,62,52,76,43,19,20,16,4,3,F,2011
E01017183,Southampton 002C,822,50,47,49,40,28,58,61,58,58,57,54,63,77,45,32,14,15,5,11,F,2011
E01017185,Southampton 002D,905,80,60,46,49,63,76,65,69,54,56,42,44,52,35,27,32,28,16,11,F,2011
E01017187,Southampton 002E,808,56,38,31,49,50,69,72,65,50,58,44,65,59,35,21,19,15,7,5,F,2011
E01017264,Southampton 003A,1253,40,30,29,474,295,97,53,52,20,29,19,21,25,14,18,7,12,10,8,F,2011
E01017265,Southampton 003B,844,63,45,43,64,50,66,45,53,68,59,64,40,46,28,32,20,20,18,20,F,2011
E01017270,Southampton 003C,643,26,23,24,88,58,35,33,36,39,28,29,26,46,42,25,29,35,13,8,F,2011
E01017271,Southampton 003D,535,29,24,26,21,34,39,36,32,33,38,30,29,36,29,33,30,19,10,7,F,2011
E01017182,Southampton 004A,739,31,19,39,33,26,28,30,46,30,42,49,43,74,58,45,42,47,36,21,F,2011
E01017184,Southampton 004B,729,47,44,39,39,24,43,41,59,51,52,36,58,82,48,31,14,15,4,2,F,2011
E01017186,Southampton 004C,824,60,55,49,72,40,67,81,66,74,57,46,49,41,18,13,18,9,3,6,F,2011
E01017188,Southampton 004D,875,65,64,64,79,38,66,65,84,64,55,46,47,40,35,24,11,18,8,2,F,2011
E01017266,Southampton 005A,673,41,44,45,55,120,51,43,41,51,43,26,20,25,17,18,23,7,3,0,F,2011
E01017267,Southampton 005B,568,25,15,25,34,156,59,33,31,35,36,28,18,15,20,9,13,9,7,0,F,2011
E01017272,Southampton 005E,732,62,65,51,54,55,46,64,55,57,50,30,36,44,19,12,9,13,7,3,F,2011
E01032756,Southampton 005F,1276,59,42,35,76,501,111,83,53,36,42,39,39,42,30,21,27,13,15,12,F,2011
E01017147,Southampton 006A,710,38,26,17,23,54,73,59,42,37,39,47,49,37,29,27,24,39,29,21,F,2011
E01017150,Southampton 006B,743,22,16,35,28,64,60,29,48,38,37,34,39,52,40,43,51,40,39,28,F,2011
E01017151,Southampton 006C,816,41,35,30,35,44,52,70,50,48,55,35,52,66,61,37,40,32,18,15,F,2011
E01017152,Southampton 006D,776,44,34,53,52,64,64,59,62,55,49,47,34,42,24,25,21,21,14,12,F,2011
E01017238,Southampton 007A,702,42,40,49,57,32,44,47,47,52,55,29,45,41,29,28,29,23,5,8,F,2011
E01017241,Southampton 007B,771,56,39,57,44,38,46,50,44,53,40,38,35,45,49,43,42,25,19,8,F,2011
E01017242,Southampton 007C,712,43,19,25,24,46,95,68,47,47,43,52,40,46,30,30,19,22,12,4,F,2011
E01017243,Southampton 007D,834,42,49,52,49,44,47,56,71,51,61,55,63,62,40,23,36,18,9,6,F,2011
E01017244,Southampton 007E,706,45,50,51,49,34,48,45,50,43,53,53,36,33,25,26,24,31,8,2,F,2011
E01017174,Southampton 008A,683,41,33,37,32,32,27,38,38,45,56,45,36,49,55,42,29,24,18,6,F,2011
E01017175,Southampton 008B,769,51,36,53,50,32,45,55,71,64,68,51,40,32,27,28,28,20,14,4,F,2011
E01017176,Southampton 008C,796,37,47,49,49,26,43,50,59,58,67,66,59,34,39,34,23,31,17,8,F,2011
E01017179,Southampton 008D,738,56,38,48,47,52,41,58,41,64,57,48,38,40,43,26,21,13,5,2,F,2011
E01017226,Southampton 009A,723,21,13,9,21,70,81,68,36,25,33,19,40,37,36,36,52,64,37,25,F,2011
E01017231,Southampton 009D,798,26,28,18,48,307,77,43,31,30,27,32,25,16,17,19,10,13,19,12,F,2011
E01017232,Southampton 009E,616,27,21,27,23,139,43,36,40,37,32,26,24,28,26,21,24,14,19,9,F,2011
E01032753,Southampton 009F,1164,55,59,38,100,300,82,60,45,49,46,48,51,59,51,31,29,24,25,12,F,2011
E01017246,Southampton 010A,962,81,54,36,42,91,121,121,84,59,49,44,35,37,31,24,17,20,9,7,F,2011
E01017250,Southampton 010B,766,64,41,25,23,43,70,55,36,42,41,54,34,49,40,32,40,31,24,22,F,2011
E01017251,Southampton 010C,787,58,46,54,42,48,65,83,69,63,56,49,30,29,26,24,22,11,11,1,F,2011
E01017253,Southampton 010D,855,62,56,58,54,46,71,88,74,52,47,51,34,49,29,36,16,16,10,6,F,2011
E01017247,Southampton 011A,842,47,49,45,57,54,58,53,44,61,78,41,51,52,43,21,25,24,18,21,F,2011
E01017248,Southampton 011B,793,52,47,57,40,34,31,59,53,66,67,59,43,50,34,27,18,32,17,7,F,2011
E01017249,Southampton 011C,717,49,47,49,43,34,21,22,48,58,56,63,43,64,26,31,16,30,13,4,F,2011
E01017252,Southampton 011D,808,39,38,41,53,47,46,43,50,40,79,62,53,43,43,30,37,30,21,13,F,2011
E01017254,Southampton 011E,840,54,47,50,56,57,69,76,62,74,63,43,39,34,28,26,23,18,19,2,F,2011
E01017236,Southampton 012A,728,58,57,48,25,47,56,59,38,48,52,44,38,41,27,20,14,35,17,4,F,2011
E01017237,Southampton 012B,749,66,55,52,47,42,59,64,48,60,54,39,36,42,18,23,11,19,10,4,F,2011
E01017239,Southampton 012C,754,65,55,51,41,46,80,69,53,47,46,34,43,22,24,24,26,16,9,3,F,2011
E01017240,Southampton 012D,622,54,34,42,33,42,55,47,46,35,42,30,24,29,28,22,27,14,9,9,F,2011
E01017245,Southampton 012E,804,87,72,44,58,76,80,50,56,42,40,45,33,28,21,20,16,21,13,2,F,2011
E01017227,Southampton 013A,626,27,10,3,51,311,52,34,17,12,18,11,13,8,5,4,5,14,11,20,F,2011
E01017228,Southampton 013B,757,52,34,40,39,85,79,72,63,53,43,51,35,34,27,15,17,13,3,2,F,2011
E01017233,Southampton 013C,820,51,47,30,48,92,84,72,58,46,48,44,29,42,33,23,22,27,17,7,F,2011
E01017234,Southampton 013D,863,46,28,27,44,294,80,57,35,33,35,42,23,22,18,14,22,14,19,10,F,2011
E01017235,Southampton 013E,729,29,13,12,42,322,76,52,26,25,20,19,13,14,7,6,9,15,15,14,F,2011
E01017171,Southampton 014A,874,64,48,30,30,76,103,92,59,51,52,53,35,32,40,31,18,16,23,21,F,2011
E01017172,Southampton 014B,841,58,37,41,50,65,108,93,69,62,47,44,40,44,34,19,9,12,6,3,F,2011
E01017173,Southampton 014C,716,44,44,37,38,42,57,39,45,50,66,48,42,35,37,26,19,18,23,6,F,2011
E01017177,Southampton 014D,739,47,20,34,32,46,75,43,48,42,54,43,45,46,48,30,32,20,20,14,F,2011
E01017178,Southampton 014E,763,48,52,53,48,33,50,63,48,83,67,59,41,34,27,20,14,12,6,5,F,2011
E01017207,Southampton 015A,864,85,74,46,46,98,75,73,48,51,42,41,29,25,25,27,29,25,13,12,F,2011
E01017209,Southampton 015B,710,57,40,38,39,48,80,64,58,59,53,26,36,26,23,25,19,7,4,8,F,2011
E01017211,Southampton 015C,928,49,32,34,34,54,81,91,59,53,59,30,26,40,38,57,53,64,37,37,F,2011
E01017212,Southampton 015D,698,38,42,44,49,31,53,47,59,55,47,57,23,41,34,19,18,13,18,10,F,2011
E01017213,Southampton 015E,731,43,31,22,43,47,84,84,63,48,51,52,33,33,19,24,16,16,15,7,F,2011
E01017200,Southampton 016A,904,40,36,35,44,57,34,58,54,54,64,58,58,70,41,45,62,39,29,26,F,2011
E01017201,Southampton 016B,721,57,45,48,39,42,57,43,38,60,50,41,29,42,37,37,28,13,10,5,F,2011
E01017202,Southampton 016C,898,89,63,54,43,91,100,73,61,59,55,41,27,24,26,29,17,20,13,13,F,2011
E01017203,Southampton 016D,842,58,43,60,54,44,68,60,65,51,69,47,44,41,33,29,29,23,17,7,F,2011
E01017204,Southampton 016E,799,51,39,38,54,29,46,62,57,47,56,52,51,53,41,33,32,32,11,15,F,2011
E01017157,Southampton 017A,701,11,10,11,43,354,65,32,24,14,23,10,16,18,10,11,10,17,13,9,F,2011
E01017158,Southampton 017B,845,41,8,11,31,307,123,66,29,25,20,27,23,27,25,16,14,19,16,17,F,2011
E01017159,Southampton 017C,798,28,24,19,42,400,81,46,23,36,15,22,15,14,7,8,13,3,2,0,F,2011
E01017160,Southampton 017D,721,35,17,14,28,213,111,91,40,47,28,17,25,14,12,5,10,8,3,3,F,2011
E01017198,Southampton 018A,759,30,27,34,28,30,61,39,31,41,44,57,47,56,52,41,38,55,26,22,F,2011
E01017199,Southampton 018B,866,44,34,36,41,51,43,46,53,47,50,66,50,52,63,44,50,50,29,17,F,2011
E01017205,Southampton 018C,702,57,50,56,65,39,46,31,51,49,49,53,34,15,28,16,18,24,13,8,F,2011
E01017206,Southampton 018D,802,40,40,48,58,46,44,51,54,63,68,61,35,45,42,32,33,15,16,11,F,2011
E01017208,Southampton 019A,726,86,40,44,46,53,70,61,48,37,47,40,40,24,23,19,23,13,6,6,F,2011
E01017210,Southampton 019B,841,77,66,68,67,61,59,61,47,64,53,49,36,25,27,17,26,19,13,6,F,2011
E01017214,Southampton 019C,739,66,50,44,49,49,51,61,51,60,49,35,37,46,34,17,18,13,5,4,F,2011
E01017215,Southampton 019D,906,69,59,57,49,51,50,82,62,73,69,58,49,51,43,18,21,17,19,9,F,2011
E01017216,Southampton 019E,716,45,36,52,53,42,73,65,45,54,61,46,35,32,26,13,13,13,8,4,F,2011
E01017189,Southampton 020A,671,34,23,27,35,131,120,74,31,42,33,27,21,17,18,9,8,6,8,7,F,2011
E01017190,Southampton 020B,776,32,16,15,81,124,136,87,42,26,26,19,22,32,19,18,13,15,28,25,F,2011
E01017191,Southampton 020C,763,58,32,26,34,122,139,95,49,52,34,28,35,15,14,8,7,6,7,2,F,2011
E01017196,Southampton 020D,903,61,16,22,24,132,187,133,68,33,38,31,34,24,22,27,26,14,9,2,F,2011
E01017197,Southampton 020E,760,54,48,50,50,61,63,57,55,69,51,43,32,43,28,20,12,4,13,7,F,2011
E01017192,Southampton 021A,972,71,47,37,43,83,128,126,83,65,53,42,50,36,24,25,19,18,15,7,F,2011
E01017193,Southampton 021B,803,40,38,29,37,68,87,88,56,47,67,51,41,32,34,24,26,13,15,10,F,2011
E01017194,Southampton 021C,836,61,23,37,48,85,134,87,74,53,65,38,36,20,23,14,13,16,4,5,F,2011
E01017195,Southampton 021D,907,64,46,34,36,95,140,105,71,45,52,46,44,27,33,25,19,13,8,4,F,2011
E01017153,Southampton 022A,714,78,66,50,54,82,76,73,60,35,33,40,17,11,12,6,10,8,3,0,F,2011
E01017154,Southampton 022B,1088,130,108,83,82,86,116,107,80,67,59,50,45,25,16,14,5,3,9,3,F,2011
E01017155,Southampton 022C,732,76,55,58,52,79,105,73,39,40,33,33,27,16,8,16,13,6,2,1,F,2011
E01017156,Southampton 022D,809,82,76,58,61,72,89,78,53,46,47,43,20,24,15,17,16,5,5,2,F,2011
E01032738,Southampton 022F,549,23,9,5,31,242,80,62,22,17,14,15,11,5,6,3,2,1,1,0,F,2011
E01032750,Southampton 022G,628,42,21,10,113,184,77,49,26,23,20,14,14,8,5,8,8,3,0,3,F,2011
E01017136,Southampton 023A,745,9,6,11,29,383,79,33,22,11,23,15,14,21,15,7,23,22,20,2,F,2011
E01017137,Southampton 023B,766,8,5,5,44,555,65,24,7,12,8,6,6,5,5,1,3,5,2,0,F,2011
E01017138,Southampton 023C,1198,36,16,17,150,476,140,89,34,15,19,16,13,21,19,21,33,26,30,27,F,2011
E01017140,Southampton 023D,675,42,9,16,14,130,82,67,29,32,37,25,34,36,23,20,25,34,16,4,F,2011
E01017217,Southampton 024A,777,35,47,56,51,41,43,56,39,54,67,59,36,41,46,30,31,20,14,11,F,2011
E01017223,Southampton 024B,831,51,38,51,57,40,42,53,61,71,71,64,46,54,31,31,25,20,14,11,F,2011
E01017224,Southampton 024C,660,33,28,30,56,34,40,41,48,50,53,57,39,29,29,38,26,12,12,5,F,2011
E01017225,Southampton 024D,809,51,53,51,48,41,48,72,64,51,63,55,38,46,29,31,33,19,7,9,F,2011
E01017162,Southampton 025A,749,41,27,39,37,38,43,42,30,51,46,39,52,60,47,43,40,43,26,5,F,2011
E01017163,Southampton 025B,782,82,75,32,44,71,84,48,51,47,52,51,37,23,18,19,28,13,6,1,F,2011
E01017164,Southampton 025C,750,46,29,30,40,34,39,44,49,54,55,56,43,57,47,48,33,22,16,8,F,2011
E01017165,Southampton 025D,744,35,40,44,38,45,47,34,44,56,53,46,44,43,27,36,36,37,27,12,F,2011
E01017166,Southampton 025E,806,82,53,46,39,70,71,56,38,56,52,51,27,27,32,27,33,22,14,10,F,2011
E01017256,Southampton 026A,1044,64,61,53,55,50,46,75,72,71,79,64,70,62,61,56,48,33,15,9,F,2011
E01017257,Southampton 026B,768,55,28,39,51,54,64,57,33,54,68,56,42,34,36,31,25,21,14,6,F,2011
E01017259,Southampton 026C,718,46,36,35,48,27,36,45,57,51,44,57,45,50,42,41,26,15,14,3,F,2011
E01017260,Southampton 026D,713,34,25,29,28,26,38,31,45,39,49,48,47,59,65,48,32,32,23,15,F,2011
E01017262,Southampton 026E,677,34,32,51,50,40,41,43,48,49,54,55,46,48,37,17,13,11,7,1,F,2011
E01017167,Southampton 027A,794,89,71,49,35,82,80,61,45,46,55,42,34,23,27,22,15,10,6,2,F,2011
E01017168,Southampton 027B,853,60,50,43,48,68,73,67,52,59,64,52,45,37,40,30,31,28,4,2,F,2011
E01017169,Southampton 027C,850,79,52,60,52,62,61,57,48,45,64,50,33,34,44,34,30,15,23,7,F,2011
E01017170,Southampton 027D,811,66,45,41,43,53,63,60,50,46,57,45,43,42,36,33,35,22,19,12,F,2011
E01017218,Southampton 028A,675,42,31,64,60,46,47,50,41,70,56,37,27,32,30,16,10,6,6,4,F,2011
E01017219,Southampton 028B,863,57,42,48,34,48,83,69,57,54,64,43,49,50,40,34,35,29,20,7,F,2011
E01017220,Southampton 028C,929,52,44,50,75,76,70,64,57,66,75,61,43,48,36,34,21,32,13,12,F,2011
E01017221,Southampton 028D,823,64,52,39,52,57,78,74,60,72,51,46,40,39,33,28,19,11,6,2,F,2011
E01017222,Southampton 028E,763,48,51,45,56,40,56,53,68,62,74,49,37,43,28,15,15,9,9,5,F,2011
E01017139,Southampton 029A,1140,77,45,45,178,251,114,78,55,51,37,35,23,29,36,36,20,12,11,7,F,2011
E01017142,Southampton 029C,1011,32,18,9,218,215,158,92,47,49,30,43,32,23,22,7,5,9,2,0,F,2011
E01032745,Southampton 029E,1063,51,48,23,213,408,105,71,35,26,26,23,6,6,5,6,6,3,2,0,F,2011
E01032746,Southampton 029F,480,28,7,4,6,130,130,75,30,21,14,14,6,2,5,3,2,3,0,0,F,2011
E01032748,Southampton 029G,440,14,4,9,9,67,93,57,31,10,36,31,18,21,10,14,8,4,3,1,F,2011
E01032751,Southampton 029H,510,44,13,10,26,93,72,64,26,24,36,21,26,11,12,8,12,6,4,2,F,2011
E01032755,Southampton 029I,481,82,50,14,20,47,75,58,28,26,22,16,14,7,6,7,7,1,0,1,F,2011
E01017255,Southampton 030A,784,43,35,45,45,52,56,65,55,60,59,41,34,45,48,27,29,23,14,8,F,2011
E01017258,Southampton 030B,771,63,35,38,44,51,67,60,44,66,61,48,40,42,39,20,24,18,6,5,F,2011
E01017261,Southampton 030C,869,62,42,42,46,44,67,69,57,57,59,61,55,41,59,24,28,23,18,15,F,2011
E01017263,Southampton 030D,725,30,39,47,47,33,50,52,37,59,65,49,38,39,36,31,28,21,18,6,F,2011
E01017273,Southampton 031A,765,40,39,27,39,40,39,47,45,55,45,62,42,37,36,38,32,43,35,24,F,2011
E01017275,Southampton 031B,854,64,39,35,58,51,58,66,50,53,78,59,51,50,39,25,24,28,18,8,F,2011
E01017276,Southampton 031C,825,69,42,42,56,66,83,89,49,64,76,49,28,35,26,14,15,12,4,6,F,2011
E01017278,Southampton 031D,671,56,30,25,34,44,82,64,51,46,48,43,32,31,30,13,19,12,8,3,F,2011
E01017279,Southampton 031E,889,47,37,52,52,57,82,68,61,51,65,53,40,52,41,32,24,24,34,17,F,2011
E01017274,Southampton 032A,788,50,49,57,64,47,49,49,45,52,56,46,52,35,38,34,18,23,17,7,F,2011
E01017277,Southampton 032B,782,67,49,52,59,31,56,55,59,59,46,50,50,56,36,18,11,11,7,10,F,2011
E01017280,Southampton 032C,731,52,48,40,46,40,43,59,39,33,57,45,45,54,27,25,28,25,21,4,F,2011
E01017281,Southampton 032D,799,118,62,24,35,106,96,57,52,36,49,42,23,31,15,17,15,14,6,1,F,2011
E06000037,,77721,4913,4378,4890,4777,3568,4184,4760,5647,6327,6214,5430,4761,4951,3850,2785,2346,1895,1310,735,F,2011
E01016277,West Berkshire 001A,748,42,55,61,76,11,20,24,58,66,55,43,52,52,45,28,27,22,10,1,F,2011
E01016286,West Berkshire 001B,758,44,41,49,55,33,35,54,53,73,75,58,51,40,32,23,17,15,5,5,F,2011
E01016287,West Berkshire 001C,753,41,52,81,45,18,28,28,53,91,70,63,55,43,31,24,13,8,6,3,F,2011
E01016288,West Berkshire 001D,845,46,67,57,47,22,24,44,48,80,81,79,58,53,44,29,29,19,11,7,F,2011
E01016303,West Berkshire 002A,757,51,44,36,46,13,31,43,65,65,65,48,46,61,53,37,24,7,16,6,F,2011
E01016304,West Berkshire 002B,774,34,46,40,37,27,34,38,76,58,71,52,53,68,48,30,24,21,9,8,F,2011
E01016305,West Berkshire 002C,640,34,28,21,40,30,40,41,37,50,49,49,32,59,44,18,23,20,14,11,F,2011
E01016306,West Berkshire 002D,638,38,40,26,44,30,32,43,48,46,54,41,40,42,42,34,15,13,8,2,F,2011
E01016256,West Berkshire 003A,847,44,47,59,42,32,25,37,52,73,99,80,64,63,39,35,24,19,10,3,F,2011
E01016257,West Berkshire 003B,708,32,57,59,38,10,21,16,45,62,65,68,52,45,36,27,25,17,19,14,F,2011
E01016313,West Berkshire 003C,857,54,47,30,44,27,44,50,78,60,67,55,51,68,55,37,26,27,23,14,F,2011
E01016314,West Berkshire 003D,671,26,39,49,96,16,15,26,26,41,55,50,46,40,37,36,26,26,13,8,F,2011
E01016315,West Berkshire 004A,796,36,34,43,35,26,27,42,54,60,75,58,54,67,53,45,40,30,10,7,F,2011
E01016316,West Berkshire 004B,1022,59,55,56,61,50,51,61,79,84,87,77,78,71,60,26,37,15,10,5,F,2011
E01016317,West Berkshire 004C,722,34,48,35,51,33,26,29,49,58,54,61,50,63,54,31,26,14,4,2,F,2011
E01016318,West Berkshire 004D,787,42,49,48,40,26,41,46,57,73,63,56,50,61,40,31,33,16,12,3,F,2011
E01016258,West Berkshire 005A,762,16,30,54,33,28,40,36,43,50,62,61,58,61,60,56,32,25,13,4,F,2011
E01016261,West Berkshire 005B,848,49,56,66,77,51,33,30,53,98,101,80,56,34,27,14,10,10,0,3,F,2011
E01016349,West Berkshire 005C,604,31,40,36,29,20,16,29,49,47,41,48,42,43,30,40,35,20,4,4,F,2011
E01016350,West Berkshire 005D,771,42,48,52,45,28,28,37,60,57,59,56,42,56,55,48,29,18,4,7,F,2011
E01016259,West Berkshire 006A,785,33,39,60,63,42,31,47,48,76,66,69,52,59,41,24,18,11,2,4,F,2011
E01016260,West Berkshire 006B,854,33,61,67,51,40,49,45,40,70,75,64,61,65,44,32,28,17,10,2,F,2011
E01016262,West Berkshire 006C,694,29,32,45,39,31,25,25,37,52,57,44,35,48,47,59,41,28,17,3,F,2011
E01016272,West Berkshire 006D,782,41,42,49,45,49,47,49,40,49,71,69,68,62,39,26,14,11,8,3,F,2011
E01016273,West Berkshire 006E,809,61,48,53,54,40,50,45,55,56,63,48,43,36,28,23,22,40,36,8,F,2011
E01016263,West Berkshire 007A,1134,76,92,95,57,44,57,75,97,96,101,74,57,68,38,39,20,24,16,8,F,2011
E01016278,West Berkshire 007B,594,58,46,45,31,29,41,31,53,69,52,32,30,20,13,15,13,9,6,1,F,2011
E01016283,West Berkshire 007C,1269,41,55,226,345,35,29,20,51,70,73,73,56,58,49,31,24,18,8,7,F,2011
E01016284,West Berkshire 007D,738,25,61,52,42,26,22,38,45,71,69,53,45,51,37,32,30,13,12,14,F,2011
E01016285,West Berkshire 007E,784,43,53,51,38,36,26,43,53,58,74,70,57,50,36,29,30,19,10,8,F,2011
E01016271,West Berkshire 008A,719,50,25,35,43,35,35,45,49,50,59,74,56,45,43,21,13,21,12,8,F,2011
E01016274,West Berkshire 008B,686,34,28,43,46,43,32,31,40,68,53,57,67,58,42,22,13,6,3,0,F,2011
E01016275,West Berkshire 008C,762,78,52,41,33,37,87,75,70,60,51,50,40,26,18,14,14,9,3,4,F,2011
E01016276,West Berkshire 008D,745,50,45,43,45,46,50,67,71,75,65,63,43,33,19,14,7,6,3,0,F,2011
E01016327,West Berkshire 009A,595,39,46,39,24,23,27,29,48,54,52,52,43,48,27,18,8,11,2,5,F,2011
E01016328,West Berkshire 009B,922,58,64,63,47,41,45,53,66,87,77,65,48,50,47,46,31,17,12,5,F,2011
E01016344,West Berkshire 009C,776,51,40,39,36,48,48,55,63,60,56,42,46,45,32,33,19,29,22,12,F,2011
E01016345,West Berkshire 009D,674,47,32,48,35,31,47,57,54,72,49,43,37,42,31,25,14,5,3,2,F,2011
E01016296,West Berkshire 010A,831,52,26,40,39,41,43,57,44,60,71,59,52,58,65,26,33,23,30,12,F,2011
E01016297,West Berkshire 010B,797,54,52,48,41,34,29,35,56,63,61,58,64,46,45,32,29,23,17,10,F,2011
E01016298,West Berkshire 010C,604,37,21,19,18,20,41,34,47,39,45,46,43,23,40,24,32,29,23,23,F,2011
E01016299,West Berkshire 010D,744,53,39,40,28,36,33,54,61,68,64,53,38,55,46,26,19,12,11,8,F,2011
E01016254,West Berkshire 011A,687,28,31,37,32,24,20,36,53,44,55,61,52,51,58,30,24,34,9,8,F,2011
E01016255,West Berkshire 011B,699,30,37,29,42,22,20,31,43,63,68,57,52,70,51,32,24,14,8,6,F,2011
E01016264,West Berkshire 011C,717,33,30,73,176,14,18,29,32,44,59,37,40,37,34,17,22,14,7,1,F,2011
E01016265,West Berkshire 011D,746,40,48,48,39,25,29,27,45,62,69,60,66,60,39,33,29,15,7,5,F,2011
E01016266,West Berkshire 011E,682,31,38,42,57,20,21,23,28,49,77,61,54,60,35,25,19,19,14,9,F,2011
E01016339,West Berkshire 011F,1414,140,93,77,67,81,108,139,132,135,89,75,83,62,38,43,21,24,5,2,F,2011
E01016310,West Berkshire 012A,964,55,46,51,43,48,65,74,64,71,62,55,57,57,34,39,45,39,37,22,F,2011
E01016311,West Berkshire 012B,804,52,25,19,33,34,67,64,56,56,52,54,50,50,39,38,34,38,33,10,F,2011
E01016323,West Berkshire 012C,720,37,30,36,32,23,31,45,46,48,57,39,40,61,45,41,31,32,28,18,F,2011
E01016324,West Berkshire 012D,706,34,43,50,26,31,33,26,49,55,58,44,54,59,47,27,26,19,16,9,F,2011
E01016325,West Berkshire 012E,781,68,50,37,43,56,47,53,56,41,41,42,40,42,41,26,34,31,25,8,F,2011
E01016279,West Berkshire 013A,1046,89,62,54,61,88,113,110,81,88,53,51,37,50,23,26,18,21,13,8,F,2011
E01016280,West Berkshire 013B,931,79,52,55,55,74,70,75,79,58,54,57,33,49,36,29,20,24,15,17,F,2011
E01016281,West Berkshire 013C,691,57,29,42,42,23,36,57,56,54,47,51,46,46,35,23,27,14,6,0,F,2011
E01016282,West Berkshire 013D,741,55,48,39,25,37,66,76,72,64,53,46,39,39,23,20,16,14,6,3,F,2011
E01016329,West Berkshire 014A,735,57,40,37,37,42,65,65,70,73,64,47,60,39,14,8,6,6,4,1,F,2011
E01016340,West Berkshire 014B,787,42,44,62,45,31,51,46,48,73,56,51,37,53,41,29,28,21,20,9,F,2011
E01016341,West Berkshire 014C,695,40,41,57,55,35,31,51,57,57,56,51,40,48,29,24,13,7,2,1,F,2011
E01016342,West Berkshire 014D,952,78,55,48,60,57,93,79,66,89,86,72,46,46,33,13,10,9,8,4,F,2011
E01016343,West Berkshire 014E,722,32,30,39,43,34,32,23,40,62,60,61,76,67,38,25,24,19,13,4,F,2011
E01016267,West Berkshire 015A,717,42,34,59,38,30,24,37,58,62,63,58,52,51,37,31,12,14,11,4,F,2011
E01016268,West Berkshire 015B,814,60,44,61,59,38,40,56,57,71,63,34,42,47,41,32,30,20,12,7,F,2011
E01016269,West Berkshire 015C,700,33,27,59,42,29,23,35,47,48,80,68,55,50,34,18,21,7,22,2,F,2011
E01016270,West Berkshire 015D,791,67,56,59,43,31,52,75,77,57,55,47,46,41,18,9,10,13,19,16,F,2011
E01016330,West Berkshire 016A,731,43,27,37,35,46,68,54,48,68,55,50,43,40,26,28,18,22,14,9,F,2011
E01016331,West Berkshire 016B,830,74,65,62,53,57,49,76,71,56,62,45,34,46,31,15,16,10,2,6,F,2011
E01016332,West Berkshire 016C,795,50,33,34,25,37,46,44,51,49,51,31,31,60,55,40,43,45,45,25,F,2011
E01016334,West Berkshire 016D,863,61,57,64,62,35,49,65,82,84,79,53,33,25,33,19,17,11,16,18,F,2011
E01016336,West Berkshire 016E,649,54,47,46,57,35,38,32,50,59,50,36,25,20,33,27,21,13,4,2,F,2011
E01016333,West Berkshire 017A,663,61,38,43,45,29,44,48,53,63,82,49,44,23,15,12,6,4,3,1,F,2011
E01016335,West Berkshire 017B,763,57,48,43,39,34,51,55,73,76,54,54,45,45,35,20,17,12,5,0,F,2011
E01016337,West Berkshire 017C,1090,95,60,72,50,56,87,83,93,85,76,54,41,54,45,33,46,33,18,9,F,2011
E01016338,West Berkshire 017D,937,64,45,58,72,43,45,46,66,78,100,95,67,50,42,10,13,16,16,11,F,2011
E01016300,West Berkshire 018A,748,50,47,37,26,28,43,42,70,50,40,50,51,59,29,34,26,25,26,15,F,2011
E01016301,West Berkshire 018B,955,45,62,42,55,42,30,39,55,73,104,97,66,76,58,38,31,21,17,4,F,2011
E01016302,West Berkshire 018C,814,42,55,56,45,25,23,38,75,77,72,59,60,62,47,28,25,11,11,3,F,2011
E01016326,West Berkshire 018D,712,48,50,48,18,21,11,26,54,55,62,54,53,53,49,24,29,16,15,26,F,2011
E01016293,West Berkshire 019A,1382,109,76,100,113,71,84,108,115,125,106,91,79,63,54,36,28,16,4,4,F,2011
E01016346,West Berkshire 019B,670,43,14,19,23,56,71,59,34,45,40,42,34,48,24,23,22,35,22,16,F,2011
E01016347,West Berkshire 019C,737,42,24,16,15,74,99,87,60,33,26,21,22,23,32,33,33,46,30,21,F,2011
E01016348,West Berkshire 019D,1006,90,25,35,36,87,118,137,87,71,76,53,43,48,20,18,18,17,14,13,F,2011
E01016294,West Berkshire 020A,742,45,37,30,29,40,42,63,60,49,54,64,49,57,42,18,29,18,11,5,F,2011
E01016295,West Berkshire 020B,777,78,47,68,54,48,56,61,59,67,50,43,50,44,17,15,7,5,7,1,F,2011
E01016312,West Berkshire 020C,979,83,67,63,38,55,70,93,83,88,73,60,45,50,41,24,20,15,7,4,F,2011
E01016319,West Berkshire 020D,882,50,42,41,50,34,50,47,55,40,71,49,51,61,59,38,37,38,42,27,F,2011
E01016320,West Berkshire 020E,687,46,28,36,39,42,43,36,37,60,52,50,27,52,41,20,29,25,16,8,F,2011
E01016289,West Berkshire 021A,740,26,36,53,40,23,20,13,35,53,47,54,58,70,66,41,49,39,11,6,F,2011
E01016290,West Berkshire 021B,781,56,44,40,39,37,34,32,59,68,57,65,44,69,38,38,20,21,12,8,F,2011
E01016291,West Berkshire 021C,907,68,64,66,42,26,27,47,87,89,72,44,59,55,57,30,29,22,15,8,F,2011
E01016292,West Berkshire 021D,807,53,52,43,52,34,43,39,46,73,62,64,48,51,31,23,29,27,25,12,F,2011
E01016321,West Berkshire 021E,726,44,23,34,50,44,62,42,52,55,47,57,41,32,36,31,34,18,18,6,F,2011
E01016322,West Berkshire 021F,640,31,31,51,48,26,11,23,41,43,49,56,46,45,29,41,24,26,11,8,F,2011
E01016307,West Berkshire 022A,818,56,46,57,33,38,35,32,49,78,60,42,44,53,58,39,38,26,27,7,F,2011
E01016308,West Berkshire 022B,947,59,66,61,39,29,32,40,84,83,82,61,54,75,59,39,33,24,19,8,F,2011
E01016309,West Berkshire 022C,1095,73,67,66,79,51,43,57,80,95,74,67,66,71,73,52,28,27,20,6,F,2011
E06000040,,73390,4522,4148,4288,3996,3344,4478,4999,5309,5938,5591,4739,4142,4409,3667,2855,2541,2062,1428,934,F,2011
E01016570,Windsor and Maidenhead 001A,838,58,39,50,51,30,32,43,60,65,72,65,49,70,50,41,22,22,16,3,F,2011
E01016572,Windsor and Maidenhead 001B,715,34,36,50,38,20,36,34,48,48,49,48,49,50,36,35,40,35,20,9,F,2011
E01016582,Windsor and Maidenhead 001C,730,61,54,52,37,41,63,70,56,56,43,50,32,29,23,19,22,15,3,4,F,2011
E01016600,Windsor and Maidenhead 001D,619,33,36,38,45,22,18,17,35,50,51,49,35,54,49,24,30,14,13,6,F,2011
E01016530,Windsor and Maidenhead 002A,770,49,32,37,38,28,47,47,51,38,47,48,55,51,35,42,45,38,32,10,F,2011
E01016531,Windsor and Maidenhead 002B,718,30,29,45,32,20,20,29,33,62,65,61,45,55,64,43,37,22,15,11,F,2011
E01016532,Windsor and Maidenhead 002C,1024,54,56,42,31,45,38,59,66,83,91,68,55,74,67,54,53,39,24,25,F,2011
E01016533,Windsor and Maidenhead 002D,1000,59,52,85,44,16,39,41,68,85,107,67,58,81,62,50,37,26,16,7,F,2011
E01016578,Windsor and Maidenhead 002E,739,23,45,40,37,32,25,35,42,59,66,55,72,58,43,33,19,30,15,10,F,2011
E01016579,Windsor and Maidenhead 002F,848,48,51,51,46,18,32,42,64,69,74,72,53,71,54,33,30,24,8,8,F,2011
E01016581,Windsor and Maidenhead 002G,731,40,53,49,43,14,18,31,52,80,65,57,49,47,33,49,18,14,11,8,F,2011
E01016571,Windsor and Maidenhead 003A,769,47,47,36,51,25,59,44,53,60,60,71,47,50,37,31,20,20,9,2,F,2011
E01016573,Windsor and Maidenhead 003B,727,50,50,58,39,39,44,48,54,52,59,47,48,37,34,25,16,12,12,3,F,2011
E01016574,Windsor and Maidenhead 003C,787,47,48,42,47,36,61,64,43,51,39,44,44,45,40,28,52,33,16,7,F,2011
E01016599,Windsor and Maidenhead 003D,800,48,54,49,64,48,44,62,65,66,48,57,36,43,49,28,18,11,8,2,F,2011
E01016583,Windsor and Maidenhead 004A,796,44,36,32,41,34,43,48,55,64,55,66,52,58,56,38,30,23,14,7,F,2011
E01016585,Windsor and Maidenhead 004B,801,33,25,31,38,42,68,83,50,64,56,50,38,44,43,50,32,18,19,17,F,2011
E01016586,Windsor and Maidenhead 004C,691,24,27,43,27,24,25,19,36,50,53,62,65,51,55,32,30,28,20,20,F,2011
E01016591,Windsor and Maidenhead 004D,837,43,65,53,45,29,32,48,50,71,79,68,52,62,55,35,22,15,10,3,F,2011
E01016592,Windsor and Maidenhead 004E,976,50,27,39,37,42,80,98,68,58,54,38,47,57,44,40,58,55,44,40,F,2011
E01016525,Windsor and Maidenhead 005A,826,46,66,57,42,26,48,63,65,79,70,46,50,43,25,31,25,21,11,12,F,2011
E01016528,Windsor and Maidenhead 005B,816,52,56,41,52,38,71,78,54,59,56,36,39,44,40,27,25,23,18,7,F,2011
E01016529,Windsor and Maidenhead 005C,838,71,60,46,41,50,69,75,70,46,49,46,37,35,37,28,20,23,21,14,F,2011
E01016536,Windsor and Maidenhead 005D,937,82,47,27,32,51,133,108,93,75,41,34,29,42,32,21,16,27,25,22,F,2011
E01016584,Windsor and Maidenhead 005E,865,80,42,63,32,56,95,107,58,64,58,49,29,31,28,22,19,17,12,3,F,2011
E01032733,Windsor and Maidenhead 005G,535,49,16,4,19,76,80,77,34,22,13,7,10,15,14,20,17,24,23,15,F,2011
E01032734,Windsor and Maidenhead 005H,697,53,38,31,40,56,107,76,54,46,34,29,29,25,12,18,25,13,6,5,F,2011
E01016526,Windsor and Maidenhead 006A,967,90,78,77,42,27,61,64,109,105,77,53,32,52,28,19,22,14,13,4,F,2011
E01016527,Windsor and Maidenhead 006B,836,75,44,37,44,28,55,90,90,75,74,40,38,37,24,12,20,13,15,25,F,2011
E01016534,Windsor and Maidenhead 006C,786,24,34,46,67,27,35,22,40,64,62,64,63,61,55,40,45,25,9,3,F,2011
E01016598,Windsor and Maidenhead 006D,744,27,44,59,47,23,30,22,41,60,60,59,45,47,37,24,38,27,30,24,F,2011
E01016601,Windsor and Maidenhead 006E,848,60,64,74,53,31,33,45,66,82,82,55,44,47,30,31,21,12,12,6,F,2011
E01016602,Windsor and Maidenhead 006F,831,35,48,52,51,26,34,26,46,67,61,67,51,50,48,55,40,40,23,11,F,2011
E01016535,Windsor and Maidenhead 007A,660,56,37,42,33,31,46,63,37,58,35,39,38,27,23,39,25,20,8,3,F,2011
E01016537,Windsor and Maidenhead 007B,759,61,68,54,51,32,76,55,80,54,50,37,29,27,27,27,16,9,3,3,F,2011
E01016538,Windsor and Maidenhead 007C,798,60,40,36,38,41,74,87,77,63,45,46,36,48,28,27,23,15,7,7,F,2011
E01016593,Windsor and Maidenhead 007D,851,63,57,50,51,47,68,81,67,59,53,61,35,35,32,30,20,20,17,5,F,2011
E01016594,Windsor and Maidenhead 007E,740,48,58,41,35,44,53,68,60,72,41,37,35,42,26,26,17,20,14,3,F,2011
E01016559,Windsor and Maidenhead 008A,725,35,40,38,52,29,28,33,44,59,68,51,50,66,38,32,30,17,13,2,F,2011
E01016560,Windsor and Maidenhead 008B,770,58,52,48,28,72,63,51,44,54,52,36,30,45,30,32,29,26,14,6,F,2011
E01016561,Windsor and Maidenhead 008C,908,48,61,47,61,46,48,65,75,77,74,65,73,54,51,23,26,8,3,3,F,2011
E01016562,Windsor and Maidenhead 008D,712,53,32,37,40,36,27,53,37,55,57,44,64,65,42,29,22,9,8,2,F,2011
E01016563,Windsor and Maidenhead 008E,682,37,40,41,39,35,34,49,35,63,58,60,49,53,44,20,13,9,2,1,F,2011
E01016580,Windsor and Maidenhead 008F,807,58,58,51,40,52,50,54,45,68,46,58,57,49,42,21,22,18,11,7,F,2011
E01016539,Windsor and Maidenhead 009A,783,30,39,42,37,27,25,27,61,70,72,58,51,54,61,34,38,24,24,9,F,2011
E01016540,Windsor and Maidenhead 009B,860,43,56,54,50,30,37,53,62,77,60,60,60,55,59,31,27,19,13,14,F,2011
E01016541,Windsor and Maidenhead 009C,692,50,33,30,43,31,33,43,53,60,48,53,58,65,42,20,18,8,4,0,F,2011
E01016542,Windsor and Maidenhead 009D,611,52,34,41,26,24,31,38,54,55,41,37,41,43,27,26,18,12,9,2,F,2011
E01016543,Windsor and Maidenhead 009E,818,46,38,36,33,20,31,45,61,75,75,51,54,66,44,38,35,25,21,24,F,2011
E01016544,Windsor and Maidenhead 010A,759,47,25,34,16,37,79,88,75,65,56,42,35,38,28,23,24,22,20,5,F,2011
E01016567,Windsor and Maidenhead 010B,906,60,46,46,34,38,79,75,57,88,79,65,67,47,36,33,24,16,10,6,F,2011
E01016568,Windsor and Maidenhead 010C,641,35,38,26,48,39,35,37,39,38,68,37,36,42,20,24,35,28,10,6,F,2011
E01016569,Windsor and Maidenhead 010D,522,18,23,18,25,19,28,38,40,44,47,45,32,33,24,29,21,14,16,8,F,2011
E01016564,Windsor and Maidenhead 011A,825,42,46,67,45,40,46,55,64,77,66,54,37,50,37,21,11,31,19,17,F,2011
E01016565,Windsor and Maidenhead 011B,802,35,49,43,39,20,45,53,60,59,65,49,54,65,46,28,31,29,18,14,F,2011
E01016566,Windsor and Maidenhead 011C,872,76,44,36,48,44,63,104,93,69,73,43,40,44,31,24,16,12,7,5,F,2011
E01016577,Windsor and Maidenhead 011D,873,63,43,37,50,54,81,60,47,64,65,75,49,49,41,26,36,17,8,8,F,2011
E01016545,Windsor and Maidenhead 012A,1048,70,40,35,26,71,121,112,94,69,69,34,45,54,40,34,42,44,30,18,F,2011
E01016547,Windsor and Maidenhead 012B,855,73,49,30,27,29,92,115,97,101,60,34,42,26,32,16,10,12,6,4,F,2011
E01016550,Windsor and Maidenhead 012C,650,55,29,38,36,31,47,56,76,54,43,28,29,19,17,32,15,14,18,13,F,2011
E01016552,Windsor and Maidenhead 012D,810,61,51,28,25,46,67,81,70,61,54,42,37,42,34,35,33,25,11,7,F,2011
E01016551,Windsor and Maidenhead 013A,812,35,28,52,37,50,44,37,42,59,70,50,48,53,52,54,36,33,25,7,F,2011
E01016553,Windsor and Maidenhead 013B,745,26,33,35,35,25,32,27,35,52,52,49,41,50,74,62,53,35,17,12,F,2011
E01016557,Windsor and Maidenhead 013C,967,43,48,42,40,49,67,73,68,59,77,61,53,77,58,41,49,35,19,8,F,2011
E01016558,Windsor and Maidenhead 013D,881,108,77,45,41,81,124,104,61,62,45,19,19,32,16,23,11,6,6,1,F,2011
E01016548,Windsor and Maidenhead 014A,975,78,51,41,44,39,98,75,77,89,71,74,44,40,40,26,34,31,15,8,F,2011
E01016549,Windsor and Maidenhead 014B,1097,76,49,52,44,53,84,83,74,77,73,54,47,53,40,42,38,49,47,62,F,2011
E01016554,Windsor and Maidenhead 014C,840,65,47,46,48,47,57,43,62,60,46,50,39,46,29,29,37,46,23,20,F,2011
E01016555,Windsor and Maidenhead 014D,719,49,36,52,33,36,48,55,58,62,56,55,32,38,42,20,19,15,12,1,F,2011
E01016556,Windsor and Maidenhead 014E,902,48,50,50,48,54,49,53,65,54,70,61,62,59,39,33,34,34,20,19,F,2011
E01016546,Windsor and Maidenhead 015A,837,66,62,33,20,22,66,82,90,86,65,34,39,42,37,23,27,14,15,14,F,2011
E01016595,Windsor and Maidenhead 015B,911,65,69,56,52,47,46,78,78,91,75,49,49,30,27,27,24,23,14,11,F,2011
E01016596,Windsor and Maidenhead 015C,915,59,53,47,34,39,56,68,71,89,86,55,51,54,47,30,27,25,18,6,F,2011
E01016597,Windsor and Maidenhead 015D,902,60,61,62,55,40,32,45,60,84,69,61,56,76,65,34,25,10,3,4,F,2011
E01016575,Windsor and Maidenhead 016A,828,22,31,36,47,66,19,29,38,59,77,70,67,66,57,48,39,30,18,9,F,2011
E01016576,Windsor and Maidenhead 016B,845,59,56,41,52,29,42,51,66,74,58,58,55,49,62,34,26,19,12,2,F,2011
E01016587,Windsor and Maidenhead 016C,823,39,46,35,43,39,29,43,70,70,53,61,43,57,44,47,41,38,15,10,F,2011
E01016588,Windsor and Maidenhead 016D,907,57,42,39,43,43,37,59,47,70,78,59,62,64,59,42,40,27,28,11,F,2011
E01016589,Windsor and Maidenhead 016E,825,41,33,51,38,29,25,29,59,71,57,73,54,57,43,37,35,31,36,26,F,2011
E01016522,Windsor and Maidenhead 017A,995,45,68,77,71,30,27,43,66,69,112,71,71,83,81,21,26,20,9,5,F,2011
E01016523,Windsor and Maidenhead 017B,874,44,47,65,87,66,31,37,36,69,79,55,45,40,33,42,19,38,19,22,F,2011
E01016524,Windsor and Maidenhead 017C,1049,65,79,55,56,42,42,53,82,106,80,80,63,53,53,45,41,23,21,10,F,2011
E01016609,Windsor and Maidenhead 017D,952,69,57,82,48,41,41,66,99,79,75,70,43,50,36,23,31,14,20,8,F,2011
E01016603,Windsor and Maidenhead 018A,936,42,55,57,50,32,33,33,50,91,74,58,54,45,62,50,45,36,32,37,F,2011
E01016604,Windsor and Maidenhead 018B,1024,41,45,96,55,32,36,43,60,77,75,86,61,66,59,34,39,41,38,40,F,2011
E01016605,Windsor and Maidenhead 018C,791,45,54,57,50,30,36,37,58,71,79,51,45,48,42,29,25,24,8,2,F,2011
E01016606,Windsor and Maidenhead 018D,836,47,44,73,54,35,21,27,70,73,83,72,51,47,45,38,18,20,15,3,F,2011
E01016607,Windsor and Maidenhead 018E,1076,28,46,186,242,31,25,24,30,65,79,68,57,66,43,25,30,19,8,4,F,2011
E01016608,Windsor and Maidenhead 018F,945,48,56,63,60,32,49,48,64,87,87,66,51,49,41,38,31,30,28,17,F,2011
E06000041,,78204,4845,4810,4630,4657,3485,4016,5090,5855,6379,6397,5567,4605,4804,3863,2965,2521,1754,1193,768,F,2011
E01016675,Wokingham 001A,534,28,30,18,25,16,22,28,34,41,41,34,34,41,36,19,25,14,16,32,F,2011
E01016676,Wokingham 001B,790,29,43,41,42,28,21,27,53,53,66,59,54,63,54,52,36,40,18,11,F,2011
E01016677,Wokingham 001C,757,46,44,30,37,23,20,36,51,59,50,54,58,61,46,37,31,22,22,30,F,2011
E01016678,Wokingham 001D,681,45,32,40,23,20,31,31,49,55,57,52,38,49,47,40,30,28,7,7,F,2011
E01016619,Wokingham 002A,769,38,49,55,45,27,22,39,62,66,75,68,53,33,58,22,24,21,8,4,F,2011
E01016620,Wokingham 002B,755,46,55,58,51,29,25,38,62,80,73,58,58,35,31,30,15,7,3,1,F,2011
E01016692,Wokingham 002C,735,42,40,44,22,18,30,47,54,60,53,46,36,58,34,41,44,30,21,15,F,2011
E01016693,Wokingham 002D,691,53,36,27,31,20,48,72,75,61,62,47,38,38,43,17,10,7,4,2,F,2011
E01016694,Wokingham 002E,774,52,43,35,15,23,46,71,78,45,45,40,28,44,34,33,42,38,37,25,F,2011
E01016695,Wokingham 002F,781,57,52,45,37,19,30,40,68,72,61,59,49,56,53,28,35,16,3,1,F,2011
E01016621,Wokingham 003A,744,39,43,42,42,45,40,53,38,74,72,50,50,49,35,20,32,12,6,2,F,2011
E01016623,Wokingham 003B,783,42,45,50,41,39,28,34,43,58,59,63,46,46,42,49,43,30,18,7,F,2011
E01016624,Wokingham 003C,736,41,41,44,53,39,21,25,48,52,42,73,49,51,46,39,44,17,9,2,F,2011
E01016684,Wokingham 003D,792,41,46,49,47,23,37,39,61,71,63,64,52,53,40,47,32,15,10,2,F,2011
E01016685,Wokingham 003E,835,39,44,45,42,26,26,24,50,53,76,63,57,49,45,47,37,29,50,33,F,2011
E01016622,Wokingham 004A,631,25,42,48,42,30,27,22,46,48,55,41,44,48,40,33,26,5,7,2,F,2011
E01016657,Wokingham 004B,767,61,75,60,34,22,21,41,71,91,85,51,32,43,29,17,16,4,11,3,F,2011
E01016658,Wokingham 004C,653,33,41,49,59,34,32,39,42,68,87,62,36,24,17,8,9,6,3,4,F,2011
E01016659,Wokingham 004D,748,51,46,37,46,49,63,68,51,65,70,60,25,28,21,14,17,15,16,6,F,2011
E01016660,Wokingham 004E,819,55,70,46,60,36,38,64,40,101,68,64,50,46,26,18,19,9,7,2,F,2011
E01016615,Wokingham 005A,766,42,39,49,41,40,38,52,52,41,57,41,32,30,52,55,45,27,21,12,F,2011
E01016616,Wokingham 005B,741,29,41,40,34,29,43,39,41,43,44,35,47,44,57,49,51,35,26,14,F,2011
E01016617,Wokingham 005C,632,19,35,27,35,20,28,29,38,46,45,34,34,40,50,64,33,28,15,12,F,2011
E01016662,Wokingham 005D,871,75,53,51,41,48,76,74,69,65,57,48,37,46,30,35,26,21,11,8,F,2011
E01016613,Wokingham 006A,780,70,67,56,50,51,46,45,50,60,61,62,32,43,23,22,21,10,8,3,F,2011
E01016614,Wokingham 006B,675,26,27,54,42,37,45,44,43,39,53,60,49,37,32,27,23,16,9,12,F,2011
E01016618,Wokingham 006C,659,46,44,37,32,53,41,29,41,53,45,40,35,33,31,38,17,20,15,9,F,2011
E01016664,Wokingham 006D,669,41,37,64,51,15,15,19,41,77,52,52,27,29,34,27,34,27,16,11,F,2011
E01016668,Wokingham 006E,770,37,42,52,58,45,53,44,45,57,64,48,40,41,49,22,28,26,13,6,F,2011
E01016669,Wokingham 006F,908,65,57,53,51,34,62,73,76,62,69,45,39,43,39,38,44,33,17,8,F,2011
E01016661,Wokingham 007A,688,44,44,44,41,38,38,39,54,55,59,56,47,40,34,23,18,11,3,0,F,2011
E01016663,Wokingham 007B,774,49,52,33,43,40,46,49,66,52,57,53,54,45,40,42,35,13,3,2,F,2011
E01016686,Wokingham 007C,582,44,31,28,26,39,43,51,47,49,50,32,39,46,23,11,14,4,2,3,F,2011
E01016687,Wokingham 007D,663,38,32,43,42,36,30,30,38,61,54,38,43,43,52,29,25,18,11,0,F,2011
E01016688,Wokingham 007E,773,31,23,22,164,116,31,46,41,44,51,41,35,56,36,15,12,4,4,1,F,2011
E01016689,Wokingham 007F,698,32,38,36,28,26,20,38,39,54,56,42,43,47,54,60,47,21,10,7,F,2011
E01016652,Wokingham 008B,643,39,43,49,42,28,32,28,55,67,57,44,43,50,27,19,6,8,6,0,F,2011
E01016653,Wokingham 008C,720,19,42,35,79,101,22,27,29,44,67,67,48,48,36,25,7,8,14,2,F,2011
E01016665,Wokingham 008D,809,58,48,51,44,38,48,59,66,71,62,61,51,39,33,25,23,18,9,5,F,2011
E01016666,Wokingham 008E,688,46,46,24,48,39,32,55,48,58,59,72,44,47,31,15,9,9,5,1,F,2011
E01032761,Wokingham 008G,1374,46,100,92,107,92,39,35,77,105,122,101,72,95,66,78,69,39,24,15,F,2011
E01016647,Wokingham 009A,971,71,77,70,64,51,57,80,101,88,83,51,43,38,28,12,10,10,19,18,F,2011
E01016701,Wokingham 009B,907,46,52,77,52,43,45,43,67,73,77,81,47,76,46,30,24,18,6,4,F,2011
E01016702,Wokingham 009C,938,76,65,67,54,42,66,72,74,74,76,50,61,51,38,35,19,12,4,2,F,2011
E01016703,Wokingham 009D,982,78,78,61,46,34,49,95,90,82,74,56,49,50,40,23,14,19,13,31,F,2011
E01016704,Wokingham 009E,1054,86,83,67,64,49,90,97,94,78,76,59,43,48,34,17,25,22,17,5,F,2011
E01016627,Wokingham 010A,883,40,57,50,40,49,38,49,74,85,63,62,78,73,51,31,21,7,8,7,F,2011
E01016628,Wokingham 010B,762,37,34,47,40,20,27,34,53,65,60,52,48,66,48,57,38,23,11,2,F,2011
E01016656,Wokingham 010C,711,38,42,33,52,25,20,37,43,61,79,59,56,47,41,26,19,16,10,7,F,2011
E01016700,Wokingham 010D,953,58,61,57,66,46,63,71,61,84,85,66,61,64,38,26,19,17,8,2,F,2011
E01016644,Wokingham 011A,736,70,63,43,37,37,40,72,77,59,55,51,47,26,24,20,8,6,1,0,F,2011
E01016645,Wokingham 011B,757,53,46,34,26,43,78,95,66,81,66,44,24,30,9,16,13,21,8,4,F,2011
E01016646,Wokingham 011C,795,66,38,54,49,44,59,64,75,64,79,74,50,26,22,14,15,2,0,0,F,2011
E01016648,Wokingham 011D,722,64,38,27,32,44,73,96,73,55,50,59,33,17,17,9,13,5,8,9,F,2011
E01016649,Wokingham 011E,720,43,50,33,46,36,82,74,62,52,50,58,41,25,26,13,19,6,2,2,F,2011
E01016651,Wokingham 012A,733,49,30,41,47,46,48,48,46,47,54,63,53,48,35,22,30,16,8,2,F,2011
E01016654,Wokingham 012B,730,42,42,45,36,28,50,63,46,51,51,62,50,40,31,30,22,15,18,8,F,2011
E01016655,Wokingham 012C,658,43,41,34,39,36,48,64,56,48,63,53,53,40,16,7,8,8,1,0,F,2011
E01016679,Wokingham 012D,1124,103,79,63,61,79,110,116,105,68,72,62,50,63,30,28,20,8,5,2,F,2011
E01016680,Wokingham 012E,648,42,47,47,51,43,58,57,40,45,52,40,24,22,19,18,14,14,10,5,F,2011
E01032758,Wokingham 012G,823,94,55,32,49,40,79,90,85,76,54,42,32,26,16,18,18,8,7,2,F,2011
E01032759,Wokingham 012H,739,66,53,34,20,26,62,61,74,48,56,47,38,47,25,27,25,11,12,7,F,2011
E01016626,Wokingham 013A,845,55,37,37,40,43,62,89,68,77,59,38,23,40,36,31,37,34,23,16,F,2011
E01016671,Wokingham 013B,941,32,32,31,26,21,39,53,53,53,34,37,48,73,45,42,91,85,78,68,F,2011
E01016673,Wokingham 013C,913,71,55,56,65,41,45,73,61,77,63,51,50,47,36,38,32,29,18,5,F,2011
E01016674,Wokingham 013D,726,61,38,36,40,47,37,58,48,47,47,43,54,58,51,24,15,11,10,1,F,2011
E01016696,Wokingham 013E,764,60,22,22,23,44,80,92,89,54,36,26,25,33,34,25,24,29,24,22,F,2011
E01016670,Wokingham 014A,1038,80,66,66,56,42,58,107,112,82,99,82,46,51,29,26,23,10,2,1,F,2011
E01016672,Wokingham 014B,906,51,59,40,54,21,32,59,67,75,72,78,58,59,68,47,32,23,8,3,F,2011
E01032763,Wokingham 014E,1137,52,64,55,71,36,43,49,72,84,108,83,65,87,92,69,40,34,22,11,F,2011
E01016612,Wokingham 015A,1162,58,87,114,87,45,28,42,79,117,128,87,77,64,63,39,25,9,9,4,F,2011
E01016629,Wokingham 015B,730,29,48,46,55,31,22,12,36,49,59,55,59,59,54,40,39,20,13,4,F,2011
E01016630,Wokingham 015C,775,48,52,59,52,28,32,44,69,79,64,80,51,52,18,13,18,12,4,0,F,2011
E01016635,Wokingham 015D,684,55,38,47,45,35,34,55,41,60,59,71,50,33,28,10,8,10,2,3,F,2011
E01016625,Wokingham 016A,851,49,44,45,44,21,31,49,56,61,66,48,48,73,69,33,39,34,28,13,F,2011
E01016631,Wokingham 016B,710,47,48,38,44,21,50,38,69,43,57,62,50,47,24,21,11,12,18,10,F,2011
E01016632,Wokingham 016C,767,40,50,53,54,26,30,54,52,59,62,66,68,56,58,13,12,9,3,2,F,2011
E01016634,Wokingham 016D,787,47,36,41,38,25,26,48,61,46,61,56,51,56,46,37,35,37,21,19,F,2011
E01016699,Wokingham 016E,826,47,36,50,63,25,44,51,73,67,54,37,41,54,54,29,38,25,18,20,F,2011
E01016682,Wokingham 017A,937,83,71,51,34,45,47,88,103,67,75,63,42,57,37,30,20,11,9,4,F,2011
E01016683,Wokingham 017B,931,56,49,60,42,26,43,58,86,102,75,70,57,71,47,35,15,15,9,15,F,2011
E01016690,Wokingham 017C,894,65,63,47,45,45,50,69,67,79,54,72,49,57,41,28,29,18,10,6,F,2011
E01016691,Wokingham 017D,609,36,37,37,38,20,15,30,33,47,56,50,49,38,32,27,23,16,17,8,F,2011
E01016610,Wokingham 018A,1463,118,120,102,91,44,97,134,137,138,105,94,70,72,49,36,31,14,6,5,F,2011
E01016611,Wokingham 018B,607,46,49,23,36,49,59,59,60,52,47,27,25,18,22,9,16,5,3,2,F,2011
E01016641,Wokingham 018C,740,36,41,54,46,13,21,14,42,57,54,64,55,50,52,51,27,22,22,19,F,2011
E01016642,Wokingham 018D,585,36,38,27,37,25,37,44,38,48,44,27,36,42,35,23,16,11,9,12,F,2011
E01016633,Wokingham 019A,711,47,44,55,54,22,19,29,66,68,67,65,35,49,38,20,18,10,4,1,F,2011
E01016636,Wokingham 019B,724,34,42,42,34,18,18,27,45,61,71,58,51,69,44,33,41,25,8,3,F,2011
E01016637,Wokingham 019C,542,22,24,44,42,16,5,13,32,40,55,53,48,47,40,22,13,15,6,5,F,2011
E01016638,Wokingham 019D,675,53,45,42,44,18,18,55,64,61,63,58,41,33,30,18,14,6,9,3,F,2011
E01016639,Wokingham 019E,818,52,60,57,68,18,32,37,52,90,87,51,46,68,38,25,14,14,9,0,F,2011
E01016640,Wokingham 019F,774,23,35,45,55,25,19,18,32,54,88,69,75,62,50,44,28,19,22,11,F,2011
E01016643,Wokingham 019G,695,40,51,61,34,21,23,37,55,63,71,62,54,60,31,16,9,4,2,1,F,2011
E01016705,Wokingham 020A,668,45,32,27,35,27,31,60,40,76,73,56,47,35,20,25,17,15,4,3,F,2011
E01016706,Wokingham 020B,853,47,51,68,44,32,25,43,60,81,95,81,64,57,38,26,20,14,6,1,F,2011
E01016707,Wokingham 020C,813,42,51,53,54,22,23,33,54,74,87,46,40,59,55,49,28,22,12,9,F,2011
E01016708,Wokingham 020D,806,21,51,38,55,30,21,26,36,64,69,80,56,72,58,48,34,20,16,11,F,2011
E01016709,Wokingham 020E,793,37,55,42,48,25,22,22,53,67,57,50,42,66,61,54,41,30,15,6,F,2011
E07000004,,88287,5555,5129,5356,5269,4425,5047,5545,6046,7230,7231,6264,5252,5430,4156,3212,2706,2091,1437,906,F,2011
E01017648,Aylesbury Vale 001A,907,47,45,59,73,48,36,32,52,75,99,96,64,56,46,35,20,16,6,2,F,2011
E01017649,Aylesbury Vale 001B,1078,43,42,69,87,133,63,49,58,73,91,75,54,54,41,38,44,39,22,3,F,2011
E01017650,Aylesbury Vale 001C,830,56,60,67,53,41,32,38,77,73,84,64,54,35,37,25,20,5,4,5,F,2011
E01032960,Aylesbury Vale 001F,1468,48,65,130,238,56,50,71,66,95,135,109,101,88,68,38,38,29,33,10,F,2011
E01017644,Aylesbury Vale 002A,775,40,41,48,56,56,63,53,47,55,65,68,46,55,23,18,22,11,6,2,F,2011
E01017645,Aylesbury Vale 002B,697,12,29,33,55,137,74,53,36,40,36,29,23,29,22,26,12,14,20,17,F,2011
E01017646,Aylesbury Vale 002C,960,68,47,45,46,51,55,53,63,82,71,53,45,56,35,56,50,45,25,14,F,2011
E01017647,Aylesbury Vale 002D,837,45,48,73,56,19,26,23,47,56,72,66,76,72,51,46,33,15,8,5,F,2011
E01017671,Aylesbury Vale 003A,800,43,47,54,53,20,30,25,50,74,76,81,62,64,46,25,20,17,6,7,F,2011
E01017672,Aylesbury Vale 003B,712,27,48,62,41,20,21,17,47,81,70,61,55,59,39,21,20,14,5,4,F,2011
E01017695,Aylesbury Vale 003C,623,22,29,31,27,20,23,18,30,49,42,45,56,71,64,42,29,12,10,3,F,2011
E01017696,Aylesbury Vale 003D,616,21,36,34,38,14,18,27,41,63,65,49,47,54,37,27,17,15,12,1,F,2011
E01017693,Aylesbury Vale 004A,548,24,25,30,38,23,22,42,35,41,48,47,40,49,30,13,17,13,7,4,F,2011
E01017694,Aylesbury Vale 004B,1193,78,109,101,73,31,42,61,107,123,112,89,52,69,48,40,24,8,10,16,F,2011
E01017713,Aylesbury Vale 004C,712,43,39,42,33,43,38,49,53,58,63,48,41,49,37,27,22,11,13,3,F,2011
E01017714,Aylesbury Vale 004D,663,29,41,34,43,32,21,23,40,59,67,67,57,61,41,20,10,7,9,2,F,2011
E01017717,Aylesbury Vale 004E,846,42,57,59,32,26,37,35,50,77,81,75,57,58,53,36,35,16,14,6,F,2011
E01017718,Aylesbury Vale 004F,816,48,64,49,49,24,36,36,59,67,82,68,49,53,34,37,30,15,14,2,F,2011
E01017735,Aylesbury Vale 005A,687,35,38,52,40,30,18,31,37,53,65,72,49,46,33,29,27,15,10,7,F,2011
E01017736,Aylesbury Vale 005B,775,41,32,47,49,23,38,47,40,59,67,59,51,48,37,38,35,31,23,10,F,2011
E01017737,Aylesbury Vale 005C,710,29,40,33,34,26,28,18,31,52,59,57,60,54,50,47,26,34,24,8,F,2011
E01017738,Aylesbury Vale 005D,803,39,36,34,45,33,45,39,47,62,60,59,55,58,40,31,34,31,25,30,F,2011
E01017669,Aylesbury Vale 006A,774,21,39,67,51,29,18,24,37,65,74,80,58,64,43,28,26,32,13,5,F,2011
E01017670,Aylesbury Vale 006B,790,36,44,39,56,28,26,40,46,67,72,68,57,62,50,33,33,21,7,5,F,2011
E01017715,Aylesbury Vale 006C,585,27,34,49,26,15,18,17,35,48,52,50,43,45,39,29,27,14,15,2,F,2011
E01017716,Aylesbury Vale 006D,931,46,55,65,64,33,27,42,55,82,73,73,62,74,57,38,28,22,23,12,F,2011
E01017641,Aylesbury Vale 007A,890,37,37,54,43,22,32,39,38,83,75,73,55,62,74,37,38,33,29,29,F,2011
E01017731,Aylesbury Vale 007B,668,37,41,49,34,20,30,38,54,48,69,47,36,46,31,20,36,18,13,1,F,2011
E01017732,Aylesbury Vale 007C,728,36,33,36,40,28,34,20,50,65,78,59,46,69,36,31,14,13,16,24,F,2011
E01017733,Aylesbury Vale 007D,630,37,33,35,41,19,19,28,30,39,50,54,60,62,45,20,18,18,13,9,F,2011
E01017734,Aylesbury Vale 007E,677,33,39,42,31,15,25,27,46,73,73,71,44,62,37,22,16,11,6,4,F,2011
E01017703,Aylesbury Vale 008A,680,21,39,56,60,20,21,21,27,67,72,53,46,50,39,24,29,15,15,5,F,2011
E01017704,Aylesbury Vale 008B,640,26,47,53,30,17,15,23,33,64,69,65,31,62,54,17,11,12,9,2,F,2011
E01017719,Aylesbury Vale 008C,621,32,29,38,34,31,25,30,48,54,47,54,28,38,30,26,25,29,20,3,F,2011
E01017720,Aylesbury Vale 008D,658,38,40,60,38,18,29,31,50,61,69,50,48,45,19,24,11,13,11,3,F,2011
E01032958,Aylesbury Vale 008F,775,41,47,44,41,28,32,31,63,70,67,64,42,69,42,27,21,19,13,14,F,2011
E01032959,Aylesbury Vale 008G,917,151,65,61,44,85,130,100,87,59,54,28,28,15,5,1,1,0,2,1,F,2011
E01017651,Aylesbury Vale 009A,804,34,57,56,54,40,18,30,52,65,86,71,68,55,41,28,22,11,8,8,F,2011
E01017652,Aylesbury Vale 009B,728,43,31,53,28,31,33,29,49,75,76,57,38,53,46,30,29,5,13,9,F,2011
E01017657,Aylesbury Vale 009C,720,25,45,43,41,16,15,25,43,57,62,57,50,69,57,39,34,22,12,8,F,2011
E01017658,Aylesbury Vale 009D,716,31,39,50,39,23,25,35,56,76,69,62,52,60,31,28,19,15,4,2,F,2011
E01017701,Aylesbury Vale 009E,1115,90,93,79,71,36,40,62,119,128,99,72,54,63,44,28,18,11,6,2,F,2011
E01017702,Aylesbury Vale 009F,740,41,36,45,27,22,40,54,50,73,57,44,68,45,39,34,31,21,10,3,F,2011
E01017642,Aylesbury Vale 010A,679,36,37,41,46,21,35,34,22,59,60,29,56,49,37,35,33,19,22,8,F,2011
E01017643,Aylesbury Vale 010B,647,40,42,32,32,23,22,25,47,53,43,62,53,46,40,32,18,16,9,12,F,2011
E01017673,Aylesbury Vale 010C,654,23,49,59,47,19,17,19,28,64,77,42,47,53,33,26,25,11,8,7,F,2011
E01017674,Aylesbury Vale 010D,681,32,44,56,51,35,25,33,40,69,75,68,42,38,28,13,15,8,4,5,F,2011
E01017659,Aylesbury Vale 011A,832,61,49,68,53,52,52,55,47,72,59,53,42,37,47,33,26,11,10,5,F,2011
E01017660,Aylesbury Vale 011B,861,82,39,46,35,46,100,93,78,87,60,49,32,24,17,13,21,16,13,10,F,2011
E01017661,Aylesbury Vale 011C,798,65,56,55,52,37,79,63,63,55,59,64,29,29,37,13,20,12,6,4,F,2011
E01017664,Aylesbury Vale 011D,694,50,28,27,32,41,68,65,61,61,59,47,49,45,17,13,15,7,5,4,F,2011
E01017705,Aylesbury Vale 012A,589,33,24,35,31,27,66,43,42,47,60,48,49,36,22,9,9,6,0,2,F,2011
E01017706,Aylesbury Vale 012B,725,45,45,50,43,39,52,53,56,55,69,61,35,22,14,10,18,22,19,17,F,2011
E01017707,Aylesbury Vale 012C,691,45,56,70,54,45,56,52,44,62,63,45,29,17,19,15,5,5,7,2,F,2011
E01017708,Aylesbury Vale 012D,810,93,57,55,53,49,67,73,47,63,49,45,37,31,23,36,13,12,4,3,F,2011
E01017665,Aylesbury Vale 013A,822,89,48,50,67,68,61,61,55,62,40,51,40,35,22,11,21,18,18,5,F,2011
E01017666,Aylesbury Vale 013B,854,81,30,37,34,60,76,78,50,58,52,46,38,34,21,25,38,42,25,29,F,2011
E01017667,Aylesbury Vale 013C,692,68,62,55,40,30,45,67,53,51,46,36,29,21,25,24,21,13,5,1,F,2011
E01017668,Aylesbury Vale 013D,762,56,49,33,34,52,56,67,51,50,74,52,38,44,29,17,28,23,8,1,F,2011
E01017697,Aylesbury Vale 014A,724,60,34,39,31,36,68,76,60,46,63,57,35,42,23,19,21,9,4,1,F,2011
E01017698,Aylesbury Vale 014B,771,51,71,60,64,43,60,48,54,73,47,52,33,36,23,19,14,12,7,4,F,2011
E01017699,Aylesbury Vale 014C,554,45,32,29,32,29,56,40,53,58,42,29,23,25,22,19,7,8,3,2,F,2011
E01017700,Aylesbury Vale 014D,783,41,45,41,44,25,33,43,39,63,65,42,47,57,42,50,48,39,12,7,F,2011
E01017634,Aylesbury Vale 015B,757,77,36,42,35,73,94,82,78,49,52,29,33,25,14,14,7,6,7,4,F,2011
E01017662,Aylesbury Vale 015C,683,60,42,34,47,47,58,57,46,47,51,38,35,30,22,27,10,18,8,6,F,2011
E01017663,Aylesbury Vale 015D,766,69,49,28,53,69,80,60,57,41,34,46,33,31,20,33,29,17,13,4,F,2011
E01032955,Aylesbury Vale 015E,642,30,17,16,18,71,64,74,28,32,42,24,24,21,20,30,35,39,32,25,F,2011
E01032961,Aylesbury Vale 015F,515,44,24,9,26,53,78,71,40,26,35,27,13,18,16,14,7,7,4,3,F,2011
E01017653,Aylesbury Vale 016A,764,45,45,31,59,54,61,62,49,56,58,46,57,46,35,23,13,10,11,3,F,2011
E01017654,Aylesbury Vale 016B,696,64,56,56,51,45,68,78,46,54,48,35,33,29,13,10,4,2,3,1,F,2011
E01017655,Aylesbury Vale 016C,1017,92,46,46,43,64,99,106,97,94,66,67,41,43,28,22,14,9,18,22,F,2011
E01032956,Aylesbury Vale 016E,853,104,69,27,21,45,100,136,126,60,56,32,25,20,14,9,4,1,3,1,F,2011
E01032957,Aylesbury Vale 016F,676,78,41,21,20,50,88,130,75,51,25,23,21,23,14,5,5,6,0,0,F,2011
E01032962,Aylesbury Vale 016G,768,82,53,32,19,37,83,91,92,83,55,26,31,32,17,17,4,7,4,3,F,2011
E01017635,Aylesbury Vale 017A,702,44,52,33,35,26,32,45,46,60,48,32,34,50,53,25,30,32,14,11,F,2011
E01017636,Aylesbury Vale 017B,787,38,48,51,43,20,27,50,45,59,58,49,37,53,58,63,40,30,11,7,F,2011
E01017637,Aylesbury Vale 017C,688,36,43,42,43,36,32,45,54,52,65,45,35,32,23,23,25,24,13,20,F,2011
E01017638,Aylesbury Vale 017D,653,36,32,38,36,28,25,20,31,58,55,39,35,50,45,51,38,25,7,4,F,2011
E01017639,Aylesbury Vale 017E,800,24,40,59,52,35,22,23,43,51,71,74,66,63,56,43,39,23,10,6,F,2011
E01017640,Aylesbury Vale 017F,809,37,44,48,59,32,20,29,51,59,68,63,52,53,40,45,44,35,21,9,F,2011
E01017709,Aylesbury Vale 018A,888,61,54,77,83,62,59,63,52,60,59,48,39,36,41,37,22,17,9,9,F,2011
E01017710,Aylesbury Vale 018B,796,51,56,59,67,55,44,53,49,65,61,54,39,33,26,30,18,16,11,9,F,2011
E01017711,Aylesbury Vale 018C,786,52,52,54,67,49,59,58,45,58,50,42,43,32,24,27,24,24,18,8,F,2011
E01017712,Aylesbury Vale 018D,1065,102,78,72,68,103,135,120,71,67,70,43,42,27,19,20,13,5,8,2,F,2011
E01017687,Aylesbury Vale 019A,1002,100,50,48,61,109,119,102,85,86,47,39,50,30,29,19,12,10,6,0,F,2011
E01017688,Aylesbury Vale 019B,641,44,41,41,37,35,62,57,58,56,48,43,25,28,23,14,5,16,4,4,F,2011
E01017689,Aylesbury Vale 019C,693,37,38,37,44,40,46,56,37,55,58,48,46,41,27,21,26,18,15,3,F,2011
E01017690,Aylesbury Vale 019D,592,28,26,28,39,42,25,37,39,42,43,37,40,43,35,15,35,24,6,8,F,2011
E01017691,Aylesbury Vale 019E,713,36,34,41,49,48,33,38,51,52,72,65,57,47,35,20,12,7,4,12,F,2011
E01017692,Aylesbury Vale 019F,764,47,38,34,40,42,57,65,61,48,52,48,46,43,37,44,21,18,10,13,F,2011
E01017721,Aylesbury Vale 020A,853,73,48,37,23,45,79,115,93,71,68,61,33,40,28,15,8,11,2,3,F,2011
E01017722,Aylesbury Vale 020B,753,58,39,43,44,55,59,62,59,75,62,61,48,31,16,20,7,9,1,4,F,2011
E01017723,Aylesbury Vale 020C,714,69,50,50,48,38,54,59,56,55,33,71,34,35,25,11,10,11,4,1,F,2011
E01017724,Aylesbury Vale 020D,723,62,74,51,56,32,56,59,65,49,47,43,36,33,22,13,9,9,4,3,F,2011
E01017627,Aylesbury Vale 021A,824,50,45,47,45,38,40,41,67,78,72,64,70,47,32,27,19,24,14,4,F,2011
E01017628,Aylesbury Vale 021B,924,49,36,43,46,36,32,39,52,71,62,69,63,68,49,35,47,47,54,26,F,2011
E01017629,Aylesbury Vale 021C,818,38,44,43,50,27,20,20,47,71,93,60,62,70,56,42,24,33,10,8,F,2011
E01017630,Aylesbury Vale 021D,793,40,43,41,44,29,14,28,58,68,49,81,48,66,51,39,40,28,16,10,F,2011
E01017631,Aylesbury Vale 021E,796,34,35,58,50,38,28,28,40,70,84,58,53,62,46,25,38,24,18,7,F,2011
E01017632,Aylesbury Vale 021F,811,41,53,51,37,29,28,42,52,65,76,72,66,63,49,37,25,14,8,3,F,2011
E01017675,Aylesbury Vale 022A,725,42,38,33,25,23,27,43,50,52,56,58,51,75,47,54,26,13,8,4,F,2011
E01017676,Aylesbury Vale 022B,759,27,44,43,30,26,18,31,33,65,65,59,46,70,74,46,31,26,16,9,F,2011
E01017677,Aylesbury Vale 022C,708,28,17,37,34,29,21,28,42,39,40,71,54,74,51,43,35,36,13,16,F,2011
E01017678,Aylesbury Vale 022D,676,24,28,30,30,42,31,33,46,54,53,50,57,58,38,24,37,20,13,8,F,2011
E01017679,Aylesbury Vale 022E,827,39,58,43,48,26,29,38,72,82,51,70,53,46,41,31,31,33,25,11,F,2011
E01017680,Aylesbury Vale 022F,495,21,25,18,21,21,17,26,25,48,34,26,31,35,33,37,27,26,13,11,F,2011
E01017681,Aylesbury Vale 023A,626,26,43,32,35,18,22,28,39,57,55,44,50,32,55,29,21,16,16,8,F,2011
E01017682,Aylesbury Vale 023B,618,43,39,44,30,11,11,25,38,51,67,44,24,50,47,36,23,20,9,6,F,2011
E01017683,Aylesbury Vale 023C,860,38,38,54,65,36,34,41,37,72,77,83,73,72,48,22,24,23,14,9,F,2011
E01017684,Aylesbury Vale 023D,600,36,45,22,29,11,14,31,36,46,40,38,48,48,51,37,25,15,19,9,F,2011
E01017726,Aylesbury Vale 024A,612,17,22,18,23,15,17,19,20,43,36,46,36,58,53,43,46,33,38,29,F,2011
E01017727,Aylesbury Vale 024B,897,54,57,59,41,14,16,30,51,72,77,54,54,67,51,44,37,35,45,39,F,2011
E01017728,Aylesbury Vale 024C,1193,155,73,78,72,103,108,115,119,120,100,33,35,25,11,6,9,11,3,17,F,2011
E01017729,Aylesbury Vale 024D,874,65,44,51,68,25,17,31,70,77,89,74,62,45,49,36,37,14,15,5,F,2011
E01017730,Aylesbury Vale 024E,826,49,49,28,33,29,23,51,56,64,83,45,42,52,37,48,46,37,36,18,F,2011
E07000005,,47608,2691,2783,3094,2783,1892,1825,2228,2884,3662,3938,3618,2933,3178,2680,2279,1969,1504,1070,597,F,2011
E01017750,Chiltern 001A,1087,43,50,72,80,33,26,42,53,80,122,109,76,79,74,56,38,34,15,5,F,2011
E01017752,Chiltern 001B,1094,34,53,83,68,38,31,31,55,91,108,104,80,94,83,58,41,31,10,1,F,2011
E01017766,Chiltern 001C,1159,47,61,75,74,34,31,25,48,100,118,96,85,102,79,68,46,38,24,8,F,2011
E01017778,Chiltern 001D,667,23,42,44,35,24,16,29,31,47,44,48,61,55,55,31,22,11,26,23,F,2011
E01017747,Chiltern 002A,698,48,47,53,38,38,28,38,50,54,53,56,29,34,27,28,29,28,11,9,F,2011
E01017748,Chiltern 002B,930,81,63,57,59,47,50,55,88,60,64,45,64,42,34,46,30,17,18,10,F,2011
E01017749,Chiltern 002C,822,42,39,44,47,26,27,45,47,70,62,66,46,72,56,47,44,20,17,5,F,2011
E01017789,Chiltern 002D,625,41,27,38,30,36,31,46,38,59,32,39,37,41,29,32,35,21,12,1,F,2011
E01017790,Chiltern 002E,690,68,48,56,52,46,35,45,42,53,40,38,31,35,29,23,20,14,10,5,F,2011
E01017795,Chiltern 002F,1081,90,78,72,57,72,55,72,101,79,74,63,49,72,39,43,28,19,14,4,F,2011
E01017769,Chiltern 003A,780,33,35,40,55,31,44,47,44,64,85,62,47,62,26,40,35,16,8,6,F,2011
E01017771,Chiltern 003B,751,32,41,42,31,24,24,32,30,56,54,67,41,41,59,52,62,38,17,8,F,2011
E01017780,Chiltern 003C,643,41,40,32,41,34,27,41,39,49,55,56,52,43,38,22,14,10,7,2,F,2011
E01017781,Chiltern 003D,630,69,40,48,35,42,48,68,58,46,36,38,24,22,16,14,7,9,9,1,F,2011
E01017770,Chiltern 004A,728,71,38,39,30,49,54,60,70,55,57,38,30,29,25,23,20,17,14,9,F,2011
E01017791,Chiltern 004B,765,61,38,48,44,30,52,59,52,67,67,45,34,41,31,23,20,16,15,22,F,2011
E01017792,Chiltern 004C,985,61,44,43,42,60,65,78,64,63,56,62,37,44,57,48,52,41,45,23,F,2011
E01017793,Chiltern 004D,794,44,48,47,48,43,40,42,49,48,71,75,53,41,40,40,31,22,8,4,F,2011
E01017768,Chiltern 005A,1211,47,56,73,65,40,29,44,64,82,95,74,78,87,84,59,70,62,57,45,F,2011
E01017779,Chiltern 005B,599,25,47,46,36,22,13,7,27,42,66,61,43,51,45,25,19,12,9,3,F,2011
E01017785,Chiltern 005C,831,25,40,50,58,39,29,23,44,57,82,62,66,79,56,51,28,23,15,4,F,2011
E01017786,Chiltern 005D,808,42,55,56,64,26,23,27,44,67,73,78,48,57,46,34,24,20,17,7,F,2011
E01017787,Chiltern 005E,815,22,45,68,51,29,17,24,47,66,71,66,55,65,58,46,45,24,12,4,F,2011
E01017788,Chiltern 005F,930,52,50,74,64,30,47,57,61,81,63,47,52,52,42,45,33,27,29,24,F,2011
E01017741,Chiltern 006A,843,61,39,41,43,34,28,49,58,61,55,46,41,51,45,35,46,49,33,28,F,2011
E01017742,Chiltern 006B,863,57,57,58,37,29,42,53,61,58,56,52,43,50,37,25,52,38,33,25,F,2011
E01017743,Chiltern 006C,877,89,50,54,49,64,57,65,64,59,71,51,35,42,33,24,26,14,18,12,F,2011
E01017763,Chiltern 006D,922,59,46,46,38,28,52,54,58,56,56,59,40,46,53,56,50,55,49,21,F,2011
E01017764,Chiltern 006E,899,44,74,70,65,26,24,22,52,72,74,78,55,56,55,45,33,23,16,15,F,2011
E01017765,Chiltern 006F,850,36,59,72,58,18,19,13,28,71,85,72,68,64,56,43,34,33,15,6,F,2011
E01017739,Chiltern 007A,628,34,27,54,36,16,22,24,41,51,64,45,54,61,36,20,20,16,5,2,F,2011
E01017740,Chiltern 007B,698,63,40,39,32,26,37,65,70,49,56,49,35,51,24,27,14,13,5,3,F,2011
E01017744,Chiltern 007C,747,48,46,46,45,26,31,40,48,50,66,60,52,48,37,35,30,19,10,10,F,2011
E01017745,Chiltern 007D,893,41,41,47,41,34,26,44,58,71,75,67,61,57,49,52,47,33,38,11,F,2011
E01017746,Chiltern 007E,778,60,45,55,36,35,29,40,74,69,71,57,40,50,29,35,24,15,10,4,F,2011
E01017762,Chiltern 008A,739,34,50,63,54,22,17,25,28,63,76,64,58,48,31,41,38,14,7,6,F,2011
E01017775,Chiltern 008B,837,45,48,65,43,32,41,50,40,62,60,66,39,45,33,46,36,47,28,11,F,2011
E01017776,Chiltern 008C,851,57,55,60,59,47,45,48,66,67,64,61,43,45,42,27,31,20,13,1,F,2011
E01017777,Chiltern 008D,847,51,48,55,54,22,14,22,47,68,74,73,41,55,68,40,43,37,19,16,F,2011
E01017759,Chiltern 010A,963,50,69,68,41,46,43,29,59,82,67,68,58,66,53,46,48,32,27,11,F,2011
E01017760,Chiltern 010B,869,34,52,60,54,23,21,18,38,72,77,60,72,73,61,51,41,21,30,11,F,2011
E01017761,Chiltern 010C,1110,50,77,69,66,39,29,46,69,96,112,72,69,73,60,59,51,38,23,12,F,2011
E01017794,Chiltern 010D,1191,80,87,66,63,43,47,68,61,101,100,104,76,76,69,49,43,24,23,11,F,2011
E01017754,Chiltern 011A,810,32,39,56,57,26,21,31,36,59,74,67,49,81,48,42,34,30,20,8,F,2011
E01017755,Chiltern 011B,790,44,37,53,34,44,36,46,47,66,63,56,46,46,48,34,43,16,21,10,F,2011
E01017756,Chiltern 011C,767,28,43,54,50,20,20,20,41,42,67,78,64,52,53,45,39,29,19,3,F,2011
E01017757,Chiltern 011D,652,39,44,48,35,23,26,23,34,46,54,49,42,43,41,33,20,25,20,7,F,2011
E01017758,Chiltern 011E,632,21,38,47,46,17,23,34,39,57,56,55,38,44,30,35,17,25,6,4,F,2011
E01017751,Chiltern 012A,1120,44,68,83,72,46,22,24,54,91,108,102,71,73,71,56,45,40,38,12,F,2011
E01017753,Chiltern 012B,674,39,42,41,39,28,24,39,54,55,43,48,40,49,24,31,30,30,8,10,F,2011
E01017767,Chiltern 012C,1205,69,82,70,77,49,45,49,74,91,98,93,64,58,57,61,49,46,37,36,F,2011
E01017773,Chiltern 013A,796,37,45,62,53,23,22,22,39,64,67,60,56,62,45,46,37,32,18,6,F,2011
E01017774,Chiltern 013B,678,30,41,47,43,24,13,14,29,49,53,65,55,47,48,39,36,26,9,10,F,2011
E01017782,Chiltern 013C,734,51,53,34,35,16,16,15,46,67,47,63,52,59,58,53,28,27,6,8,F,2011
E01017783,Chiltern 013D,764,50,50,34,34,12,35,39,48,56,60,61,60,61,50,23,30,21,22,18,F,2011
E01017784,Chiltern 013E,831,39,42,48,50,28,28,31,40,68,81,71,57,57,63,37,40,26,16,9,F,2011
E01032609,Chiltern 013F,627,33,24,29,40,33,28,29,37,37,60,51,41,49,45,34,21,20,9,7,F,2011
E07000006,,34513,1919,1903,1936,1998,1548,1731,1815,2106,2670,2769,2469,2075,2172,1868,1657,1376,1206,769,526,F,2011
E01017796,South Bucks 001A,972,48,50,44,44,38,84,71,55,49,61,56,32,40,45,44,59,66,54,32,F,2011
E01017797,South Bucks 001B,757,40,49,53,44,31,20,22,44,55,63,70,55,55,47,32,22,31,15,9,F,2011
E01017798,South Bucks 001C,943,47,57,64,52,30,16,27,50,69,82,60,55,75,61,66,56,47,19,10,F,2011
E01017799,South Bucks 001D,1074,79,67,72,61,42,41,60,96,94,70,68,45,56,48,42,38,43,23,29,F,2011
E01017800,South Bucks 001E,882,94,54,36,33,31,77,78,95,69,60,43,30,45,28,28,21,28,16,16,F,2011
E01017801,South Bucks 001F,845,56,67,69,58,32,31,40,44,72,92,52,53,45,41,23,26,27,12,5,F,2011
E01017802,South Bucks 001G,791,41,52,44,39,29,37,34,51,79,64,41,47,56,34,45,35,31,19,13,F,2011
E01017818,South Bucks 002A,995,59,66,76,64,23,45,63,63,92,79,74,70,57,50,40,27,24,18,5,F,2011
E01017819,South Bucks 002B,784,30,56,61,51,26,28,14,48,65,73,77,57,48,40,46,24,19,14,7,F,2011
E01017820,South Bucks 002C,905,33,48,33,32,36,54,38,38,62,44,52,42,50,50,41,69,70,52,61,F,2011
E01017821,South Bucks 002D,820,46,54,53,56,31,44,40,41,54,74,69,60,56,39,41,25,17,13,7,F,2011
E01017822,South Bucks 002E,1003,45,65,90,78,45,37,30,48,89,96,61,79,69,57,44,25,22,18,5,F,2011
E01017810,South Bucks 003A,943,61,35,33,28,43,60,61,41,43,52,52,35,53,51,74,79,80,46,16,F,2011
E01017811,South Bucks 003B,625,18,17,26,31,17,21,25,30,35,42,42,47,47,48,44,41,43,25,26,F,2011
E01017812,South Bucks 003C,818,48,50,43,44,39,58,54,46,69,72,71,49,41,31,31,29,30,9,4,F,2011
E01017813,South Bucks 003D,941,38,36,54,53,48,41,49,58,60,96,92,57,73,62,47,22,30,16,9,F,2011
E01017815,South Bucks 004A,961,53,53,64,55,39,36,34,49,73,75,75,57,67,55,47,46,33,22,28,F,2011
E01017816,South Bucks 004B,877,38,52,55,48,35,34,51,50,64,75,59,55,57,53,44,28,33,29,17,F,2011
E01017817,South Bucks 004C,1018,73,54,53,69,51,45,57,60,93,79,70,48,62,43,55,40,37,17,12,F,2011
E01017823,South Bucks 004D,718,33,36,44,47,24,20,36,37,60,71,59,49,41,52,39,25,22,15,8,F,2011
E01017830,South Bucks 005A,938,52,47,45,50,42,54,63,58,76,73,61,52,62,52,48,43,33,13,14,F,2011
E01017831,South Bucks 005B,867,46,64,49,53,33,29,41,48,68,74,61,39,43,74,50,43,23,20,9,F,2011
E01017832,South Bucks 005C,862,44,35,47,47,41,55,44,49,63,61,72,78,39,42,36,41,35,13,20,F,2011
E01017834,South Bucks 005D,753,42,37,37,54,42,40,36,43,54,64,57,36,60,44,39,29,23,7,9,F,2011
E01017835,South Bucks 005E,894,61,37,36,37,48,56,44,41,64,72,67,62,75,50,68,32,22,15,7,F,2011
E01017803,South Bucks 006A,688,25,45,31,35,27,29,28,35,56,44,38,61,46,40,50,29,19,21,29,F,2011
E01017806,South Bucks 006B,886,45,40,52,62,49,33,25,45,52,94,83,59,61,48,47,37,31,14,9,F,2011
E01017814,South Bucks 006C,803,44,38,44,45,36,39,32,53,61,62,61,57,66,52,41,35,20,10,7,F,2011
E01017833,South Bucks 006D,847,34,38,31,29,35,43,55,62,59,74,65,47,66,80,49,30,28,18,4,F,2011
E01017804,South Bucks 007A,800,37,33,40,51,35,39,37,49,67,56,50,37,47,50,43,42,38,37,12,F,2011
E01017805,South Bucks 007B,999,76,69,60,65,46,61,72,70,95,70,67,56,61,41,27,31,17,7,8,F,2011
E01017807,South Bucks 007C,762,47,32,46,45,46,43,41,63,53,64,56,44,55,29,35,24,21,12,6,F,2011
E01017808,South Bucks 007D,770,63,37,37,42,48,50,53,66,70,59,55,28,35,40,33,31,13,6,4,F,2011
E01017809,South Bucks 007E,781,39,57,58,45,46,43,50,59,75,75,58,44,34,29,26,10,15,12,6,F,2011
E01017824,South Bucks 008A,836,46,49,33,34,49,45,58,45,65,63,65,65,70,49,29,32,20,16,3,F,2011
E01017825,South Bucks 008B,891,56,43,53,74,48,48,56,52,95,58,70,58,50,37,21,25,24,9,14,F,2011
E01017826,South Bucks 008C,785,36,49,43,55,36,36,35,57,55,67,49,46,39,39,39,40,24,22,18,F,2011
E01017827,South Bucks 008D,836,48,49,37,48,52,39,49,58,60,74,55,49,52,59,39,28,16,20,4,F,2011
E01017828,South Bucks 008E,858,52,40,41,68,33,57,50,54,65,58,59,56,55,29,34,30,33,29,15,F,2011
E01017829,South Bucks 008F,985,46,46,49,72,66,63,62,55,71,87,77,79,63,49,30,27,18,16,9,F,2011
E07000007,,87150,5497,5270,5353,5389,5189,5294,5688,5863,6802,6227,5565,4983,5014,4286,3332,2899,2172,1441,886,F,2011
E01017929,Wycombe 001A,946,44,45,32,39,41,50,50,41,45,43,40,35,45,36,42,62,82,96,78,F,2011
E01017930,Wycombe 001B,887,38,36,57,40,35,27,37,43,65,78,66,63,70,66,45,53,37,18,13,F,2011
E01017931,Wycombe 001C,717,37,38,38,41,37,24,30,49,50,71,65,45,53,38,28,27,25,15,6,F,2011
E01017932,Wycombe 001D,812,41,46,30,37,31,32,21,36,51,65,65,57,84,62,59,39,30,17,9,F,2011
E01017933,Wycombe 001E,895,34,51,54,58,39,29,22,45,79,69,62,52,55,43,60,56,46,29,12,F,2011
E01017885,Wycombe 002A,847,41,51,45,39,29,26,33,56,81,58,75,61,66,59,63,21,21,12,10,F,2011
E01017886,Wycombe 002B,756,41,45,52,44,16,15,27,47,63,57,67,49,59,55,48,26,19,16,10,F,2011
E01017887,Wycombe 002C,578,29,29,39,24,23,17,19,30,42,56,48,46,48,39,30,23,17,13,6,F,2011
E01017888,Wycombe 002D,891,56,80,62,64,23,25,52,68,91,80,55,52,56,54,36,17,9,5,6,F,2011
E01017869,Wycombe 003A,666,25,36,39,46,27,12,21,37,51,51,57,42,69,53,29,32,27,8,4,F,2011
E01017870,Wycombe 003B,599,16,34,37,42,26,8,14,25,45,61,62,34,55,46,26,28,18,12,10,F,2011
E01017871,Wycombe 003C,845,29,50,68,65,32,17,34,40,68,63,58,54,81,68,47,33,23,8,7,F,2011
E01017872,Wycombe 003D,836,27,28,61,51,30,17,30,31,67,69,61,59,67,58,60,57,32,19,12,F,2011
E01017873,Wycombe 003E,706,42,33,51,37,36,29,40,45,59,67,61,47,63,28,30,23,8,6,1,F,2011
E01017874,Wycombe 003F,578,48,33,33,41,22,40,51,46,58,36,26,23,28,22,23,19,13,9,7,F,2011
E01017915,Wycombe 004A,683,35,52,45,39,29,25,38,53,62,42,43,52,44,41,28,21,14,15,5,F,2011
E01017916,Wycombe 004B,600,13,37,36,37,14,18,21,36,56,43,47,63,58,47,31,14,19,8,2,F,2011
E01017917,Wycombe 004C,724,44,47,39,36,35,43,41,54,79,57,64,45,45,37,15,18,12,8,5,F,2011
E01017918,Wycombe 004D,788,49,43,35,38,41,42,48,62,70,51,46,46,42,53,38,29,23,16,16,F,2011
E01017857,Wycombe 006A,693,49,45,36,38,59,61,70,38,43,49,41,34,44,28,20,18,10,5,5,F,2011
E01017858,Wycombe 006B,811,65,39,31,100,117,94,104,71,47,39,42,23,19,10,4,3,1,2,0,F,2011
E01017859,Wycombe 006C,672,38,42,43,44,46,25,52,47,53,50,39,54,39,43,30,18,5,2,2,F,2011
E01017860,Wycombe 006D,718,49,66,48,35,52,62,53,57,39,62,34,26,41,39,20,20,7,2,6,F,2011
E01017861,Wycombe 006E,880,51,62,54,58,25,32,49,64,78,68,56,39,59,46,36,28,23,25,27,F,2011
E01017862,Wycombe 006F,950,62,91,60,52,27,38,54,88,89,84,56,49,61,50,31,21,20,10,7,F,2011
E01017863,Wycombe 006G,879,57,75,48,54,38,42,49,62,76,69,50,55,53,53,33,33,15,11,6,F,2011
E01017842,Wycombe 007A,1484,76,99,82,69,70,60,82,111,134,143,124,94,84,83,58,46,30,25,14,F,2011
E01017853,Wycombe 007B,668,54,34,33,28,38,43,45,59,71,54,45,36,35,32,22,15,11,9,4,F,2011
E01017854,Wycombe 007C,654,32,30,48,49,27,24,23,34,56,71,55,36,42,42,27,26,16,10,6,F,2011
E01017878,Wycombe 007D,1347,65,97,87,76,33,44,44,81,108,123,116,96,110,110,51,43,39,17,7,F,2011
E01017920,Wycombe 008A,619,47,35,35,38,27,36,45,44,56,50,43,41,26,36,10,20,19,9,2,F,2011
E01017921,Wycombe 008B,871,64,37,43,49,138,77,66,58,50,55,62,46,43,34,24,11,7,4,3,F,2011
E01017922,Wycombe 008C,849,72,47,45,34,76,72,75,60,55,47,65,46,37,35,25,22,18,10,8,F,2011
E01017923,Wycombe 008D,700,35,31,37,38,123,73,67,52,38,49,27,26,20,14,23,18,18,11,0,F,2011
E01017924,Wycombe 008E,853,44,63,113,69,43,30,27,42,56,75,66,46,57,34,21,25,16,16,10,F,2011
E01017937,Wycombe 009A,791,44,65,51,51,28,21,26,52,79,67,72,60,51,36,36,18,18,12,4,F,2011
E01017938,Wycombe 009B,673,31,38,45,38,31,20,26,38,56,67,58,56,49,54,21,25,11,5,4,F,2011
E01017940,Wycombe 009C,758,55,43,34,40,41,67,77,64,59,42,55,60,44,30,17,13,10,6,1,F,2011
E01017942,Wycombe 009D,785,38,52,45,62,21,23,31,43,66,65,65,52,58,61,34,35,17,10,7,F,2011
E01017850,Wycombe 010A,707,55,52,48,59,58,61,71,60,53,62,40,32,12,15,14,7,5,2,1,F,2011
E01017851,Wycombe 010B,812,58,44,60,50,72,88,69,58,70,51,47,35,30,29,11,15,7,12,6,F,2011
E01017852,Wycombe 010C,1236,108,94,91,93,119,97,101,95,67,69,86,62,28,34,41,34,10,5,2,F,2011
E01017919,Wycombe 010D,631,41,31,18,22,79,70,68,51,42,32,24,27,33,26,23,13,12,11,8,F,2011
E01017925,Wycombe 011A,1069,98,72,59,74,87,108,124,74,74,68,52,39,26,25,26,30,17,12,4,F,2011
E01017926,Wycombe 011B,790,113,61,29,41,80,112,80,57,40,34,30,22,19,16,18,14,12,8,4,F,2011
E01017927,Wycombe 011C,797,42,51,61,46,32,31,52,52,78,56,59,50,36,32,35,33,23,16,12,F,2011
E01017928,Wycombe 011D,712,40,26,29,38,46,40,41,50,54,47,39,37,45,44,31,39,25,30,11,F,2011
E01017911,Wycombe 012A,866,89,57,44,59,62,73,80,65,66,58,29,39,35,27,24,23,7,20,9,F,2011
E01017912,Wycombe 012B,691,55,42,38,50,54,47,56,49,64,45,36,38,32,23,24,23,10,3,2,F,2011
E01017913,Wycombe 012C,833,72,47,44,45,102,119,102,58,52,42,43,35,26,7,18,6,9,6,0,F,2011
E01017914,Wycombe 012D,670,51,35,42,36,43,41,48,59,66,43,46,42,43,27,11,20,8,6,3,F,2011
E01017903,Wycombe 013A,808,80,50,53,82,91,68,86,51,59,36,36,37,11,14,27,12,8,6,1,F,2011
E01017904,Wycombe 013B,820,88,49,36,48,120,108,77,64,50,33,46,33,16,18,14,11,8,1,0,F,2011
E01017905,Wycombe 013C,1015,92,58,47,60,175,145,101,57,60,43,40,31,26,19,28,19,11,0,3,F,2011
E01017906,Wycombe 013D,999,115,128,81,81,76,81,93,72,68,38,50,40,17,10,16,22,7,0,4,F,2011
E01017907,Wycombe 013E,933,92,77,75,41,72,76,98,56,72,45,42,37,32,18,24,33,23,14,6,F,2011
E01017899,Wycombe 014A,853,73,55,42,50,50,58,79,51,64,52,48,46,32,36,32,33,28,14,10,F,2011
E01017900,Wycombe 014B,685,50,59,46,38,58,59,55,51,57,46,34,48,25,22,14,8,11,2,2,F,2011
E01017901,Wycombe 014C,624,46,57,47,42,30,65,44,44,57,34,43,21,28,23,18,15,7,3,0,F,2011
E01017902,Wycombe 014D,840,67,79,57,59,50,76,82,68,74,53,43,36,27,16,19,13,8,9,4,F,2011
E01017836,Wycombe 015A,815,68,70,64,47,70,83,75,62,51,38,49,35,28,21,17,22,8,5,2,F,2011
E01017837,Wycombe 015B,1109,73,54,30,132,258,127,90,49,57,34,28,27,24,26,24,22,24,19,11,F,2011
E01017838,Wycombe 015C,720,54,44,51,60,42,67,52,49,66,45,37,35,33,25,21,14,10,8,7,F,2011
E01017839,Wycombe 015D,1100,22,19,222,315,102,66,39,37,26,31,35,39,41,32,27,21,12,8,6,F,2011
E01017840,Wycombe 015E,921,48,43,58,72,69,71,52,55,78,63,61,59,54,38,28,24,26,16,6,F,2011
E01017841,Wycombe 015F,720,32,38,48,49,41,38,34,46,61,63,72,34,47,42,27,14,12,14,8,F,2011
E01017908,Wycombe 016A,1244,105,64,65,65,77,164,146,101,90,87,48,43,45,42,33,26,19,12,12,F,2011
E01017909,Wycombe 016B,1096,123,67,61,40,109,125,143,79,82,73,51,39,40,26,15,13,5,5,0,F,2011
E01017910,Wycombe 016C,1200,85,42,49,48,135,148,104,81,88,69,49,57,59,49,32,22,34,31,18,F,2011
E01017941,Wycombe 016D,710,53,25,35,38,37,69,62,44,56,42,38,51,46,44,20,21,15,6,8,F,2011
E01017843,Wycombe 017A,794,36,28,39,35,32,37,41,50,57,48,49,60,77,50,52,50,35,13,5,F,2011
E01017844,Wycombe 017B,921,49,44,60,51,38,51,40,63,72,62,39,41,45,38,40,55,47,44,42,F,2011
E01017845,Wycombe 017C,836,48,35,41,45,53,59,60,71,52,40,67,67,47,36,29,35,23,18,10,F,2011
E01017855,Wycombe 017D,745,34,44,44,38,22,29,57,49,63,58,45,39,61,42,40,27,20,12,21,F,2011
E01017856,Wycombe 017E,708,48,56,52,42,30,31,50,61,52,52,46,39,51,35,21,18,15,6,3,F,2011
E01017864,Wycombe 018A,688,39,32,46,43,27,23,24,44,35,74,47,45,57,44,35,35,19,12,7,F,2011
E01017865,Wycombe 018B,782,39,40,55,49,22,15,23,38,66,68,56,53,55,59,39,50,35,16,4,F,2011
E01017867,Wycombe 018C,825,55,63,45,52,44,47,52,63,68,52,37,48,38,33,39,44,30,10,5,F,2011
E01017868,Wycombe 018D,794,37,37,52,46,26,29,29,48,63,68,45,64,52,51,48,45,27,18,9,F,2011
E01017934,Wycombe 019A,909,71,48,65,45,63,64,65,78,72,67,64,50,46,27,28,21,23,9,3,F,2011
E01017935,Wycombe 019B,1045,88,61,50,42,32,68,99,103,91,70,65,58,53,39,35,30,23,23,15,F,2011
E01017936,Wycombe 019C,801,45,46,39,61,24,26,47,54,52,63,56,65,64,53,42,27,18,14,5,F,2011
E01017939,Wycombe 019D,682,33,43,47,39,30,42,48,42,73,52,44,57,41,33,25,15,12,4,2,F,2011
E01017866,Wycombe 020A,721,36,32,40,42,24,17,22,39,59,47,61,67,76,46,38,33,24,12,6,F,2011
E01017875,Wycombe 020B,731,48,71,49,44,13,13,31,62,106,94,46,33,39,30,27,12,5,5,3,F,2011
E01017876,Wycombe 020C,1041,54,75,75,56,22,36,26,74,100,91,88,93,78,62,42,30,23,11,5,F,2011
E01017877,Wycombe 020D,832,46,67,64,34,28,22,29,51,73,72,55,46,68,65,41,36,18,9,8,F,2011
E01017846,Wycombe 021A,733,28,40,41,41,31,37,34,34,49,49,51,42,37,49,40,42,35,35,18,F,2011
E01017847,Wycombe 021B,815,49,43,37,41,18,28,37,56,67,60,57,45,51,45,47,47,36,27,24,F,2011
E01017848,Wycombe 021C,606,23,30,32,32,22,20,16,27,47,55,45,46,53,41,40,33,20,11,13,F,2011
E01017849,Wycombe 021D,701,29,22,30,39,26,52,47,52,49,58,55,49,58,45,30,23,19,11,7,F,2011
E01017889,Wycombe 022A,677,40,36,37,32,27,57,67,36,51,52,42,51,40,31,17,21,23,13,4,F,2011
E01017890,Wycombe 022B,652,39,45,29,39,19,11,24,48,37,67,58,48,51,41,29,31,31,3,2,F,2011
E01017891,Wycombe 022C,762,39,40,47,34,23,22,44,53,66,66,44,42,41,41,41,32,40,30,17,F,2011
E01017892,Wycombe 022D,806,54,57,53,47,19,9,12,54,78,48,59,47,66,47,54,52,36,11,3,F,2011
E01017893,Wycombe 022E,827,27,29,28,31,39,47,67,63,42,52,45,45,49,48,48,49,58,39,21,F,2011
E01017894,Wycombe 022F,841,55,47,36,32,28,28,42,49,62,76,56,34,68,69,40,36,30,37,16,F,2011
E01017895,Wycombe 023A,686,43,37,41,36,21,38,53,54,50,57,40,40,31,42,23,27,21,20,12,F,2011
E01017896,Wycombe 023B,742,27,49,41,38,21,22,33,49,57,56,52,53,48,47,40,34,48,18,9,F,2011
E01017897,Wycombe 023C,814,58,38,49,37,32,40,64,71,81,64,46,52,36,55,27,28,13,14,9,F,2011
E01017898,Wycombe 023D,645,47,34,33,43,35,64,59,53,47,46,46,38,36,28,13,12,7,1,3,F,2011
E01017880,Wycombe 024A,729,40,53,55,42,21,21,39,48,79,58,48,44,48,56,31,27,10,4,5,F,2011
E01017881,Wycombe 024B,953,34,47,66,52,24,19,41,59,76,70,52,63,76,66,52,47,51,25,33,F,2011
E01017882,Wycombe 024C,828,39,55,58,52,30,39,37,58,80,60,53,52,60,49,33,24,25,20,4,F,2011
E01017883,Wycombe 024D,831,41,46,73,57,32,27,39,54,70,70,65,72,59,43,27,22,19,13,2,F,2011
E01017884,Wycombe 024E,776,40,48,50,41,28,42,59,55,54,46,49,37,53,36,33,33,28,29,15,F,2011
E01032610,Wycombe 024F,836,34,57,53,39,41,41,33,46,73,61,72,52,49,63,53,38,18,9,4,F,2011
E07000061,,51737,2503,2400,2614,2978,3019,2972,2970,2988,3312,3483,3093,2924,3459,2888,2550,2367,2306,1698,1213,F,2011
E01020924,Eastbourne 001A,703,32,36,47,57,32,41,40,38,50,64,49,46,54,36,25,23,16,11,6,F,2011
E01020925,Eastbourne 001B,816,45,49,63,83,42,58,47,50,67,72,66,51,36,34,17,12,13,7,4,F,2011
E01020927,Eastbourne 001C,805,53,63,59,57,60,47,43,48,66,77,59,50,32,30,21,13,11,11,5,F,2011
E01020928,Eastbourne 001D,858,38,39,31,30,40,49,47,35,53,36,40,61,75,69,50,58,62,28,17,F,2011
E01020930,Eastbourne 001E,744,48,47,64,77,57,43,45,61,80,90,46,29,18,12,16,7,0,3,1,F,2011
E01020917,Eastbourne 002A,767,47,66,64,57,40,45,47,62,53,49,55,52,46,31,18,10,12,6,7,F,2011
E01020918,Eastbourne 002B,845,63,63,63,73,40,48,55,69,62,58,49,46,61,31,23,11,18,7,5,F,2011
E01020919,Eastbourne 002C,807,49,54,58,63,35,36,59,60,69,59,58,40,50,34,25,26,14,12,6,F,2011
E01020923,Eastbourne 002D,758,63,63,61,57,46,59,55,46,47,50,57,43,44,22,17,10,11,6,1,F,2011
E01020949,Eastbourne 002E,842,34,45,38,37,37,45,46,40,49,61,45,75,75,66,48,28,27,29,17,F,2011
E01020926,Eastbourne 003A,831,34,34,55,76,49,32,37,42,74,67,65,55,52,47,24,32,29,19,8,F,2011
E01020929,Eastbourne 003B,843,57,54,41,53,48,66,53,35,54,54,45,41,55,42,44,44,35,12,10,F,2011
E01020955,Eastbourne 003C,759,37,35,56,42,33,44,48,45,62,56,32,41,49,46,33,40,26,16,18,F,2011
E01020956,Eastbourne 003D,834,26,12,26,19,18,21,29,27,32,40,42,64,101,89,79,85,65,38,21,F,2011
E01020957,Eastbourne 003E,803,42,32,44,46,37,46,36,49,48,62,41,47,67,45,49,46,31,23,12,F,2011
E01020920,Eastbourne 004A,779,45,38,48,39,36,40,51,52,62,49,44,41,47,55,49,35,28,11,9,F,2011
E01020921,Eastbourne 004B,806,31,33,39,60,38,38,39,43,58,55,58,42,49,34,38,29,41,50,31,F,2011
E01020922,Eastbourne 004C,800,28,48,67,54,49,33,43,44,57,66,57,43,39,39,28,22,30,33,20,F,2011
E01020945,Eastbourne 004D,973,28,40,51,52,23,28,27,38,63,68,69,69,94,82,85,60,46,36,14,F,2011
E01020950,Eastbourne 004E,861,29,27,36,36,46,26,41,38,39,62,45,50,74,65,76,70,57,35,9,F,2011
E01020940,Eastbourne 006A,753,29,40,39,45,20,25,16,44,49,49,66,52,43,43,47,46,49,23,28,F,2011
E01020941,Eastbourne 006B,900,49,74,67,75,51,30,48,66,81,74,56,44,56,41,22,30,20,11,5,F,2011
E01020942,Eastbourne 006C,859,44,58,57,53,31,32,33,70,61,78,67,54,58,47,41,25,26,18,6,F,2011
E01020946,Eastbourne 006D,927,28,28,41,43,25,15,21,46,45,81,60,67,85,72,73,51,64,53,29,F,2011
E01020947,Eastbourne 006E,787,36,38,37,42,28,34,42,46,36,59,50,58,42,60,49,53,45,21,11,F,2011
E01020914,Eastbourne 007A,1017,74,61,61,53,75,78,91,87,82,62,59,45,60,31,28,33,22,7,8,F,2011
E01020915,Eastbourne 007B,862,50,47,47,30,46,41,64,54,62,51,43,46,55,44,37,52,36,42,15,F,2011
E01020952,Eastbourne 007C,943,53,52,47,74,57,47,50,57,78,65,59,55,60,40,41,26,37,22,23,F,2011
E01020953,Eastbourne 007D,780,44,48,61,47,29,34,40,60,66,72,62,59,46,36,20,24,17,11,4,F,2011
E01020954,Eastbourne 007E,904,56,68,72,66,51,40,43,51,86,79,62,44,46,39,24,30,26,10,11,F,2011
E01020948,Eastbourne 008A,766,33,26,19,28,33,40,38,39,40,35,39,34,53,67,58,61,64,34,25,F,2011
E01020963,Eastbourne 008B,886,32,47,57,41,45,34,40,59,55,82,70,50,39,41,37,27,53,38,39,F,2011
E01020965,Eastbourne 008C,923,34,19,15,22,85,111,81,46,39,65,40,38,46,38,34,44,43,70,53,F,2011
E01020966,Eastbourne 008D,951,31,16,17,25,65,71,46,42,37,37,49,36,58,36,62,67,72,103,81,F,2011
E01020938,Eastbourne 009A,823,57,48,44,54,38,32,44,61,64,67,63,50,50,35,30,36,25,17,8,F,2011
E01020939,Eastbourne 009B,833,42,51,61,51,36,31,37,60,71,75,51,65,51,38,35,22,27,13,16,F,2011
E01020943,Eastbourne 009C,860,48,54,35,47,43,49,53,62,67,71,59,47,41,58,36,35,28,20,7,F,2011
E01020964,Eastbourne 009D,878,36,23,27,27,33,55,50,46,51,53,44,42,65,63,55,51,70,52,35,F,2011
E01020967,Eastbourne 009E,995,24,22,23,30,26,45,47,37,48,48,50,46,82,64,63,77,97,99,67,F,2011
E01020910,Eastbourne 010A,885,47,38,33,49,102,84,70,52,51,58,50,44,43,31,33,33,24,27,16,F,2011
E01020911,Eastbourne 010B,898,67,29,19,53,170,117,84,57,47,51,45,40,29,19,28,15,13,8,7,F,2011
E01020912,Eastbourne 010C,936,51,31,28,58,187,91,112,67,46,45,49,44,36,22,17,13,17,12,10,F,2011
E01020916,Eastbourne 010D,877,64,46,35,34,80,97,84,72,50,70,39,42,45,31,29,18,22,16,3,F,2011
E01020935,Eastbourne 011A,857,41,23,24,23,98,86,83,58,60,30,41,36,39,33,34,59,33,37,19,F,2011
E01020936,Eastbourne 011B,936,14,4,17,47,70,73,48,22,24,36,40,38,52,50,79,89,107,80,46,F,2011
E01020937,Eastbourne 011C,812,22,13,28,78,57,70,60,29,35,38,26,44,46,36,50,34,41,44,61,F,2011
E01020968,Eastbourne 011D,896,38,23,26,46,72,84,60,47,35,33,41,38,51,40,35,46,67,57,57,F,2011
E01020931,Eastbourne 012A,1014,17,24,24,134,67,33,26,27,30,36,35,53,72,68,67,67,94,60,80,F,2011
E01020932,Eastbourne 012B,756,11,12,6,6,19,23,27,10,19,32,22,33,45,51,103,107,107,69,54,F,2011
E01020933,Eastbourne 012C,584,9,24,35,106,18,6,16,18,28,36,25,40,39,48,38,34,37,14,13,F,2011
E01020934,Eastbourne 012D,685,25,17,24,17,37,27,31,29,24,27,39,33,60,57,60,49,58,44,27,F,2011
E01020944,Eastbourne 012E,796,20,30,39,52,27,19,31,43,51,70,64,50,63,50,42,53,34,30,28,F,2011
E01020913,Eastbourne 013A,1118,59,67,70,46,55,64,69,71,81,93,69,65,88,74,46,31,32,20,18,F,2011
E01020951,Eastbourne 013B,771,49,61,55,32,47,44,49,52,50,56,51,42,48,38,22,20,26,19,10,F,2011
E01020959,Eastbourne 013C,745,49,31,46,32,29,35,37,42,56,47,42,34,47,50,41,49,37,18,23,F,2011
E01020961,Eastbourne 013D,766,23,26,27,32,23,28,26,28,40,39,60,46,81,70,66,46,48,38,19,F,2011
E01020962,Eastbourne 013E,1032,46,36,51,40,56,59,61,51,65,50,51,68,106,94,49,58,48,27,16,F,2011
E01020960,Eastbourne 014A,1210,89,48,59,48,73,96,59,88,89,67,83,77,99,79,64,40,30,13,9,F,2011
E01032831,Eastbourne 014B,803,42,40,43,35,23,42,48,54,67,59,51,55,101,64,37,20,15,5,2,F,2011
E01032832,Eastbourne 014C,840,53,59,68,62,36,55,53,71,56,67,51,45,56,41,25,23,16,2,1,F,2011
E01032833,Eastbourne 014D,639,38,20,19,27,50,50,64,45,45,45,48,39,59,40,28,12,7,1,2,F,2011
E07000062,,46191,2716,2314,2598,2865,2991,2840,2568,2749,3336,3417,3192,2830,3123,2296,1785,1520,1333,1007,711,F,2011
E01020969,Hastings 001A,795,38,26,34,49,47,29,26,31,57,47,44,59,82,57,45,42,38,19,25,F,2011
E01020970,Hastings 001B,1347,73,71,101,99,51,62,64,92,116,133,98,111,85,60,66,32,19,12,2,F,2011
E01020971,Hastings 001C,1055,70,59,74,72,60,53,54,62,77,97,72,63,67,46,44,35,27,20,3,F,2011
E01020987,Hastings 001D,920,77,48,55,55,52,87,73,90,76,65,64,36,46,31,19,27,9,7,3,F,2011
E01020974,Hastings 002A,792,31,31,40,48,31,25,23,31,55,51,52,35,78,60,56,43,50,29,23,F,2011
E01020986,Hastings 002B,776,36,34,46,34,37,38,30,46,46,70,46,58,70,59,41,38,24,14,9,F,2011
E01020988,Hastings 002C,909,34,33,42,53,29,24,38,37,43,68,61,67,77,84,64,60,45,32,18,F,2011
E01021007,Hastings 002D,737,20,21,25,25,30,20,26,27,36,50,62,58,85,60,66,46,39,32,9,F,2011
E01021008,Hastings 002E,856,33,42,32,49,40,33,29,41,45,49,57,49,61,64,63,71,52,25,21,F,2011
E01021009,Hastings 002F,1002,46,54,51,48,24,41,43,60,86,62,63,70,109,78,51,42,42,21,11,F,2011
E01020993,Hastings 003A,699,45,31,44,58,47,40,34,34,62,60,60,42,38,31,24,22,21,5,1,F,2011
E01020994,Hastings 003B,792,63,50,71,63,45,50,61,42,58,48,60,40,49,28,34,11,12,7,0,F,2011
E01020995,Hastings 003C,750,54,53,46,45,38,57,55,41,48,50,56,60,42,40,15,22,18,6,4,F,2011
E01020996,Hastings 003D,924,53,74,75,64,47,76,50,66,89,75,62,57,56,30,17,13,10,8,2,F,2011
E01021019,Hastings 003E,812,47,37,37,46,39,39,39,42,52,58,58,48,76,44,41,31,31,28,19,F,2011
E01021004,Hastings 004A,931,47,37,47,39,51,52,39,48,59,62,65,71,92,61,41,37,34,30,19,F,2011
E01021005,Hastings 004B,859,71,68,48,60,74,50,52,37,57,62,52,50,38,42,27,26,26,15,4,F,2011
E01021006,Hastings 004C,921,68,39,44,52,61,60,64,52,61,62,85,66,51,52,41,28,12,18,5,F,2011
E01021013,Hastings 004D,920,61,48,64,79,67,45,75,72,82,75,49,52,56,27,26,21,15,3,3,F,2011
E01020972,Hastings 005A,828,74,63,58,62,64,65,44,52,62,62,45,31,44,27,33,25,11,6,0,F,2011
E01020973,Hastings 005B,922,52,58,66,68,34,53,56,49,69,68,76,40,57,41,52,38,21,18,6,F,2011
E01020977,Hastings 005C,810,66,57,49,33,84,72,51,53,61,54,53,47,47,33,19,8,14,3,6,F,2011
E01021015,Hastings 005D,871,87,63,73,68,64,72,51,59,61,58,59,36,34,22,19,17,13,9,6,F,2011
E01021010,Hastings 006A,825,27,48,60,69,39,26,41,58,63,55,72,43,65,47,42,27,25,8,10,F,2011
E01021011,Hastings 006B,812,57,49,55,53,44,60,48,51,80,68,62,32,42,28,19,19,21,20,4,F,2011
E01021012,Hastings 006C,862,33,34,44,55,46,41,40,58,63,66,54,54,66,44,32,31,36,38,27,F,2011
E01021020,Hastings 006D,980,50,60,90,74,43,47,47,58,81,61,60,52,70,64,32,29,26,24,12,F,2011
E01021021,Hastings 006E,1011,77,42,47,58,90,75,69,47,63,67,59,64,56,51,45,27,39,18,17,F,2011
E01021000,Hastings 007A,749,39,44,62,58,36,29,42,53,76,62,38,45,53,50,21,18,10,8,5,F,2011
E01021001,Hastings 007B,641,42,38,40,48,46,29,40,38,49,47,54,36,35,35,22,20,13,8,1,F,2011
E01021002,Hastings 007C,770,34,37,43,54,41,27,36,40,62,60,54,57,48,56,36,20,22,18,25,F,2011
E01021003,Hastings 007D,841,25,22,26,31,37,47,31,35,60,65,66,76,83,48,38,54,31,33,33,F,2011
E01021014,Hastings 007E,999,90,62,69,77,65,60,66,72,88,88,68,38,42,43,19,19,13,13,7,F,2011
E01020975,Hastings 008A,932,64,46,34,53,60,60,45,59,64,70,66,48,64,47,32,32,34,28,26,F,2011
E01020976,Hastings 008B,971,38,36,52,43,68,66,54,53,64,76,67,79,70,51,49,41,28,26,10,F,2011
E01020990,Hastings 008C,806,45,46,67,70,56,58,63,53,63,65,51,52,38,26,17,10,18,6,2,F,2011
E01020991,Hastings 008D,673,29,38,29,39,36,54,27,35,48,51,56,48,57,29,26,25,17,11,18,F,2011
E01020992,Hastings 008E,909,75,33,50,62,78,77,65,62,59,86,59,57,49,20,23,23,13,12,6,F,2011
E01020978,Hastings 009A,953,62,48,38,55,104,88,73,51,71,66,69,57,43,40,17,12,30,17,12,F,2011
E01020979,Hastings 009B,856,49,23,26,42,106,89,53,45,51,43,66,54,58,27,28,30,33,21,12,F,2011
E01020980,Hastings 009C,803,48,45,45,44,83,62,54,63,57,63,57,52,30,30,15,16,15,18,6,F,2011
E01020981,Hastings 009D,800,60,51,44,58,47,46,49,60,67,63,47,46,56,35,26,13,7,12,13,F,2011
E01020997,Hastings 010A,900,67,49,59,54,54,49,50,56,64,61,43,45,71,44,29,36,22,21,26,F,2011
E01020998,Hastings 010B,936,41,32,31,40,62,67,43,63,43,60,62,62,63,41,30,37,50,48,61,F,2011
E01020999,Hastings 010C,1057,37,38,52,35,34,33,39,41,58,62,64,72,79,73,52,68,71,74,75,F,2011
E01021016,Hastings 010D,870,44,38,55,45,61,63,41,50,49,64,52,63,59,43,43,27,24,31,18,F,2011
E01021017,Hastings 010E,823,38,39,47,71,47,37,45,57,66,74,84,48,61,38,32,11,10,12,6,F,2011
E01021018,Hastings 010F,975,51,43,56,84,43,52,61,59,88,80,71,66,58,49,40,32,22,14,6,F,2011
E01020982,Hastings 011A,817,52,39,38,47,88,61,56,47,70,78,56,45,46,28,14,10,15,13,14,F,2011
E01020983,Hastings 011B,800,36,26,31,44,90,61,34,52,41,50,47,43,29,36,30,42,44,35,29,F,2011
E01020984,Hastings 011C,925,53,36,26,55,110,90,67,54,58,65,68,49,55,30,28,27,21,23,10,F,2011
E01020985,Hastings 011D,834,36,33,39,39,77,66,49,60,55,54,69,57,75,39,22,12,21,17,14,F,2011
E01020989,Hastings 011E,833,71,42,21,39,84,77,63,55,57,61,52,44,62,27,22,17,19,13,7,F,2011
E07000063,,50235,2395,2504,2609,2702,2237,2150,2348,2908,3586,3762,3396,3315,3693,3250,2634,2325,2039,1422,960,F,2011
E01021022,Lewes 001A,1108,58,82,68,66,43,35,54,75,90,86,71,84,95,59,40,32,47,16,7,F,2011
E01021024,Lewes 001B,635,28,55,27,45,32,30,29,34,50,58,62,42,42,30,25,19,18,4,5,F,2011
E01021025,Lewes 001C,899,40,59,58,48,34,31,35,59,95,72,61,84,72,64,25,28,17,12,5,F,2011
E01021052,Lewes 001D,669,27,26,38,39,23,13,30,30,53,46,53,51,53,52,36,31,27,25,16,F,2011
E01021053,Lewes 001E,590,22,29,44,35,24,16,21,43,40,50,32,45,49,46,38,21,16,12,7,F,2011
E01021023,Lewes 002A,1005,40,56,62,58,59,29,31,63,97,88,97,71,75,51,56,32,18,14,8,F,2011
E01021026,Lewes 002B,1312,50,65,56,43,25,28,31,64,78,88,75,77,106,98,91,94,91,84,68,F,2011
E01021032,Lewes 002C,1093,28,50,70,70,39,24,30,47,73,102,105,76,89,85,65,54,36,34,16,F,2011
E01021067,Lewes 002D,577,20,23,37,40,25,15,15,24,53,64,55,52,45,24,32,21,12,13,7,F,2011
E01021068,Lewes 002E,589,20,25,35,78,16,19,25,38,44,58,46,43,29,34,28,28,16,3,4,F,2011
E01021033,Lewes 003A,895,46,47,46,38,35,51,53,56,74,76,49,56,59,46,40,46,39,28,10,F,2011
E01021034,Lewes 003B,685,45,30,36,38,33,52,51,46,61,50,58,48,40,32,24,23,11,4,3,F,2011
E01021035,Lewes 003C,877,30,31,35,40,36,59,83,77,62,51,70,45,58,51,32,30,42,26,19,F,2011
E01021036,Lewes 003D,758,31,42,60,45,26,23,24,36,60,87,55,49,55,34,48,29,32,13,9,F,2011
E01021037,Lewes 003E,806,67,50,56,61,53,50,50,56,69,59,56,33,38,42,19,13,18,11,5,F,2011
E01021038,Lewes 003F,936,42,44,48,57,25,38,53,84,69,81,70,60,64,48,33,35,34,24,27,F,2011
E01021054,Lewes 004A,711,36,37,27,42,24,16,39,42,67,57,50,61,69,47,35,30,14,7,11,F,2011
E01021055,Lewes 004B,918,54,39,45,42,31,38,38,52,59,65,55,51,69,60,70,46,44,36,24,F,2011
E01021056,Lewes 004C,906,26,50,43,42,23,28,37,42,63,58,51,69,93,75,56,52,44,30,24,F,2011
E01021057,Lewes 004D,778,39,45,41,37,50,29,42,44,60,65,59,55,51,40,31,38,24,17,11,F,2011
E01021039,Lewes 005A,761,37,53,40,40,23,36,26,58,55,73,51,49,48,48,46,33,22,13,10,F,2011
E01021040,Lewes 005B,784,48,50,35,30,30,30,46,41,64,59,59,47,60,48,34,30,35,19,19,F,2011
E01021041,Lewes 005C,818,48,56,51,51,23,10,27,43,47,75,58,56,49,56,54,52,32,19,11,F,2011
E01021042,Lewes 005D,706,34,47,63,42,18,19,27,43,80,60,57,48,48,29,27,27,21,10,6,F,2011
E01021043,Lewes 005E,860,62,65,61,69,36,51,32,70,76,84,62,47,46,28,24,18,14,12,3,F,2011
E01021027,Lewes 006A,776,36,45,38,29,34,22,26,42,66,80,56,49,56,51,44,40,38,21,3,F,2011
E01021028,Lewes 006B,838,51,42,53,60,58,42,56,57,69,64,64,64,44,36,33,22,11,8,4,F,2011
E01021029,Lewes 006C,806,34,47,42,55,38,40,31,46,59,74,52,54,55,49,41,29,26,16,18,F,2011
E01021030,Lewes 006D,694,33,39,33,37,19,16,31,38,56,50,41,39,36,41,35,36,35,47,32,F,2011
E01021031,Lewes 006E,743,37,25,28,16,36,43,49,52,43,44,39,42,61,44,29,38,43,37,37,F,2011
E01021061,Lewes 007A,773,34,33,57,56,42,37,38,50,70,73,57,60,41,40,31,19,13,15,7,F,2011
E01021063,Lewes 007B,860,42,46,50,36,57,42,39,54,66,59,80,70,61,47,34,31,24,15,7,F,2011
E01021064,Lewes 007C,830,33,33,24,40,28,39,55,34,47,47,51,49,64,80,64,49,49,31,13,F,2011
E01021065,Lewes 007D,611,32,20,15,20,26,44,40,42,35,29,36,26,49,46,49,36,31,10,25,F,2011
E01021066,Lewes 007E,791,42,36,35,40,44,46,33,42,55,59,47,48,57,50,55,40,33,17,12,F,2011
E01021045,Lewes 008A,908,45,33,39,30,33,35,34,55,55,44,46,76,78,93,79,51,48,18,16,F,2011
E01021046,Lewes 008B,783,44,50,50,40,47,31,35,54,55,61,62,52,48,41,33,42,19,11,8,F,2011
E01021047,Lewes 008C,722,27,39,46,37,32,41,37,37,55,60,72,46,40,49,31,24,24,17,8,F,2011
E01021048,Lewes 008D,744,53,21,27,38,48,56,60,56,43,44,52,54,60,43,28,25,24,8,4,F,2011
E01021044,Lewes 009A,994,81,85,73,60,63,74,93,80,64,71,51,49,39,28,28,19,18,12,6,F,2011
E01021049,Lewes 009B,712,55,42,36,32,60,54,67,59,57,46,42,32,34,22,22,20,13,11,8,F,2011
E01021050,Lewes 009C,676,44,44,38,67,44,31,43,49,62,53,47,36,47,26,17,7,12,7,2,F,2011
E01021051,Lewes 009D,624,38,34,41,39,49,33,28,37,52,49,35,45,42,31,22,19,14,9,7,F,2011
E01021058,Lewes 010A,1020,60,52,41,51,57,60,55,61,71,55,65,71,56,62,51,55,42,35,20,F,2011
E01021059,Lewes 010B,802,37,23,39,32,33,42,35,38,44,47,50,56,70,62,37,53,42,47,15,F,2011
E01021060,Lewes 010C,802,29,32,38,39,40,55,36,46,48,58,34,49,83,70,58,34,29,18,6,F,2011
E01021062,Lewes 010D,748,40,50,52,56,43,38,40,57,66,54,49,40,33,34,30,29,21,9,7,F,2011
E01021069,Lewes 011A,818,34,19,48,41,31,28,27,35,53,52,54,57,66,68,58,44,36,31,36,F,2011
E01021075,Lewes 011B,944,62,51,54,44,31,34,48,60,52,65,59,58,63,77,51,48,43,30,14,F,2011
E01021077,Lewes 011C,778,29,28,42,44,30,17,16,36,35,65,53,51,63,55,60,45,50,40,19,F,2011
E01021081,Lewes 011D,832,16,28,23,33,32,26,22,34,37,47,49,58,61,82,55,57,68,58,46,F,2011
E01021082,Lewes 011E,844,19,20,23,28,17,26,36,20,43,52,54,67,96,87,56,71,54,41,34,F,2011
E01021083,Lewes 011F,690,21,27,27,41,26,19,21,27,34,57,48,60,60,67,44,45,39,21,6,F,2011
E01021072,Lewes 012A,825,17,25,25,27,32,15,12,20,38,37,47,59,96,87,72,78,78,42,18,F,2011
E01021073,Lewes 012B,769,36,36,51,46,34,19,27,37,41,49,43,48,60,59,51,44,45,31,12,F,2011
E01021074,Lewes 012C,866,42,42,37,49,35,37,35,46,53,53,38,58,79,70,56,55,45,24,12,F,2011
E01021076,Lewes 012D,983,53,53,53,60,51,60,48,59,78,73,56,58,75,54,47,39,33,20,13,F,2011
E01021078,Lewes 012E,688,18,29,33,43,22,18,18,19,44,44,52,46,73,63,60,42,30,18,16,F,2011
E01021070,Lewes 013A,821,41,28,33,36,51,39,46,48,55,68,32,45,55,57,32,43,44,39,29,F,2011
E01021071,Lewes 013B,868,42,21,27,36,63,61,58,42,54,52,64,42,67,43,38,39,54,36,29,F,2011
E01021079,Lewes 013C,836,34,43,26,26,33,40,30,42,42,44,44,45,64,66,54,50,60,48,45,F,2011
E01021080,Lewes 013D,740,26,27,30,42,32,20,14,30,50,71,58,57,59,43,40,45,27,38,31,F,2011
E07000064,,47619,2006,1972,2499,2450,1766,1656,1700,2144,2919,3371,3148,3142,4177,3591,2948,2647,2403,1792,1288,F,2011
E01021132,Rother 001A,765,37,48,54,59,25,23,33,58,40,54,55,46,54,51,40,36,29,17,6,F,2011
E01021133,Rother 001B,836,50,48,43,47,31,36,45,41,66,98,59,49,69,45,36,29,24,17,3,F,2011
E01021134,Rother 001C,722,40,47,39,36,37,26,31,60,61,58,67,46,50,46,22,30,9,11,6,F,2011
E01021139,Rother 001D,687,57,55,36,33,22,31,35,45,48,42,34,42,43,43,33,27,23,21,17,F,2011
E01021140,Rother 001E,924,42,39,63,64,33,17,34,53,76,82,83,72,72,60,45,25,28,17,19,F,2011
E01021141,Rother 001F,771,41,39,63,50,22,22,15,60,76,66,62,59,62,36,38,25,16,13,6,F,2011
E01021103,Rother 002A,781,33,26,48,42,24,24,27,34,42,60,71,51,88,61,53,37,38,13,9,F,2011
E01021114,Rother 002B,791,24,44,53,33,21,12,26,29,59,65,60,64,67,68,56,47,30,24,9,F,2011
E01021115,Rother 002C,817,20,31,41,29,19,15,24,22,57,54,69,79,97,78,50,50,35,33,14,F,2011
E01021116,Rother 002D,799,37,36,34,42,25,29,32,41,48,56,64,61,75,52,52,40,35,24,16,F,2011
E01021098,Rother 003A,899,42,47,51,36,31,32,34,33,69,66,63,55,100,69,31,45,38,33,24,F,2011
E01021099,Rother 003B,825,19,36,53,36,25,21,25,38,55,83,73,68,89,69,50,35,17,12,21,F,2011
E01021100,Rother 003C,934,50,53,91,66,31,31,31,52,73,88,89,51,75,47,41,21,23,11,10,F,2011
E01021104,Rother 003D,700,25,36,41,31,30,15,22,25,50,76,57,60,62,55,45,37,23,9,1,F,2011
E01021105,Rother 003E,629,25,27,38,47,15,15,18,27,55,51,42,46,53,52,45,33,17,13,10,F,2011
E01021101,Rother 004A,909,36,27,43,32,22,27,30,39,47,59,60,76,102,71,79,60,57,28,14,F,2011
E01021102,Rother 004B,792,36,33,35,41,40,35,23,42,54,69,63,47,76,60,50,44,21,15,8,F,2011
E01021117,Rother 004C,819,31,26,31,31,27,37,39,38,55,54,56,56,80,57,59,48,48,32,14,F,2011
E01021118,Rother 004D,784,25,24,33,55,32,31,24,33,54,53,60,49,63,70,49,46,35,30,18,F,2011
E01021119,Rother 004E,600,45,38,26,35,23,33,32,34,33,35,36,30,38,36,34,42,25,17,8,F,2011
E01021087,Rother 005A,880,32,25,47,56,37,16,16,33,58,79,80,60,78,95,54,49,30,15,20,F,2011
E01021088,Rother 005B,764,23,22,34,42,25,18,21,18,46,44,53,74,95,74,56,38,37,25,19,F,2011
E01021089,Rother 005C,804,31,34,60,53,37,20,22,47,53,59,49,58,83,52,51,31,35,20,9,F,2011
E01021109,Rother 005D,868,15,36,37,81,28,30,28,33,56,53,72,80,86,83,58,36,28,15,13,F,2011
E01021110,Rother 005E,1186,29,28,39,34,27,17,26,37,63,77,70,98,150,155,101,82,72,60,21,F,2011
E01021084,Rother 006A,1001,65,39,43,76,49,42,38,55,51,66,52,58,82,60,46,45,55,55,24,F,2011
E01021085,Rother 006B,899,36,52,67,62,38,29,33,50,58,72,73,62,57,54,48,41,34,27,6,F,2011
E01021086,Rother 006C,933,38,42,63,57,29,20,30,40,66,83,65,48,90,56,50,43,51,32,30,F,2011
E01021096,Rother 006D,660,31,27,39,42,25,18,19,33,58,55,62,60,59,43,26,30,16,12,5,F,2011
E01021097,Rother 006E,724,28,27,48,42,17,27,19,38,52,57,47,54,65,65,31,32,27,28,20,F,2011
E01021111,Rother 007A,568,15,20,20,15,17,13,19,17,26,29,34,32,51,55,51,21,39,47,47,F,2011
E01021113,Rother 007B,748,47,40,64,43,39,33,39,45,56,62,41,46,43,41,32,38,19,11,9,F,2011
E01021131,Rother 007C,862,60,51,72,82,55,47,60,50,84,67,56,40,47,24,23,16,21,4,3,F,2011
E01021135,Rother 007D,988,86,81,93,64,56,71,65,72,53,65,58,35,42,46,33,30,24,12,2,F,2011
E01021136,Rother 007E,720,67,55,52,40,53,39,29,42,46,56,33,34,37,37,20,29,24,19,8,F,2011
E01021137,Rother 007F,787,48,50,62,39,45,36,49,32,59,59,53,37,58,45,38,22,25,20,10,F,2011
E01021112,Rother 008A,798,21,31,49,68,26,22,34,34,49,45,47,52,65,47,57,47,47,29,28,F,2011
E01021120,Rother 008B,782,25,16,18,28,11,15,21,11,23,37,25,45,57,75,70,93,80,78,54,F,2011
E01021126,Rother 008C,788,33,27,36,36,22,36,30,32,61,39,41,36,58,52,54,42,56,48,49,F,2011
E01021127,Rother 008D,840,34,42,55,54,31,20,47,43,58,56,66,47,84,55,42,46,32,16,12,F,2011
E01021128,Rother 008E,924,40,31,41,49,41,36,39,50,46,78,53,58,89,67,59,68,43,29,7,F,2011
E01021093,Rother 009A,809,13,22,31,44,20,15,10,26,40,52,42,60,89,86,66,59,64,36,34,F,2011
E01021095,Rother 009B,710,13,18,31,24,17,17,14,17,23,36,48,53,78,70,72,61,45,43,30,F,2011
E01021123,Rother 009C,827,23,22,36,24,23,23,21,29,33,56,46,53,90,88,72,68,57,34,29,F,2011
E01021124,Rother 009D,904,29,32,29,23,27,27,14,33,36,50,58,59,95,86,74,78,84,45,25,F,2011
E01021125,Rother 009E,701,26,20,26,33,6,10,12,23,29,48,45,49,60,62,50,65,38,41,58,F,2011
E01021129,Rother 009F,950,32,35,51,43,22,30,26,51,49,55,66,71,102,74,80,70,41,36,16,F,2011
E01021138,Rother 009G,589,16,15,27,37,14,11,16,13,30,56,31,45,64,44,43,33,29,31,34,F,2011
E01021094,Rother 010A,845,13,9,24,23,28,14,15,17,25,43,45,61,65,71,76,72,102,82,60,F,2011
E01021106,Rother 010B,946,27,21,31,35,27,26,14,23,24,31,49,62,85,106,77,103,111,60,34,F,2011
E01021107,Rother 010C,820,19,20,33,26,21,13,13,14,43,48,38,56,79,92,94,76,61,41,33,F,2011
E01021108,Rother 010D,788,41,36,35,40,26,42,45,31,52,65,47,44,61,49,33,29,46,27,39,F,2011
E01021130,Rother 010E,748,28,22,41,26,23,32,28,34,40,51,57,56,50,56,49,51,55,32,17,F,2011
E01021090,Rother 011A,880,65,60,56,48,62,83,55,60,47,57,54,40,49,43,26,21,22,22,10,F,2011
E01021091,Rother 011B,997,44,38,27,33,69,68,49,47,61,65,47,53,91,61,41,39,61,50,53,F,2011
E01021092,Rother 011C,1092,50,29,20,34,68,65,39,45,62,57,48,56,80,70,59,87,98,69,56,F,2011
E01021121,Rother 011D,879,32,24,29,34,39,37,31,35,56,53,41,53,92,74,74,50,45,49,31,F,2011
E01021122,Rother 011E,826,16,13,17,15,31,26,34,30,29,41,33,50,56,52,54,49,78,102,100,F,2011
E07000065,,77360,3541,4006,4453,4375,3112,2947,3271,4261,5641,6061,5443,5076,6052,5299,4014,3455,2925,2015,1413,F,2011
E01021167,Wealden 001A,1159,46,76,78,70,31,47,45,82,101,96,78,85,87,72,45,32,50,29,9,F,2011
E01021168,Wealden 001B,884,26,55,72,60,32,21,24,50,70,87,61,79,64,64,46,31,20,15,7,F,2011
E01021169,Wealden 001C,738,29,37,98,66,26,29,30,28,53,71,45,49,50,40,28,27,16,11,5,F,2011
E01021186,Wealden 001D,607,29,27,43,32,26,18,34,20,44,53,56,44,49,38,33,21,20,16,4,F,2011
E01021171,Wealden 002A,1080,53,91,65,75,32,33,37,80,75,86,92,69,75,54,52,38,30,26,17,F,2011
E01021172,Wealden 002B,938,55,72,58,54,28,32,41,38,89,83,72,54,73,48,39,46,26,21,9,F,2011
E01021173,Wealden 002C,709,33,49,47,43,16,21,26,36,78,62,61,53,57,46,26,21,20,10,4,F,2011
E01021218,Wealden 002D,595,33,28,27,37,21,9,18,29,58,48,39,51,59,45,31,28,18,7,9,F,2011
E01021156,Wealden 003A,918,61,50,51,52,47,45,49,59,59,65,46,66,58,42,37,39,47,31,14,F,2011
E01021157,Wealden 003B,953,37,50,66,50,38,37,33,54,62,73,72,70,74,74,57,42,36,18,10,F,2011
E01021158,Wealden 003C,1103,62,74,52,73,45,59,59,67,90,99,79,60,85,59,54,33,29,13,11,F,2011
E01021159,Wealden 004A,1206,31,47,59,54,38,23,33,38,60,104,95,95,123,104,77,73,58,50,44,F,2011
E01021160,Wealden 004B,875,23,33,39,39,31,47,32,38,52,46,41,52,65,81,46,56,57,50,47,F,2011
E01021161,Wealden 004C,773,31,41,44,48,36,31,30,65,61,65,54,44,53,47,45,31,29,11,7,F,2011
E01021162,Wealden 004D,840,26,41,33,55,25,24,20,42,56,55,70,67,74,66,48,51,24,30,33,F,2011
E01021202,Wealden 005A,636,21,20,47,68,24,22,20,33,28,47,38,43,45,49,24,41,29,22,15,F,2011
E01021203,Wealden 005B,735,28,33,33,52,32,26,18,36,45,60,68,59,64,46,53,40,18,14,10,F,2011
E01021229,Wealden 005C,862,37,47,54,55,32,35,33,53,69,85,69,50,75,56,41,33,24,8,6,F,2011
E01021230,Wealden 005D,905,44,57,75,58,24,15,27,49,68,94,83,59,69,66,39,38,18,12,10,F,2011
E01021231,Wealden 005E,941,45,57,50,44,36,32,34,53,71,69,70,60,61,52,59,39,37,43,29,F,2011
E01021151,Wealden 006A,891,50,50,52,62,41,31,45,54,77,88,64,52,74,48,37,22,22,16,6,F,2011
E01021152,Wealden 006B,820,27,33,44,62,60,44,72,60,67,62,58,45,48,44,35,24,20,12,3,F,2011
E01021153,Wealden 006C,1021,57,54,70,57,53,57,59,89,82,80,65,60,62,49,32,29,30,25,11,F,2011
E01021154,Wealden 006D,736,62,45,38,38,37,45,38,40,58,56,52,47,56,31,31,28,20,6,8,F,2011
E01021155,Wealden 006E,590,34,35,36,38,26,38,45,51,47,48,52,42,24,33,14,8,11,7,1,F,2011
E01021163,Wealden 007A,1156,35,49,91,56,36,24,35,51,73,100,98,79,107,73,65,57,46,30,51,F,2011
E01021164,Wealden 007B,975,36,59,62,35,29,30,49,52,76,78,89,67,81,59,40,36,41,33,23,F,2011
E01021187,Wealden 007C,714,33,41,26,35,34,21,25,35,58,66,56,48,76,51,38,34,12,16,9,F,2011
E01021144,Wealden 008A,926,52,54,53,52,34,24,33,51,74,76,72,84,85,61,47,30,22,10,12,F,2011
E01021145,Wealden 008B,997,59,45,38,42,36,37,39,55,78,79,68,67,106,71,60,35,41,23,18,F,2011
E01021170,Wealden 008C,1444,64,69,114,78,55,51,52,69,98,142,123,115,128,117,64,38,31,18,18,F,2011
E01021217,Wealden 008D,660,22,35,41,37,23,9,16,36,60,57,48,43,44,49,41,30,42,18,9,F,2011
E01021219,Wealden 009A,694,39,42,30,34,37,16,19,46,37,59,67,54,67,60,38,19,14,10,6,F,2011
E01021220,Wealden 009B,869,44,25,38,43,43,37,54,39,55,56,48,49,71,60,35,41,56,41,34,F,2011
E01021223,Wealden 009C,592,25,22,48,32,35,25,25,37,52,48,47,36,30,36,32,20,19,15,8,F,2011
E01021224,Wealden 009D,757,37,39,52,55,48,30,43,49,56,66,45,46,38,38,22,29,26,30,8,F,2011
E01021225,Wealden 009E,825,48,61,36,39,27,58,45,55,69,59,46,42,75,54,28,36,21,19,7,F,2011
E01021226,Wealden 009F,721,51,43,56,57,46,43,47,49,47,67,46,46,45,31,14,12,11,7,3,F,2011
E01021150,Wealden 010A,605,32,36,40,20,25,15,19,29,54,52,40,50,50,49,23,26,20,12,13,F,2011
E01021191,Wealden 010B,840,27,23,36,39,65,50,35,26,53,61,51,53,65,61,46,53,51,26,19,F,2011
E01021192,Wealden 010C,829,41,42,47,58,40,34,39,46,78,73,67,44,66,43,38,25,21,20,7,F,2011
E01021193,Wealden 010D,887,42,49,49,64,42,37,54,57,73,69,50,51,59,55,34,38,29,19,16,F,2011
E01021194,Wealden 010E,879,63,61,79,44,40,42,40,65,71,75,55,41,56,32,27,31,26,15,16,F,2011
E01021149,Wealden 011A,648,26,34,22,43,20,22,25,36,45,66,38,52,54,44,36,24,20,16,25,F,2011
E01021189,Wealden 011B,693,23,44,55,47,22,15,15,32,59,76,56,55,67,47,39,14,13,4,10,F,2011
E01021190,Wealden 011C,765,40,36,29,45,33,34,27,49,55,62,55,49,58,71,53,34,17,11,7,F,2011
E01021200,Wealden 011D,592,28,31,35,26,29,21,23,36,41,47,36,40,44,30,27,42,22,22,12,F,2011
E01021201,Wealden 011E,792,38,46,38,47,23,30,27,39,56,63,57,48,74,59,40,28,29,20,30,F,2011
E01021221,Wealden 012A,639,30,39,50,33,35,39,47,49,42,59,55,35,31,26,19,22,17,8,3,F,2011
E01021222,Wealden 012B,809,59,48,33,34,49,36,74,71,69,57,41,39,48,47,28,20,30,19,7,F,2011
E01021227,Wealden 012C,874,42,45,64,59,51,48,40,55,86,66,76,37,57,46,24,21,20,16,21,F,2011
E01021228,Wealden 012D,790,25,48,67,69,40,22,27,41,95,88,75,39,36,35,29,25,21,7,1,F,2011
E01021146,Wealden 013A,901,41,58,47,66,32,27,31,48,79,77,56,72,70,60,49,42,18,23,5,F,2011
E01021147,Wealden 013B,816,23,33,58,55,36,28,28,46,56,78,63,79,75,58,44,32,10,7,7,F,2011
E01021148,Wealden 013C,804,38,50,46,41,30,39,32,46,52,74,77,64,52,47,27,36,10,25,18,F,2011
E01021165,Wealden 013D,592,29,37,28,31,24,24,22,30,60,50,54,52,41,34,27,22,16,9,2,F,2011
E01021188,Wealden 014A,583,24,25,28,44,20,18,15,31,40,43,46,51,62,47,25,28,19,10,7,F,2011
E01021198,Wealden 014B,792,45,57,48,40,29,30,37,44,64,47,63,46,65,44,36,35,36,16,10,F,2011
E01021199,Wealden 014C,706,27,31,44,42,18,15,29,26,47,59,59,68,54,66,40,31,21,22,7,F,2011
E01021204,Wealden 014D,616,23,39,47,35,21,18,22,33,60,50,39,44,48,47,32,25,11,14,8,F,2011
E01021205,Wealden 014E,626,22,24,22,41,26,25,22,25,51,34,57,53,64,54,31,22,20,16,17,F,2011
E01021174,Wealden 015A,849,52,46,58,49,34,52,31,48,63,61,60,54,55,59,37,37,31,13,9,F,2011
E01021175,Wealden 015B,770,27,50,43,35,31,29,38,62,51,42,37,44,58,56,57,37,31,23,19,F,2011
E01021176,Wealden 015C,737,45,24,31,30,36,43,28,27,41,51,40,30,63,52,45,51,50,31,19,F,2011
E01021177,Wealden 015D,600,30,24,18,23,37,38,28,30,31,27,41,40,35,36,43,37,34,24,24,F,2011
E01021180,Wealden 016A,711,35,34,31,27,32,25,17,37,43,60,55,34,60,55,44,42,30,30,20,F,2011
E01021181,Wealden 016B,680,40,48,41,43,33,18,49,40,50,52,45,27,35,47,35,39,23,10,5,F,2011
E01021182,Wealden 016C,803,31,44,43,34,35,24,32,53,52,50,41,53,60,52,59,50,53,26,11,F,2011
E01021183,Wealden 016D,711,63,56,52,52,59,44,42,47,43,56,47,30,33,35,17,16,10,7,2,F,2011
E01021178,Wealden 017A,743,63,48,57,47,38,51,31,43,49,46,32,41,40,38,42,25,28,16,8,F,2011
E01021179,Wealden 017B,799,68,38,46,62,44,41,42,43,50,56,53,56,53,29,35,22,23,23,15,F,2011
E01021184,Wealden 017C,850,40,36,44,39,25,23,39,40,62,57,53,54,59,62,50,42,51,34,40,F,2011
E01021185,Wealden 017D,804,49,57,58,50,47,40,55,41,60,56,39,43,57,36,30,29,29,14,14,F,2011
E01021142,Wealden 018A,593,12,8,17,18,5,7,9,12,18,26,25,33,60,94,79,77,53,24,16,F,2011
E01021143,Wealden 018B,651,20,26,27,31,25,19,20,26,29,50,41,62,52,67,29,39,36,30,22,F,2011
E01021166,Wealden 018C,1185,36,46,53,41,24,29,30,36,77,84,90,93,127,142,80,80,54,35,28,F,2011
E01021195,Wealden 018D,1002,30,43,54,60,44,47,30,43,60,76,84,60,101,65,66,37,43,36,23,F,2011
E01021196,Wealden 018E,1000,39,52,53,54,45,45,42,55,74,81,66,75,77,78,56,42,24,28,14,F,2011
E01021197,Wealden 018F,1017,49,48,65,137,37,45,58,53,76,77,70,61,83,54,33,28,30,11,2,F,2011
E01021212,Wealden 019A,959,37,35,28,41,18,35,55,43,54,73,72,56,78,92,88,46,52,36,20,F,2011
E01021213,Wealden 019B,949,64,42,46,48,56,57,69,60,64,61,65,50,61,53,47,40,27,20,19,F,2011
E01021214,Wealden 019C,860,28,38,30,26,22,36,28,50,41,48,40,44,60,58,67,65,64,58,57,F,2011
E01021215,Wealden 019D,663,20,23,23,23,15,24,18,28,44,34,45,51,50,63,34,63,47,36,22,F,2011
E01021216,Wealden 019E,621,21,26,20,20,25,21,29,20,38,53,39,47,48,38,49,34,31,34,28,F,2011
E01021206,Wealden 020A,792,20,36,38,37,35,22,19,37,47,57,56,55,65,59,48,48,58,32,23,F,2011
E01021207,Wealden 020B,713,23,25,28,28,23,24,20,33,43,46,58,55,85,54,44,43,42,22,17,F,2011
E01021208,Wealden 020C,1037,66,80,83,63,35,39,64,85,92,83,56,57,66,53,41,26,29,16,3,F,2011
E01021209,Wealden 020D,818,25,38,56,50,24,30,28,42,57,55,60,44,74,68,59,37,44,16,11,F,2011
E01021210,Wealden 020E,788,44,68,67,45,25,24,47,78,97,67,52,40,38,32,28,19,12,3,2,F,2011
E01021211,Wealden 020F,801,22,16,27,24,28,21,21,26,38,44,42,65,76,100,78,57,52,37,27,F,2011
E01021232,Wealden 021A,877,28,22,27,36,22,27,37,49,60,51,38,46,78,101,58,70,65,44,18,F,2011
E01021233,Wealden 021B,775,31,34,49,38,18,28,31,40,53,55,48,44,64,58,49,49,44,25,17,F,2011
E01021234,Wealden 021C,780,24,31,53,38,15,11,22,33,60,61,48,52,80,57,53,65,38,26,13,F,2011
E01021235,Wealden 021D,714,20,17,31,33,15,15,19,30,40,51,51,39,67,84,55,52,49,25,21,F,2011
E01021236,Wealden 021E,785,26,25,28,33,35,18,29,43,45,53,55,48,81,56,52,47,50,40,21,F,2011
E07000084,,85039,5568,4903,4999,4749,4411,5766,5845,6246,6853,6877,5666,4761,5132,4054,2985,2461,1838,1221,704,F,2011
E01022553,Basingstoke and Deane 001A,744,38,37,40,47,28,48,31,46,52,59,58,63,51,47,40,22,21,11,5,F,2011
E01022554,Basingstoke and Deane 001B,823,44,52,48,48,29,42,47,49,67,72,67,43,65,34,39,29,29,13,6,F,2011
E01022555,Basingstoke and Deane 001C,741,45,44,42,49,46,34,42,52,55,55,48,32,44,54,30,32,21,8,8,F,2011
E01022556,Basingstoke and Deane 001D,791,58,49,40,41,56,47,63,59,48,75,53,39,41,35,21,21,19,15,11,F,2011
E01022560,Basingstoke and Deane 001E,582,27,34,36,44,29,30,35,37,57,38,57,43,42,37,11,12,4,4,5,F,2011
E01022493,Basingstoke and Deane 002A,672,45,42,47,33,23,14,29,43,48,67,56,47,58,46,26,24,13,10,1,F,2011
E01022536,Basingstoke and Deane 002B,638,26,22,33,44,19,10,17,32,55,50,59,49,48,60,36,34,24,18,2,F,2011
E01022537,Basingstoke and Deane 002C,639,22,23,39,29,22,22,18,37,52,58,57,55,63,41,37,25,21,13,5,F,2011
E01022557,Basingstoke and Deane 002D,765,56,48,42,40,37,45,35,61,56,59,41,42,52,52,28,20,17,18,16,F,2011
E01022558,Basingstoke and Deane 002E,613,38,41,25,30,49,45,54,47,48,60,42,31,28,20,16,20,10,5,4,F,2011
E01022559,Basingstoke and Deane 002F,655,27,39,42,41,37,30,13,27,56,62,63,47,50,35,29,28,14,12,3,F,2011
E01022488,Basingstoke and Deane 003A,598,49,36,43,39,19,26,35,46,53,51,49,41,32,26,12,17,15,6,3,F,2011
E01022489,Basingstoke and Deane 003B,715,42,41,40,43,23,24,31,37,62,69,56,47,59,46,39,32,17,2,5,F,2011
E01022499,Basingstoke and Deane 003C,787,56,63,39,34,27,22,25,52,81,65,56,50,64,55,26,27,17,7,21,F,2011
E01022500,Basingstoke and Deane 003D,719,39,43,55,36,18,33,30,43,64,71,59,66,38,34,29,17,20,12,12,F,2011
E01022513,Basingstoke and Deane 003E,827,48,55,66,38,24,27,25,53,82,66,73,55,68,51,32,33,15,12,4,F,2011
E01022472,Basingstoke and Deane 004A,641,40,37,41,27,26,20,20,36,46,66,54,36,44,52,43,23,15,13,2,F,2011
E01022473,Basingstoke and Deane 004B,620,37,25,32,45,23,28,35,32,50,58,57,45,40,31,20,26,17,14,5,F,2011
E01022520,Basingstoke and Deane 004C,841,38,31,47,34,34,40,48,65,54,73,62,62,61,59,36,28,35,23,11,F,2011
E01022521,Basingstoke and Deane 004D,872,54,42,57,37,33,30,45,54,62,80,79,46,80,58,33,44,19,9,10,F,2011
E01022522,Basingstoke and Deane 004E,784,28,44,61,46,26,29,43,50,53,76,76,66,52,52,30,18,15,14,5,F,2011
E01022490,Basingstoke and Deane 005A,895,53,68,56,35,31,39,61,83,87,78,77,47,52,42,33,18,24,7,4,F,2011
E01022491,Basingstoke and Deane 005B,1005,90,85,76,53,46,96,90,78,90,92,47,43,40,24,19,12,13,6,5,F,2011
E01022492,Basingstoke and Deane 005C,777,45,27,47,39,37,40,31,51,62,66,78,62,56,43,32,25,20,13,3,F,2011
E01022546,Basingstoke and Deane 005D,730,43,41,34,37,23,23,35,47,72,63,64,47,40,43,25,24,25,23,21,F,2011
E01022547,Basingstoke and Deane 005E,849,36,54,50,29,15,20,21,62,75,69,76,68,73,66,47,39,29,13,7,F,2011
E01022495,Basingstoke and Deane 006A,733,55,42,28,32,58,64,82,84,67,54,42,42,31,24,10,8,8,1,1,F,2011
E01022496,Basingstoke and Deane 006B,1260,104,106,73,77,69,79,124,128,127,121,96,66,38,30,13,4,3,2,0,F,2011
E01022497,Basingstoke and Deane 006C,699,45,47,41,24,40,59,60,57,68,48,53,43,44,17,23,14,8,7,1,F,2011
E01022498,Basingstoke and Deane 006D,762,46,38,41,50,51,67,58,56,72,64,60,39,51,33,18,11,3,3,1,F,2011
E01022539,Basingstoke and Deane 007B,612,45,45,52,30,36,40,47,59,39,44,24,27,53,22,21,12,9,6,1,F,2011
E01022540,Basingstoke and Deane 007C,1059,108,69,72,78,86,100,98,81,76,70,48,42,36,33,32,18,6,4,2,F,2011
E01022542,Basingstoke and Deane 007E,617,51,41,50,47,29,43,54,45,51,50,25,21,41,35,10,12,7,4,1,F,2011
E01022543,Basingstoke and Deane 007F,796,68,49,46,34,71,93,70,63,54,38,43,31,46,45,19,10,10,4,2,F,2011
E01032843,Basingstoke and Deane 007H,838,112,40,37,38,74,164,123,72,45,50,35,15,10,10,3,3,4,1,2,F,2011
E01032844,Basingstoke and Deane 007I,784,54,44,46,39,54,67,65,72,61,46,30,28,46,33,23,22,18,23,13,F,2011
E01032851,Basingstoke and Deane 007J,1081,92,83,80,66,77,96,74,93,71,68,55,42,65,42,26,18,18,10,5,F,2011
E01022470,Basingstoke and Deane 008A,936,53,51,49,56,43,49,56,92,89,96,81,67,49,30,20,19,13,14,9,F,2011
E01022471,Basingstoke and Deane 008B,778,49,55,40,34,21,44,64,74,63,62,79,48,54,37,19,11,14,4,6,F,2011
E01022494,Basingstoke and Deane 008C,1255,98,96,71,55,73,124,139,112,102,108,71,54,50,26,20,20,20,9,7,F,2011
E01022523,Basingstoke and Deane 008D,1052,82,69,53,67,79,95,95,78,91,75,52,49,48,39,31,20,10,13,6,F,2011
E01022524,Basingstoke and Deane 009A,1046,83,64,68,82,68,102,97,71,81,72,42,31,30,33,34,25,21,24,18,F,2011
E01022525,Basingstoke and Deane 009B,847,39,37,52,48,59,31,50,49,60,73,53,43,55,38,40,34,31,34,21,F,2011
E01022526,Basingstoke and Deane 009C,836,51,53,45,76,50,75,54,57,83,61,48,36,28,35,25,34,16,9,0,F,2011
E01022527,Basingstoke and Deane 009D,827,46,45,43,54,53,68,54,59,73,57,43,26,41,31,34,39,27,22,12,F,2011
E01022566,Basingstoke and Deane 010B,615,30,30,37,39,33,32,32,45,67,41,46,36,52,41,30,15,4,4,1,F,2011
E01022567,Basingstoke and Deane 010C,649,33,41,54,44,27,32,55,41,60,54,37,25,33,37,22,24,15,8,7,F,2011
E01022568,Basingstoke and Deane 010D,740,36,47,46,56,42,50,42,60,72,57,37,36,50,39,31,18,10,9,2,F,2011
E01022570,Basingstoke and Deane 010E,824,36,46,46,62,29,41,46,57,68,65,64,48,56,39,47,32,26,14,2,F,2011
E01032840,Basingstoke and Deane 010F,994,136,55,62,38,114,182,140,88,64,27,26,21,7,9,7,7,6,3,2,F,2011
E01032841,Basingstoke and Deane 010G,823,88,44,45,39,64,99,96,96,55,73,42,19,25,14,12,8,4,0,0,F,2011
E01022502,Basingstoke and Deane 011B,751,44,29,29,35,43,89,68,49,57,56,41,41,44,36,33,23,24,7,3,F,2011
E01022506,Basingstoke and Deane 011C,625,30,30,32,30,33,44,60,44,55,48,43,34,45,24,26,25,13,8,1,F,2011
E01022507,Basingstoke and Deane 011D,780,44,51,45,47,36,47,75,46,60,66,61,47,45,37,22,24,16,10,1,F,2011
E01032842,Basingstoke and Deane 011E,565,42,23,8,16,83,160,97,49,24,15,14,9,10,4,3,5,1,1,1,F,2011
E01032847,Basingstoke and Deane 011F,667,28,29,30,38,43,79,61,57,48,45,30,25,33,13,22,23,25,26,12,F,2011
E01022481,Basingstoke and Deane 012A,905,57,50,44,39,56,69,66,51,66,49,57,53,70,64,48,27,23,7,9,F,2011
E01022482,Basingstoke and Deane 012B,821,42,43,35,63,53,69,60,60,59,47,31,43,44,23,24,32,35,34,24,F,2011
E01022503,Basingstoke and Deane 012D,682,39,44,24,34,49,69,56,56,58,62,42,32,32,28,12,22,14,8,1,F,2011
E01032845,Basingstoke and Deane 012E,827,67,39,32,29,69,104,90,78,75,60,39,37,27,25,18,14,10,9,5,F,2011
E01032846,Basingstoke and Deane 012F,719,64,27,22,19,88,206,119,58,40,14,14,16,9,10,6,2,3,0,2,F,2011
E01022484,Basingstoke and Deane 013A,695,52,49,52,49,46,63,59,52,54,40,34,20,24,20,22,19,11,17,12,F,2011
E01022485,Basingstoke and Deane 013B,620,50,53,43,47,42,32,46,53,40,43,30,27,33,37,25,8,5,4,2,F,2011
E01022486,Basingstoke and Deane 013C,1082,116,63,80,69,80,105,119,96,86,79,50,33,39,26,14,9,10,5,3,F,2011
E01022487,Basingstoke and Deane 013D,658,53,41,60,54,36,51,48,44,54,50,35,25,25,31,22,15,6,6,2,F,2011
E01022569,Basingstoke and Deane 013E,606,25,23,37,24,35,32,32,41,48,45,41,42,55,49,34,17,12,11,3,F,2011
E01022548,Basingstoke and Deane 014A,706,31,34,35,28,24,47,39,26,46,56,49,36,60,50,40,42,32,23,8,F,2011
E01022549,Basingstoke and Deane 014B,852,56,36,44,59,85,65,47,55,60,66,41,32,35,28,50,43,21,24,5,F,2011
E01022550,Basingstoke and Deane 014C,850,61,37,37,46,52,67,66,56,57,51,43,44,37,30,49,29,47,32,9,F,2011
E01022551,Basingstoke and Deane 014D,791,43,41,44,38,56,58,48,36,50,73,55,48,40,36,33,40,32,13,7,F,2011
E01022552,Basingstoke and Deane 014E,769,52,43,44,52,53,52,49,55,72,59,59,39,33,20,24,24,23,10,6,F,2011
E01022528,Basingstoke and Deane 015A,648,35,30,51,39,24,12,27,42,49,49,47,51,57,53,36,27,5,10,4,F,2011
E01022529,Basingstoke and Deane 015B,777,33,33,37,17,24,30,32,37,52,63,62,64,63,58,41,30,37,35,29,F,2011
E01022530,Basingstoke and Deane 015C,640,30,28,23,22,22,14,22,31,43,45,54,55,88,51,39,30,24,11,8,F,2011
E01022531,Basingstoke and Deane 015D,729,41,35,35,43,22,27,30,40,57,60,61,59,70,55,27,19,21,21,6,F,2011
E01022475,Basingstoke and Deane 016A,828,67,43,44,47,49,84,74,53,79,63,73,44,46,31,16,10,4,1,0,F,2011
E01022476,Basingstoke and Deane 016B,928,68,55,65,59,59,65,74,64,86,81,58,53,48,34,22,16,11,8,2,F,2011
E01022480,Basingstoke and Deane 016C,638,46,40,35,43,43,58,48,42,48,52,50,39,32,15,15,8,10,10,4,F,2011
E01022504,Basingstoke and Deane 016D,768,29,25,45,51,41,36,41,40,39,65,54,47,64,46,36,53,34,17,5,F,2011
E01022505,Basingstoke and Deane 016E,771,43,45,40,48,37,33,41,58,62,78,56,40,64,47,25,28,16,9,1,F,2011
E01022467,Basingstoke and Deane 017A,846,48,32,47,47,25,34,38,42,59,74,61,75,58,50,51,57,28,13,7,F,2011
E01022468,Basingstoke and Deane 017B,931,38,45,51,40,24,51,45,32,63,92,52,54,72,73,42,44,40,32,41,F,2011
E01022469,Basingstoke and Deane 017C,810,35,41,53,38,28,33,31,60,59,70,65,54,47,39,45,42,35,28,7,F,2011
E01022561,Basingstoke and Deane 017D,726,34,34,53,39,19,25,26,39,65,93,57,50,76,30,34,32,8,7,5,F,2011
E01022562,Basingstoke and Deane 017E,667,44,25,49,24,12,16,19,46,63,67,53,55,54,52,38,23,20,2,5,F,2011
E01022515,Basingstoke and Deane 018A,662,9,12,12,18,22,8,21,18,20,36,39,55,74,73,90,68,47,25,15,F,2011
E01022516,Basingstoke and Deane 018B,769,32,27,38,56,25,14,26,39,59,63,53,46,69,70,52,42,36,13,9,F,2011
E01022517,Basingstoke and Deane 018C,631,26,30,36,34,19,19,28,29,43,52,45,77,68,51,28,23,14,6,3,F,2011
E01022518,Basingstoke and Deane 018D,1005,60,90,72,68,30,31,50,100,101,103,54,62,76,54,24,13,12,2,3,F,2011
E01022519,Basingstoke and Deane 018E,616,16,29,34,33,22,14,24,28,45,54,57,69,59,58,33,16,15,5,5,F,2011
E01022474,Basingstoke and Deane 019A,829,67,62,76,50,44,73,58,72,65,63,32,48,42,23,16,13,13,5,7,F,2011
E01022477,Basingstoke and Deane 019B,702,50,41,39,41,42,61,57,67,73,48,44,32,37,25,16,14,4,6,5,F,2011
E01022478,Basingstoke and Deane 019C,748,56,41,39,50,47,61,53,61,59,55,61,43,45,30,17,15,8,4,3,F,2011
E01022479,Basingstoke and Deane 019D,716,34,40,48,43,42,50,47,44,62,53,53,44,41,24,27,21,22,7,14,F,2011
E01022509,Basingstoke and Deane 019E,722,67,41,50,37,36,53,62,59,63,63,50,34,51,25,15,7,3,4,2,F,2011
E01022514,Basingstoke and Deane 020A,760,33,51,37,34,24,19,29,41,69,87,65,63,58,36,49,30,19,11,5,F,2011
E01022563,Basingstoke and Deane 020B,915,52,46,52,49,36,37,32,66,79,87,66,67,61,53,36,36,26,21,13,F,2011
E01022564,Basingstoke and Deane 020C,935,71,53,63,58,24,49,51,73,60,83,54,39,69,55,43,38,27,11,14,F,2011
E01022565,Basingstoke and Deane 020D,859,50,43,45,54,41,53,50,75,54,68,59,47,61,42,21,35,26,22,13,F,2011
E01022510,Basingstoke and Deane 021B,854,61,65,60,75,42,44,57,91,84,95,77,46,26,11,5,8,6,1,0,F,2011
E01022511,Basingstoke and Deane 021C,641,35,60,45,48,24,22,41,61,61,82,53,36,32,22,8,5,5,1,0,F,2011
E01022512,Basingstoke and Deane 021D,712,54,53,63,74,22,25,45,53,79,104,58,24,27,8,9,6,2,4,2,F,2011
E01032848,Basingstoke and Deane 021E,819,108,81,58,37,42,79,97,104,80,60,22,22,12,9,4,1,1,2,0,F,2011
E01032849,Basingstoke and Deane 021F,800,86,82,59,45,22,58,104,123,73,49,31,22,18,12,7,4,2,3,0,F,2011
E01032850,Basingstoke and Deane 021G,750,68,57,40,27,50,70,65,78,73,58,56,45,17,17,13,11,3,1,1,F,2011
E01022532,Basingstoke and Deane 022A,659,17,38,48,35,14,33,27,43,70,71,55,42,62,49,22,9,16,8,0,F,2011
E01022533,Basingstoke and Deane 022B,875,59,45,50,64,25,36,42,63,90,89,71,61,53,54,23,21,15,11,3,F,2011
E01022534,Basingstoke and Deane 022C,838,64,34,40,37,19,43,62,58,53,50,54,64,71,53,50,30,27,20,9,F,2011
E01022535,Basingstoke and Deane 022D,758,42,26,35,26,26,28,30,44,59,56,49,43,44,60,44,45,33,36,32,F,2011
E07000085,,59501,3072,3169,3564,3633,2574,2442,2924,3596,4572,5029,4426,3762,4205,3498,2773,2212,1852,1339,859,F,2011
E01022581,East Hampshire 001A,838,45,51,61,43,22,28,28,65,82,69,53,47,55,41,32,25,30,35,26,F,2011
E01022582,East Hampshire 001B,727,35,38,53,43,20,24,24,28,65,70,73,64,53,48,38,22,16,11,2,F,2011
E01022604,East Hampshire 001C,644,33,34,51,41,17,11,20,38,40,63,52,48,60,44,33,23,23,10,3,F,2011
E01022605,East Hampshire 001D,830,45,33,56,78,40,29,40,49,52,67,66,52,58,52,33,25,13,26,16,F,2011
E01022574,East Hampshire 002A,728,42,34,25,37,35,47,48,49,54,53,47,32,28,26,26,29,33,48,35,F,2011
E01022575,East Hampshire 002B,788,70,66,45,61,45,50,64,53,57,60,54,34,41,24,22,13,17,6,6,F,2011
E01022576,East Hampshire 002C,808,44,37,37,48,50,42,64,44,48,57,37,36,32,38,34,44,55,29,32,F,2011
E01022579,East Hampshire 002D,557,31,26,33,22,23,36,34,29,42,46,34,32,36,38,33,23,18,17,4,F,2011
E01022571,East Hampshire 003A,622,33,39,39,40,34,36,41,37,54,49,35,47,38,26,33,18,15,5,3,F,2011
E01022572,East Hampshire 003B,645,21,29,43,45,39,19,41,46,58,61,46,48,53,32,28,13,12,6,5,F,2011
E01022573,East Hampshire 003C,1226,49,43,68,73,66,73,73,78,97,110,85,89,97,59,49,59,26,22,10,F,2011
E01022577,East Hampshire 003D,779,45,33,37,26,26,39,52,56,44,55,48,37,42,44,49,39,45,45,17,F,2011
E01022578,East Hampshire 003E,1581,76,85,103,119,69,63,71,105,110,127,121,75,136,85,69,59,53,32,23,F,2011
E01022580,East Hampshire 003F,640,29,30,25,41,32,30,27,39,43,42,52,51,57,29,32,24,12,25,20,F,2011
E01022603,East Hampshire 004A,730,58,46,51,48,34,36,59,59,50,66,50,42,30,49,23,10,8,8,3,F,2011
E01022634,East Hampshire 004B,570,43,32,25,25,30,40,43,34,39,58,37,31,27,25,17,13,22,15,14,F,2011
E01022639,East Hampshire 004C,835,110,78,61,40,79,102,95,77,54,43,27,18,14,9,11,7,3,5,2,F,2011
E01022640,East Hampshire 004D,730,60,54,50,44,51,73,63,64,78,60,46,36,22,10,6,4,6,2,1,F,2011
E01022615,East Hampshire 006A,1431,105,65,82,73,83,78,98,104,101,113,117,91,116,78,46,35,21,12,13,F,2011
E01022633,East Hampshire 006B,690,34,35,36,26,38,56,58,41,56,49,58,46,34,39,23,21,19,13,8,F,2011
E01022635,East Hampshire 006C,763,54,62,59,64,34,32,49,68,76,64,49,43,35,28,22,12,8,3,1,F,2011
E01022636,East Hampshire 006D,669,44,31,51,46,43,48,49,48,55,72,43,40,32,25,15,14,6,6,1,F,2011
E01022641,East Hampshire 006E,592,31,31,36,37,35,35,40,47,58,52,47,38,22,25,27,11,9,9,2,F,2011
E01022591,East Hampshire 007A,1232,54,73,83,75,34,19,39,63,121,125,97,76,112,102,62,49,27,11,10,F,2011
E01022593,East Hampshire 007B,647,19,32,44,36,20,17,13,26,52,56,49,53,52,37,45,37,25,20,14,F,2011
E01022594,East Hampshire 007C,743,51,42,48,39,34,26,38,48,71,48,42,46,60,47,44,24,18,7,10,F,2011
E01022595,East Hampshire 007D,987,49,63,62,63,53,29,47,66,75,91,72,67,62,53,42,28,26,21,18,F,2011
E01022596,East Hampshire 007E,685,22,29,40,29,21,22,28,22,52,68,64,54,77,61,36,25,20,9,6,F,2011
E01022627,East Hampshire 007F,1124,34,55,89,86,46,23,32,54,78,118,115,81,89,65,66,41,29,13,10,F,2011
E01022630,East Hampshire 008A,1133,53,53,50,66,45,36,33,66,94,115,108,79,85,87,62,41,34,15,11,F,2011
E01022642,East Hampshire 008D,563,29,31,43,33,30,19,29,31,52,49,41,36,36,28,35,12,10,14,5,F,2011
E01032663,East Hampshire 008E,1180,73,57,72,51,62,55,84,82,93,112,96,78,76,58,48,34,25,19,5,F,2011
E01022583,East Hampshire 009A,882,42,41,72,58,40,25,35,38,70,77,53,59,58,62,53,31,36,23,9,F,2011
E01022584,East Hampshire 009B,943,59,73,50,69,36,36,48,54,77,63,47,45,45,52,41,55,29,42,22,F,2011
E01022585,East Hampshire 009C,825,36,29,64,51,22,32,25,38,67,78,67,60,76,48,37,34,43,13,5,F,2011
E01022586,East Hampshire 009D,853,32,44,48,57,34,27,41,48,67,94,87,43,74,53,40,33,18,7,6,F,2011
E01022587,East Hampshire 009E,898,48,49,63,54,43,38,45,59,80,69,60,57,61,39,35,40,32,10,16,F,2011
E01022616,East Hampshire 010A,898,59,51,36,49,34,42,65,60,71,57,58,43,58,54,46,41,24,28,22,F,2011
E01022617,East Hampshire 010B,831,51,35,44,50,31,27,31,44,77,78,71,52,61,48,45,28,19,28,11,F,2011
E01022618,East Hampshire 010C,984,31,53,55,50,25,17,30,39,60,74,58,68,86,74,53,50,55,49,57,F,2011
E01022631,East Hampshire 010D,666,43,44,50,33,22,18,24,45,52,74,52,38,54,40,31,15,15,11,5,F,2011
E01022632,East Hampshire 010E,616,23,37,38,31,21,25,32,29,53,52,46,38,37,46,32,21,20,23,12,F,2011
E01022592,East Hampshire 011A,1164,63,66,62,59,30,31,39,64,85,119,105,96,121,65,57,48,25,18,11,F,2011
E01022597,East Hampshire 011B,1486,67,92,131,218,36,69,43,68,104,102,106,101,84,84,60,33,43,29,16,F,2011
E01022619,East Hampshire 011C,659,38,35,27,36,24,38,38,43,47,54,43,41,49,30,26,28,20,25,17,F,2011
E01022624,East Hampshire 011D,1202,37,58,70,61,41,37,30,58,79,107,96,86,104,93,71,62,55,41,16,F,2011
E01022625,East Hampshire 011E,1470,82,104,92,91,48,39,70,95,105,106,98,96,79,106,63,55,61,43,37,F,2011
E01022620,East Hampshire 012A,572,37,20,37,31,43,31,34,45,61,45,50,32,32,24,14,12,16,2,6,F,2011
E01022621,East Hampshire 012B,779,61,46,52,49,40,47,59,51,51,45,45,30,45,22,29,29,40,26,12,F,2011
E01022622,East Hampshire 012C,696,42,48,40,35,17,18,22,43,58,58,45,40,51,41,59,37,24,14,4,F,2011
E01022623,East Hampshire 012D,1201,75,89,72,72,45,57,65,106,96,86,66,67,75,57,36,53,44,27,13,F,2011
E01032664,East Hampshire 012F,578,15,10,12,17,38,32,39,36,25,31,31,21,33,25,38,39,47,59,30,F,2011
E01032665,East Hampshire 012G,707,33,35,34,35,44,50,45,50,51,44,37,35,40,30,32,28,39,22,23,F,2011
E01022588,East Hampshire 013A,813,28,36,55,54,30,19,29,53,61,83,67,54,61,74,43,35,19,7,5,F,2011
E01022589,East Hampshire 013B,888,46,49,43,46,36,39,51,49,69,84,85,66,63,45,42,28,20,18,9,F,2011
E01022590,East Hampshire 013C,747,30,29,43,43,43,23,23,33,58,66,70,54,76,63,33,30,18,7,5,F,2011
E01022607,East Hampshire 013D,624,27,29,34,37,27,34,28,36,44,64,47,35,46,36,37,17,27,15,4,F,2011
E01022608,East Hampshire 013E,688,32,53,36,47,24,23,34,39,69,47,63,52,52,39,35,24,12,5,2,F,2011
E01022606,East Hampshire 014A,1215,53,50,79,86,46,46,44,71,92,136,112,90,107,78,58,35,23,6,3,F,2011
E01022611,East Hampshire 014B,810,34,48,54,64,35,29,35,51,76,59,54,50,56,47,26,35,25,14,18,F,2011
E01022613,East Hampshire 014C,708,32,42,37,60,50,21,32,50,49,71,60,47,51,38,27,20,9,9,3,F,2011
E01022614,East Hampshire 014D,569,28,28,30,35,38,22,23,30,36,42,49,30,44,47,22,27,22,10,6,F,2011
E01022610,East Hampshire 016A,706,27,35,30,44,29,28,36,33,54,54,52,49,45,36,29,34,35,32,24,F,2011
E01022628,East Hampshire 016B,592,30,33,25,30,34,22,26,42,41,55,54,54,36,31,26,25,20,6,2,F,2011
E01022629,East Hampshire 016C,720,15,21,32,35,15,8,13,30,37,66,54,43,70,90,58,44,44,27,18,F,2011
E01032615,East Hampshire 016D,575,17,24,33,25,16,11,19,24,38,40,24,37,45,62,46,59,22,20,13,F,2011
E01032616,East Hampshire 016E,802,37,31,47,56,39,19,33,49,64,85,66,63,63,49,40,32,17,9,3,F,2011
E01022599,East Hampshire 017A,663,31,29,40,26,20,27,31,44,46,57,36,38,45,42,41,26,36,25,23,F,2011
E01022600,East Hampshire 017B,767,28,31,36,43,19,15,29,48,57,62,60,50,89,71,51,30,23,18,7,F,2011
E01022601,East Hampshire 017C,747,36,41,32,47,29,21,26,36,48,54,72,53,50,59,46,34,35,17,11,F,2011
E01022602,East Hampshire 017D,646,22,27,35,24,18,15,11,22,49,64,67,64,73,47,33,31,23,16,5,F,2011
E01032625,East Hampshire 017E,594,24,27,36,27,22,11,17,27,47,39,52,38,43,39,41,40,33,19,12,F,2011
E07000086,,64167,3868,3354,3548,3698,3649,3706,4125,4458,4756,4994,4456,3852,4087,3162,2553,2161,1831,1214,695,F,2011
E01022705,Eastleigh 001A,868,30,35,65,61,21,16,19,41,53,68,46,53,60,63,54,65,55,38,25,F,2011
E01022706,Eastleigh 001B,845,23,58,61,59,26,6,18,38,65,78,71,48,71,69,44,43,35,24,8,F,2011
E01022707,Eastleigh 001C,1001,53,56,70,66,36,22,35,84,86,84,82,68,84,62,45,23,23,14,8,F,2011
E01022708,Eastleigh 001D,907,55,53,51,55,37,51,55,76,60,61,54,52,60,48,53,30,25,19,12,F,2011
E01022709,Eastleigh 001E,921,48,57,61,50,30,25,20,60,62,68,49,48,62,60,67,47,51,35,21,F,2011
E01022659,Eastleigh 002A,822,42,39,42,66,51,49,59,69,62,52,75,63,56,37,16,16,19,6,3,F,2011
E01022660,Eastleigh 002B,782,47,35,29,41,43,40,37,56,54,41,46,56,53,47,38,41,38,28,12,F,2011
E01022675,Eastleigh 002C,691,18,21,43,35,46,32,35,32,40,49,65,79,78,45,28,14,14,12,5,F,2011
E01022676,Eastleigh 002D,748,34,25,31,42,34,35,39,48,55,60,74,69,63,45,32,21,23,8,10,F,2011
E01022704,Eastleigh 002E,959,45,58,73,56,35,28,43,62,75,62,64,61,94,58,34,48,32,22,9,F,2011
E01022661,Eastleigh 003A,855,33,27,35,30,29,30,38,53,51,51,52,63,90,62,45,48,55,36,27,F,2011
E01022662,Eastleigh 003B,707,27,35,34,43,38,19,28,50,51,56,58,63,60,37,29,39,19,16,5,F,2011
E01022663,Eastleigh 003C,815,51,37,53,44,46,52,48,64,62,72,47,60,53,44,24,22,16,14,6,F,2011
E01022664,Eastleigh 003D,810,29,55,44,35,34,40,48,55,65,68,41,56,54,51,45,36,24,10,20,F,2011
E01022665,Eastleigh 003E,762,47,27,30,45,48,66,51,45,46,62,45,46,57,26,29,27,30,19,16,F,2011
E01022648,Eastleigh 004A,654,26,27,30,29,36,31,41,46,33,47,53,44,42,33,24,44,32,25,11,F,2011
E01022667,Eastleigh 004B,733,44,37,27,46,42,57,67,49,45,60,59,50,49,31,30,16,16,4,4,F,2011
E01022672,Eastleigh 004C,787,54,40,45,51,44,53,47,51,62,53,58,49,72,33,30,16,14,13,2,F,2011
E01022673,Eastleigh 004D,1046,82,58,64,73,90,100,101,65,78,65,57,51,43,38,27,16,24,9,5,F,2011
E01022674,Eastleigh 004E,836,60,25,29,35,48,83,74,50,35,60,70,59,69,39,24,25,24,12,15,F,2011
E01022643,Eastleigh 005A,813,61,34,31,44,57,49,57,55,54,58,66,59,70,35,26,30,14,10,3,F,2011
E01022644,Eastleigh 005B,677,44,30,51,43,38,37,40,40,59,56,61,44,29,28,30,19,12,13,3,F,2011
E01022646,Eastleigh 005C,787,42,37,50,63,37,48,48,53,71,62,61,39,44,42,37,22,19,9,3,F,2011
E01022647,Eastleigh 005D,779,46,25,41,51,28,31,36,49,64,75,63,62,48,54,30,31,21,11,13,F,2011
E01022649,Eastleigh 005E,840,70,42,52,44,63,47,72,56,67,65,51,35,16,38,27,34,41,10,10,F,2011
E01022650,Eastleigh 005F,590,41,22,33,35,29,31,39,33,42,43,53,35,47,36,23,15,22,8,3,F,2011
E01022668,Eastleigh 006A,1355,114,94,76,85,139,148,136,112,94,96,68,58,33,34,20,21,17,7,3,F,2011
E01022677,Eastleigh 006B,1048,81,67,47,58,96,94,86,73,65,70,48,48,49,38,32,26,32,24,14,F,2011
E01022678,Eastleigh 006C,1002,77,52,66,79,71,60,62,76,71,76,53,52,45,31,29,29,21,29,23,F,2011
E01022680,Eastleigh 006D,873,72,35,44,35,56,66,64,45,60,45,44,39,48,37,51,50,37,30,15,F,2011
E01022681,Eastleigh 006E,821,37,48,64,60,48,52,50,46,57,60,43,39,53,37,37,35,14,31,10,F,2011
E01022666,Eastleigh 007A,1051,90,51,54,46,98,115,101,71,71,68,60,53,54,31,20,18,28,18,4,F,2011
E01022669,Eastleigh 007B,916,81,43,44,57,79,116,97,87,59,58,45,33,20,25,27,15,13,10,7,F,2011
E01022670,Eastleigh 007C,823,81,57,45,43,79,87,75,69,59,48,55,41,24,13,17,8,15,6,1,F,2011
E01022671,Eastleigh 007D,770,59,40,32,46,65,70,67,59,57,55,42,49,44,23,18,17,14,8,5,F,2011
E01022679,Eastleigh 007E,906,82,50,40,52,100,80,89,60,56,73,51,47,36,26,23,11,19,7,4,F,2011
E01022645,Eastleigh 008A,605,17,18,34,32,22,15,24,26,38,47,54,52,55,40,32,40,38,18,3,F,2011
E01022682,Eastleigh 008B,706,30,27,48,50,30,23,28,40,37,68,71,54,52,50,22,16,30,22,8,F,2011
E01022683,Eastleigh 008C,706,38,51,51,49,33,20,42,48,66,63,63,45,31,39,29,18,13,7,0,F,2011
E01022684,Eastleigh 008D,742,26,39,52,45,35,22,32,57,63,60,61,37,67,52,37,31,14,11,1,F,2011
E01022685,Eastleigh 008E,590,24,26,26,47,29,26,27,29,39,45,52,28,41,33,23,32,30,23,10,F,2011
E01022686,Eastleigh 008F,833,33,70,60,68,29,28,46,62,79,74,64,60,49,50,22,26,7,6,0,F,2011
E01022687,Eastleigh 008G,864,39,54,72,67,39,32,46,78,95,94,75,40,55,29,26,13,7,2,1,F,2011
E01022713,Eastleigh 009A,904,51,39,36,38,35,47,50,65,55,67,69,44,81,57,41,33,28,35,33,F,2011
E01022714,Eastleigh 009B,837,33,43,29,40,28,30,24,52,44,66,74,58,68,62,60,52,35,28,11,F,2011
E01022715,Eastleigh 009C,857,47,43,34,43,58,56,72,65,67,58,53,46,48,31,34,46,33,15,8,F,2011
E01022716,Eastleigh 009D,825,55,33,36,48,56,60,80,63,61,71,46,53,66,30,24,18,14,7,4,F,2011
E01022717,Eastleigh 009E,601,28,19,24,28,34,46,49,46,47,65,54,42,42,28,17,5,12,13,2,F,2011
E01022718,Eastleigh 009F,727,36,26,45,44,41,25,40,43,46,59,74,33,69,52,32,26,20,10,6,F,2011
E01022719,Eastleigh 009G,782,27,26,28,40,32,22,34,48,40,63,69,63,50,53,50,37,42,36,22,F,2011
E01022653,Eastleigh 010A,745,35,38,32,36,22,20,24,36,60,55,52,56,70,56,40,40,35,23,15,F,2011
E01022691,Eastleigh 010B,823,65,65,75,39,43,47,74,91,89,77,46,27,24,22,22,8,6,1,2,F,2011
E01022692,Eastleigh 010C,1516,181,126,85,71,138,183,184,164,128,103,63,26,32,15,9,4,3,1,0,F,2011
E01022693,Eastleigh 010D,779,57,63,63,52,52,38,57,61,95,75,52,33,28,22,15,9,4,2,1,F,2011
E01022694,Eastleigh 010E,907,84,72,69,52,41,61,72,89,87,95,68,45,37,14,9,7,3,2,0,F,2011
E01022652,Eastleigh 011A,928,46,42,57,55,65,26,34,60,79,61,61,63,71,56,44,40,31,21,16,F,2011
E01022695,Eastleigh 011B,708,37,34,44,38,38,33,43,30,46,59,59,41,46,31,40,33,29,18,9,F,2011
E01022700,Eastleigh 011C,836,62,53,44,51,43,38,64,55,57,61,45,36,49,44,38,31,27,22,16,F,2011
E01022701,Eastleigh 011D,567,29,32,23,29,18,15,19,34,34,44,34,35,41,42,25,34,34,19,26,F,2011
E01022703,Eastleigh 011E,754,33,37,37,52,40,51,44,56,57,63,54,52,46,50,38,26,12,4,2,F,2011
E01022651,Eastleigh 012A,967,73,38,42,50,58,81,79,65,72,88,69,75,70,36,29,21,11,6,4,F,2011
E01022696,Eastleigh 012B,802,24,33,52,45,28,26,27,44,71,63,49,45,61,60,67,44,35,16,12,F,2011
E01022697,Eastleigh 012C,835,32,42,56,43,39,13,29,45,58,69,62,55,63,56,56,39,40,22,16,F,2011
E01022698,Eastleigh 012D,819,36,48,40,41,31,22,40,50,66,68,51,50,53,59,52,49,35,22,6,F,2011
E01022699,Eastleigh 012E,768,56,43,31,36,43,58,43,50,58,55,50,56,56,40,39,26,23,4,1,F,2011
E01022702,Eastleigh 012F,643,43,40,37,44,46,31,40,52,51,59,67,48,27,21,11,9,4,5,8,F,2011
E01022654,Eastleigh 013A,695,53,33,38,41,43,56,58,68,51,68,48,43,29,27,13,15,6,4,1,F,2011
E01022655,Eastleigh 013B,833,78,67,60,79,54,65,52,64,59,67,45,36,33,19,18,14,11,7,5,F,2011
E01022656,Eastleigh 013C,764,50,41,40,52,38,39,39,47,47,65,58,41,54,39,47,28,18,13,8,F,2011
E01022657,Eastleigh 013D,815,39,48,42,47,55,58,50,54,81,53,53,47,55,39,29,28,19,10,8,F,2011
E01022658,Eastleigh 013E,863,37,50,39,38,33,40,54,63,57,57,63,79,55,71,44,30,31,13,9,F,2011
E01022710,Eastleigh 014A,1007,49,30,33,30,41,47,53,77,67,66,61,65,72,64,50,61,56,59,26,F,2011
E01022711,Eastleigh 014B,910,43,50,65,66,53,37,55,53,59,79,62,40,57,44,44,37,25,27,14,F,2011
E01022712,Eastleigh 014C,848,47,54,36,39,57,61,76,50,57,79,71,56,48,32,20,20,19,12,14,F,2011
E01022688,Eastleigh 015A,1105,62,53,50,44,56,54,86,86,98,104,75,71,78,46,49,31,35,18,9,F,2011
E01022689,Eastleigh 015B,772,35,32,34,42,29,32,39,32,65,74,71,50,75,47,47,35,21,10,2,F,2011
E01022690,Eastleigh 015C,979,72,44,62,44,47,56,74,82,84,62,58,55,53,48,44,31,27,25,11,F,2011
E07000087,,57126,2702,2823,3230,3262,2646,2738,2721,3571,4451,4641,4041,3583,3960,3593,2735,2439,1941,1287,762,F,2011
E01022758,Fareham 001A,854,56,57,43,48,40,51,57,64,74,71,47,41,37,33,31,31,27,15,31,F,2011
E01022771,Fareham 001B,833,68,83,70,39,33,63,67,78,101,78,49,36,28,17,10,7,4,2,0,F,2011
E01022772,Fareham 001C,1072,84,81,83,49,37,66,99,115,121,95,70,59,46,29,19,9,6,4,0,F,2011
E01022773,Fareham 001D,802,30,43,52,47,22,32,41,61,66,72,64,49,59,58,35,34,17,16,4,F,2011
E01022774,Fareham 001E,973,50,67,54,73,25,25,40,88,73,93,81,44,68,56,49,35,32,12,8,F,2011
E01022749,Fareham 002A,694,40,38,48,46,24,17,26,40,55,58,52,57,51,42,39,25,24,9,3,F,2011
E01022753,Fareham 002B,653,23,33,47,52,42,32,28,36,58,55,57,33,44,36,29,23,16,7,2,F,2011
E01022754,Fareham 002C,926,68,53,61,48,57,70,59,78,85,68,53,49,36,31,29,25,22,20,14,F,2011
E01022780,Fareham 002D,775,61,56,54,34,38,58,72,74,66,75,41,31,38,27,15,18,7,8,2,F,2011
E01022787,Fareham 002E,680,31,38,35,33,28,47,37,38,49,60,46,40,42,41,22,23,21,26,23,F,2011
E01022788,Fareham 002F,648,37,40,43,44,40,27,45,57,62,55,41,29,41,31,24,13,12,4,3,F,2011
E01022730,Fareham 003A,775,30,27,49,46,35,34,34,37,63,57,52,61,52,64,40,37,38,13,6,F,2011
E01022731,Fareham 003B,673,37,29,58,45,28,42,54,50,59,52,47,50,52,26,18,15,6,3,2,F,2011
E01022732,Fareham 003C,820,51,59,52,58,53,62,58,58,73,55,50,32,28,36,26,19,26,19,5,F,2011
E01022733,Fareham 003D,872,51,35,50,50,40,47,42,49,63,55,54,50,62,65,52,43,32,19,13,F,2011
E01022734,Fareham 003E,705,41,45,48,53,41,39,41,47,54,60,44,38,40,30,22,15,26,18,3,F,2011
E01022720,Fareham 004A,698,18,29,49,58,38,14,22,34,59,67,68,52,64,43,30,22,17,10,4,F,2011
E01022725,Fareham 004B,693,20,26,36,42,31,14,18,21,42,61,43,54,46,50,52,49,31,27,30,F,2011
E01022726,Fareham 004C,736,26,45,25,38,22,19,21,29,59,50,54,53,50,70,50,47,44,21,13,F,2011
E01022727,Fareham 004D,819,33,43,46,56,37,17,39,39,60,70,58,44,57,57,56,61,26,16,4,F,2011
E01022729,Fareham 004E,571,41,34,32,30,16,22,38,42,69,50,40,45,42,31,16,11,8,3,1,F,2011
E01022743,Fareham 004F,923,42,29,32,43,38,48,48,38,59,59,65,68,81,86,58,38,44,27,20,F,2011
E01022750,Fareham 005A,804,23,44,50,53,30,30,28,41,52,81,62,50,51,28,33,37,48,37,26,F,2011
E01022751,Fareham 005B,801,35,36,46,45,34,23,25,38,69,65,48,57,63,59,51,44,28,22,13,F,2011
E01022752,Fareham 005C,705,24,33,46,45,35,20,23,42,69,73,54,65,61,34,29,29,13,7,3,F,2011
E01022757,Fareham 005D,826,55,50,50,42,58,83,64,82,72,70,69,45,30,25,16,6,7,2,0,F,2011
E01022790,Fareham 005E,895,42,52,60,61,40,35,35,61,85,74,87,58,53,62,38,20,15,10,7,F,2011
E01022755,Fareham 006A,771,32,36,48,44,28,32,34,51,66,55,54,50,52,53,43,43,31,16,3,F,2011
E01022756,Fareham 006B,670,33,31,52,46,43,32,34,41,62,50,57,37,34,37,29,19,16,12,5,F,2011
E01022791,Fareham 006C,964,45,38,50,56,36,37,28,71,73,78,57,55,71,67,60,52,40,30,20,F,2011
E01022792,Fareham 006D,787,39,50,54,41,44,22,27,59,56,67,66,52,59,58,36,22,18,11,6,F,2011
E01022793,Fareham 006E,902,31,50,55,51,31,23,38,55,77,91,79,69,59,54,39,50,23,19,8,F,2011
E01022781,Fareham 007A,709,43,46,56,42,27,34,45,49,59,46,56,45,43,35,24,27,18,10,4,F,2011
E01022782,Fareham 007B,736,22,41,34,34,31,32,25,48,52,58,62,50,64,62,36,40,23,16,6,F,2011
E01022785,Fareham 007C,741,37,42,43,39,32,22,44,41,63,71,77,55,46,39,33,19,16,15,7,F,2011
E01022786,Fareham 007D,810,39,33,40,47,65,44,29,48,68,81,67,58,49,36,39,25,24,13,5,F,2011
E01022789,Fareham 007E,729,44,35,29,26,46,59,59,52,63,66,59,36,46,30,27,21,17,13,1,F,2011
E01022721,Fareham 008A,716,31,30,41,41,22,53,34,39,55,63,56,51,57,45,34,32,13,12,7,F,2011
E01022722,Fareham 008B,918,49,45,48,45,54,51,49,51,62,57,48,40,50,57,26,27,55,55,49,F,2011
E01022723,Fareham 008C,775,30,37,43,31,60,76,34,65,61,52,48,48,52,39,23,36,28,8,4,F,2011
E01022724,Fareham 008D,744,50,53,44,48,28,37,55,68,69,72,47,38,38,26,26,18,18,7,2,F,2011
E01022737,Fareham 008E,757,31,34,41,32,33,51,34,52,72,69,56,59,47,52,26,39,15,9,5,F,2011
E01022766,Fareham 008F,656,11,23,32,36,28,22,15,29,55,48,54,53,67,43,45,36,20,18,21,F,2011
E01022769,Fareham 008G,633,31,26,30,31,27,56,46,54,45,56,42,35,42,32,23,21,15,15,6,F,2011
E01022740,Fareham 009A,841,28,18,26,51,42,44,32,36,56,69,62,53,92,77,68,42,25,13,7,F,2011
E01022741,Fareham 009B,639,50,28,35,45,26,38,35,46,43,43,36,41,42,41,29,21,17,10,13,F,2011
E01022742,Fareham 009C,917,16,32,23,36,32,27,15,27,61,65,55,65,83,100,69,88,63,36,24,F,2011
E01022783,Fareham 009D,760,29,20,31,45,34,34,22,33,50,64,52,51,62,83,41,33,36,23,17,F,2011
E01022784,Fareham 009E,686,27,31,37,50,30,31,29,49,61,57,53,53,51,47,27,24,14,8,7,F,2011
E01022759,Fareham 010A,766,27,24,32,44,32,24,39,38,51,78,54,55,57,64,41,38,29,29,10,F,2011
E01022763,Fareham 010B,794,25,27,28,40,29,19,31,38,48,64,58,59,84,70,56,53,40,17,8,F,2011
E01022765,Fareham 010C,893,41,37,35,50,35,26,28,58,64,58,66,55,84,63,47,63,43,24,16,F,2011
E01022768,Fareham 010D,684,27,28,35,35,41,33,41,37,56,43,57,51,65,54,32,18,15,12,4,F,2011
E01022770,Fareham 010E,867,31,46,46,47,35,34,34,46,48,72,69,61,58,69,57,50,36,15,13,F,2011
E01022728,Fareham 011A,914,56,38,41,40,62,104,65,72,58,57,44,37,30,32,34,43,49,38,14,F,2011
E01022735,Fareham 011B,724,53,44,28,47,46,56,39,60,64,56,51,33,40,46,26,11,8,10,6,F,2011
E01022736,Fareham 011C,759,34,33,62,35,47,41,39,51,51,63,53,42,40,47,35,34,27,19,6,F,2011
E01022738,Fareham 011D,521,38,21,29,28,41,44,28,32,32,35,38,28,33,28,26,17,12,8,3,F,2011
E01022739,Fareham 011E,902,77,52,76,85,79,61,53,48,66,56,43,33,33,35,33,19,28,15,10,F,2011
E01022760,Fareham 012A,779,36,35,48,46,34,37,34,50,70,65,48,49,45,38,48,31,30,25,10,F,2011
E01022761,Fareham 012B,780,32,44,37,41,36,24,33,47,54,49,62,56,70,61,35,41,27,21,10,F,2011
E01022762,Fareham 012C,789,39,37,44,45,36,26,40,61,73,68,58,41,56,47,44,29,26,17,2,F,2011
E01022764,Fareham 012D,804,20,22,35,30,37,30,34,42,43,65,41,55,71,60,45,49,55,42,28,F,2011
E01022767,Fareham 012E,625,30,31,34,37,26,29,27,50,41,51,42,33,52,31,36,34,16,19,6,F,2011
E01022776,Fareham 013B,772,23,37,54,48,25,27,23,38,60,73,71,70,60,57,38,25,19,18,6,F,2011
E01022777,Fareham 013C,887,31,28,50,52,35,22,24,29,53,70,51,50,65,62,80,56,73,41,15,F,2011
E01022778,Fareham 013D,786,24,30,61,39,23,19,26,43,50,73,57,47,60,55,44,46,39,25,25,F,2011
E01032877,Fareham 013F,1181,34,58,55,62,44,40,37,57,60,89,68,79,123,97,65,68,58,43,44,F,2011
E01022744,Fareham 014A,687,25,27,40,40,19,20,11,26,60,49,52,54,59,74,46,42,25,16,2,F,2011
E01022745,Fareham 014B,780,27,21,37,46,28,24,20,24,50,66,63,56,79,71,49,45,39,21,14,F,2011
E01022746,Fareham 014C,873,51,41,37,41,26,25,38,54,58,63,40,51,70,63,51,65,44,32,23,F,2011
E01022747,Fareham 014D,699,27,36,33,34,32,33,30,33,40,50,62,45,47,40,43,50,33,17,14,F,2011
E01022748,Fareham 014E,773,29,42,42,55,37,46,23,36,55,71,54,59,51,49,32,41,28,17,6,F,2011
E07000088,,41898,2553,2274,2426,2507,2444,2643,2461,2751,3041,3098,2787,2337,2614,2119,1689,1578,1242,836,498,F,2011
E01022800,Gosport 001A,820,31,42,55,57,51,50,37,48,59,77,51,51,59,50,28,29,25,17,3,F,2011
E01022801,Gosport 001B,790,46,47,46,48,43,44,47,50,59,60,46,34,59,44,34,37,18,18,10,F,2011
E01022802,Gosport 001C,756,34,37,46,33,36,34,44,51,43,59,61,60,79,48,34,29,13,9,6,F,2011
E01022803,Gosport 001D,843,38,63,69,76,56,42,50,64,67,64,54,33,37,36,27,28,25,9,5,F,2011
E01022836,Gosport 001E,739,20,24,44,42,25,21,22,30,42,46,53,51,68,73,63,52,37,15,11,F,2011
E01022804,Gosport 002A,787,41,29,41,46,41,34,27,51,48,68,68,62,60,47,40,37,29,8,10,F,2011
E01022805,Gosport 002B,783,52,38,35,51,30,53,56,38,44,57,58,48,43,37,42,45,34,14,8,F,2011
E01022834,Gosport 002C,680,23,30,30,26,32,34,29,37,27,40,56,54,54,60,52,42,30,18,6,F,2011
E01022835,Gosport 002D,760,41,52,37,54,48,52,50,41,49,52,53,47,52,51,26,23,22,6,4,F,2011
E01022840,Gosport 002E,814,57,52,51,58,43,50,39,52,52,61,65,69,53,37,27,27,13,5,3,F,2011
E01022813,Gosport 003A,690,41,33,48,44,40,36,37,54,56,69,57,41,35,22,25,23,17,11,1,F,2011
E01022814,Gosport 003B,870,48,43,41,50,47,61,47,59,65,59,67,52,56,44,39,35,35,15,7,F,2011
E01022815,Gosport 003C,787,27,50,68,47,41,34,46,47,72,74,48,46,53,41,30,39,11,11,2,F,2011
E01022823,Gosport 003D,781,41,48,49,40,40,43,38,49,49,79,58,61,52,41,30,24,23,8,8,F,2011
E01022825,Gosport 003E,705,41,31,40,60,33,39,50,58,68,46,46,41,51,35,29,15,14,5,3,F,2011
E01022819,Gosport 004A,813,86,47,65,57,65,79,63,63,71,45,51,40,34,22,10,11,3,1,0,F,2011
E01022820,Gosport 004B,935,106,90,92,72,68,114,85,86,67,56,43,23,14,11,7,1,0,0,0,F,2011
E01022841,Gosport 004E,791,86,44,45,50,55,77,50,50,55,49,30,30,37,26,20,27,27,18,15,F,2011
E01022842,Gosport 004F,841,117,59,37,49,68,114,76,63,48,30,38,29,30,25,19,19,12,6,2,F,2011
E01032882,Gosport 004G,1068,108,93,84,89,94,91,96,81,91,79,56,32,26,25,12,8,2,1,0,F,2011
E01022807,Gosport 005A,803,62,32,31,49,81,81,46,52,55,66,32,38,39,27,31,27,21,20,13,F,2011
E01022816,Gosport 005B,746,49,52,42,54,37,59,44,54,61,64,61,37,44,30,24,16,9,4,5,F,2011
E01022817,Gosport 005C,887,63,52,62,58,57,70,59,68,64,69,63,38,49,38,25,24,16,9,3,F,2011
E01022818,Gosport 005D,741,42,57,54,48,39,44,50,62,54,52,48,32,59,28,28,20,5,16,3,F,2011
E01022824,Gosport 005E,1322,117,78,60,58,126,118,122,111,113,90,83,61,62,44,40,14,9,10,6,F,2011
E01022826,Gosport 006A,795,28,39,43,40,38,29,37,47,62,80,73,68,64,47,36,30,18,11,5,F,2011
E01022828,Gosport 006C,714,18,19,12,16,19,36,17,26,25,34,31,38,45,75,62,74,69,62,36,F,2011
E01022829,Gosport 006D,1056,54,63,51,48,20,30,47,72,72,49,72,68,82,82,58,58,56,35,39,F,2011
E01022830,Gosport 006E,736,27,37,35,21,26,17,19,45,50,48,44,66,81,59,42,53,32,28,6,F,2011
E01032880,Gosport 006F,733,63,64,65,43,20,34,51,72,83,58,49,32,43,22,19,8,6,1,0,F,2011
E01032881,Gosport 006G,865,87,74,66,49,29,43,89,105,105,63,46,29,36,18,9,9,3,3,2,F,2011
E01032883,Gosport 006H,700,40,26,28,42,35,40,27,45,39,59,48,35,49,41,33,25,33,36,19,F,2011
E01022806,Gosport 007A,740,43,35,52,44,36,55,41,53,69,52,46,35,43,29,31,23,21,18,14,F,2011
E01022832,Gosport 007D,834,60,46,54,45,45,74,66,69,74,58,69,41,43,36,17,16,9,10,2,F,2011
E01022839,Gosport 007E,662,21,23,40,51,49,32,29,40,60,67,50,47,36,36,31,19,18,8,5,F,2011
E01032884,Gosport 007F,1077,62,50,47,46,55,86,62,61,72,66,79,67,80,70,59,48,43,12,12,F,2011
E01022810,Gosport 008A,748,38,36,30,52,56,44,53,32,53,60,42,33,47,26,40,34,36,27,9,F,2011
E01022811,Gosport 008B,1122,89,79,67,62,114,131,93,93,72,79,50,45,42,39,26,14,15,10,2,F,2011
E01022833,Gosport 008C,928,68,47,55,59,96,87,67,45,63,70,74,35,38,27,25,24,22,17,9,F,2011
E01022843,Gosport 008D,826,46,57,53,48,55,55,53,45,59,56,40,47,46,44,25,34,30,22,11,F,2011
E01032878,Gosport 008F,544,30,23,18,48,96,72,39,30,30,34,25,23,24,13,13,13,9,2,2,F,2011
E01032879,Gosport 008G,572,19,10,13,26,46,44,31,28,33,36,34,38,44,46,36,37,25,20,6,F,2011
E01022794,Gosport 009A,759,32,40,39,34,18,16,34,35,48,73,52,46,56,65,42,46,43,21,19,F,2011
E01022795,Gosport 009B,754,25,38,39,35,30,26,43,52,46,53,49,54,68,63,37,33,33,22,8,F,2011
E01022796,Gosport 009C,654,18,17,45,20,9,5,12,21,42,48,43,33,58,47,41,47,49,44,55,F,2011
E01022837,Gosport 009D,825,29,45,47,56,29,19,25,37,60,67,69,51,55,43,51,50,48,31,13,F,2011
E01022838,Gosport 009E,694,25,35,49,60,26,18,14,35,56,52,51,41,53,42,36,48,29,20,4,F,2011
E01022797,Gosport 010A,559,13,18,24,39,24,20,17,27,44,45,39,42,38,34,24,37,25,24,25,F,2011
E01022798,Gosport 010B,578,26,16,24,27,28,24,19,29,29,56,48,42,54,40,28,36,17,23,12,F,2011
E01022799,Gosport 010C,709,35,21,32,39,15,14,36,28,42,66,51,58,57,46,40,37,31,30,31,F,2011
E01022812,Gosport 010D,637,36,27,44,40,40,39,43,57,54,44,56,35,39,17,27,15,8,10,6,F,2011
E01022831,Gosport 010E,728,42,29,42,47,37,35,42,56,58,58,58,43,39,32,29,31,30,13,7,F,2011
E01022845,Gosport 010F,797,62,37,40,54,57,44,45,47,62,56,53,35,49,38,30,27,34,22,5,F,2011
E07000089,,46034,2803,2797,2785,2500,1947,2187,2731,3502,3730,3824,3187,2708,3042,2551,1918,1477,1106,766,473,F,2011
E01022890,Hart 001A,770,39,42,34,42,41,31,29,57,66,59,44,47,53,50,45,30,32,18,11,F,2011
E01022891,Hart 001B,907,57,61,48,67,42,49,50,72,64,68,73,62,60,51,28,34,13,6,2,F,2011
E01022892,Hart 001C,949,38,36,46,42,37,22,41,71,64,82,69,64,97,91,62,42,21,13,11,F,2011
E01022893,Hart 001D,849,35,55,66,57,38,29,51,45,72,86,63,53,41,56,39,26,17,10,10,F,2011
E01022894,Hart 001E,753,43,39,43,40,35,38,36,58,54,53,64,53,52,52,31,25,19,12,6,F,2011
E01022859,Hart 002A,848,58,64,42,51,36,22,47,70,76,84,68,62,54,28,34,26,12,8,6,F,2011
E01022895,Hart 002B,943,60,48,58,47,51,42,68,74,67,82,70,64,49,59,46,31,19,6,2,F,2011
E01022896,Hart 002C,827,37,55,42,55,47,32,38,54,74,62,67,55,84,44,35,25,13,7,1,F,2011
E01022897,Hart 002D,849,35,44,62,53,56,52,58,52,74,80,69,72,66,42,12,11,5,5,1,F,2011
E01022898,Hart 002E,764,38,29,41,64,46,24,38,42,56,60,57,84,82,40,26,16,13,6,2,F,2011
E01022846,Hart 003A,554,31,21,23,31,28,38,26,28,41,49,46,43,48,34,27,21,8,8,3,F,2011
E01022847,Hart 003B,868,43,51,43,35,44,73,57,66,66,68,51,45,54,62,43,28,22,7,10,F,2011
E01022848,Hart 003C,793,39,46,35,39,44,46,45,56,44,61,43,43,54,72,44,38,26,10,8,F,2011
E01022874,Hart 003D,684,38,39,42,41,40,41,42,48,49,61,50,30,49,34,35,21,12,10,2,F,2011
E01022875,Hart 003E,734,47,68,54,54,59,36,59,50,64,61,45,40,29,34,11,10,7,5,1,F,2011
E01022876,Hart 003F,687,35,43,47,42,29,26,33,43,60,52,46,37,72,65,17,13,20,5,2,F,2011
E01022877,Hart 003G,723,41,36,35,39,35,31,39,53,49,61,47,50,59,48,33,29,18,16,4,F,2011
E01022858,Hart 004A,511,27,33,24,33,15,22,19,33,39,37,53,31,41,38,23,24,15,2,2,F,2011
E01022878,Hart 004B,907,38,39,58,49,20,22,29,49,69,86,78,60,84,88,56,31,28,10,13,F,2011
E01022879,Hart 004C,928,60,48,48,34,28,32,53,64,65,84,47,49,64,52,46,37,49,46,22,F,2011
E01022880,Hart 004D,754,39,42,38,45,33,31,40,52,46,72,66,56,65,43,28,25,25,5,3,F,2011
E01022860,Hart 005A,1049,45,36,46,43,41,54,39,59,52,66,55,60,60,67,57,63,92,74,40,F,2011
E01022862,Hart 005B,946,57,59,22,33,62,98,91,87,75,49,49,31,42,34,36,36,31,34,20,F,2011
E01022867,Hart 005D,756,62,46,40,25,54,71,73,67,61,72,52,35,42,21,18,5,6,6,0,F,2011
E01032852,Hart 005E,902,95,107,54,45,41,70,107,130,79,64,40,23,14,12,11,3,4,2,1,F,2011
E01032853,Hart 005F,900,106,92,66,30,24,45,95,125,102,81,42,26,23,12,13,9,7,2,0,F,2011
E01032854,Hart 005G,844,115,74,48,33,26,65,118,138,77,58,32,17,16,14,8,4,1,0,0,F,2011
E01032857,Hart 005H,493,37,28,28,23,30,37,48,51,43,39,46,30,18,12,9,6,5,3,0,F,2011
E01022881,Hart 006A,1194,88,103,65,58,37,54,86,122,107,94,84,57,78,46,30,29,24,19,13,F,2011
E01022882,Hart 006B,738,35,35,62,56,35,24,39,47,64,66,74,55,46,36,19,21,12,7,5,F,2011
E01022883,Hart 006C,705,43,41,53,49,18,28,35,47,65,88,64,57,52,31,13,12,6,1,2,F,2011
E01022884,Hart 006D,836,39,43,43,44,19,23,46,40,72,76,60,54,55,44,35,29,44,36,34,F,2011
E01022885,Hart 006E,740,39,53,58,49,34,38,50,59,58,84,70,49,51,23,14,8,2,0,1,F,2011
E01022861,Hart 007A,834,47,40,47,41,35,27,38,63,65,70,61,59,64,64,41,37,20,13,2,F,2011
E01022863,Hart 007B,794,43,41,47,39,21,12,27,50,60,71,51,39,67,59,58,53,29,20,7,F,2011
E01022865,Hart 007C,789,19,42,49,41,25,25,24,39,82,63,67,61,74,60,44,37,20,12,5,F,2011
E01022868,Hart 007D,871,44,41,67,42,26,21,35,51,81,79,51,56,73,57,61,30,28,16,12,F,2011
E01022870,Hart 007E,746,41,39,40,35,34,25,36,43,59,55,66,38,46,45,45,30,28,28,13,F,2011
E01022864,Hart 008A,723,53,40,41,30,19,18,26,52,48,40,47,45,68,55,52,41,21,19,8,F,2011
E01022871,Hart 008B,722,56,44,54,39,32,46,49,64,57,67,46,46,37,35,21,15,7,5,2,F,2011
E01022872,Hart 008C,891,52,47,60,54,29,39,50,55,80,72,45,51,64,49,50,39,29,17,9,F,2011
E01022873,Hart 008D,960,33,43,66,48,54,21,29,44,62,81,64,69,69,73,58,36,30,32,48,F,2011
E01022887,Hart 008E,690,25,32,34,35,23,17,26,36,64,81,61,55,59,50,44,21,14,11,2,F,2011
E01022849,Hart 009A,871,48,59,50,63,36,27,31,71,67,75,61,47,65,54,41,39,18,12,7,F,2011
E01022850,Hart 009B,789,49,41,50,42,30,39,41,65,57,66,54,42,50,32,40,27,23,18,23,F,2011
E01022851,Hart 009C,903,61,55,59,50,29,36,45,57,92,76,57,44,51,53,37,33,26,30,12,F,2011
E01022853,Hart 009D,905,60,64,60,49,22,23,47,88,85,69,53,33,66,65,33,40,21,18,9,F,2011
E01022869,Hart 009E,722,35,40,31,30,23,29,40,57,55,48,59,52,65,47,44,34,15,11,7,F,2011
E01022852,Hart 010A,938,56,58,68,52,33,89,88,81,105,95,54,45,34,32,22,11,8,3,4,F,2011
E01022854,Hart 010B,870,59,73,63,55,25,26,48,73,91,90,75,35,48,28,30,22,13,15,1,F,2011
E01022855,Hart 010C,640,40,48,45,25,15,22,30,40,53,54,45,33,53,47,26,25,21,14,4,F,2011
E01022856,Hart 010D,783,35,36,55,44,25,11,23,50,55,75,62,59,56,48,53,33,24,14,25,F,2011
E01022857,Hart 010E,761,85,69,77,40,37,60,66,83,61,42,35,25,21,22,7,5,1,9,16,F,2011
E01022888,Hart 011B,891,46,31,60,35,25,32,36,50,70,76,66,82,63,57,50,41,40,24,7,F,2011
E01022889,Hart 011C,778,40,44,43,57,27,40,40,64,58,53,44,41,48,44,38,38,29,20,10,F,2011
E01032855,Hart 011D,629,30,38,59,69,22,24,17,29,45,55,59,46,37,30,33,15,13,6,2,F,2011
E01032856,Hart 011E,829,107,76,46,37,75,132,114,88,64,26,20,11,10,10,6,7,0,0,0,F,2011
E07000090,,62176,3221,3169,3512,3711,3374,3202,2980,3396,4429,4533,4351,3829,4193,3752,3155,2765,2311,1435,858,F,2011
E01022930,Havant 003A,852,19,22,20,54,44,27,28,31,50,78,74,59,75,64,81,57,35,27,7,F,2011
E01022931,Havant 003B,872,34,41,61,58,35,27,36,38,62,95,63,55,66,58,56,38,22,15,12,F,2011
E01022935,Havant 003C,761,23,45,38,42,22,16,24,37,67,54,42,52,69,59,62,58,30,12,9,F,2011
E01022975,Havant 003D,788,15,25,39,44,37,29,20,25,60,52,55,38,72,68,72,67,36,18,16,F,2011
E01022976,Havant 003E,739,30,26,45,55,29,39,29,37,53,63,53,38,50,56,40,30,26,22,18,F,2011
E01022922,Havant 004A,773,55,40,38,51,57,67,69,49,70,55,64,56,38,25,15,13,4,6,1,F,2011
E01022971,Havant 004B,759,24,28,29,34,49,44,35,42,58,56,58,54,53,45,48,47,30,16,9,F,2011
E01022972,Havant 004C,807,42,41,44,46,32,27,34,49,55,59,59,69,61,52,55,38,22,15,7,F,2011
E01022974,Havant 004D,743,37,21,43,42,51,21,30,27,58,75,66,59,69,55,33,22,19,12,3,F,2011
E01022959,Havant 005A,770,52,62,58,66,42,36,45,55,53,50,43,40,40,41,27,22,16,11,11,F,2011
E01022962,Havant 005B,769,34,53,43,38,46,37,36,39,70,64,59,42,52,50,35,28,30,10,3,F,2011
E01022965,Havant 005C,755,32,55,61,69,42,40,46,55,62,70,42,38,37,29,22,26,15,8,6,F,2011
E01022973,Havant 005D,1067,47,63,40,48,68,48,48,73,64,73,57,50,48,65,53,64,65,58,35,F,2011
E01022901,Havant 006A,911,75,72,61,56,77,52,56,76,62,39,53,35,44,48,29,38,16,11,11,F,2011
E01022902,Havant 006B,793,63,54,53,57,64,66,47,58,53,62,48,28,27,24,35,27,14,10,3,F,2011
E01022966,Havant 006C,739,56,60,64,65,53,53,46,34,60,45,47,43,32,24,24,16,10,6,1,F,2011
E01022967,Havant 006D,643,52,58,43,43,45,48,49,28,47,45,30,30,25,29,18,19,17,13,4,F,2011
E01022960,Havant 007A,735,52,47,51,46,58,47,44,55,57,55,56,46,41,29,7,15,7,13,9,F,2011
E01022961,Havant 007B,702,38,66,54,49,41,39,45,46,60,65,58,48,28,30,19,9,4,3,0,F,2011
E01022963,Havant 007C,704,24,26,20,45,29,37,29,37,43,59,64,54,51,61,44,40,25,12,4,F,2011
E01022964,Havant 007D,694,50,35,46,45,50,42,47,46,51,44,57,32,24,24,22,21,29,12,17,F,2011
E01022903,Havant 008A,927,88,56,61,56,75,81,64,55,53,65,47,41,37,24,34,31,38,16,5,F,2011
E01022906,Havant 008B,767,57,47,58,57,64,43,54,52,75,53,50,35,36,21,22,11,19,8,5,F,2011
E01022968,Havant 008C,753,63,56,52,71,49,40,52,38,80,47,50,35,36,20,18,23,11,8,4,F,2011
E01022969,Havant 008D,889,69,55,64,81,79,79,52,51,72,56,50,41,42,30,29,15,13,11,0,F,2011
E01022913,Havant 009A,668,48,34,41,29,47,49,46,40,41,53,35,37,40,39,28,31,20,4,6,F,2011
E01022914,Havant 009B,651,40,39,52,46,49,30,34,38,42,49,49,34,36,31,30,24,21,5,2,F,2011
E01022915,Havant 009C,719,73,40,37,62,46,59,42,41,57,55,43,30,33,39,26,22,9,3,2,F,2011
E01022916,Havant 009D,844,63,48,60,58,45,66,62,60,55,74,49,45,35,38,31,36,11,5,3,F,2011
E01022917,Havant 009E,643,39,31,44,53,38,44,25,34,49,44,37,30,28,38,39,33,21,12,4,F,2011
E01022900,Havant 010A,952,74,69,67,56,50,59,53,48,74,69,60,57,45,45,47,32,31,14,2,F,2011
E01022904,Havant 010B,1010,66,46,77,69,56,65,54,54,67,89,56,52,73,49,38,38,32,23,6,F,2011
E01022905,Havant 010C,937,90,42,63,62,102,72,47,64,51,51,48,47,43,23,31,35,36,22,8,F,2011
E01022908,Havant 010D,764,45,47,38,37,50,65,51,50,62,64,58,36,36,27,33,23,23,14,5,F,2011
E01022970,Havant 010E,998,91,82,80,62,71,102,65,53,68,70,59,45,28,28,25,30,25,8,6,F,2011
E01022947,Havant 011A,823,34,37,59,54,41,25,34,68,58,76,77,66,60,52,33,23,15,8,3,F,2011
E01022948,Havant 011B,858,42,49,57,53,44,38,40,57,76,52,69,49,55,45,41,32,34,16,9,F,2011
E01022949,Havant 011C,798,37,44,37,45,42,54,51,44,56,49,63,61,54,35,37,22,27,22,18,F,2011
E01022950,Havant 011D,751,32,31,33,50,25,23,35,41,61,61,50,58,50,58,45,32,28,26,12,F,2011
E01022951,Havant 011E,697,33,35,39,45,18,18,35,38,59,59,59,40,56,50,43,28,28,9,5,F,2011
E01022952,Havant 011F,741,36,34,38,29,44,44,39,31,51,63,58,47,54,49,36,34,32,15,7,F,2011
E01022924,Havant 013A,811,34,24,39,36,31,31,46,48,54,64,51,62,77,44,43,44,43,27,13,F,2011
E01022925,Havant 013B,730,34,31,46,38,26,16,40,47,51,48,67,47,47,61,40,39,27,20,5,F,2011
E01022926,Havant 013C,765,26,50,43,39,19,18,31,47,56,51,57,41,59,65,51,44,42,21,5,F,2011
E01022927,Havant 013D,892,30,35,37,43,23,41,33,49,58,37,55,61,67,69,46,66,61,47,34,F,2011
E01022928,Havant 013E,948,30,24,39,31,14,25,20,43,53,57,59,62,77,91,77,69,76,52,49,F,2011
E01022929,Havant 013F,833,26,25,25,33,20,35,45,42,44,47,51,60,55,54,58,68,70,46,29,F,2011
E01022953,Havant 014A,1049,64,40,48,38,83,87,60,61,64,66,73,54,68,51,41,39,49,38,25,F,2011
E01022954,Havant 014B,787,25,18,32,44,21,25,13,32,53,77,58,62,82,61,52,45,57,19,11,F,2011
E01022955,Havant 014C,720,25,27,35,34,26,11,21,38,35,50,57,60,63,56,47,36,45,35,19,F,2011
E01022956,Havant 014D,635,39,48,50,35,26,46,55,55,55,50,42,33,31,22,20,13,4,10,1,F,2011
E01022957,Havant 014E,677,28,31,63,47,27,23,31,35,56,59,59,39,40,33,27,28,23,17,11,F,2011
E01022958,Havant 014F,716,26,34,39,33,24,20,23,34,47,66,64,61,63,57,33,40,34,13,5,F,2011
E01022937,Havant 015A,699,25,42,41,47,26,28,25,32,55,51,73,47,68,47,29,28,18,14,3,F,2011
E01022943,Havant 015B,744,18,26,39,24,26,17,7,23,43,34,52,61,77,71,79,58,46,20,23,F,2011
E01022944,Havant 015C,646,14,23,20,47,25,18,15,29,42,51,61,74,80,47,36,24,25,10,5,F,2011
E01022946,Havant 015D,963,33,42,50,36,36,29,31,52,62,66,68,67,78,87,63,55,49,37,22,F,2011
E01022940,Havant 016A,821,29,30,46,48,30,24,32,37,66,58,60,69,63,64,54,43,40,24,4,F,2011
E01022942,Havant 016B,835,27,43,27,33,47,57,27,27,38,52,38,35,55,59,55,55,55,56,49,F,2011
E01022945,Havant 016C,1210,55,40,47,59,42,41,38,61,72,68,84,72,108,128,95,70,63,38,29,F,2011
E01022936,Havant 017A,745,30,25,18,27,48,38,24,33,46,49,55,58,76,54,59,49,28,22,6,F,2011
E01022938,Havant 017B,771,22,25,32,34,28,20,15,24,58,41,48,45,57,70,54,56,44,49,49,F,2011
E01022939,Havant 017C,798,25,28,25,32,45,42,25,28,56,54,60,63,82,67,54,42,40,13,17,F,2011
E01022941,Havant 017D,768,24,29,34,41,29,21,14,35,46,63,59,51,94,80,59,33,32,16,8,F,2011
E01022899,Havant 018A,703,41,47,46,67,43,46,34,33,67,56,45,36,33,30,28,20,12,15,4,F,2011
E01022907,Havant 018B,788,35,30,34,42,30,36,18,47,59,42,65,64,54,51,49,41,40,30,21,F,2011
E01022909,Havant 018C,795,32,44,37,48,31,26,25,40,65,71,71,62,68,37,35,39,35,18,11,F,2011
E01022910,Havant 018D,702,42,18,34,48,45,51,43,34,44,54,58,47,45,34,29,27,22,19,8,F,2011
E01022911,Havant 018E,739,28,33,34,42,37,27,31,26,55,73,50,52,69,42,40,42,35,16,7,F,2011
E01032605,Havant 018F,718,29,29,28,45,43,35,29,36,40,64,59,47,47,41,36,35,40,21,14,F,2011
E01022919,Havant 019A,824,34,36,44,66,54,54,44,59,59,56,48,45,59,62,37,35,19,8,5,F,2011
E01022933,Havant 019B,846,66,64,73,67,80,59,57,54,59,52,42,42,35,40,15,18,15,5,3,F,2011
E01022934,Havant 019C,987,89,76,83,64,89,106,72,56,66,60,49,39,40,35,21,16,14,6,6,F,2011
E01032618,Havant 019D,749,36,43,40,40,48,34,37,49,53,60,59,47,50,46,42,26,20,16,3,F,2011
E01022918,Havant 020A,781,26,32,40,37,40,32,30,39,54,53,57,46,64,51,53,42,35,30,20,F,2011
E01022920,Havant 020B,822,45,47,44,47,40,28,54,40,49,62,56,62,64,48,34,42,33,18,9,F,2011
E01022921,Havant 020C,779,29,39,44,41,46,32,31,35,68,59,66,54,57,63,40,35,27,8,5,F,2011
E01032617,Havant 020D,814,26,29,48,50,20,25,26,42,59,55,60,50,62,57,61,53,47,22,22,F,2011
E07000091,,91859,4206,4162,4609,4826,3972,3841,4043,5096,6069,6869,6177,6063,7225,6222,5071,4545,3974,2953,1936,F,2011
E01023011,New Forest 001A,730,23,33,45,40,24,25,27,34,66,76,65,60,49,55,41,34,14,12,7,F,2011
E01023012,New Forest 001B,695,15,18,40,51,25,14,19,21,48,62,66,80,52,55,49,33,23,10,14,F,2011
E01023021,New Forest 001C,801,33,47,70,38,19,19,26,38,48,65,67,61,74,45,35,41,39,17,19,F,2011
E01023022,New Forest 001D,940,45,28,31,43,42,63,58,63,59,55,53,48,60,56,29,52,55,70,30,F,2011
E01023023,New Forest 001E,919,48,50,49,46,48,29,26,52,68,58,80,50,70,44,61,48,45,26,21,F,2011
E01023024,New Forest 001F,799,41,40,42,33,28,22,35,45,59,58,44,64,73,63,50,38,28,22,14,F,2011
E01023025,New Forest 001G,702,17,23,40,36,17,13,16,29,42,65,62,65,64,75,43,46,20,17,12,F,2011
E01023076,New Forest 002A,715,19,25,30,32,29,20,30,28,46,59,55,48,62,60,48,68,33,15,8,F,2011
E01023082,New Forest 002B,728,49,38,44,33,60,58,56,59,54,59,43,51,52,29,15,12,10,5,1,F,2011
E01023083,New Forest 002C,786,53,39,41,50,46,53,53,53,58,58,48,41,56,36,36,29,18,9,9,F,2011
E01023088,New Forest 002D,861,48,45,55,61,55,41,39,47,59,66,75,52,54,41,35,25,23,22,18,F,2011
E01023073,New Forest 003A,708,29,44,59,54,49,42,30,43,58,81,57,54,44,21,10,11,10,5,7,F,2011
E01023080,New Forest 003B,707,37,39,39,39,35,42,44,47,48,56,44,35,62,37,17,29,22,20,15,F,2011
E01023081,New Forest 003C,1068,81,83,77,81,37,48,97,102,94,92,57,58,61,34,28,17,14,5,2,F,2011
E01023089,New Forest 003D,771,43,33,31,29,42,57,52,60,56,59,65,50,49,29,38,28,27,17,6,F,2011
E01023090,New Forest 003E,954,66,45,50,52,48,81,83,89,93,72,85,51,34,36,19,19,19,9,3,F,2011
E01023074,New Forest 004A,742,30,29,28,39,34,47,28,42,48,42,46,44,46,47,49,48,51,27,17,F,2011
E01023077,New Forest 004B,784,70,40,32,56,58,56,49,48,55,50,45,43,38,36,30,21,25,18,14,F,2011
E01023078,New Forest 004C,715,25,36,35,30,35,15,24,32,45,56,48,47,53,33,53,52,55,27,14,F,2011
E01023079,New Forest 004D,855,61,52,46,49,46,50,62,72,64,66,62,38,46,42,38,25,24,9,3,F,2011
E01023085,New Forest 004E,804,52,43,45,60,32,49,41,55,82,49,56,49,44,49,35,22,20,13,8,F,2011
E01023072,New Forest 005A,648,44,32,34,38,38,48,59,54,55,55,58,38,32,24,10,18,7,3,1,F,2011
E01023075,New Forest 005B,623,41,36,34,40,31,34,39,43,42,60,40,36,23,29,35,29,15,12,4,F,2011
E01023084,New Forest 005C,804,29,49,34,53,32,43,40,66,53,72,64,35,44,54,40,40,28,20,8,F,2011
E01023086,New Forest 005D,795,32,49,48,55,25,21,44,43,57,69,54,49,54,54,45,37,28,24,7,F,2011
E01023087,New Forest 005E,773,53,45,44,51,52,63,74,66,65,85,58,43,30,18,5,11,7,3,0,F,2011
E01022977,New Forest 006A,752,28,33,39,38,28,14,26,34,53,73,54,51,66,45,53,43,37,22,15,F,2011
E01022978,New Forest 006B,800,34,23,41,34,30,30,25,50,50,67,49,68,66,74,43,49,26,18,23,F,2011
E01022979,New Forest 006C,624,12,14,28,32,21,14,15,27,36,49,41,54,81,37,45,35,28,32,23,F,2011
E01022980,New Forest 006D,775,21,37,27,28,25,15,22,39,39,74,58,46,78,53,43,50,40,32,48,F,2011
E01022992,New Forest 007A,574,17,21,27,23,26,8,13,36,37,52,46,58,56,47,34,30,20,15,8,F,2011
E01022993,New Forest 007B,695,24,27,36,30,12,15,20,38,45,57,60,53,73,54,44,30,25,33,19,F,2011
E01023045,New Forest 007C,813,37,33,41,36,23,29,34,41,61,62,52,57,76,60,53,42,34,28,14,F,2011
E01023046,New Forest 007D,752,35,29,33,34,35,29,40,43,42,43,58,47,62,48,32,46,47,28,21,F,2011
E01023007,New Forest 008A,603,30,24,30,44,28,21,21,26,43,44,43,53,55,40,40,29,17,10,5,F,2011
E01023010,New Forest 008B,825,70,52,44,62,59,60,67,62,64,75,56,37,36,35,19,12,8,5,2,F,2011
E01023047,New Forest 008C,666,30,37,35,46,32,54,53,43,58,71,53,35,41,29,14,11,14,8,2,F,2011
E01023048,New Forest 008D,698,40,27,32,44,44,28,25,43,52,75,49,66,65,43,22,16,15,9,3,F,2011
E01023049,New Forest 008E,828,79,56,49,33,57,75,76,80,75,66,45,43,39,20,13,11,5,4,2,F,2011
E01023050,New Forest 008F,908,64,70,51,44,78,83,79,66,74,57,53,48,48,28,21,15,7,9,13,F,2011
E01023008,New Forest 009A,798,19,25,18,30,33,22,22,26,28,51,42,52,72,71,73,68,67,48,31,F,2011
E01023009,New Forest 009B,751,37,33,51,45,45,43,42,54,52,78,67,49,55,39,19,17,12,12,1,F,2011
E01023038,New Forest 009C,765,37,34,29,39,38,30,27,33,53,62,54,53,63,66,41,47,27,26,6,F,2011
E01023039,New Forest 009D,757,26,35,34,53,33,18,27,38,41,63,43,59,63,53,51,55,28,25,12,F,2011
E01023040,New Forest 009E,726,23,20,29,26,24,30,30,34,44,42,43,49,72,73,56,62,38,20,11,F,2011
E01023026,New Forest 010A,584,14,20,59,29,14,13,19,28,50,57,46,51,56,38,26,23,20,14,7,F,2011
E01023062,New Forest 010B,756,34,39,48,54,26,24,22,39,58,76,66,69,56,48,33,23,16,11,14,F,2011
E01023064,New Forest 010C,720,45,44,59,44,18,30,42,53,52,65,46,43,50,42,21,18,21,18,9,F,2011
E01023066,New Forest 010D,861,34,44,60,35,26,16,24,43,62,68,72,49,67,67,60,43,41,21,29,F,2011
E01023067,New Forest 010E,774,41,57,37,40,13,22,35,52,57,63,55,63,57,63,37,36,23,15,8,F,2011
E01023003,New Forest 011A,889,30,30,43,38,41,29,28,36,59,63,68,59,73,68,56,47,68,34,19,F,2011
E01023004,New Forest 011B,947,47,50,48,63,41,46,41,66,64,71,71,73,52,60,54,30,36,18,16,F,2011
E01023005,New Forest 011C,757,28,24,39,40,26,33,22,39,42,62,72,58,64,48,45,46,33,18,18,F,2011
E01023006,New Forest 011D,742,56,47,63,55,54,42,43,44,59,67,51,39,24,33,24,25,10,5,1,F,2011
E01023028,New Forest 011E,1074,78,63,58,51,55,79,68,71,64,85,59,66,61,59,51,41,39,15,11,F,2011
E01023037,New Forest 011F,989,51,42,56,56,45,61,55,46,64,67,51,57,68,55,58,54,52,38,13,F,2011
E01023065,New Forest 012A,846,32,43,48,53,52,31,31,52,54,69,58,41,48,61,46,51,39,32,5,F,2011
E01023068,New Forest 012B,713,43,45,51,54,33,26,35,51,52,59,42,37,44,42,29,32,20,15,3,F,2011
E01023069,New Forest 012C,806,29,48,49,60,43,36,29,60,42,65,58,55,55,58,38,31,27,14,9,F,2011
E01023070,New Forest 012D,967,34,38,37,37,35,62,47,57,71,52,34,39,60,39,63,59,90,60,53,F,2011
E01023071,New Forest 012E,715,47,33,28,40,46,33,62,42,64,59,38,43,49,34,32,19,20,22,4,F,2011
E01023029,New Forest 013A,935,72,85,77,84,49,62,58,77,73,77,43,35,37,23,27,22,11,19,4,F,2011
E01023030,New Forest 013B,664,41,43,37,41,37,39,42,52,43,58,65,37,50,32,14,14,13,5,1,F,2011
E01023032,New Forest 013C,680,36,38,35,43,28,31,27,38,41,47,40,58,57,58,27,32,21,16,7,F,2011
E01023033,New Forest 013D,692,52,33,49,44,49,37,32,47,48,46,32,36,49,44,35,19,21,11,8,F,2011
E01023013,New Forest 014A,746,42,39,28,40,45,20,35,42,53,42,61,58,74,56,41,27,25,9,9,F,2011
E01023014,New Forest 014B,839,32,32,45,35,42,26,30,44,59,70,54,63,83,66,49,39,35,22,13,F,2011
E01023015,New Forest 014C,736,44,34,28,39,31,35,38,35,54,47,61,60,43,48,47,31,27,16,18,F,2011
E01023016,New Forest 014D,704,15,27,28,33,23,17,21,28,61,53,54,70,68,64,60,32,27,13,10,F,2011
E01023027,New Forest 014E,746,45,43,40,38,49,21,36,50,59,50,60,63,59,43,36,23,15,11,5,F,2011
E01023031,New Forest 014F,625,25,16,22,45,41,35,25,31,44,42,51,59,41,35,44,33,22,9,5,F,2011
E01022989,New Forest 015A,966,33,44,64,44,28,22,30,48,66,71,61,62,103,55,56,54,48,38,39,F,2011
E01022991,New Forest 015B,1087,33,48,41,40,36,30,30,51,64,75,73,101,127,109,72,47,48,38,24,F,2011
E01022998,New Forest 015C,915,35,30,50,50,28,20,20,38,54,69,63,63,101,96,58,52,28,38,22,F,2011
E01023000,New Forest 015D,950,37,47,47,40,40,25,38,51,69,56,65,57,68,75,57,46,51,36,45,F,2011
E01022994,New Forest 016A,839,36,30,49,44,19,32,33,34,46,63,74,72,84,56,58,39,33,24,13,F,2011
E01022995,New Forest 016B,731,29,37,38,39,27,17,25,44,46,57,66,67,67,56,30,29,27,25,5,F,2011
E01022996,New Forest 016C,655,27,38,32,28,29,17,22,37,33,47,44,53,59,55,35,30,27,29,13,F,2011
E01022997,New Forest 016D,737,20,31,44,39,27,17,13,34,59,49,55,63,67,56,38,28,35,34,28,F,2011
E01023063,New Forest 016E,647,36,41,30,42,47,17,22,37,47,58,57,41,49,35,26,22,21,10,9,F,2011
E01022990,New Forest 017A,769,24,39,47,40,22,21,21,36,66,62,54,56,76,61,46,38,30,22,8,F,2011
E01022999,New Forest 017B,1042,39,51,47,42,47,33,36,47,73,95,88,90,93,72,55,55,46,24,9,F,2011
E01023041,New Forest 017C,799,32,31,21,34,14,19,26,28,50,42,67,62,88,81,48,51,46,46,13,F,2011
E01023042,New Forest 017D,851,36,19,16,17,32,54,29,40,27,49,42,37,64,62,42,62,75,72,76,F,2011
E01023043,New Forest 017E,966,52,32,38,65,33,41,48,57,63,51,59,59,69,57,50,57,64,42,29,F,2011
E01022984,New Forest 018A,791,16,20,33,52,34,14,11,33,39,59,48,49,90,80,54,64,49,28,18,F,2011
E01022985,New Forest 018B,647,27,22,47,31,22,31,33,33,43,65,41,41,62,33,34,37,27,14,4,F,2011
E01023020,New Forest 018C,736,25,24,35,35,31,15,21,28,44,60,48,45,87,67,60,37,36,25,13,F,2011
E01023034,New Forest 018D,925,41,37,44,52,22,27,35,59,48,66,55,76,87,83,64,53,34,17,25,F,2011
E01023035,New Forest 018E,929,34,60,54,50,25,34,41,46,76,61,71,68,58,68,57,50,37,24,15,F,2011
E01023036,New Forest 018F,1044,28,38,44,45,16,26,23,33,62,64,67,60,111,108,98,86,68,44,23,F,2011
E01023001,New Forest 019A,923,63,36,42,43,49,55,64,56,65,80,60,59,66,46,39,41,31,21,7,F,2011
E01023002,New Forest 019B,933,52,48,63,61,39,47,65,57,63,86,47,53,52,45,41,42,37,24,11,F,2011
E01023058,New Forest 019C,788,46,37,59,65,50,33,36,61,62,61,48,34,45,33,38,25,20,25,10,F,2011
E01023060,New Forest 019D,718,28,35,40,36,29,27,29,29,50,56,58,51,65,64,49,30,23,12,7,F,2011
E01023061,New Forest 019E,765,34,46,36,50,46,33,28,45,57,58,41,52,53,54,42,31,32,18,9,F,2011
E01023017,New Forest 020A,1027,49,55,71,71,34,35,42,76,73,83,57,60,78,63,55,51,36,24,14,F,2011
E01023018,New Forest 020B,766,52,25,29,30,38,48,32,41,34,43,43,39,72,50,50,45,37,33,25,F,2011
E01023019,New Forest 020C,789,68,46,29,44,63,55,42,52,67,73,55,33,38,35,26,19,24,11,9,F,2011
E01023055,New Forest 020D,661,40,47,44,42,29,38,33,46,42,56,46,36,35,28,26,22,24,19,8,F,2011
E01022986,New Forest 021A,733,26,22,18,40,25,32,19,33,35,47,57,58,63,62,43,53,50,40,10,F,2011
E01022988,New Forest 021B,770,35,26,47,37,57,34,37,46,57,56,46,45,63,37,31,36,35,19,26,F,2011
E01023054,New Forest 021C,964,36,29,28,40,51,46,39,33,37,62,42,56,80,65,72,75,70,64,39,F,2011
E01023056,New Forest 021D,879,41,25,18,22,42,50,34,25,39,25,25,33,51,65,70,70,80,94,70,F,2011
E01023057,New Forest 021E,946,26,23,34,31,39,35,43,47,35,47,50,48,70,64,59,73,83,74,65,F,2011
E01022981,New Forest 022A,1052,22,30,32,41,27,24,17,38,41,49,50,74,96,113,84,109,91,69,45,F,2011
E01022982,New Forest 022B,997,14,20,31,27,29,25,31,31,29,51,63,71,117,109,93,69,68,68,51,F,2011
E01022983,New Forest 022C,894,18,19,38,29,23,21,21,31,39,60,57,51,100,105,80,75,71,36,20,F,2011
E01022987,New Forest 022D,1115,27,26,37,24,15,28,21,27,46,51,59,73,102,123,100,94,100,93,69,F,2011
E01023044,New Forest 023A,581,4,23,14,15,6,8,14,18,28,25,24,43,62,50,58,50,52,53,34,F,2011
E01023051,New Forest 023B,803,29,35,29,49,22,25,23,36,48,61,47,55,74,75,56,36,48,33,22,F,2011
E01023052,New Forest 023C,881,17,11,18,26,18,19,19,20,41,37,49,56,88,105,91,71,82,75,38,F,2011
E01023053,New Forest 023D,883,14,17,21,28,17,12,13,29,38,42,39,56,116,101,87,77,62,62,52,F,2011
E01023059,New Forest 023E,921,31,34,41,45,25,22,22,38,50,55,45,56,91,64,80,63,61,54,44,F,2011
E07000092,,47157,3287,2654,2732,2952,3201,3688,3769,3761,3742,3603,2761,2365,2280,1780,1417,1122,935,696,412,F,2011
E01023099,Rushmoor 001A,920,67,55,57,48,51,49,57,56,69,64,45,31,42,44,35,40,31,45,34,F,2011
E01023104,Rushmoor 001B,849,55,41,68,66,57,53,55,57,72,68,54,41,49,24,29,19,22,13,6,F,2011
E01023106,Rushmoor 001C,741,46,38,34,63,83,59,47,46,71,45,46,32,36,28,28,19,10,8,2,F,2011
E01023121,Rushmoor 001D,1058,57,60,63,85,58,74,63,71,81,86,64,56,64,51,41,33,28,16,7,F,2011
E01023105,Rushmoor 002A,812,39,33,57,80,55,43,46,76,68,69,46,41,37,36,21,23,17,16,9,F,2011
E01023119,Rushmoor 002B,683,56,40,55,72,55,47,35,61,68,36,50,28,37,12,15,7,3,5,1,F,2011
E01023120,Rushmoor 002C,931,63,64,66,74,68,79,69,76,85,67,40,47,40,25,19,29,11,5,4,F,2011
E01023122,Rushmoor 002D,807,56,56,64,63,61,58,61,74,66,66,43,35,31,24,21,12,6,9,1,F,2011
E01023146,Rushmoor 002E,714,39,40,66,66,46,50,40,60,66,63,36,30,34,34,18,14,8,4,0,F,2011
E01023100,Rushmoor 003A,624,57,46,36,35,39,52,59,54,66,57,34,31,22,10,10,10,6,0,0,F,2011
E01023101,Rushmoor 003B,644,34,36,28,39,32,37,41,41,62,42,48,43,48,39,36,17,14,4,3,F,2011
E01023102,Rushmoor 003C,668,34,28,29,38,34,40,50,49,54,47,52,51,68,39,25,11,13,5,1,F,2011
E01023134,Rushmoor 003D,904,56,43,72,54,57,74,79,76,77,79,52,51,53,29,20,15,8,5,4,F,2011
E01023147,Rushmoor 003E,765,32,45,44,58,41,27,38,50,68,69,43,61,57,41,27,30,17,14,3,F,2011
E01023096,Rushmoor 004A,1067,72,58,43,45,110,112,78,71,63,66,59,43,45,53,44,33,31,30,11,F,2011
E01023097,Rushmoor 004B,719,16,29,41,53,23,34,35,42,46,73,53,56,50,52,36,21,30,20,9,F,2011
E01023103,Rushmoor 004C,808,47,43,35,36,48,43,57,83,63,63,58,47,54,48,27,21,18,12,5,F,2011
E01023111,Rushmoor 004D,953,42,49,49,48,54,78,52,32,68,70,67,51,54,57,37,30,46,32,37,F,2011
E01023112,Rushmoor 004E,656,41,35,50,44,37,33,37,69,51,73,44,34,46,18,14,13,9,7,1,F,2011
E01023092,Rushmoor 005A,735,60,54,36,37,40,44,60,85,72,79,44,37,31,17,14,12,9,4,0,F,2011
E01023093,Rushmoor 005B,697,47,36,40,41,41,39,40,53,37,66,90,55,49,25,19,11,6,0,2,F,2011
E01023132,Rushmoor 005C,795,48,42,41,46,41,40,52,56,84,72,42,45,52,29,28,19,24,17,17,F,2011
E01023133,Rushmoor 005D,702,53,44,36,46,44,62,75,51,58,61,50,36,33,25,11,10,3,3,1,F,2011
E01023135,Rushmoor 005E,1254,101,100,91,62,57,114,115,126,88,83,60,57,36,45,40,28,20,18,13,F,2011
E01023091,Rushmoor 006A,873,79,65,50,55,61,85,71,72,72,65,47,30,32,18,25,12,15,8,11,F,2011
E01023094,Rushmoor 006B,676,41,36,27,41,31,33,62,51,57,51,38,49,33,42,32,24,15,10,3,F,2011
E01023095,Rushmoor 006C,920,65,54,47,60,64,84,85,83,56,63,48,40,25,36,28,22,32,14,14,F,2011
E01023098,Rushmoor 006D,795,52,36,36,38,40,74,66,58,55,50,70,51,42,32,33,22,18,18,4,F,2011
E01023148,Rushmoor 006E,671,29,21,34,38,35,41,56,43,48,56,38,48,52,44,30,29,15,11,3,F,2011
E01023149,Rushmoor 006F,649,24,27,35,38,28,24,32,31,55,60,35,35,45,42,48,42,29,14,5,F,2011
E01023113,Rushmoor 007A,789,44,26,37,46,65,52,56,53,62,54,58,43,33,45,23,26,33,21,12,F,2011
E01023114,Rushmoor 007B,741,61,50,61,36,45,44,65,70,73,63,41,28,43,22,12,11,5,7,4,F,2011
E01023136,Rushmoor 007C,844,70,61,50,59,48,58,81,90,105,73,45,31,20,18,12,15,3,2,3,F,2011
E01023137,Rushmoor 007D,610,41,40,30,23,38,48,50,60,52,50,44,42,32,21,17,10,8,2,2,F,2011
E01023138,Rushmoor 007E,680,41,37,23,31,37,72,59,51,56,35,40,39,33,26,22,25,25,17,11,F,2011
E01023139,Rushmoor 007F,670,47,45,40,23,39,48,48,48,56,53,30,26,28,28,19,21,29,24,18,F,2011
E01023140,Rushmoor 007G,826,129,67,43,44,87,132,103,61,48,25,23,16,10,12,10,4,7,2,3,F,2011
E01023141,Rushmoor 008A,1102,149,87,46,47,177,207,175,113,42,23,14,9,8,1,3,1,0,0,0,F,2011
E01023142,Rushmoor 008B,968,123,46,35,49,115,195,136,82,44,33,33,28,19,15,12,2,1,0,0,F,2011
E01023143,Rushmoor 008C,1012,139,104,77,59,63,112,164,115,67,28,19,15,16,11,5,7,4,5,2,F,2011
E01023144,Rushmoor 008D,854,53,45,40,78,88,91,85,72,68,69,34,22,33,13,13,9,14,20,7,F,2011
E01023118,Rushmoor 009A,853,61,34,54,55,58,77,73,85,85,64,49,34,32,21,16,20,12,14,9,F,2011
E01023124,Rushmoor 009B,638,39,24,41,45,53,53,62,51,59,57,38,26,23,19,14,14,13,5,2,F,2011
E01023125,Rushmoor 009C,1184,87,87,72,60,80,108,122,115,93,82,64,54,44,39,30,22,15,9,1,F,2011
E01032858,Rushmoor 009F,1094,106,65,73,66,85,100,98,88,90,89,67,48,31,28,24,13,11,7,5,F,2011
E01023128,Rushmoor 010A,720,39,41,33,53,32,41,41,59,75,46,41,42,44,27,32,23,18,19,14,F,2011
E01023129,Rushmoor 010B,640,33,29,33,37,41,55,55,46,47,70,35,43,38,25,20,16,9,7,1,F,2011
E01023130,Rushmoor 010C,687,25,27,41,43,29,23,33,37,48,77,53,57,56,38,31,28,24,13,4,F,2011
E01023131,Rushmoor 010D,745,24,38,25,41,33,24,38,43,52,53,44,45,51,42,31,34,48,41,38,F,2011
E01023145,Rushmoor 010E,1015,72,36,39,49,123,113,87,94,67,78,64,36,45,31,16,25,18,12,10,F,2011
E01023109,Rushmoor 011A,763,59,36,35,41,65,39,62,51,62,59,45,56,56,31,26,19,8,11,2,F,2011
E01023115,Rushmoor 011B,701,46,36,47,55,40,33,32,41,53,70,50,45,32,40,22,12,17,21,9,F,2011
E01023116,Rushmoor 011C,919,55,43,62,59,71,73,78,77,79,97,62,42,37,31,23,14,8,6,2,F,2011
E01023117,Rushmoor 011D,900,43,44,63,71,37,46,41,70,70,89,78,72,54,47,34,18,13,10,0,F,2011
E01023107,Rushmoor 012A,745,45,38,42,53,35,28,52,53,48,64,44,50,42,38,37,29,21,17,9,F,2011
E01023108,Rushmoor 012B,736,41,34,52,40,26,37,48,53,58,45,46,38,42,42,35,30,26,19,24,F,2011
E01023110,Rushmoor 012C,893,57,45,65,68,56,60,58,67,64,77,64,46,44,22,38,31,18,11,2,F,2011
E01023123,Rushmoor 012D,738,50,35,43,52,44,37,54,63,73,71,40,40,37,28,29,15,13,7,7,F,2011
E07000093,,59642,3299,3263,3461,3515,2755,2719,3142,4002,4569,4944,4170,3719,4214,3539,2523,2143,1687,1205,773,F,2011
E01023165,Test Valley 001A,1093,59,76,78,65,26,35,51,61,93,119,86,58,91,69,44,40,25,12,5,F,2011
E01023169,Test Valley 001B,1007,43,35,43,50,52,37,35,57,79,64,75,98,92,87,40,39,33,33,15,F,2011
E01023181,Test Valley 001C,711,45,46,54,48,34,37,60,60,94,73,47,34,30,22,15,5,2,3,2,F,2011
E01023182,Test Valley 001D,793,54,39,46,52,55,54,55,65,84,71,68,43,39,28,8,21,6,4,1,F,2011
E01023153,Test Valley 002A,835,76,55,46,41,72,66,67,73,70,64,41,48,40,31,13,16,7,7,2,F,2011
E01023154,Test Valley 002B,897,78,69,61,73,59,81,58,57,61,66,51,45,40,38,21,16,12,8,3,F,2011
E01023156,Test Valley 002C,771,90,87,65,50,54,73,60,60,55,53,38,23,26,15,13,6,1,2,0,F,2011
E01023157,Test Valley 002D,748,67,43,38,57,47,53,67,57,58,51,47,32,47,30,20,13,14,5,2,F,2011
E01023205,Test Valley 002E,693,43,54,74,56,37,51,55,63,63,66,30,23,27,15,7,19,5,3,2,F,2011
E01023155,Test Valley 003A,1395,108,72,88,89,105,90,102,124,123,109,88,71,69,64,26,21,19,19,8,F,2011
E01023201,Test Valley 003B,851,57,45,46,50,46,36,38,45,57,75,53,43,69,57,35,33,31,19,16,F,2011
E01023202,Test Valley 003C,910,66,28,25,44,67,77,71,49,40,59,44,50,51,59,34,61,34,32,19,F,2011
E01023215,Test Valley 003D,834,51,41,47,48,30,31,45,49,76,61,57,43,51,55,39,42,37,16,15,F,2011
E01023219,Test Valley 003E,739,35,32,35,51,46,41,25,38,53,69,57,43,52,44,46,26,30,8,8,F,2011
E01023179,Test Valley 004A,908,43,61,62,69,45,52,59,72,89,83,64,35,52,36,36,26,13,11,0,F,2011
E01023183,Test Valley 004B,752,42,44,45,41,46,45,48,56,49,65,42,34,43,35,25,29,20,23,20,F,2011
E01023190,Test Valley 004C,632,20,21,29,28,37,37,28,31,43,36,41,46,53,30,39,32,29,23,29,F,2011
E01023203,Test Valley 004D,783,43,24,34,43,56,42,36,61,49,69,59,49,53,57,50,23,18,11,6,F,2011
E01023204,Test Valley 004E,879,58,64,43,55,81,82,59,80,48,45,41,56,31,41,37,21,8,17,12,F,2011
E01023180,Test Valley 005B,872,55,47,50,41,44,33,43,62,69,52,43,53,67,53,48,53,29,17,13,F,2011
E01023186,Test Valley 005C,874,55,70,53,49,36,48,45,83,65,76,56,48,52,40,26,26,26,15,5,F,2011
E01023189,Test Valley 005D,823,66,52,41,55,43,49,58,73,64,69,52,44,39,46,28,24,9,9,2,F,2011
E01023196,Test Valley 005E,863,42,57,38,33,34,23,48,55,69,89,41,60,57,65,52,36,26,24,14,F,2011
E01032870,Test Valley 005F,973,70,56,67,63,37,39,60,86,98,87,55,55,70,47,31,27,10,10,5,F,2011
E01032871,Test Valley 005G,792,44,44,48,60,35,22,33,58,52,70,53,37,73,55,41,26,16,16,9,F,2011
E01023187,Test Valley 006A,864,35,33,45,45,53,48,54,38,52,80,55,40,48,46,34,31,39,39,49,F,2011
E01023188,Test Valley 006B,699,37,43,43,62,35,33,35,38,67,84,59,37,28,31,24,21,13,6,3,F,2011
E01023216,Test Valley 006C,931,63,44,34,52,57,74,56,79,63,69,57,54,43,44,27,24,38,30,23,F,2011
E01023217,Test Valley 006D,816,45,39,36,64,39,49,48,56,71,60,48,40,49,48,40,27,25,16,16,F,2011
E01023218,Test Valley 006E,735,26,36,31,48,22,27,37,52,64,69,49,56,45,52,39,38,26,14,4,F,2011
E01023159,Test Valley 007A,1120,49,61,58,51,35,32,44,65,83,94,77,72,119,85,62,46,38,33,16,F,2011
E01023195,Test Valley 007B,1044,112,81,64,56,48,70,85,106,106,71,57,46,48,39,18,15,13,6,3,F,2011
E01023197,Test Valley 007C,779,67,60,39,40,42,46,43,81,69,57,44,50,43,33,23,15,19,5,3,F,2011
E01023198,Test Valley 007D,718,32,28,37,34,18,22,29,44,55,83,60,43,69,57,38,29,20,15,5,F,2011
E01023160,Test Valley 008A,778,29,37,69,49,25,20,23,42,49,65,64,51,69,69,37,28,26,18,8,F,2011
E01023168,Test Valley 008B,749,28,31,25,37,31,26,23,33,46,64,60,68,81,72,36,34,30,16,8,F,2011
E01023178,Test Valley 008C,1130,72,69,71,51,34,32,56,71,110,104,85,70,94,71,44,37,35,16,8,F,2011
E01023166,Test Valley 009A,727,23,35,53,33,17,24,30,38,59,71,70,48,66,58,30,24,28,10,10,F,2011
E01023167,Test Valley 009B,834,36,36,39,38,33,21,30,47,61,48,60,60,63,65,52,48,45,27,25,F,2011
E01023177,Test Valley 009C,1138,56,87,82,45,46,29,46,69,85,88,98,78,88,78,58,41,38,19,7,F,2011
E01023184,Test Valley 009D,667,26,43,56,38,10,21,26,35,54,67,59,55,56,41,40,19,10,8,3,F,2011
E01023185,Test Valley 009E,633,33,44,39,35,18,18,24,41,57,52,43,31,52,43,36,34,15,11,7,F,2011
E01023174,Test Valley 010A,871,38,51,46,58,44,53,51,49,84,82,69,49,69,46,36,21,14,7,4,F,2011
E01023175,Test Valley 010B,856,32,46,55,40,17,35,25,49,56,73,58,72,76,72,67,35,29,16,3,F,2011
E01023176,Test Valley 010C,846,44,32,31,33,40,32,41,40,52,57,69,66,65,47,46,35,41,48,27,F,2011
E01023207,Test Valley 010D,774,33,40,40,37,23,22,31,44,64,51,48,64,70,68,42,42,30,15,10,F,2011
E01023208,Test Valley 010E,599,27,34,33,45,31,33,41,40,37,52,37,38,46,43,22,14,14,9,3,F,2011
E01023209,Test Valley 010F,698,41,26,39,52,35,25,27,46,60,68,57,50,60,41,32,19,8,7,5,F,2011
E01023150,Test Valley 011A,820,46,27,38,52,41,35,45,52,46,71,58,52,68,39,40,43,36,22,9,F,2011
E01023151,Test Valley 011B,790,50,29,14,27,40,34,37,45,33,33,45,34,50,34,59,56,68,63,39,F,2011
E01023152,Test Valley 011C,923,18,23,34,34,34,20,21,40,49,50,62,49,64,87,79,73,80,67,39,F,2011
E01023206,Test Valley 011D,619,18,38,34,44,25,23,20,33,43,41,53,39,50,38,29,41,29,15,6,F,2011
E01023158,Test Valley 012A,1140,43,59,80,77,36,17,26,64,90,101,90,93,92,101,57,50,31,20,13,F,2011
E01023191,Test Valley 012B,970,55,45,67,41,36,51,67,72,77,64,77,70,70,46,35,37,22,18,20,F,2011
E01023192,Test Valley 012C,975,81,62,56,37,36,53,70,69,56,66,51,43,68,57,51,40,38,19,22,F,2011
E01023193,Test Valley 012D,795,34,39,37,46,26,21,41,40,44,71,55,47,68,71,46,49,36,17,7,F,2011
E01023194,Test Valley 012E,780,15,29,42,44,34,16,37,42,50,46,56,47,73,83,58,39,39,17,13,F,2011
E01023200,Test Valley 012F,812,43,31,38,54,38,40,30,48,53,69,74,62,72,41,26,19,23,25,26,F,2011
E01023162,Test Valley 013A,940,36,43,58,76,25,21,43,39,69,83,69,68,70,66,52,47,26,28,21,F,2011
E01023163,Test Valley 013B,827,22,32,51,45,31,16,25,47,57,73,65,63,89,68,60,45,24,10,4,F,2011
E01023164,Test Valley 013C,833,30,41,48,47,33,25,35,25,47,62,71,67,66,69,46,36,35,21,29,F,2011
E01023199,Test Valley 013D,825,33,40,55,70,40,34,41,50,55,75,64,62,76,49,30,23,11,13,4,F,2011
E01023210,Test Valley 014A,787,39,63,79,56,27,21,29,74,88,90,72,45,32,32,14,16,6,2,2,F,2011
E01023211,Test Valley 014B,998,88,90,101,61,29,45,108,119,115,97,42,32,25,17,10,10,9,0,0,F,2011
E01023212,Test Valley 014C,782,41,44,51,49,39,42,31,41,63,82,68,68,49,34,20,16,17,19,8,F,2011
E01023213,Test Valley 014D,681,41,39,46,53,29,27,40,51,72,71,59,38,44,22,15,10,11,12,1,F,2011
E01023214,Test Valley 014E,678,46,34,31,42,35,45,52,58,46,69,61,37,45,29,14,13,9,8,4,F,2011
E01023170,Test Valley 015A,900,45,51,63,63,44,38,49,83,67,81,73,60,53,37,31,31,14,11,6,F,2011
E01023171,Test Valley 015B,839,35,38,39,44,43,28,29,51,49,69,61,75,76,58,31,35,25,24,29,F,2011
E01023172,Test Valley 015C,747,24,30,36,48,26,18,27,43,46,66,73,77,67,38,34,38,29,25,2,F,2011
E01023173,Test Valley 015D,747,22,38,42,51,31,23,28,38,49,64,59,82,86,55,29,18,15,11,6,F,2011
E07000094,,60013,3180,3205,3248,3914,4079,2832,3247,3805,4203,4594,3993,3529,3909,3277,2619,2171,1931,1381,896,F,2011
E01023286,Winchester 001A,779,50,52,43,39,30,43,48,52,60,48,71,45,37,37,31,20,23,23,27,F,2011
E01023287,Winchester 001B,1422,84,90,77,83,49,74,105,98,108,135,116,93,100,78,41,33,20,24,14,F,2011
E01023288,Winchester 001C,713,58,52,37,22,16,31,45,64,63,63,45,47,47,45,26,18,17,13,4,F,2011
E01023236,Winchester 002A,957,50,61,54,44,23,21,30,57,76,93,74,75,78,93,45,27,34,13,9,F,2011
E01023237,Winchester 002B,661,46,32,33,35,31,39,41,45,54,45,55,38,37,35,28,27,21,12,7,F,2011
E01023238,Winchester 002C,773,48,41,36,51,32,42,54,51,49,88,68,37,46,45,34,23,16,9,3,F,2011
E01023239,Winchester 002D,847,44,42,45,50,25,35,48,55,76,85,55,50,65,52,38,29,25,18,10,F,2011
E01023240,Winchester 003A,1184,69,64,74,64,48,58,60,88,67,88,61,57,76,78,78,65,54,26,9,F,2011
E01023241,Winchester 003B,709,15,17,39,49,17,21,22,19,35,62,52,45,54,52,44,41,52,36,37,F,2011
E01023248,Winchester 003C,878,49,46,52,50,13,22,28,45,78,59,57,65,63,59,63,47,47,28,7,F,2011
E01023253,Winchester 003D,894,49,39,31,37,34,35,35,71,48,42,45,49,52,53,58,48,58,62,48,F,2011
E01023274,Winchester 003E,883,36,45,45,91,35,35,23,49,58,72,57,44,53,49,55,31,37,28,40,F,2011
E01023225,Winchester 004A,1152,52,88,85,90,31,28,34,56,115,106,104,85,77,80,48,36,21,10,6,F,2011
E01023278,Winchester 004B,864,40,47,48,51,15,30,46,57,52,64,55,55,69,66,38,33,44,36,18,F,2011
E01023279,Winchester 004C,732,31,34,41,43,26,20,30,34,53,65,73,53,61,52,43,24,23,17,9,F,2011
E01023280,Winchester 004D,770,25,41,45,53,29,26,38,47,55,60,58,45,63,58,43,28,30,10,16,F,2011
E01023281,Winchester 004E,940,43,44,44,45,18,32,44,50,53,72,42,52,65,89,60,69,59,39,20,F,2011
E01023247,Winchester 005A,802,41,42,43,37,32,28,34,51,49,53,54,48,55,42,55,46,46,32,14,F,2011
E01023249,Winchester 005B,628,29,28,43,37,27,22,33,45,41,44,41,37,44,41,32,31,26,19,8,F,2011
E01023250,Winchester 005C,946,67,62,34,67,51,52,60,66,64,46,56,40,44,41,33,31,69,48,15,F,2011
E01023268,Winchester 005D,691,51,41,53,48,42,30,38,62,47,64,47,38,43,33,17,17,12,5,3,F,2011
E01023269,Winchester 005E,1320,49,63,50,300,280,45,56,70,53,63,66,42,48,44,21,24,23,11,12,F,2011
E01023270,Winchester 005F,622,51,53,31,34,38,34,47,51,52,43,50,32,19,29,18,15,11,9,5,F,2011
E01023251,Winchester 006A,637,33,16,9,21,65,42,48,34,32,19,23,15,32,26,40,43,56,49,34,F,2011
E01023255,Winchester 006B,1023,56,27,33,84,256,89,64,69,50,56,52,41,27,30,31,26,15,8,9,F,2011
E01023256,Winchester 006C,748,54,43,34,38,101,57,50,50,60,39,41,34,33,26,30,24,18,16,0,F,2011
E01023257,Winchester 006D,774,51,28,25,31,86,59,68,51,54,49,35,54,39,36,38,29,19,16,6,F,2011
E01023258,Winchester 006E,908,48,31,115,167,96,34,48,49,44,49,42,32,38,38,23,18,14,11,11,F,2011
E01023252,Winchester 007A,916,40,31,26,34,123,122,101,63,52,49,39,40,37,24,25,31,39,23,17,F,2011
E01023254,Winchester 007B,919,64,56,39,36,54,76,83,93,60,64,49,47,46,40,35,27,18,20,12,F,2011
E01023263,Winchester 007C,673,24,17,23,37,56,32,33,40,37,49,44,32,60,35,34,38,29,29,24,F,2011
E01023264,Winchester 007D,693,24,23,24,24,40,57,55,33,49,43,47,42,50,27,25,33,37,30,30,F,2011
E01023265,Winchester 007E,924,46,48,44,47,69,57,62,68,63,51,52,48,57,55,32,38,35,33,19,F,2011
E01023267,Winchester 007F,643,53,36,14,71,56,57,64,59,46,33,34,25,34,17,15,15,6,7,1,F,2011
E01023260,Winchester 008A,930,42,43,44,170,280,48,38,42,35,33,22,33,27,15,20,9,10,15,4,F,2011
E01023261,Winchester 008B,854,22,40,29,67,268,39,28,49,37,50,43,33,29,33,27,17,19,15,9,F,2011
E01023262,Winchester 008C,840,45,35,37,63,284,34,36,44,33,31,33,41,34,23,24,16,16,6,5,F,2011
E01023266,Winchester 008D,817,51,41,48,103,112,45,29,42,45,53,40,27,48,32,27,28,18,23,5,F,2011
E01023229,Winchester 009A,1012,44,60,88,59,39,23,37,66,85,88,81,56,86,57,48,33,35,17,10,F,2011
E01023242,Winchester 009B,612,36,28,39,36,44,27,41,40,50,45,55,48,44,33,20,12,9,5,0,F,2011
E01023243,Winchester 009C,675,47,21,36,25,63,77,69,54,38,51,40,36,50,16,15,14,16,6,1,F,2011
E01023244,Winchester 009D,819,29,28,49,51,35,8,23,28,54,66,62,51,81,54,63,51,51,24,11,F,2011
E01023259,Winchester 009E,760,25,42,55,46,95,34,19,47,53,64,47,38,55,54,27,20,27,9,3,F,2011
E01023226,Winchester 010A,851,74,56,49,42,27,18,37,60,58,65,66,57,54,38,43,39,30,23,15,F,2011
E01023227,Winchester 010B,925,62,44,40,43,31,44,62,78,74,81,69,55,58,54,33,37,33,17,10,F,2011
E01023228,Winchester 010C,1049,63,61,45,58,31,29,41,67,66,94,87,70,97,81,61,46,32,14,6,F,2011
E01023230,Winchester 010D,1116,59,74,72,56,36,40,64,67,80,76,82,83,88,51,50,40,30,26,42,F,2011
E01023246,Winchester 010E,741,30,50,52,46,21,33,21,41,65,80,52,58,68,43,22,25,15,13,6,F,2011
E01023235,Winchester 011A,1048,44,59,70,51,29,20,37,71,78,98,89,79,80,65,65,41,41,15,16,F,2011
E01023275,Winchester 011B,760,28,42,59,65,17,20,33,34,57,67,61,56,53,47,39,35,23,14,10,F,2011
E01023276,Winchester 011C,797,39,39,62,52,38,22,21,41,67,83,73,52,59,64,33,29,13,6,4,F,2011
E01023277,Winchester 011D,623,17,35,34,34,21,18,16,23,44,72,67,61,57,31,41,19,21,7,5,F,2011
E01023282,Winchester 011E,959,32,64,68,46,25,23,37,42,78,80,82,78,73,74,50,38,28,28,13,F,2011
E01023220,Winchester 012A,1043,66,70,57,57,56,55,75,53,85,110,70,69,61,53,40,29,19,9,9,F,2011
E01023221,Winchester 012B,914,40,40,48,42,36,46,54,45,56,60,44,64,70,64,52,40,48,42,23,F,2011
E01023222,Winchester 012C,836,27,45,43,43,26,22,34,44,56,63,64,60,83,62,31,43,27,27,36,F,2011
E01023223,Winchester 012D,762,41,44,42,52,19,30,47,36,60,81,51,59,45,47,39,34,14,16,5,F,2011
E01023272,Winchester 012E,635,25,30,36,38,34,23,29,42,50,73,48,52,43,32,32,17,14,14,3,F,2011
E01023273,Winchester 012F,735,31,39,59,37,22,25,27,38,68,75,50,59,55,47,40,20,22,16,5,F,2011
E01023245,Winchester 013A,1209,45,55,72,73,47,31,44,59,102,109,98,91,116,81,71,41,37,23,14,F,2011
E01023271,Winchester 013B,627,36,34,28,30,26,17,19,31,43,55,47,36,48,43,31,29,29,24,21,F,2011
E01023284,Winchester 013D,1358,102,88,62,57,81,117,138,124,90,93,70,64,81,55,36,47,18,25,10,F,2011
E01023285,Winchester 013E,812,34,51,41,36,24,26,41,53,52,45,55,43,62,53,48,50,43,38,17,F,2011
E01032859,Winchester 013F,900,80,90,58,38,36,57,81,96,119,74,44,29,40,21,13,16,5,3,0,F,2011
E01032860,Winchester 013G,736,80,53,38,23,47,100,97,83,54,51,32,32,18,15,9,3,0,1,0,F,2011
E01023224,Winchester 014A,767,49,38,33,63,42,47,46,53,64,66,42,39,49,41,24,18,22,15,16,F,2011
E01023231,Winchester 014B,893,47,46,49,36,46,27,40,61,59,84,63,79,77,57,46,40,23,7,6,F,2011
E01023232,Winchester 014C,964,47,53,52,57,49,49,36,57,69,75,72,68,71,61,41,33,36,20,18,F,2011
E01023233,Winchester 014D,781,30,36,47,48,16,29,35,49,59,77,65,42,47,37,34,38,33,32,27,F,2011
E01023234,Winchester 014E,828,41,51,38,61,32,44,40,53,67,65,67,49,53,38,47,39,20,16,7,F,2011
E07000105,,60964,3845,3630,3881,3674,3154,3484,3486,3889,4853,4628,3836,3448,3972,3310,2408,2015,1603,1125,723,F,2011
E01023987,Ashford 001B,535,40,22,26,22,19,19,33,29,28,48,36,35,54,36,30,26,19,7,6,F,2011
E01023988,Ashford 001C,733,46,34,50,45,32,25,24,48,53,62,52,51,58,69,26,20,17,11,10,F,2011
E01024040,Ashford 001D,602,32,34,21,22,14,30,34,41,38,22,34,33,39,42,41,43,28,32,22,F,2011
E01024041,Ashford 001E,574,35,23,29,39,14,16,24,25,39,46,38,40,48,33,20,39,29,21,16,F,2011
E01032810,Ashford 001F,788,80,56,51,43,35,66,71,82,58,57,43,43,33,25,17,10,6,10,2,F,2011
E01032812,Ashford 001G,887,61,59,62,55,33,51,47,83,90,64,52,49,56,49,24,27,11,11,3,F,2011
E01023985,Ashford 002A,575,23,26,19,24,14,18,17,22,35,34,40,47,61,53,54,28,29,21,10,F,2011
E01023986,Ashford 002B,666,23,31,32,34,19,22,29,36,45,43,40,45,65,49,41,29,31,25,27,F,2011
E01023989,Ashford 002C,607,26,40,43,36,25,11,17,39,46,53,54,37,52,42,24,23,22,9,8,F,2011
E01023990,Ashford 002D,634,36,38,36,38,18,25,25,35,46,46,52,46,51,44,28,25,24,13,8,F,2011
E01024033,Ashford 002E,872,34,41,53,63,36,29,28,46,77,88,68,72,68,61,48,18,20,15,7,F,2011
E01024035,Ashford 002F,561,31,27,36,23,15,15,18,24,47,53,38,39,49,51,25,31,19,14,6,F,2011
E01023983,Ashford 003A,733,30,36,31,46,30,24,23,35,49,52,33,53,65,54,51,44,50,18,9,F,2011
E01023999,Ashford 003B,1116,50,56,56,59,36,38,54,63,82,84,74,85,100,93,54,58,26,24,24,F,2011
E01032811,Ashford 003D,838,72,70,85,49,49,51,75,72,83,73,39,31,40,25,11,7,3,2,1,F,2011
E01032822,Ashford 003E,761,40,42,62,50,27,28,23,47,79,68,58,26,42,40,29,34,34,26,6,F,2011
E01023980,Ashford 004A,624,34,24,37,35,26,35,38,40,36,38,33,46,45,44,40,26,23,14,10,F,2011
E01023981,Ashford 004B,632,29,38,45,35,27,35,28,34,51,41,47,38,56,37,31,19,17,17,7,F,2011
E01023984,Ashford 004C,627,62,36,34,38,48,58,53,34,46,43,31,29,18,30,27,17,9,8,6,F,2011
E01023992,Ashford 004E,777,45,46,51,43,58,58,58,50,61,55,46,42,28,35,24,25,30,17,5,F,2011
E01023993,Ashford 004F,759,56,50,70,56,37,45,47,66,72,64,43,51,31,29,13,15,6,6,2,F,2011
E01024021,Ashford 004G,665,35,26,26,53,46,59,46,38,47,51,45,31,46,25,14,18,23,23,13,F,2011
E01024022,Ashford 004H,736,28,25,40,42,32,34,31,39,45,56,53,48,72,50,52,34,23,22,10,F,2011
E01032820,Ashford 004I,799,74,63,45,44,44,70,81,79,70,56,38,35,42,24,17,10,4,2,1,F,2011
E01032821,Ashford 004J,864,54,68,67,67,37,35,54,83,95,94,55,34,28,18,17,19,23,12,4,F,2011
E01023973,Ashford 005A,840,71,46,43,68,83,63,65,50,66,47,29,42,45,31,35,20,14,8,14,F,2011
E01024002,Ashford 005B,715,62,58,47,48,56,69,62,51,64,46,38,30,25,25,11,9,5,5,4,F,2011
E01024023,Ashford 005C,1325,103,81,99,78,70,118,101,89,111,95,65,57,50,48,34,40,29,23,34,F,2011
E01024027,Ashford 005D,791,63,33,30,90,74,78,40,48,64,49,50,36,27,18,25,20,15,19,12,F,2011
E01024029,Ashford 005E,1205,94,76,78,75,63,88,78,87,103,87,65,70,55,50,39,36,32,22,7,F,2011
E01023972,Ashford 006A,662,35,43,56,50,36,23,44,48,73,43,32,39,32,21,18,26,19,14,10,F,2011
E01023995,Ashford 006B,637,27,29,36,37,28,32,31,44,41,50,44,40,50,39,22,32,20,15,20,F,2011
E01023996,Ashford 006C,690,50,44,62,42,32,35,54,53,71,59,53,41,37,20,19,8,6,2,2,F,2011
E01024003,Ashford 006D,903,26,41,44,50,34,39,33,57,58,56,62,62,77,69,53,49,39,28,26,F,2011
E01024004,Ashford 006E,901,41,48,55,41,38,53,45,51,65,78,73,63,66,65,34,32,24,20,9,F,2011
E01024005,Ashford 006F,799,47,48,57,48,45,50,58,52,64,56,50,43,55,43,24,18,25,12,4,F,2011
E01023974,Ashford 007A,667,43,35,45,51,48,53,38,47,40,34,41,35,36,36,30,22,18,9,6,F,2011
E01023975,Ashford 007B,866,60,52,65,72,57,45,39,59,73,67,44,37,47,43,31,39,23,8,5,F,2011
E01023977,Ashford 007C,598,46,26,19,28,49,52,45,25,46,42,46,32,52,32,23,23,6,3,3,F,2011
E01024016,Ashford 007D,698,65,43,21,31,68,58,62,61,43,45,43,39,40,29,19,13,6,9,3,F,2011
E01024017,Ashford 007E,910,56,50,52,42,57,74,82,67,60,59,44,39,51,40,31,37,27,22,20,F,2011
E01024028,Ashford 007F,899,87,75,52,62,82,106,51,47,66,54,62,33,37,32,22,8,13,5,5,F,2011
E01023976,Ashford 008A,848,50,48,54,55,66,37,50,55,54,53,48,44,53,41,32,31,30,32,15,F,2011
E01024019,Ashford 008B,773,63,75,77,65,54,50,44,67,67,56,37,24,28,25,17,13,6,3,2,F,2011
E01024020,Ashford 008C,1074,142,91,113,82,100,117,79,62,73,53,40,30,32,33,12,12,2,1,0,F,2011
E01032816,Ashford 008E,917,67,58,66,70,58,71,86,75,94,75,59,43,35,29,16,10,4,1,0,F,2011
E01032823,Ashford 008F,841,80,58,47,58,76,67,62,50,65,79,46,36,40,28,18,12,13,6,0,F,2011
E01024001,Ashford 009A,753,40,40,40,34,52,69,46,46,69,54,44,45,41,32,43,23,21,9,5,F,2011
E01024006,Ashford 009B,716,29,53,72,44,33,22,31,51,75,84,49,29,26,15,16,24,19,28,16,F,2011
E01024008,Ashford 009D,1086,85,99,98,81,56,54,99,80,132,73,66,38,53,30,13,9,10,6,4,F,2011
E01032815,Ashford 009F,557,54,55,40,37,45,67,49,49,38,26,24,17,17,15,8,9,2,4,1,F,2011
E01032817,Ashford 009G,624,69,46,51,42,61,61,68,35,57,40,26,18,17,13,5,5,6,1,3,F,2011
E01032818,Ashford 009H,794,76,73,64,56,25,78,73,81,95,52,37,26,21,22,5,6,4,0,0,F,2011
E01032819,Ashford 009I,921,95,72,84,52,67,92,72,80,98,65,47,30,21,18,10,9,4,4,1,F,2011
E01032824,Ashford 009J,729,64,38,33,44,42,46,53,69,55,62,47,40,46,32,24,10,8,10,6,F,2011
E01024013,Ashford 010A,880,34,45,50,53,28,37,36,55,60,74,68,54,83,63,47,28,35,20,10,F,2011
E01024014,Ashford 010B,891,43,54,56,42,43,29,38,53,60,71,68,74,85,65,32,35,16,13,14,F,2011
E01024015,Ashford 010C,824,26,47,39,38,32,26,26,33,54,71,88,77,84,69,38,29,25,15,7,F,2011
E01024034,Ashford 010D,1240,69,71,78,58,71,78,64,64,113,97,89,76,95,73,49,35,23,26,11,F,2011
E01023978,Ashford 011A,628,19,27,39,33,16,16,10,20,50,60,61,38,72,51,38,36,21,14,7,F,2011
E01023979,Ashford 011B,681,43,40,36,47,21,40,34,36,57,67,49,27,55,33,38,28,17,9,4,F,2011
E01024032,Ashford 011C,796,34,47,55,57,33,24,26,35,75,85,52,54,63,51,45,24,20,9,7,F,2011
E01024036,Ashford 011D,659,31,41,48,29,26,22,24,42,44,60,63,35,66,37,32,21,21,11,6,F,2011
E01024031,Ashford 012B,762,21,44,44,33,21,22,21,42,64,61,39,58,82,67,42,39,24,21,17,F,2011
E01024038,Ashford 012C,957,33,31,57,55,21,19,28,47,81,73,57,67,87,82,70,56,43,37,13,F,2011
E01024039,Ashford 012D,787,32,49,51,61,29,24,23,36,70,50,70,65,66,50,40,28,24,12,7,F,2011
E01032813,Ashford 012E,959,111,73,44,49,78,112,114,99,69,71,43,25,16,26,6,6,8,6,3,F,2011
E01032814,Ashford 012F,938,73,59,64,53,42,58,62,54,71,99,59,44,53,43,33,31,20,10,10,F,2011
E01024009,Ashford 013A,587,16,26,33,23,20,10,15,18,38,48,43,48,66,55,53,16,29,14,16,F,2011
E01024010,Ashford 013B,673,21,38,26,37,30,23,18,39,43,53,55,49,68,52,35,33,30,17,6,F,2011
E01024011,Ashford 013C,679,27,36,40,35,26,16,27,35,42,46,45,51,47,49,40,31,24,27,35,F,2011
E01024012,Ashford 013D,551,19,42,33,27,19,19,10,35,47,47,25,42,51,34,27,30,25,16,3,F,2011
E01024024,Ashford 013E,1208,51,36,64,50,33,29,42,47,73,98,54,76,85,107,105,86,68,61,43,F,2011
E01024025,Ashford 013F,642,20,26,36,30,32,26,20,23,34,43,35,35,40,47,48,49,47,32,19,F,2011
E01023997,Ashford 014A,739,36,34,48,43,21,29,26,28,63,69,61,49,67,55,38,34,24,8,6,F,2011
E01023998,Ashford 014B,576,33,29,31,28,15,19,22,26,36,45,52,52,50,49,34,25,18,10,2,F,2011
E01024026,Ashford 014C,662,31,37,45,50,33,14,29,32,42,53,49,44,49,46,32,31,28,14,3,F,2011
E01024037,Ashford 014D,941,56,53,57,49,38,28,53,64,69,57,58,64,83,74,39,34,37,14,14,F,2011
E07000106,,78035,3670,3666,4056,6290,8436,4192,3724,4115,4885,4929,4524,4287,4968,4317,3326,2927,2607,1896,1220,F,2011
E01024078,Canterbury 001A,857,57,54,38,47,69,73,54,53,48,64,36,38,36,30,31,25,45,40,19,F,2011
E01024080,Canterbury 001B,702,48,29,33,35,47,48,36,46,52,37,33,39,45,32,18,34,27,37,26,F,2011
E01024081,Canterbury 001C,835,38,40,29,35,55,46,42,34,45,41,45,45,36,49,30,55,55,50,65,F,2011
E01024082,Canterbury 001D,750,57,39,32,44,40,55,34,43,47,43,56,45,44,34,22,35,30,23,27,F,2011
E01024095,Canterbury 001E,768,35,42,44,49,56,33,42,31,49,58,56,51,58,38,26,30,29,19,22,F,2011
E01024094,Canterbury 002A,1253,58,71,75,65,60,55,62,83,91,70,86,85,100,98,72,51,35,24,12,F,2011
E01024096,Canterbury 002B,950,49,34,45,47,30,29,46,35,55,61,48,52,96,93,57,54,59,38,22,F,2011
E01024097,Canterbury 002C,822,22,28,33,34,33,24,13,33,46,36,60,49,89,83,71,53,55,38,22,F,2011
E01024098,Canterbury 002D,851,19,41,41,39,26,27,21,37,50,51,65,60,63,64,63,59,41,45,39,F,2011
E01024064,Canterbury 003A,1236,55,90,77,93,48,42,57,94,109,95,79,88,90,76,49,36,27,18,13,F,2011
E01024066,Canterbury 003B,823,54,47,62,55,34,43,46,49,72,58,57,41,57,45,32,33,22,5,11,F,2011
E01024079,Canterbury 003C,780,30,43,45,47,40,30,29,35,59,50,45,60,68,43,38,35,43,21,19,F,2011
E01024083,Canterbury 003D,716,29,37,37,40,39,29,33,32,40,55,50,33,57,56,33,49,34,17,16,F,2011
E01024118,Canterbury 003E,947,50,40,65,51,48,50,39,37,81,75,55,44,72,67,45,48,41,20,19,F,2011
E01024059,Canterbury 004A,821,44,32,46,52,28,22,30,41,48,52,56,50,60,48,47,55,46,42,22,F,2011
E01024065,Canterbury 004B,1013,53,67,65,64,47,43,47,70,73,78,62,62,77,66,55,24,33,22,5,F,2011
E01024117,Canterbury 004C,729,26,35,33,29,23,32,22,41,34,44,46,47,80,67,63,35,39,22,11,F,2011
E01024119,Canterbury 004D,850,56,58,78,54,41,36,45,67,68,67,50,31,43,35,27,28,21,33,12,F,2011
E01024120,Canterbury 004E,817,24,31,41,29,22,24,26,29,52,59,55,63,65,91,59,50,61,27,9,F,2011
E01024056,Canterbury 005A,1010,33,38,51,60,30,8,23,36,69,64,94,71,98,93,90,57,46,28,21,F,2011
E01024057,Canterbury 005B,922,31,30,38,39,29,26,28,30,58,66,56,87,95,76,69,54,51,44,15,F,2011
E01024058,Canterbury 005C,841,46,52,54,46,43,40,47,53,55,61,68,53,59,66,30,34,16,13,5,F,2011
E01024114,Canterbury 005D,927,37,43,40,43,30,25,29,44,79,76,64,59,70,66,50,58,50,45,19,F,2011
E01024115,Canterbury 005E,734,22,29,35,30,21,19,21,29,39,58,46,53,72,72,58,55,26,34,15,F,2011
E01024073,Canterbury 006A,1009,72,47,57,48,62,68,50,74,66,65,68,48,69,59,63,36,32,15,10,F,2011
E01024074,Canterbury 006B,754,42,38,51,53,27,29,46,35,69,47,58,51,70,47,26,21,19,16,9,F,2011
E01024075,Canterbury 006C,839,39,44,52,40,28,39,37,46,63,62,48,53,75,63,49,37,40,9,15,F,2011
E01024076,Canterbury 006D,953,53,61,75,61,40,46,50,80,90,74,61,67,41,44,38,27,22,13,10,F,2011
E01024077,Canterbury 006E,729,42,48,48,46,31,48,43,48,75,55,52,44,43,34,32,16,11,10,3,F,2011
E01024055,Canterbury 007A,816,34,24,28,45,29,28,27,25,40,75,56,54,68,84,59,48,46,30,16,F,2011
E01024061,Canterbury 007B,807,45,58,63,55,33,35,66,43,56,50,44,35,51,34,31,37,36,19,16,F,2011
E01024063,Canterbury 007C,798,40,60,43,36,30,28,35,55,53,71,55,57,65,52,31,27,31,19,10,F,2011
E01024071,Canterbury 007D,872,42,57,49,65,45,32,42,56,89,86,54,64,44,38,29,39,23,15,3,F,2011
E01024116,Canterbury 007E,807,33,42,40,42,17,22,13,40,55,71,40,44,58,63,51,46,55,46,29,F,2011
E01024060,Canterbury 008A,809,53,52,48,48,28,38,56,54,64,60,47,46,40,60,31,24,27,19,14,F,2011
E01024069,Canterbury 008B,716,52,55,52,29,26,35,46,69,78,66,49,36,34,27,17,11,18,11,5,F,2011
E01024070,Canterbury 008C,729,38,42,30,26,21,31,33,36,63,78,52,45,52,60,40,25,20,15,22,F,2011
E01024072,Canterbury 008D,684,38,32,35,27,39,64,47,58,54,72,39,37,34,37,15,17,17,11,11,F,2011
E01024106,Canterbury 008E,858,26,30,46,29,24,30,31,42,56,60,54,54,88,56,48,42,53,51,38,F,2011
E01024062,Canterbury 009A,784,36,53,41,53,29,32,42,47,60,72,44,64,66,48,38,26,19,10,4,F,2011
E01024105,Canterbury 009B,788,31,32,40,24,27,20,30,50,49,39,51,62,73,75,57,58,31,31,8,F,2011
E01024107,Canterbury 009C,754,43,38,39,48,29,28,26,53,58,60,60,52,56,60,32,29,13,22,8,F,2011
E01024108,Canterbury 009D,596,26,30,39,23,28,33,29,40,46,31,36,44,64,43,30,21,22,5,6,F,2011
E01024109,Canterbury 009E,1154,60,55,58,62,33,35,61,82,67,83,72,64,109,89,70,68,39,33,14,F,2011
E01024084,Canterbury 010A,611,31,32,33,29,27,37,32,23,44,46,52,43,39,35,27,22,21,26,12,F,2011
E01024085,Canterbury 010B,838,42,40,51,53,31,32,42,31,57,70,70,54,57,56,53,19,40,19,21,F,2011
E01024086,Canterbury 010C,1026,83,74,71,59,51,72,83,73,76,72,70,70,63,37,23,18,16,12,3,F,2011
E01024087,Canterbury 010D,651,24,39,38,37,20,29,26,46,47,44,46,49,57,41,22,27,22,21,16,F,2011
E01024091,Canterbury 011A,693,53,44,32,71,66,50,50,46,45,41,60,38,26,23,18,19,6,4,1,F,2011
E01024110,Canterbury 011B,639,22,25,39,24,26,22,23,34,41,54,41,47,51,52,59,38,21,11,9,F,2011
E01024111,Canterbury 011C,795,55,54,59,38,36,54,46,53,59,53,40,44,46,42,29,23,33,15,16,F,2011
E01024112,Canterbury 011D,815,33,37,40,39,45,33,34,39,56,55,63,63,73,68,46,52,21,12,6,F,2011
E01024113,Canterbury 011E,696,25,25,70,33,37,49,31,29,51,36,44,41,50,58,39,29,25,14,10,F,2011
E01024067,Canterbury 012C,575,13,24,35,32,28,15,17,36,33,39,48,44,50,38,36,27,25,20,15,F,2011
E01024068,Canterbury 012D,777,33,42,44,78,37,26,31,55,43,47,44,47,65,57,54,36,22,12,4,F,2011
E01024123,Canterbury 012E,857,28,37,48,62,161,37,31,36,47,50,49,36,62,47,40,29,28,17,12,F,2011
E01032809,Canterbury 012F,3178,48,55,69,1258,813,114,62,69,65,87,67,64,108,100,56,50,41,43,9,F,2011
E01024099,Canterbury 013A,768,37,27,46,54,275,52,39,21,27,27,30,29,27,15,12,21,11,14,4,F,2011
E01024100,Canterbury 013B,830,20,28,24,80,370,25,12,31,23,41,26,26,32,28,20,15,17,8,4,F,2011
E01024101,Canterbury 013C,867,34,31,33,68,316,55,30,25,39,37,52,25,39,23,22,12,16,6,4,F,2011
E01024102,Canterbury 013D,878,33,24,32,60,263,42,27,36,37,43,42,42,48,38,32,35,18,21,5,F,2011
E01024103,Canterbury 013E,862,43,35,54,48,225,38,36,34,41,50,45,45,48,29,20,30,23,12,6,F,2011
E01024047,Canterbury 014A,822,88,85,61,56,154,88,67,66,40,35,16,12,18,8,14,3,6,4,1,F,2011
E01024049,Canterbury 014B,782,64,39,49,60,136,41,44,38,48,59,31,35,24,24,19,21,23,13,14,F,2011
E01024090,Canterbury 014C,1290,51,45,43,274,401,90,50,45,44,31,45,34,38,29,24,20,16,5,5,F,2011
E01024092,Canterbury 014D,806,25,14,18,57,316,53,35,23,35,24,26,24,33,21,17,34,16,23,12,F,2011
E01024093,Canterbury 014E,844,49,36,27,105,185,82,47,41,42,27,27,30,28,18,17,26,27,17,13,F,2011
E01024044,Canterbury 016A,1016,44,31,35,80,218,107,66,39,49,46,54,49,45,40,36,25,20,18,14,F,2011
E01024045,Canterbury 016B,843,41,37,40,51,91,36,41,37,52,55,51,54,66,28,42,44,35,28,14,F,2011
E01024046,Canterbury 016C,963,26,28,47,127,61,52,61,41,58,58,64,60,65,48,40,32,44,37,14,F,2011
E01024048,Canterbury 016D,961,32,33,25,150,378,72,32,32,35,22,23,24,25,20,15,19,12,6,6,F,2011
E01024131,Canterbury 016E,804,30,34,29,49,99,54,51,38,59,49,44,60,51,24,35,26,24,28,20,F,2011
E01024052,Canterbury 017A,1140,100,95,69,54,55,80,87,104,112,88,49,66,40,44,25,28,25,11,8,F,2011
E01024053,Canterbury 017B,934,47,46,66,60,35,55,49,69,76,76,66,57,66,45,44,31,25,13,8,F,2011
E01024054,Canterbury 017C,922,33,55,68,60,28,33,23,48,68,79,86,73,88,65,41,35,24,13,2,F,2011
E01024127,Canterbury 017D,797,43,33,33,36,39,33,37,53,47,54,55,65,76,61,44,29,37,18,4,F,2011
E01024042,Canterbury 018A,694,28,36,48,42,33,32,28,36,54,61,67,52,45,36,33,21,23,14,5,F,2011
E01024043,Canterbury 018B,736,21,40,43,44,22,20,18,35,52,58,61,54,70,66,46,31,24,16,15,F,2011
E01024088,Canterbury 018C,843,36,49,41,45,30,30,30,33,69,67,54,43,57,50,42,42,45,48,32,F,2011
E01024089,Canterbury 018D,621,27,31,55,51,22,16,18,35,43,46,53,39,42,42,35,25,17,18,6,F,2011
E01024128,Canterbury 019A,834,67,55,55,65,73,76,84,66,48,46,49,36,36,31,16,7,11,5,8,F,2011
E01024129,Canterbury 019B,889,23,20,29,108,282,85,55,48,40,41,29,24,24,21,22,19,10,6,3,F,2011
E01024130,Canterbury 019C,1340,77,55,46,91,176,176,105,91,78,72,63,57,44,39,34,31,42,33,30,F,2011
E01024104,Canterbury 020A,1007,40,15,28,50,254,100,73,52,38,44,35,46,50,52,28,32,33,25,12,F,2011
E01024121,Canterbury 020B,767,20,27,27,43,201,50,30,31,41,45,40,33,35,38,21,32,20,17,16,F,2011
E01024122,Canterbury 020C,759,38,18,37,38,125,42,41,30,29,39,41,32,28,30,25,31,45,38,52,F,2011
E01024124,Canterbury 020D,776,20,12,58,219,97,65,37,30,17,25,21,22,26,25,26,23,23,17,13,F,2011
E01024126,Canterbury 020E,812,55,39,56,91,120,55,47,47,44,43,28,32,39,26,22,30,26,9,3,F,2011
E01032807,Canterbury 020F,770,33,10,17,41,231,96,56,38,32,27,32,23,17,27,21,14,28,12,15,F,2011
E01032808,Canterbury 020G,697,37,27,17,33,182,111,78,37,34,24,17,17,21,11,12,12,14,12,1,F,2011
E07000107,,49417,3402,2888,2882,2974,3169,3623,3601,3491,3882,3680,3041,2538,2504,2047,1669,1542,1227,812,445,F,2011
E01024148,Dartford 001A,868,66,41,52,45,77,70,61,51,59,46,39,27,43,20,34,44,44,32,17,F,2011
E01024149,Dartford 001B,1561,171,121,107,85,133,166,164,138,113,92,49,40,32,33,34,27,43,9,4,F,2011
E01024154,Dartford 001C,665,59,43,36,31,53,44,39,27,58,43,43,36,32,25,25,35,20,13,3,F,2011
E01024155,Dartford 001D,794,75,58,55,57,55,67,47,57,54,45,35,32,30,24,29,30,25,13,6,F,2011
E01024140,Dartford 002A,1348,144,95,63,50,104,192,198,143,117,72,61,32,36,20,7,9,2,2,1,F,2011
E01024141,Dartford 002B,809,42,56,24,46,45,53,61,54,59,66,65,35,39,37,32,23,30,23,19,F,2011
E01024143,Dartford 002C,1102,105,67,47,28,75,129,136,98,90,89,62,69,50,32,14,7,2,1,1,F,2011
E01024179,Dartford 002D,1419,171,87,67,90,154,181,137,126,102,81,64,57,34,17,12,15,17,5,2,F,2011
E01024180,Dartford 003A,691,54,37,35,46,51,75,81,60,56,50,25,36,27,23,13,7,7,5,3,F,2011
E01024181,Dartford 003B,677,52,45,42,42,52,53,59,63,52,46,33,41,29,25,13,15,9,3,3,F,2011
E01024182,Dartford 003C,749,59,45,40,41,57,82,61,67,65,51,51,25,19,21,14,17,15,10,9,F,2011
E01024183,Dartford 003D,693,46,50,50,41,44,31,31,46,50,58,50,46,37,35,21,24,16,7,10,F,2011
E01024184,Dartford 003E,996,78,54,76,62,68,88,97,71,94,85,50,27,36,32,19,26,16,13,4,F,2011
E01024185,Dartford 003F,1080,86,63,58,59,76,97,99,69,84,76,69,43,49,32,30,28,28,22,12,F,2011
E01024142,Dartford 004A,1372,129,77,62,65,121,148,164,146,107,84,69,61,41,26,20,14,19,15,4,F,2011
E01024176,Dartford 004B,850,70,64,41,28,62,68,59,57,53,64,40,33,41,23,45,30,29,33,10,F,2011
E01024177,Dartford 004C,735,52,40,50,62,53,50,52,34,70,66,40,26,38,42,14,12,18,13,3,F,2011
E01024178,Dartford 004D,814,54,62,64,53,43,58,56,57,78,65,53,49,32,24,33,12,11,8,2,F,2011
E01024156,Dartford 005A,808,52,45,37,53,64,76,70,65,80,48,45,40,41,23,17,16,18,13,5,F,2011
E01024161,Dartford 005B,980,87,48,51,58,68,102,95,75,95,84,68,38,29,23,17,16,10,9,7,F,2011
E01024162,Dartford 005C,757,65,32,30,28,88,109,95,45,56,44,36,39,17,19,18,17,13,4,2,F,2011
E01024163,Dartford 005D,910,70,46,51,59,57,58,73,57,74,69,48,46,50,37,40,33,19,17,6,F,2011
E01024164,Dartford 005E,940,83,67,46,52,68,108,88,90,73,63,49,42,32,30,15,10,12,9,3,F,2011
E01024169,Dartford 006A,783,47,51,46,55,41,48,49,60,54,64,48,31,46,37,24,28,30,16,8,F,2011
E01024170,Dartford 006B,805,69,53,49,63,53,49,60,76,60,41,51,27,36,30,25,24,21,12,6,F,2011
E01024171,Dartford 006C,758,54,43,50,55,46,71,55,65,60,57,43,30,34,24,23,19,13,14,2,F,2011
E01024172,Dartford 006D,949,78,41,35,43,98,122,109,83,71,54,43,45,54,39,12,7,8,4,3,F,2011
E01024144,Dartford 007A,736,35,46,46,61,33,36,36,52,55,71,68,37,46,34,27,17,17,11,8,F,2011
E01024145,Dartford 007B,830,50,54,59,57,40,42,43,55,57,70,61,60,51,39,37,25,13,13,4,F,2011
E01024146,Dartford 007C,751,30,28,42,65,35,23,33,55,63,56,65,49,51,44,41,19,27,17,8,F,2011
E01024147,Dartford 007D,885,56,45,68,58,42,34,59,58,74,76,63,44,62,39,37,32,21,9,8,F,2011
E01024186,Dartford 007E,678,41,44,37,40,36,46,45,51,49,53,48,46,34,38,25,13,19,11,2,F,2011
E01024133,Dartford 008A,684,53,47,48,36,39,38,53,69,66,75,46,31,32,26,6,11,4,3,1,F,2011
E01024136,Dartford 008B,766,49,35,51,48,60,49,73,43,59,56,63,43,38,29,17,17,21,11,4,F,2011
E01024137,Dartford 008C,759,42,39,51,54,40,43,58,41,60,72,47,47,47,36,21,30,19,11,1,F,2011
E01024138,Dartford 008D,938,70,55,61,51,57,62,59,76,58,62,50,48,36,32,32,33,43,27,26,F,2011
E01024139,Dartford 008E,880,37,35,54,61,39,30,36,63,51,77,62,62,54,49,59,59,28,16,8,F,2011
E01024165,Dartford 009A,821,60,49,58,59,58,61,53,68,65,46,37,33,40,33,23,26,24,15,13,F,2011
E01024166,Dartford 009B,891,63,63,73,72,59,58,50,65,88,69,64,47,35,19,21,18,8,15,4,F,2011
E01024167,Dartford 009C,935,67,55,49,71,60,60,70,64,69,74,53,47,46,46,29,37,18,16,4,F,2011
E01024168,Dartford 009D,653,25,39,47,61,33,35,26,43,58,54,36,32,34,38,26,23,18,17,8,F,2011
E01024150,Dartford 010A,805,21,37,47,56,37,26,23,23,44,72,45,48,61,50,63,81,45,21,5,F,2011
E01024151,Dartford 010B,722,21,35,30,29,29,17,18,30,48,47,48,39,71,69,75,66,37,8,5,F,2011
E01024152,Dartford 010C,1350,104,112,116,78,89,80,106,110,135,100,83,71,67,30,21,18,19,6,5,F,2011
E01024153,Dartford 010D,714,27,41,31,51,40,26,23,27,53,54,54,54,50,54,50,40,21,13,5,F,2011
E01024173,Dartford 011A,898,55,39,45,44,33,37,47,70,71,68,61,55,59,47,41,46,40,20,20,F,2011
E01024187,Dartford 011B,580,20,24,38,39,25,24,20,30,46,36,48,35,41,39,27,25,21,19,23,F,2011
E01024188,Dartford 011C,688,30,37,45,35,37,27,25,40,44,54,54,40,44,35,26,37,37,27,14,F,2011
E01024189,Dartford 011D,821,34,43,46,47,41,42,43,31,57,70,53,59,65,38,34,44,36,27,11,F,2011
E01024132,Dartford 012A,653,39,53,34,44,34,47,35,41,52,58,52,37,33,31,17,24,16,6,0,F,2011
E01024134,Dartford 012B,841,42,57,53,40,44,40,47,42,87,70,61,71,51,55,46,13,10,8,4,F,2011
E01024135,Dartford 012C,725,32,40,36,58,31,37,41,36,58,53,42,55,48,34,29,21,20,28,26,F,2011
E01024174,Dartford 012D,585,26,26,40,43,22,28,35,34,47,72,31,33,34,32,24,22,11,17,8,F,2011
E01024175,Dartford 012E,676,39,55,37,40,35,49,48,44,49,54,52,35,41,36,26,18,11,4,3,F,2011
E01024157,Dartford 013A,869,36,35,55,52,39,34,27,48,76,72,73,56,74,58,44,27,29,20,14,F,2011
E01024158,Dartford 013B,846,29,30,48,32,38,35,32,41,60,69,50,48,44,52,49,60,50,43,36,F,2011
E01024159,Dartford 013C,820,24,36,30,50,30,32,14,37,59,58,76,71,65,74,58,56,29,15,6,F,2011
E01024160,Dartford 013D,704,27,23,43,45,28,30,27,24,40,59,66,52,66,58,38,39,20,13,6,F,2011
E07000108,,56938,3039,2901,3223,3395,2860,2943,2868,3205,3922,4277,3930,3676,4224,3470,2634,2275,1914,1308,874,F,2011
E01024206,Dover 001A,910,26,58,69,58,35,32,39,43,71,87,58,70,91,64,29,29,31,15,5,F,2011
E01024207,Dover 001B,926,49,61,52,42,27,25,46,66,78,80,68,57,92,68,39,33,20,11,12,F,2011
E01024208,Dover 001C,827,45,45,48,47,34,40,32,50,77,58,64,48,67,43,37,34,27,22,9,F,2011
E01024209,Dover 001D,891,43,36,63,32,36,38,46,43,63,67,61,71,83,54,40,34,36,22,23,F,2011
E01024202,Dover 002A,1000,46,66,75,72,25,38,47,61,68,78,60,55,72,61,57,45,36,27,11,F,2011
E01024242,Dover 002B,890,36,40,55,56,37,20,24,51,57,77,83,60,78,60,48,49,23,26,10,F,2011
E01024243,Dover 002C,920,42,46,46,54,45,27,29,50,59,75,74,49,57,53,41,48,55,41,29,F,2011
E01024244,Dover 002D,914,32,19,31,29,50,34,45,42,59,61,71,69,88,65,54,64,49,30,22,F,2011
E01024245,Dover 002E,901,37,47,57,49,35,22,25,42,74,94,73,72,84,64,46,31,24,18,7,F,2011
E01024219,Dover 003A,716,18,34,32,34,25,25,23,37,39,56,46,50,59,46,50,27,51,35,29,F,2011
E01024220,Dover 003B,874,17,29,32,40,32,22,39,31,59,63,60,58,60,68,58,54,56,56,40,F,2011
E01024221,Dover 003C,838,37,38,49,44,46,35,34,51,59,75,69,54,77,56,29,34,20,23,8,F,2011
E01024227,Dover 003D,756,46,41,45,46,55,45,44,50,64,52,33,46,51,50,33,22,21,7,5,F,2011
E01024229,Dover 003E,739,31,34,25,34,39,46,36,43,47,66,48,43,61,48,47,43,21,17,10,F,2011
E01024228,Dover 004A,736,30,29,24,28,44,41,23,35,46,70,55,45,57,66,40,33,26,25,19,F,2011
E01024230,Dover 004B,716,28,34,22,26,30,32,26,36,53,51,54,45,68,43,53,45,30,18,22,F,2011
E01024231,Dover 004C,756,27,35,33,40,48,66,33,31,52,52,49,44,65,49,47,30,24,18,13,F,2011
E01024252,Dover 004D,1249,66,49,57,62,73,63,60,65,90,109,87,79,117,83,52,52,33,30,22,F,2011
E01024201,Dover 005A,769,37,40,53,44,31,34,27,40,67,77,57,71,64,46,27,17,18,16,3,F,2011
E01024217,Dover 005B,866,50,42,43,53,49,46,51,44,68,66,58,51,52,63,48,37,30,7,8,F,2011
E01024223,Dover 005C,873,53,46,68,70,51,41,44,54,51,72,47,49,51,46,42,25,31,23,9,F,2011
E01024225,Dover 005D,856,59,51,62,60,39,60,56,55,67,58,46,60,54,50,28,27,12,8,4,F,2011
E01024226,Dover 005E,780,32,39,53,53,45,29,37,53,48,63,44,37,45,45,46,40,43,19,9,F,2011
E01024190,Dover 006A,745,32,40,54,47,39,33,35,38,57,54,63,52,60,46,36,20,24,7,8,F,2011
E01024191,Dover 006B,914,67,58,54,71,63,55,58,61,79,67,47,45,50,36,37,28,26,9,3,F,2011
E01024192,Dover 006C,884,66,67,67,57,47,61,63,44,58,59,40,39,46,51,49,26,27,8,9,F,2011
E01024204,Dover 006D,823,47,49,58,52,29,30,40,60,65,64,39,59,60,58,31,31,24,21,6,F,2011
E01024218,Dover 007A,638,48,35,39,35,54,42,38,36,51,49,46,39,29,22,29,16,20,6,4,F,2011
E01024222,Dover 007B,825,63,43,54,59,43,39,56,49,48,71,56,54,49,42,22,33,25,15,4,F,2011
E01024224,Dover 007C,787,35,40,41,45,35,19,33,41,62,63,62,77,52,61,38,35,30,11,7,F,2011
E01024250,Dover 007D,877,29,35,40,56,36,23,27,43,50,71,56,52,70,65,49,54,47,47,27,F,2011
E01024251,Dover 007E,869,27,30,43,38,30,29,21,27,49,53,52,63,51,75,68,77,62,34,40,F,2011
E01024200,Dover 008A,874,25,34,41,53,27,28,28,37,69,93,68,70,90,67,41,38,28,20,17,F,2011
E01024203,Dover 008B,804,34,26,31,42,28,29,30,35,41,66,85,70,76,60,41,25,37,29,19,F,2011
E01024205,Dover 008C,843,50,52,59,58,28,34,49,69,53,67,69,77,55,41,22,18,15,18,9,F,2011
E01024255,Dover 008D,818,23,33,28,39,36,26,22,21,49,65,59,75,84,64,55,47,39,28,25,F,2011
E01024232,Dover 009A,1052,46,45,41,52,31,25,33,39,51,79,102,79,106,107,60,59,42,36,19,F,2011
E01024236,Dover 009B,815,35,27,33,29,27,31,24,40,46,56,80,73,85,69,48,53,29,19,11,F,2011
E01024237,Dover 009C,799,26,25,27,31,26,28,15,25,39,43,59,80,99,91,58,50,41,25,11,F,2011
E01024253,Dover 009D,922,25,32,32,51,26,23,34,28,52,64,56,67,85,92,68,54,58,32,43,F,2011
E01024233,Dover 010C,819,40,41,55,49,24,36,32,50,64,59,66,55,78,54,30,29,29,16,12,F,2011
E01024235,Dover 010D,834,33,30,27,37,34,28,36,37,55,53,46,51,67,71,63,42,39,40,45,F,2011
E01024254,Dover 010E,1094,80,99,79,72,59,80,72,101,76,60,60,62,55,37,43,28,18,8,5,F,2011
E01024256,Dover 010F,728,23,35,30,49,29,26,37,48,54,57,54,42,70,68,39,35,22,7,3,F,2011
E01033210,Dover 010G,1190,49,45,46,59,47,48,64,62,83,106,88,91,97,79,54,46,58,34,34,F,2011
E01024193,Dover 011A,855,70,73,37,55,47,75,57,48,60,61,46,41,56,36,20,25,17,19,12,F,2011
E01024194,Dover 011B,727,47,42,40,58,48,61,49,61,73,52,49,34,39,24,18,14,9,5,4,F,2011
E01024195,Dover 011C,713,32,39,47,67,39,45,42,49,68,53,58,48,40,24,19,13,17,9,4,F,2011
E01024196,Dover 011D,769,51,62,39,49,62,53,46,44,52,47,41,34,55,33,24,29,24,18,6,F,2011
E01024197,Dover 011E,801,53,36,37,53,56,54,54,49,67,57,46,45,71,43,24,25,21,6,4,F,2011
E01024240,Dover 011F,890,98,76,75,63,66,68,68,65,70,53,49,40,30,15,17,16,7,10,4,F,2011
E01024241,Dover 011G,1117,128,86,77,87,98,88,103,79,80,78,56,38,32,22,22,25,7,10,1,F,2011
E01024248,Dover 011H,915,80,47,57,54,67,95,69,69,64,61,57,47,40,33,19,21,19,12,4,F,2011
E01024238,Dover 012B,946,80,64,132,120,44,93,79,72,45,44,53,30,33,25,15,6,3,5,3,F,2011
E01024239,Dover 012C,896,56,58,52,39,50,82,60,37,43,48,59,55,53,46,49,38,24,24,23,F,2011
E01024247,Dover 012D,940,60,44,52,60,71,61,57,66,51,70,75,45,48,40,36,39,36,22,7,F,2011
E01033209,Dover 012E,481,7,12,17,18,28,31,20,21,26,35,41,36,31,44,34,26,25,17,12,F,2011
E01033211,Dover 012F,561,18,3,13,26,36,32,34,10,19,27,29,38,43,38,46,39,46,35,29,F,2011
E01024214,Dover 013A,832,72,34,53,60,70,59,55,62,55,48,52,48,46,30,20,15,21,17,15,F,2011
E01024215,Dover 013B,760,57,43,80,78,57,80,55,58,50,58,31,38,25,15,19,8,7,1,0,F,2011
E01024216,Dover 013C,768,48,40,50,54,50,47,44,52,65,56,71,50,36,30,22,22,19,10,2,F,2011
E01024246,Dover 013D,963,100,61,61,69,83,96,76,66,76,56,44,42,45,32,25,15,8,4,4,F,2011
E01024249,Dover 013E,1004,69,55,66,61,42,66,53,51,57,65,64,51,61,48,43,54,50,37,11,F,2011
E01024198,Dover 014A,1187,30,39,48,53,27,20,31,55,70,106,91,99,153,112,88,76,47,20,22,F,2011
E01024212,Dover 014B,739,40,38,40,43,36,56,40,42,50,61,66,51,43,43,29,23,14,17,7,F,2011
E01024213,Dover 014C,712,26,37,43,38,26,25,42,51,55,54,72,51,62,37,32,24,16,13,8,F,2011
E01024234,Dover 014D,705,27,32,34,36,28,22,21,34,59,61,62,60,75,53,41,25,20,13,2,F,2011
E07000109,,51586,3262,2987,3130,3371,3212,3381,3188,3306,3858,3783,3223,2811,2996,2447,2030,1839,1376,861,525,F,2011
E01024276,Gravesham 001A,1293,126,88,72,67,97,136,131,124,95,80,57,55,52,28,33,30,16,2,4,F,2011
E01024277,Gravesham 001B,966,97,65,52,66,76,87,81,68,59,68,43,43,42,32,17,24,23,15,8,F,2011
E01024278,Gravesham 001C,949,119,67,46,65,118,98,68,82,54,53,45,26,34,15,26,13,10,6,4,F,2011
E01024279,Gravesham 001D,768,79,48,47,51,60,71,66,52,52,58,40,37,27,20,19,18,14,4,5,F,2011
E01024257,Gravesham 002A,946,69,56,74,82,81,94,95,77,67,51,37,36,27,26,24,23,12,5,10,F,2011
E01024290,Gravesham 002C,856,61,52,45,51,49,78,56,51,72,44,57,54,37,35,29,25,17,20,23,F,2011
E01024291,Gravesham 002D,860,64,44,40,45,67,80,84,51,59,47,38,41,30,36,30,37,25,26,16,F,2011
E01024295,Gravesham 002E,882,85,42,32,50,94,82,74,54,67,40,46,26,31,24,34,36,30,26,9,F,2011
E01032799,Gravesham 002F,720,56,47,20,29,57,91,81,40,40,44,28,38,35,16,19,32,13,17,17,F,2011
E01032800,Gravesham 002G,524,26,19,17,9,60,101,53,38,31,21,21,25,14,12,12,20,22,12,11,F,2011
E01024258,Gravesham 003A,801,62,34,37,54,72,68,54,68,43,71,52,37,36,26,18,20,23,12,14,F,2011
E01024261,Gravesham 003B,1078,43,53,54,62,49,41,39,55,69,87,83,53,104,75,70,66,40,22,13,F,2011
E01024293,Gravesham 003C,868,77,60,66,48,48,76,74,55,68,45,66,37,34,30,35,21,16,5,7,F,2011
E01024294,Gravesham 003D,1170,125,110,86,86,91,100,102,96,97,73,62,37,37,23,22,15,5,3,0,F,2011
E01024296,Gravesham 003E,1353,119,82,55,90,128,174,134,86,98,105,64,48,43,40,23,23,20,15,6,F,2011
E01024262,Gravesham 004A,866,61,46,46,63,75,60,78,59,66,50,50,48,33,32,30,27,18,16,8,F,2011
E01024263,Gravesham 004B,807,46,47,48,62,46,38,53,42,60,62,50,39,58,30,29,31,31,26,9,F,2011
E01024282,Gravesham 004C,838,77,63,44,57,61,88,77,65,57,57,55,33,30,23,16,13,9,11,2,F,2011
E01024283,Gravesham 004D,666,48,48,42,64,38,39,55,45,60,52,40,24,32,25,22,13,13,6,0,F,2011
E01024284,Gravesham 004E,788,56,55,50,51,55,61,51,62,76,52,52,36,34,33,17,18,17,7,5,F,2011
E01024259,Gravesham 005A,774,28,38,53,63,46,30,34,32,52,69,69,62,52,45,32,25,26,8,10,F,2011
E01024260,Gravesham 005B,908,65,28,45,43,56,41,50,58,77,75,52,56,64,44,39,29,49,23,14,F,2011
E01024292,Gravesham 005C,794,45,42,54,54,50,61,42,50,60,63,55,53,43,32,32,23,19,9,7,F,2011
E01024313,Gravesham 005D,852,52,49,64,43,65,47,45,47,60,66,74,48,47,45,29,26,25,10,10,F,2011
E01024317,Gravesham 005E,853,50,46,65,49,42,41,47,64,67,65,57,53,43,38,37,30,24,20,15,F,2011
E01024318,Gravesham 005F,813,51,48,61,47,37,57,58,62,64,70,49,37,41,29,31,20,22,17,12,F,2011
E01024280,Gravesham 006A,881,48,50,70,73,85,85,71,71,55,74,53,32,21,19,15,20,16,14,9,F,2011
E01024281,Gravesham 006B,737,39,39,54,59,47,40,36,48,66,68,39,35,50,36,27,28,19,4,3,F,2011
E01024285,Gravesham 006C,729,41,34,36,58,41,44,36,42,50,52,52,44,50,25,27,29,32,20,16,F,2011
E01024287,Gravesham 006D,761,31,50,40,36,38,33,35,48,47,53,41,34,50,28,46,66,53,26,6,F,2011
E01024288,Gravesham 006E,720,25,28,31,35,33,22,25,32,55,41,43,48,47,49,49,56,47,31,23,F,2011
E01024308,Gravesham 007A,754,49,67,53,45,55,50,31,41,62,47,33,46,38,30,25,15,27,27,13,F,2011
E01024310,Gravesham 007B,778,39,39,49,43,30,41,53,46,50,44,49,53,56,53,37,38,35,17,6,F,2011
E01024311,Gravesham 007C,702,55,62,59,56,44,43,52,55,55,46,35,35,31,21,16,14,10,7,6,F,2011
E01024314,Gravesham 007D,645,27,45,36,45,36,36,37,44,45,50,56,35,37,42,23,27,12,6,6,F,2011
E01024315,Gravesham 007E,780,39,56,59,57,41,41,30,66,58,67,44,45,47,32,39,24,20,11,4,F,2011
E01024297,Gravesham 008A,789,36,49,56,54,44,40,45,46,63,61,54,63,47,44,42,31,9,4,1,F,2011
E01024298,Gravesham 008B,699,25,36,35,43,30,27,22,35,71,58,56,47,47,40,40,48,27,9,3,F,2011
E01024299,Gravesham 008C,726,32,40,46,44,37,38,40,46,58,55,42,43,50,50,46,37,10,9,3,F,2011
E01024309,Gravesham 008D,679,53,53,58,43,29,60,53,40,62,47,33,34,41,33,22,11,4,3,0,F,2011
E01024312,Gravesham 008E,667,38,43,42,65,39,37,39,41,51,57,32,43,29,39,22,21,18,5,6,F,2011
E01024264,Gravesham 009A,793,45,47,42,54,53,26,41,53,63,64,41,41,40,45,32,40,25,28,13,F,2011
E01024286,Gravesham 009B,807,45,43,29,49,39,40,49,43,64,65,68,64,74,47,34,20,17,9,8,F,2011
E01024316,Gravesham 009C,988,60,64,66,64,66,64,51,58,75,73,63,54,50,40,40,43,25,19,13,F,2011
E01024319,Gravesham 009D,835,62,52,61,79,43,50,46,55,73,69,54,34,43,28,24,28,21,8,5,F,2011
E01024265,Gravesham 010A,652,20,30,41,44,28,20,26,33,48,52,48,37,68,37,43,33,19,13,12,F,2011
E01024266,Gravesham 010B,617,21,30,44,36,28,33,21,36,39,55,40,38,42,28,35,23,39,22,7,F,2011
E01024267,Gravesham 010C,774,36,42,52,31,35,26,33,54,56,52,54,61,70,61,34,30,22,19,6,F,2011
E01024300,Gravesham 010D,744,34,32,42,38,36,29,22,42,59,60,66,52,45,63,48,37,23,9,7,F,2011
E01024301,Gravesham 010E,651,13,24,41,78,27,13,14,28,45,42,34,55,61,55,37,33,31,10,10,F,2011
E01024303,Gravesham 011A,828,75,45,46,57,47,86,68,55,54,66,51,40,30,34,23,22,20,4,5,F,2011
E01024304,Gravesham 011B,799,38,42,62,58,38,56,55,57,67,58,50,31,46,36,34,39,14,14,4,F,2011
E01024305,Gravesham 011C,790,72,69,62,73,53,67,56,45,64,62,40,35,24,35,11,7,4,4,7,F,2011
E01024306,Gravesham 011D,575,39,42,47,49,39,31,36,36,48,41,37,28,27,23,15,15,10,9,3,F,2011
E01024307,Gravesham 011E,741,35,42,38,45,34,32,30,40,53,52,50,36,54,42,41,46,32,32,7,F,2011
E01024268,Gravesham 012A,814,34,24,59,59,29,22,20,36,61,70,45,58,73,74,47,51,26,19,7,F,2011
E01024269,Gravesham 012B,918,27,37,39,60,38,19,31,46,63,70,58,67,105,79,67,47,33,21,11,F,2011
E01024270,Gravesham 012C,735,28,33,39,31,38,29,27,44,54,70,66,54,44,44,37,38,23,17,19,F,2011
E01024271,Gravesham 012D,746,45,33,42,36,39,27,33,36,55,69,42,44,70,47,46,32,21,16,13,F,2011
E01024272,Gravesham 012E,786,29,40,47,49,25,22,24,43,54,65,66,45,68,69,47,41,29,17,6,F,2011
E01024273,Gravesham 013A,748,37,33,44,55,34,22,34,49,63,76,64,48,52,57,32,21,16,8,3,F,2011
E01024274,Gravesham 013B,769,31,32,54,46,22,28,22,43,60,54,74,66,91,61,32,31,12,8,2,F,2011
E01024275,Gravesham 013C,707,40,49,61,36,38,35,41,51,72,60,56,44,51,28,17,11,12,3,2,F,2011
E01024302,Gravesham 013D,729,32,34,33,37,36,27,21,39,50,50,52,60,67,59,53,28,24,16,11,F,2011
E07000110,,78896,4663,4268,4545,4417,4106,5020,4917,5198,5991,5967,5143,4663,5160,4101,3339,2762,2226,1510,900,F,2011
E01024333,Maidstone 001A,695,41,57,54,44,45,66,60,62,57,55,57,29,29,23,8,3,4,1,0,F,2011
E01024334,Maidstone 001B,528,43,33,30,35,23,41,50,47,56,36,40,27,30,14,11,5,5,2,0,F,2011
E01024335,Maidstone 001C,782,34,41,59,43,42,29,28,50,61,83,58,59,63,45,33,23,14,11,6,F,2011
E01024338,Maidstone 001D,683,37,47,34,37,43,32,52,39,66,70,67,49,44,30,15,14,4,2,1,F,2011
E01024347,Maidstone 001E,865,43,55,43,39,39,35,46,54,57,75,67,58,57,51,39,27,30,21,29,F,2011
E01024353,Maidstone 002A,934,48,48,57,46,37,44,51,54,57,79,68,69,78,55,40,35,28,19,21,F,2011
E01024354,Maidstone 002B,754,42,39,56,28,33,69,57,45,61,58,34,53,71,37,26,18,9,11,7,F,2011
E01024355,Maidstone 002C,981,73,58,53,52,56,104,90,74,89,68,48,47,42,34,27,28,19,9,10,F,2011
E01024385,Maidstone 002D,811,45,44,63,48,31,26,48,62,57,64,53,57,56,47,35,31,25,13,6,F,2011
E01024386,Maidstone 002E,886,44,52,61,50,24,60,55,58,68,71,53,45,62,36,29,43,25,17,33,F,2011
E01024320,Maidstone 003A,628,21,33,45,40,19,11,21,45,45,54,57,41,53,40,33,32,16,17,5,F,2011
E01024321,Maidstone 003B,915,38,62,45,33,24,22,34,48,84,64,40,52,87,56,74,62,45,34,11,F,2011
E01024322,Maidstone 003C,589,21,21,36,21,10,23,21,37,42,42,42,53,43,36,48,43,26,19,5,F,2011
E01024323,Maidstone 003D,680,24,28,32,27,28,19,32,43,41,50,43,47,62,62,49,36,34,10,13,F,2011
E01024324,Maidstone 003E,755,44,44,40,33,21,33,61,55,52,49,41,45,42,56,39,40,27,22,11,F,2011
E01024341,Maidstone 003F,889,22,38,51,40,26,34,33,51,48,63,58,56,63,71,66,51,38,46,34,F,2011
E01024352,Maidstone 004A,946,60,52,44,43,85,117,83,59,60,65,50,49,49,16,27,24,27,19,17,F,2011
E01024382,Maidstone 004C,689,51,31,29,33,55,115,86,66,54,41,35,23,25,14,12,9,3,4,3,F,2011
E01024383,Maidstone 004D,1025,104,83,54,38,98,164,124,93,71,48,39,34,28,12,14,5,10,6,0,F,2011
E01024384,Maidstone 004E,926,59,58,70,41,47,64,80,72,68,65,66,56,53,28,36,38,9,12,4,F,2011
E01033090,Maidstone 004F,616,45,20,11,37,72,97,50,36,26,25,27,17,22,11,15,34,20,36,15,F,2011
E01033092,Maidstone 004G,554,48,19,17,35,55,111,62,32,21,27,31,17,12,16,12,14,16,8,1,F,2011
E01024330,Maidstone 005A,821,49,51,47,40,21,26,47,64,57,53,64,44,81,55,45,28,23,20,6,F,2011
E01024336,Maidstone 005B,848,36,46,61,59,46,26,42,52,69,77,83,60,65,47,27,22,19,9,2,F,2011
E01024337,Maidstone 005C,753,27,54,53,42,27,30,33,40,57,71,65,64,63,36,28,29,20,13,1,F,2011
E01024348,Maidstone 005D,667,35,32,35,41,20,29,31,65,59,74,58,59,49,32,15,16,10,4,3,F,2011
E01024351,Maidstone 005E,790,29,32,39,44,22,38,38,43,56,50,58,62,71,65,44,22,38,22,17,F,2011
E01024339,Maidstone 006A,989,59,35,41,57,70,106,83,70,71,61,61,54,45,35,24,29,38,27,23,F,2011
E01024340,Maidstone 006B,1113,63,60,53,48,106,129,118,65,86,75,59,51,55,31,34,25,25,22,8,F,2011
E01024356,Maidstone 006C,808,50,33,35,52,80,60,71,57,64,68,40,29,44,29,21,23,14,18,20,F,2011
E01024373,Maidstone 006E,910,60,36,51,48,86,98,73,70,55,52,55,48,37,27,33,32,21,23,5,F,2011
E01033087,Maidstone 006F,652,56,22,17,39,105,151,81,48,21,32,17,17,21,10,6,8,0,1,0,F,2011
E01033091,Maidstone 006G,862,74,34,37,44,108,94,84,74,58,64,43,35,37,25,15,10,13,8,5,F,2011
E01024326,Maidstone 007A,982,36,58,47,47,28,36,30,56,71,54,62,59,86,81,55,61,69,24,22,F,2011
E01024327,Maidstone 007B,855,51,53,40,48,31,56,60,55,60,57,54,52,79,44,38,29,23,14,11,F,2011
E01024328,Maidstone 007C,849,42,39,42,48,26,27,50,47,61,67,60,46,52,44,48,49,46,33,22,F,2011
E01024329,Maidstone 007D,778,30,40,62,48,26,17,22,54,61,66,63,42,55,52,43,40,31,18,8,F,2011
E01024349,Maidstone 007E,676,54,39,34,21,43,64,75,63,59,55,39,41,37,23,13,5,4,5,2,F,2011
E01024357,Maidstone 008A,858,70,48,54,62,76,75,66,70,84,71,37,37,40,19,18,16,8,3,4,F,2011
E01024358,Maidstone 008B,921,70,37,64,48,53,54,59,68,63,71,47,51,44,45,47,40,20,22,18,F,2011
E01024367,Maidstone 008C,740,42,36,48,41,34,65,63,50,44,57,44,48,30,22,21,26,25,21,23,F,2011
E01024369,Maidstone 008E,758,42,33,58,43,33,23,54,53,68,76,40,45,49,40,36,23,26,14,2,F,2011
E01033088,Maidstone 008F,736,72,40,37,43,55,82,83,94,60,53,32,19,20,10,11,7,11,6,1,F,2011
E01033089,Maidstone 008G,850,58,77,59,55,50,80,93,68,70,60,48,29,32,20,22,11,11,5,2,F,2011
E01024360,Maidstone 009A,808,62,43,45,40,40,64,75,65,71,78,30,46,35,37,32,14,24,7,0,F,2011
E01024372,Maidstone 009B,983,76,42,47,69,91,128,102,72,75,67,47,35,34,25,19,18,24,9,3,F,2011
E01024374,Maidstone 009C,949,99,72,84,84,79,68,66,70,62,66,50,24,28,28,22,18,16,7,6,F,2011
E01024401,Maidstone 009D,792,62,49,45,46,40,77,71,55,60,52,55,39,33,28,21,24,13,14,8,F,2011
E01024403,Maidstone 009E,923,93,49,41,48,60,84,76,71,73,68,53,44,52,32,26,13,23,14,3,F,2011
E01024371,Maidstone 010A,799,46,50,41,47,32,38,39,66,50,57,56,68,59,40,37,31,25,11,6,F,2011
E01024392,Maidstone 010B,811,36,45,60,65,41,40,40,54,60,77,56,62,41,35,40,23,18,10,8,F,2011
E01024393,Maidstone 010C,798,43,35,46,45,51,58,43,43,58,44,53,49,53,53,33,23,33,22,13,F,2011
E01024395,Maidstone 010D,768,56,49,49,79,45,43,43,43,64,57,48,39,41,30,24,13,21,18,6,F,2011
E01024396,Maidstone 010E,807,55,44,57,61,36,40,59,59,60,65,47,41,37,25,33,35,24,23,6,F,2011
E01024361,Maidstone 011A,859,40,33,36,53,26,45,52,52,61,49,47,61,77,47,50,44,41,34,11,F,2011
E01024362,Maidstone 011B,856,44,45,40,36,26,24,40,75,78,76,65,68,65,54,39,32,21,18,10,F,2011
E01024363,Maidstone 011C,1052,52,62,58,57,38,41,57,63,113,69,81,52,88,65,49,30,40,20,17,F,2011
E01024387,Maidstone 011D,1244,57,64,87,59,42,37,51,71,110,103,88,92,109,108,67,36,37,17,9,F,2011
E01024331,Maidstone 012A,727,27,40,38,48,28,20,28,43,54,58,56,42,65,61,38,33,26,16,6,F,2011
E01024394,Maidstone 012B,706,33,39,35,48,27,23,27,37,48,63,69,45,61,40,36,31,23,11,10,F,2011
E01024402,Maidstone 012C,768,28,46,36,37,19,29,29,38,60,56,54,66,64,49,50,33,37,26,11,F,2011
E01024404,Maidstone 012D,801,43,44,59,35,26,32,29,56,65,65,56,53,58,52,41,39,26,14,8,F,2011
E01024405,Maidstone 012E,1056,47,46,42,50,47,89,75,50,71,64,59,66,72,89,52,54,40,26,17,F,2011
E01024389,Maidstone 013A,1214,169,121,82,87,144,113,96,76,61,43,47,40,45,21,23,20,17,5,4,F,2011
E01024390,Maidstone 013B,748,87,49,56,45,55,63,53,53,57,42,22,26,29,40,33,15,8,8,7,F,2011
E01024391,Maidstone 013C,749,58,57,72,59,30,54,50,48,55,65,37,37,28,23,25,17,23,9,2,F,2011
E01024397,Maidstone 013D,746,56,42,31,52,49,59,34,40,43,55,39,34,49,27,31,49,29,19,8,F,2011
E01024398,Maidstone 013E,920,80,56,72,62,70,65,61,55,58,59,70,44,40,30,22,27,29,18,2,F,2011
E01024399,Maidstone 013F,698,25,32,26,46,25,28,39,38,39,50,47,31,51,45,40,41,43,37,15,F,2011
E01024400,Maidstone 013G,740,38,33,33,40,32,34,33,45,42,40,38,29,66,46,47,49,48,23,24,F,2011
E01024325,Maidstone 014A,1207,42,46,56,71,39,32,31,58,81,70,85,82,106,112,106,82,46,40,22,F,2011
E01024346,Maidstone 014B,652,25,26,37,34,19,18,20,20,59,46,62,41,69,46,48,33,30,11,8,F,2011
E01024377,Maidstone 014C,817,41,49,39,37,22,18,36,45,77,55,71,78,83,66,35,25,20,11,9,F,2011
E01024378,Maidstone 014D,710,26,41,54,32,27,24,33,34,63,63,55,43,55,42,40,32,27,13,6,F,2011
E01024332,Maidstone 015A,604,28,29,28,40,30,18,23,40,50,50,53,36,52,39,27,32,22,5,2,F,2011
E01024350,Maidstone 015B,738,43,56,40,54,34,42,35,57,66,67,58,44,41,26,20,21,17,13,4,F,2011
E01024375,Maidstone 015C,1188,52,50,59,60,50,51,43,67,92,100,105,94,114,110,57,41,23,15,5,F,2011
E01024388,Maidstone 015D,1525,130,103,76,78,121,162,130,123,129,125,77,61,50,45,45,32,20,11,7,F,2011
E01024410,Maidstone 015E,807,25,31,36,50,28,28,28,35,66,58,69,71,63,57,45,47,28,21,21,F,2011
E01024342,Maidstone 016A,869,54,40,41,41,42,78,57,53,49,62,51,46,40,55,43,43,28,32,14,F,2011
E01024343,Maidstone 016B,692,31,34,60,43,22,29,25,45,64,70,45,38,56,52,27,27,12,10,2,F,2011
E01024344,Maidstone 016C,699,20,21,36,35,28,28,27,28,49,52,45,53,75,63,50,44,19,19,7,F,2011
E01024376,Maidstone 016D,1159,50,51,74,47,48,43,45,58,97,98,74,86,106,92,74,44,29,24,19,F,2011
E01024364,Maidstone 017A,855,41,37,51,41,25,32,38,52,52,75,63,59,65,61,58,40,38,15,12,F,2011
E01024365,Maidstone 017B,913,48,62,47,34,18,29,46,57,63,70,61,60,74,73,64,41,29,28,9,F,2011
E01024366,Maidstone 017C,946,37,41,60,45,42,43,45,58,92,99,90,69,73,63,41,21,14,8,5,F,2011
E01024411,Maidstone 017D,618,32,31,30,66,25,34,27,39,46,58,50,42,39,38,20,12,16,7,6,F,2011
E01024345,Maidstone 018A,765,31,33,43,47,28,30,38,41,71,96,52,54,56,37,43,28,20,14,3,F,2011
E01024379,Maidstone 018B,844,42,38,70,54,30,20,26,47,82,94,80,61,66,44,33,23,23,8,3,F,2011
E01024380,Maidstone 018C,858,50,50,58,52,25,28,38,57,88,58,74,65,49,53,38,24,19,18,14,F,2011
E01024381,Maidstone 018D,727,44,34,43,36,35,32,32,40,61,64,50,59,45,34,32,31,25,17,13,F,2011
E01024406,Maidstone 019A,770,43,58,57,35,16,22,37,63,69,61,41,47,59,29,36,22,20,31,24,F,2011
E01024407,Maidstone 019B,752,47,36,47,41,39,33,43,49,60,67,53,66,67,38,26,19,13,4,4,F,2011
E01024408,Maidstone 019C,732,36,47,43,40,29,32,41,48,60,57,59,53,57,52,25,19,19,9,6,F,2011
E01024409,Maidstone 019D,780,41,39,44,45,26,36,25,38,62,48,47,47,57,62,44,51,31,19,18,F,2011
E07000111,,59376,3413,3426,3528,3461,2633,2546,3307,3817,4551,4578,4136,3646,4216,3387,2591,2253,1889,1225,773,F,2011
E01024445,Sevenoaks 001A,662,33,28,40,46,35,27,41,36,45,58,67,44,63,39,28,14,14,4,0,F,2011
E01024446,Sevenoaks 001B,770,21,27,53,65,48,27,32,35,50,82,64,65,66,44,24,34,16,14,3,F,2011
E01024447,Sevenoaks 001C,687,31,34,35,46,23,33,33,35,38,54,34,44,62,44,45,43,28,19,6,F,2011
E01024472,Sevenoaks 001D,713,32,42,51,47,39,35,43,38,51,65,54,44,55,38,25,21,23,7,3,F,2011
E01024479,Sevenoaks 001E,753,37,24,40,42,40,39,39,37,48,57,64,61,58,44,45,36,25,9,8,F,2011
E01024476,Sevenoaks 002A,819,63,54,74,66,54,41,64,48,81,57,55,32,39,20,32,17,10,10,2,F,2011
E01024477,Sevenoaks 002B,745,37,48,44,55,50,52,49,50,46,62,42,37,32,32,34,32,25,11,7,F,2011
E01024478,Sevenoaks 002C,709,43,35,40,29,30,38,54,39,43,46,58,37,62,43,33,38,22,13,6,F,2011
E01024480,Sevenoaks 002D,875,69,31,41,49,57,41,55,54,58,48,50,40,58,46,42,46,33,33,24,F,2011
E01024481,Sevenoaks 002E,825,56,41,44,40,57,29,52,55,52,48,40,62,86,48,38,26,39,10,2,F,2011
E01024482,Sevenoaks 002F,756,41,44,49,41,44,49,52,44,60,58,53,51,51,42,22,22,12,15,6,F,2011
E01024421,Sevenoaks 003A,982,34,47,59,60,49,53,44,41,78,73,76,60,65,73,65,44,33,21,7,F,2011
E01024473,Sevenoaks 003B,840,43,42,43,64,64,36,55,49,69,70,61,58,42,41,29,41,23,8,2,F,2011
E01024474,Sevenoaks 003C,642,29,25,45,51,38,26,30,43,45,61,44,38,55,50,25,24,5,5,3,F,2011
E01024475,Sevenoaks 003D,739,42,36,42,38,42,44,31,49,60,59,41,39,54,53,42,43,14,8,2,F,2011
E01024441,Sevenoaks 004A,774,18,31,41,48,36,11,14,32,52,67,52,65,68,75,47,48,38,18,13,F,2011
E01024442,Sevenoaks 004B,725,22,39,43,34,23,20,21,34,46,69,62,58,73,64,50,35,22,9,1,F,2011
E01024443,Sevenoaks 004C,848,15,30,37,34,26,17,12,27,44,51,61,39,68,71,70,81,66,57,42,F,2011
E01024444,Sevenoaks 004D,668,40,40,43,35,38,46,55,29,55,46,43,42,59,39,23,14,9,7,5,F,2011
E01024431,Sevenoaks 005A,959,59,44,55,39,38,29,42,64,65,72,89,57,79,63,34,55,34,30,11,F,2011
E01024432,Sevenoaks 005B,793,32,40,43,54,26,25,49,53,60,56,63,62,50,41,28,41,26,25,19,F,2011
E01024433,Sevenoaks 005C,659,20,32,39,25,37,17,38,43,42,55,64,43,62,43,31,20,24,9,15,F,2011
E01024434,Sevenoaks 005D,1028,67,48,47,43,70,92,70,60,77,55,56,56,65,51,54,44,42,17,14,F,2011
E01024435,Sevenoaks 007A,795,35,40,46,55,40,32,44,43,65,61,59,62,67,62,19,16,23,17,9,F,2011
E01024436,Sevenoaks 007B,766,17,28,40,26,29,23,28,29,36,43,52,67,95,91,69,41,35,10,7,F,2011
E01024437,Sevenoaks 007C,742,32,32,35,42,29,29,39,39,49,71,56,50,80,69,26,23,17,15,9,F,2011
E01024438,Sevenoaks 007D,769,23,53,46,33,37,31,45,35,54,55,55,47,66,62,50,39,23,12,3,F,2011
E01024422,Sevenoaks 008A,970,70,79,46,45,66,70,84,79,79,82,55,39,46,31,34,30,20,11,4,F,2011
E01024423,Sevenoaks 008B,896,76,61,49,41,41,70,79,81,83,60,46,32,37,30,30,23,32,14,11,F,2011
E01024439,Sevenoaks 008C,798,38,43,41,50,39,33,41,47,67,66,45,71,66,41,41,28,18,17,6,F,2011
E01024440,Sevenoaks 008D,970,49,61,56,46,40,34,47,58,81,82,73,62,69,67,50,38,44,11,2,F,2011
E01024452,Sevenoaks 008E,695,43,42,40,29,21,21,39,41,63,57,39,49,55,45,34,32,19,15,11,F,2011
E01024448,Sevenoaks 009A,664,29,50,30,35,37,30,30,46,61,42,46,39,38,25,27,29,34,15,21,F,2011
E01024449,Sevenoaks 009B,745,27,58,50,42,22,11,20,35,51,53,60,42,73,65,51,44,23,14,4,F,2011
E01024450,Sevenoaks 009C,808,45,54,33,52,38,37,55,49,55,61,55,46,63,49,33,29,25,15,14,F,2011
E01024453,Sevenoaks 009D,797,38,51,46,39,18,20,28,57,55,65,54,56,61,48,53,39,43,19,7,F,2011
E01024454,Sevenoaks 009E,822,55,58,66,45,18,28,39,67,74,58,58,42,42,55,32,38,20,17,10,F,2011
E01024457,Sevenoaks 010A,622,50,23,35,36,26,26,46,47,45,50,47,26,39,24,32,21,24,21,4,F,2011
E01024460,Sevenoaks 010B,862,68,56,64,54,29,38,55,66,61,61,62,40,40,44,41,23,37,16,7,F,2011
E01024461,Sevenoaks 010C,1263,99,65,75,59,48,59,131,96,92,84,77,57,65,57,40,43,46,34,36,F,2011
E01024465,Sevenoaks 010D,719,46,42,34,31,51,54,70,64,57,40,41,38,45,34,32,14,9,12,5,F,2011
E01024466,Sevenoaks 010E,701,50,53,37,45,35,32,63,63,50,47,44,25,33,28,22,23,18,13,20,F,2011
E01024468,Sevenoaks 010F,778,71,36,42,35,30,46,49,91,59,58,44,36,56,20,24,31,19,16,15,F,2011
E01024416,Sevenoaks 011A,874,54,51,61,48,16,24,47,61,76,71,55,51,45,49,35,37,37,31,25,F,2011
E01024418,Sevenoaks 011B,719,51,52,62,37,17,11,27,59,54,55,41,38,59,47,35,30,21,19,4,F,2011
E01024424,Sevenoaks 011C,712,54,80,47,37,14,17,16,56,83,57,40,44,40,30,20,28,24,17,8,F,2011
E01024463,Sevenoaks 011D,762,46,65,63,47,20,12,28,61,73,73,64,57,36,41,20,21,20,11,4,F,2011
E01024464,Sevenoaks 011E,859,59,64,52,56,28,21,36,57,78,63,59,55,66,40,34,28,34,12,17,F,2011
E01024467,Sevenoaks 011F,881,68,63,56,43,20,23,61,89,74,74,55,38,50,36,45,30,23,19,14,F,2011
E01024458,Sevenoaks 012A,726,28,41,56,74,34,15,22,33,62,87,61,44,44,47,26,17,16,13,6,F,2011
E01024459,Sevenoaks 012B,813,41,55,56,64,24,15,19,49,78,80,63,50,63,43,29,37,26,16,5,F,2011
E01024462,Sevenoaks 012C,861,50,54,64,59,23,19,30,55,75,74,60,46,66,59,35,31,32,21,8,F,2011
E01024469,Sevenoaks 012D,814,55,40,31,37,29,77,91,75,53,54,66,34,31,17,17,30,29,28,20,F,2011
E01024470,Sevenoaks 012E,833,68,59,50,33,23,26,44,59,69,52,58,43,35,33,35,44,42,40,20,F,2011
E01024471,Sevenoaks 012F,1027,46,53,77,163,32,32,53,49,61,45,45,31,32,36,38,42,52,65,75,F,2011
E01024417,Sevenoaks 013A,795,42,40,57,37,24,39,37,46,88,68,50,56,59,34,33,24,38,18,5,F,2011
E01024419,Sevenoaks 013B,913,50,55,63,44,26,25,47,46,77,79,73,74,74,61,30,37,28,9,15,F,2011
E01024483,Sevenoaks 013C,792,38,37,34,55,33,39,37,59,56,64,64,52,57,49,43,31,25,7,12,F,2011
E01024484,Sevenoaks 013D,627,39,30,47,24,19,12,29,38,52,52,46,51,42,54,38,20,19,11,4,F,2011
E01024485,Sevenoaks 013E,872,62,65,50,52,45,38,73,50,74,74,56,47,47,34,31,21,24,18,11,F,2011
E01024425,Sevenoaks 014A,835,60,37,37,47,25,44,56,70,82,45,42,40,44,35,35,35,46,37,18,F,2011
E01024426,Sevenoaks 014B,912,49,51,50,44,30,51,45,53,58,90,67,61,79,70,41,39,13,15,6,F,2011
E01024427,Sevenoaks 014C,674,40,52,33,36,56,34,39,37,50,50,50,39,46,33,29,27,10,9,4,F,2011
E01024428,Sevenoaks 014D,674,56,49,34,36,33,34,53,42,44,64,36,31,44,38,31,14,19,11,5,F,2011
E01024429,Sevenoaks 014E,823,60,45,46,46,59,47,58,59,65,51,45,49,46,39,28,20,26,18,16,F,2011
E01024430,Sevenoaks 014F,738,35,32,39,29,25,38,37,64,64,50,65,44,71,39,27,21,22,20,16,F,2011
E01024420,Sevenoaks 015A,1044,51,61,73,53,40,21,43,86,93,96,95,67,67,68,54,32,16,21,7,F,2011
E01024451,Sevenoaks 015B,1150,71,66,64,84,44,47,55,80,93,98,93,83,84,52,41,32,32,18,13,F,2011
E01024455,Sevenoaks 015C,629,39,55,46,34,22,14,28,37,62,55,46,51,42,28,32,17,12,7,2,F,2011
E01024456,Sevenoaks 015D,649,38,49,35,43,13,15,18,39,44,58,52,40,56,37,39,26,26,14,7,F,2011
E01024413,Sevenoaks 016A,881,62,62,43,40,60,70,62,58,51,50,63,60,67,52,16,20,22,15,8,F,2011
E01024414,Sevenoaks 016B,821,66,40,52,66,53,64,54,51,59,69,53,69,54,29,14,8,15,2,3,F,2011
E01024415,Sevenoaks 016C,690,34,27,42,54,49,22,24,22,42,53,61,71,90,48,23,8,12,5,3,F,2011
E01032619,Sevenoaks 016D,823,56,49,49,48,39,49,31,49,59,62,51,70,72,58,31,23,16,5,6,F,2011
E07000112,,54912,2977,2625,3086,3172,3015,2753,2775,3095,3788,3890,3679,3404,4103,3396,2658,2196,1936,1445,919,F,2011
E01024490,Shepway 001A,1054,35,38,48,63,42,32,18,52,72,90,109,93,109,81,48,50,34,26,14,F,2011
E01024544,Shepway 001B,716,20,32,44,35,33,17,22,26,62,58,53,56,74,55,42,42,29,16,0,F,2011
E01024545,Shepway 001C,748,28,38,39,42,30,20,31,31,47,70,60,51,64,65,54,29,26,18,5,F,2011
E01024547,Shepway 001D,709,32,25,38,24,19,22,28,33,61,45,47,61,69,60,38,27,28,40,12,F,2011
E01024492,Shepway 002A,783,29,31,46,56,56,35,39,56,65,58,58,40,57,44,38,29,24,17,5,F,2011
E01024541,Shepway 002B,1230,94,83,78,104,76,95,94,94,98,90,63,48,70,41,45,29,19,7,2,F,2011
E01024542,Shepway 002C,1059,72,69,67,57,55,46,77,76,69,67,82,54,82,61,49,31,24,17,4,F,2011
E01033213,Shepway 002E,902,96,67,66,59,63,78,79,88,80,70,45,25,33,22,11,9,8,1,2,F,2011
E01033214,Shepway 002F,878,54,63,74,67,32,38,54,72,102,72,46,37,61,44,20,25,11,3,3,F,2011
E01024496,Shepway 003A,827,74,55,57,54,57,56,45,43,64,54,64,45,32,40,21,17,28,13,8,F,2011
E01024497,Shepway 003B,889,62,53,69,63,48,57,47,49,63,61,60,38,52,57,37,33,22,11,7,F,2011
E01024498,Shepway 003C,871,66,50,68,66,45,50,50,52,69,66,48,60,47,43,30,25,18,15,3,F,2011
E01024503,Shepway 003D,881,40,39,51,60,43,36,39,45,68,67,55,65,77,52,27,31,41,30,15,F,2011
E01024518,Shepway 003E,876,30,38,58,73,49,27,28,45,78,78,72,51,74,47,42,38,25,19,4,F,2011
E01024499,Shepway 004A,849,89,56,62,55,58,75,65,47,66,65,42,44,37,29,23,8,15,9,4,F,2011
E01024500,Shepway 004B,627,51,28,36,53,46,38,50,38,51,37,35,35,31,28,16,20,19,12,3,F,2011
E01024501,Shepway 004C,845,88,71,51,62,62,78,59,66,68,47,38,41,24,25,19,13,16,14,3,F,2011
E01024502,Shepway 004D,663,56,47,43,37,46,45,56,56,54,45,44,28,33,22,14,19,9,4,5,F,2011
E01024505,Shepway 004E,937,73,57,74,52,65,52,86,68,57,62,52,44,51,26,34,27,27,23,7,F,2011
E01024491,Shepway 005A,778,55,45,56,66,44,46,57,60,64,90,35,35,36,19,27,17,16,8,2,F,2011
E01024493,Shepway 005B,776,44,54,62,57,36,28,44,62,52,58,48,45,51,30,26,22,24,23,10,F,2011
E01024494,Shepway 005C,852,40,37,53,83,54,37,37,54,72,66,56,47,55,53,46,20,19,14,9,F,2011
E01024495,Shepway 005D,902,91,66,54,51,77,95,83,64,55,55,45,49,37,28,17,17,10,5,3,F,2011
E01024520,Shepway 005E,735,56,33,37,45,31,45,56,44,50,48,47,40,54,44,35,20,29,17,4,F,2011
E01024528,Shepway 005F,659,48,31,38,44,37,43,32,46,37,49,46,47,53,40,28,13,15,9,3,F,2011
E01024511,Shepway 006A,744,28,43,44,46,33,35,30,30,59,60,43,55,51,47,33,28,27,25,27,F,2011
E01024512,Shepway 006B,906,54,47,82,64,61,37,65,60,66,71,49,45,57,34,44,28,23,17,2,F,2011
E01024513,Shepway 006C,869,52,52,78,63,32,50,46,53,77,59,58,47,51,34,43,21,19,20,14,F,2011
E01024514,Shepway 006D,706,38,46,64,50,44,36,35,44,60,54,41,46,41,30,28,18,14,8,9,F,2011
E01024515,Shepway 006E,743,37,30,32,38,38,28,29,30,46,59,45,65,53,70,57,28,30,15,13,F,2011
E01024516,Shepway 006F,721,29,35,48,51,33,25,30,34,49,58,66,50,64,47,32,36,19,13,2,F,2011
E01024519,Shepway 006G,610,35,13,25,27,23,29,41,34,35,50,54,64,59,50,16,16,24,8,7,F,2011
E01024521,Shepway 006H,891,30,33,31,39,58,37,42,58,51,56,64,53,99,68,44,41,36,36,15,F,2011
E01024523,Shepway 008A,815,27,38,44,23,20,11,17,31,57,50,61,60,77,82,64,58,42,32,21,F,2011
E01024526,Shepway 008B,813,32,21,38,37,21,16,22,28,60,53,53,58,89,74,47,42,44,42,36,F,2011
E01024527,Shepway 008C,794,19,26,23,29,15,13,30,23,44,46,47,49,63,57,55,56,71,70,58,F,2011
E01024550,Shepway 008D,1065,43,56,67,44,33,26,45,62,83,70,89,85,90,92,75,37,32,19,17,F,2011
E01024489,Shepway 009A,855,20,19,32,38,31,16,24,22,39,75,58,69,109,108,76,47,46,18,8,F,2011
E01024530,Shepway 009B,776,34,25,43,53,37,24,27,43,66,66,59,50,68,45,43,36,29,16,12,F,2011
E01024536,Shepway 009C,1029,29,57,75,50,48,34,32,58,93,92,91,86,87,59,49,39,24,17,9,F,2011
E01024546,Shepway 009D,832,42,42,46,39,46,30,40,48,61,57,72,49,63,60,57,22,33,16,9,F,2011
E01024522,Shepway 010A,712,37,31,22,18,21,26,33,33,56,44,63,44,83,43,37,30,46,26,19,F,2011
E01024524,Shepway 010B,811,35,31,21,32,34,28,34,49,44,38,46,54,57,42,45,63,64,51,43,F,2011
E01024525,Shepway 010C,832,28,23,25,39,35,44,33,33,45,45,46,40,73,42,61,61,52,59,48,F,2011
E01024529,Shepway 010D,758,33,31,32,37,30,26,27,31,42,47,45,46,77,66,69,46,30,26,17,F,2011
E01024531,Shepway 010E,745,43,25,36,42,31,23,35,50,42,54,39,44,62,68,42,50,29,17,13,F,2011
E01024486,Shepway 011A,1069,39,35,53,53,50,37,31,50,52,71,72,64,106,102,90,49,43,40,32,F,2011
E01024487,Shepway 011B,653,26,24,31,45,25,27,20,25,47,48,38,51,66,61,41,32,25,12,9,F,2011
E01024488,Shepway 011C,697,15,19,21,24,18,14,20,18,31,42,45,62,80,82,50,61,47,32,16,F,2011
E01024548,Shepway 011D,612,43,29,36,36,33,21,17,36,46,55,49,49,48,32,32,19,16,8,7,F,2011
E01024549,Shepway 011E,545,25,25,34,33,23,15,30,23,32,43,59,44,58,31,26,28,7,8,1,F,2011
E01024537,Shepway 012A,833,31,24,43,49,37,31,24,43,50,66,62,68,71,85,54,45,28,15,7,F,2011
E01024538,Shepway 012B,909,23,22,27,46,38,28,27,21,51,55,63,82,95,83,73,58,39,36,42,F,2011
E01024539,Shepway 012C,1079,63,54,66,72,60,60,55,56,81,68,72,54,60,50,55,46,44,40,23,F,2011
E01024540,Shepway 012D,791,28,31,38,50,40,25,20,37,49,56,75,49,69,70,56,40,38,10,10,F,2011
E01024532,Shepway 013A,690,22,33,42,29,25,28,24,32,36,61,53,58,64,58,47,34,31,10,3,F,2011
E01024533,Shepway 013B,618,27,23,38,27,23,30,23,26,27,41,51,35,55,64,39,51,24,12,2,F,2011
E01024534,Shepway 013C,788,54,52,69,53,49,46,28,62,55,59,59,36,33,36,24,25,25,13,10,F,2011
E01024535,Shepway 013D,1141,62,64,61,58,59,72,53,64,75,67,84,75,85,80,57,56,29,25,15,F,2011
E01024504,Shepway 014A,889,84,52,52,55,112,98,67,47,67,68,51,38,28,23,12,18,4,8,5,F,2011
E01024507,Shepway 014B,910,75,51,46,71,93,64,70,52,58,70,50,33,40,27,18,20,35,19,18,F,2011
E01033212,Shepway 014C,646,34,17,24,31,90,72,53,55,26,38,56,33,30,13,13,19,21,17,4,F,2011
E01033215,Shepway 014D,538,23,14,8,15,28,37,22,28,17,17,34,39,46,40,29,44,49,24,24,F,2011
E01024508,Shepway 015A,967,55,41,32,28,102,104,69,54,69,46,41,54,52,39,29,31,40,41,40,F,2011
E01024509,Shepway 015B,812,36,20,23,21,60,54,42,42,30,36,30,32,62,48,39,56,54,78,49,F,2011
E01024510,Shepway 015C,827,29,32,21,35,47,54,49,49,45,49,33,55,66,64,45,30,42,49,33,F,2011
E01024517,Shepway 015D,825,35,33,44,54,75,51,38,54,45,62,63,55,53,34,25,20,25,26,33,F,2011
E07000113,,68906,4218,3904,4310,4238,3810,4158,4053,4253,5095,5262,4484,3978,4638,3733,2821,2269,1818,1151,713,F,2011
E01024609,Swale 001A,576,51,28,38,35,67,41,34,35,38,43,38,22,23,15,13,17,11,14,13,F,2011
E01024610,Swale 001B,813,85,63,45,67,73,70,52,43,57,56,42,43,32,24,24,15,14,4,4,F,2011
E01024611,Swale 001C,802,86,69,42,61,97,82,54,40,52,57,49,29,19,17,14,14,14,4,2,F,2011
E01024612,Swale 001D,795,66,51,46,57,59,61,56,39,67,56,56,37,37,26,21,19,24,14,3,F,2011
E01024613,Swale 002A,706,61,42,46,59,43,68,37,34,45,45,37,34,47,39,20,19,17,9,4,F,2011
E01024614,Swale 002B,795,60,56,59,43,59,64,40,46,46,59,50,39,30,47,36,31,16,9,5,F,2011
E01024615,Swale 002C,763,49,60,64,41,47,53,42,41,53,47,65,42,37,31,33,27,20,10,1,F,2011
E01024616,Swale 002D,865,67,53,66,59,43,57,42,47,58,55,43,43,60,60,31,25,30,17,9,F,2011
E01024585,Swale 003A,753,45,33,49,62,33,28,37,47,55,53,50,26,60,45,33,28,28,21,20,F,2011
E01024587,Swale 003B,753,20,25,37,44,41,23,30,31,40,62,65,50,83,71,49,36,27,10,9,F,2011
E01024588,Swale 003C,741,23,21,48,49,25,27,23,31,52,80,55,51,92,65,38,28,13,12,8,F,2011
E01024589,Swale 003D,781,23,23,36,50,40,17,25,34,51,55,58,70,90,67,61,27,33,14,7,F,2011
E01024595,Swale 004A,767,41,28,42,52,43,38,33,43,51,60,46,34,60,59,49,44,20,14,10,F,2011
E01024598,Swale 004B,757,46,47,56,46,44,38,50,56,57,59,55,36,52,39,32,17,12,9,6,F,2011
E01024619,Swale 004D,758,31,37,40,56,35,36,27,49,61,55,46,51,66,53,38,34,23,11,9,F,2011
E01024621,Swale 004E,668,34,40,71,61,34,26,36,33,59,41,39,29,28,27,36,19,27,15,13,F,2011
E01032653,Swale 004F,761,45,33,23,46,57,69,42,38,56,49,65,44,52,44,35,25,21,13,4,F,2011
E01032654,Swale 004G,918,90,60,66,58,87,95,76,80,68,68,52,40,38,16,13,7,3,1,0,F,2011
E01024594,Swale 005A,708,22,31,34,43,29,25,32,32,37,59,56,48,66,46,49,34,36,18,11,F,2011
E01024596,Swale 005B,817,58,39,44,49,53,73,52,46,57,45,52,44,59,46,32,25,18,9,16,F,2011
E01024597,Swale 005C,739,52,52,58,43,41,51,40,31,56,43,57,40,56,37,36,25,12,9,0,F,2011
E01024620,Swale 005D,620,18,21,43,27,26,21,21,24,43,59,44,42,63,70,41,19,18,12,8,F,2011
E01024580,Swale 006A,833,38,34,53,35,28,37,27,39,46,53,71,62,79,75,65,38,29,16,8,F,2011
E01024581,Swale 006B,671,29,37,43,49,39,41,21,32,45,70,53,49,55,41,25,22,9,5,6,F,2011
E01024586,Swale 006C,851,27,36,61,66,52,24,36,52,80,63,54,65,60,59,36,43,21,11,5,F,2011
E01024618,Swale 006D,886,53,49,52,57,44,50,43,49,61,78,67,74,73,46,32,25,22,7,4,F,2011
E01024576,Swale 007B,847,51,70,53,48,53,63,66,75,66,70,68,38,48,34,19,7,8,7,3,F,2011
E01024577,Swale 007C,688,40,52,48,45,36,45,54,51,57,58,40,43,50,27,21,12,5,2,2,F,2011
E01024578,Swale 007D,856,65,55,48,50,56,66,71,70,78,81,54,41,50,21,24,11,9,3,3,F,2011
E01024579,Swale 007E,1537,147,167,144,88,78,135,150,146,133,101,60,51,56,30,17,14,9,3,8,F,2011
E01024583,Swale 007F,888,66,55,60,61,47,50,56,70,71,67,68,54,38,33,22,23,22,16,9,F,2011
E01032655,Swale 007G,793,76,76,48,33,30,55,107,85,69,67,45,27,37,14,8,8,5,2,1,F,2011
E01032656,Swale 007H,765,66,59,49,47,32,47,62,78,70,49,46,40,43,26,21,11,8,8,3,F,2011
E01024570,Swale 008A,941,47,58,68,65,41,45,42,51,69,72,71,55,81,56,45,33,24,12,6,F,2011
E01024571,Swale 008B,792,38,34,29,43,39,45,43,38,57,64,64,55,61,53,41,25,24,24,15,F,2011
E01024572,Swale 008C,564,24,31,41,33,32,16,21,37,53,78,41,46,26,31,21,12,14,2,5,F,2011
E01024573,Swale 008D,702,24,32,53,42,34,21,43,35,65,50,32,48,60,43,35,39,24,12,10,F,2011
E01024575,Swale 008E,597,27,28,40,37,25,19,30,33,49,52,54,47,54,29,29,17,8,14,5,F,2011
E01024554,Swale 009A,1239,47,55,69,69,52,56,52,74,94,110,93,86,114,89,52,34,33,35,25,F,2011
E01024561,Swale 009B,654,46,36,50,38,50,59,65,48,47,44,36,31,42,23,11,9,9,6,4,F,2011
E01024567,Swale 009C,1441,144,108,105,58,99,164,133,111,112,79,72,48,54,50,36,28,21,15,4,F,2011
E01024568,Swale 009D,1442,102,121,94,98,80,65,96,134,130,123,72,76,80,59,41,34,20,10,7,F,2011
E01024582,Swale 009E,774,36,21,37,44,45,51,36,34,56,53,69,54,63,37,41,31,27,24,15,F,2011
E01024559,Swale 010A,693,38,37,33,34,43,65,55,41,34,38,33,38,28,34,35,28,39,23,17,F,2011
E01024584,Swale 010B,893,58,66,68,67,65,59,47,40,65,70,46,46,43,31,28,41,34,13,6,F,2011
E01024590,Swale 010C,758,57,52,73,44,57,51,61,53,55,36,37,42,34,27,27,20,10,6,16,F,2011
E01024599,Swale 010D,1013,106,66,51,66,87,113,80,59,61,73,45,34,45,42,19,28,22,9,7,F,2011
E01024608,Swale 010E,872,56,35,36,63,55,64,58,53,47,64,43,42,52,40,29,42,47,31,15,F,2011
E01024591,Swale 011A,920,92,56,53,53,55,98,88,69,70,47,37,48,35,37,20,26,17,13,6,F,2011
E01024592,Swale 011B,624,46,30,35,38,38,52,31,43,35,50,40,33,36,40,30,22,14,8,3,F,2011
E01024593,Swale 011C,713,62,61,56,55,46,61,72,45,47,33,46,40,37,25,15,9,1,1,1,F,2011
E01024600,Swale 011D,757,33,31,43,60,38,41,45,33,61,62,47,52,54,32,33,40,25,15,12,F,2011
E01024601,Swale 011E,827,25,38,48,47,55,36,44,34,52,63,51,79,61,49,38,32,36,27,12,F,2011
E01024560,Swale 012A,665,45,32,49,46,46,48,49,43,36,59,44,23,32,32,19,19,24,14,5,F,2011
E01024562,Swale 012B,753,55,48,54,36,46,60,55,66,58,61,27,34,52,45,19,19,10,5,3,F,2011
E01024569,Swale 012C,899,40,41,56,45,36,36,42,51,70,70,63,61,74,51,38,48,39,22,16,F,2011
E01024630,Swale 012D,858,36,24,36,46,33,25,38,28,60,53,61,48,73,70,63,68,50,29,17,F,2011
E01024632,Swale 012E,804,26,28,45,48,30,17,31,30,51,79,44,53,84,80,49,41,41,22,5,F,2011
E01024606,Swale 013A,706,32,48,30,43,31,38,33,43,56,54,57,41,50,28,27,31,30,20,14,F,2011
E01024628,Swale 013C,751,22,40,59,47,21,28,20,52,60,66,48,65,55,57,38,31,29,8,5,F,2011
E01024629,Swale 013D,575,23,42,38,25,22,12,17,45,46,60,40,45,51,41,20,19,17,8,4,F,2011
E01024631,Swale 013E,867,24,35,49,56,29,22,22,44,63,68,54,66,75,84,54,50,32,26,14,F,2011
E01032735,Swale 013F,815,45,41,57,63,52,46,52,55,68,64,53,40,57,45,38,22,9,6,2,F,2011
E01032737,Swale 013G,719,50,39,44,37,55,63,65,51,58,53,41,34,36,37,15,16,10,12,3,F,2011
E01024564,Swale 014A,518,16,26,22,28,21,15,24,15,41,43,33,37,54,36,40,29,18,13,7,F,2011
E01024603,Swale 014B,617,26,31,50,32,30,26,42,47,51,60,45,41,43,32,31,14,11,2,3,F,2011
E01024604,Swale 014C,624,60,51,51,31,35,46,58,55,46,51,39,27,24,22,13,9,2,3,1,F,2011
E01024605,Swale 014D,691,34,32,45,33,18,29,32,36,45,58,45,54,59,47,44,36,25,13,6,F,2011
E01024626,Swale 014E,815,64,36,55,48,23,36,34,59,60,70,54,41,56,47,29,31,20,22,30,F,2011
E01024627,Swale 014F,997,75,76,53,57,52,68,53,62,61,78,62,48,68,42,44,45,20,24,9,F,2011
E01024551,Swale 015A,1196,101,56,56,65,90,114,112,82,94,77,60,63,53,49,35,26,24,22,17,F,2011
E01024552,Swale 015B,972,77,53,52,69,79,78,58,57,75,73,49,43,40,43,32,31,29,18,16,F,2011
E01024553,Swale 015C,1074,63,34,35,45,53,77,62,60,60,57,72,66,73,66,46,44,53,60,48,F,2011
E01024563,Swale 015D,805,41,59,55,60,47,43,43,35,66,71,45,43,47,38,33,23,37,15,4,F,2011
E01024602,Swale 015E,770,41,31,31,40,35,46,33,49,51,63,56,55,53,42,40,41,33,18,12,F,2011
E01024625,Swale 015F,961,58,39,39,58,28,47,59,55,69,64,66,70,82,61,52,41,37,28,8,F,2011
E01024565,Swale 016A,636,28,32,50,33,23,13,22,35,65,59,51,47,47,43,35,25,16,7,5,F,2011
E01024566,Swale 016B,720,27,44,42,50,18,16,30,29,59,86,68,42,54,51,41,26,18,12,7,F,2011
E01024622,Swale 016C,850,42,54,40,51,32,33,28,55,70,65,76,70,67,54,40,21,26,12,14,F,2011
E01024623,Swale 016D,950,51,32,67,62,38,59,44,66,69,60,63,53,85,54,56,34,31,19,7,F,2011
E01024624,Swale 016E,905,43,61,61,56,54,46,51,46,68,74,64,53,60,52,46,26,26,12,6,F,2011
E01024555,Swale 017A,698,29,35,60,32,35,37,30,37,55,53,50,35,58,57,38,25,17,11,4,F,2011
E01024556,Swale 017B,603,33,24,28,42,22,21,26,33,52,66,40,34,45,48,31,25,15,11,7,F,2011
E01024557,Swale 017C,781,46,38,62,42,42,34,43,64,51,66,63,44,43,55,34,25,10,14,5,F,2011
E01024558,Swale 017D,824,26,44,45,71,27,22,29,56,67,57,76,64,89,47,31,29,26,14,4,F,2011
E07000114,,69750,3932,3494,4039,4107,3687,3883,3645,3800,4641,4805,4339,4245,4852,4226,3419,2898,2613,1877,1248,F,2011
E01024657,Thanet 001A,1077,119,78,75,77,119,102,79,59,67,59,57,50,33,22,13,14,16,17,21,F,2011
E01024658,Thanet 001B,1046,64,56,59,52,101,63,72,54,65,46,57,48,52,62,60,42,41,31,21,F,2011
E01024659,Thanet 001C,791,43,24,63,47,40,44,39,48,43,49,53,52,51,36,23,31,27,36,42,F,2011
E01024660,Thanet 001D,885,74,53,50,65,86,90,48,40,58,49,46,38,47,20,20,16,32,28,25,F,2011
E01024678,Thanet 001E,973,92,31,51,73,109,98,68,50,63,70,37,42,46,45,37,21,18,8,14,F,2011
E01024653,Thanet 002A,837,29,35,45,34,21,27,40,31,52,55,51,47,76,68,54,64,53,38,17,F,2011
E01024654,Thanet 002B,805,19,26,30,42,20,23,27,34,49,51,43,52,65,58,73,61,67,47,18,F,2011
E01024655,Thanet 002C,779,28,41,34,38,30,15,25,35,43,50,46,51,83,87,54,39,41,29,10,F,2011
E01024656,Thanet 002D,872,46,39,34,47,38,40,35,30,54,54,62,60,78,74,46,50,45,30,10,F,2011
E01024675,Thanet 002E,1145,39,54,59,51,44,28,37,51,76,68,81,74,116,111,69,54,54,51,28,F,2011
E01024676,Thanet 003A,769,49,40,36,52,68,73,50,43,52,55,41,41,30,32,30,32,15,19,11,F,2011
E01024677,Thanet 003B,940,85,61,70,79,74,76,62,57,71,49,54,47,31,39,16,13,19,22,15,F,2011
E01024695,Thanet 003C,671,57,48,54,41,41,45,50,65,49,56,39,31,25,24,11,17,8,8,2,F,2011
E01024697,Thanet 003D,684,64,42,50,57,44,37,43,65,50,55,44,28,30,14,19,12,10,13,7,F,2011
E01024710,Thanet 003E,520,35,13,22,48,44,42,35,27,35,45,40,34,40,14,16,11,9,3,7,F,2011
E01024661,Thanet 004A,749,76,51,49,44,82,56,65,55,39,60,37,33,24,22,26,7,10,9,4,F,2011
E01024664,Thanet 004B,766,62,44,59,46,38,57,46,57,56,62,38,43,48,34,26,22,16,6,6,F,2011
E01024665,Thanet 004C,814,60,50,64,57,36,48,53,49,63,54,48,52,42,44,26,20,18,17,13,F,2011
E01024694,Thanet 004D,918,45,44,56,59,45,76,61,59,63,57,57,61,42,42,29,37,37,28,20,F,2011
E01024696,Thanet 004E,743,43,33,34,35,49,50,27,34,44,51,46,47,45,42,39,36,45,24,19,F,2011
E01024672,Thanet 005A,782,27,47,72,57,35,38,49,42,73,47,43,52,59,32,34,37,16,17,5,F,2011
E01024673,Thanet 005B,921,49,35,34,55,50,48,47,46,71,61,71,57,57,64,39,47,50,29,11,F,2011
E01024674,Thanet 005C,806,39,45,52,62,43,31,39,55,73,49,63,66,50,47,24,28,23,12,5,F,2011
E01024711,Thanet 005D,734,16,35,43,53,44,26,22,45,39,64,62,47,59,42,35,28,30,26,18,F,2011
E01024712,Thanet 005E,798,37,34,55,42,43,19,26,42,52,58,57,62,78,51,41,35,38,23,5,F,2011
E01024633,Thanet 006A,805,57,57,52,50,32,55,51,37,59,61,45,51,36,46,38,21,25,20,12,F,2011
E01024634,Thanet 006B,749,55,53,59,48,46,38,40,56,55,55,52,44,43,24,25,25,14,11,6,F,2011
E01024662,Thanet 006C,845,51,50,55,43,36,51,52,33,61,39,47,52,71,57,52,41,31,14,9,F,2011
E01024663,Thanet 006D,864,74,86,64,81,62,78,59,61,52,53,43,44,42,22,12,14,8,5,4,F,2011
E01024666,Thanet 006E,875,81,56,52,62,54,44,60,46,57,61,41,49,49,40,36,40,18,15,14,F,2011
E01024641,Thanet 007A,782,29,31,30,40,35,41,20,34,54,52,47,52,67,62,61,48,32,33,14,F,2011
E01024713,Thanet 007B,890,63,49,45,48,45,56,44,51,61,69,63,48,61,47,35,29,33,25,18,F,2011
E01024714,Thanet 007C,827,33,21,36,27,39,27,29,32,34,38,56,45,77,63,66,50,62,50,42,F,2011
E01024715,Thanet 007D,934,34,25,31,43,51,78,57,53,43,70,56,49,73,59,47,44,43,33,45,F,2011
E01024716,Thanet 007E,1073,52,61,72,65,48,78,40,72,81,87,84,64,61,63,37,36,39,22,11,F,2011
E01024636,Thanet 008A,1110,25,31,34,28,30,32,27,35,53,58,71,99,97,92,117,95,96,54,36,F,2011
E01024637,Thanet 008B,886,17,31,34,38,13,18,18,40,40,56,55,76,88,89,79,53,59,51,31,F,2011
E01024638,Thanet 008C,862,28,30,36,36,25,27,35,34,35,51,48,62,77,79,60,63,72,39,25,F,2011
E01024639,Thanet 008D,865,30,29,42,33,33,30,37,33,44,52,65,62,71,67,60,63,47,40,27,F,2011
E01024640,Thanet 008E,833,31,33,44,24,24,29,41,28,48,39,41,55,74,76,78,65,51,33,19,F,2011
E01024635,Thanet 009A,866,44,52,48,44,30,37,44,52,65,62,43,46,77,62,47,39,45,13,16,F,2011
E01024642,Thanet 009B,812,25,28,31,33,13,31,14,28,49,58,49,56,78,74,61,68,60,33,23,F,2011
E01024644,Thanet 009C,701,26,22,31,25,15,12,12,27,50,50,50,53,69,53,56,38,46,42,24,F,2011
E01024692,Thanet 009D,919,43,39,44,46,29,42,51,44,67,58,48,57,76,63,52,53,54,30,23,F,2011
E01024693,Thanet 009E,731,36,45,42,42,25,17,27,40,55,63,46,38,59,57,46,39,26,18,10,F,2011
E01024643,Thanet 010A,617,22,27,39,42,35,32,27,43,36,51,40,43,56,35,32,24,12,14,7,F,2011
E01024705,Thanet 010B,640,21,12,24,31,30,49,31,26,41,42,49,34,52,32,33,24,37,33,39,F,2011
E01024706,Thanet 010C,790,37,45,81,42,24,35,31,42,55,61,51,48,67,53,33,23,23,24,15,F,2011
E01024707,Thanet 010D,717,36,42,38,34,25,34,40,39,42,55,44,65,43,45,30,32,23,29,21,F,2011
E01024708,Thanet 010E,801,19,27,33,47,17,17,17,25,40,58,64,78,79,74,65,58,42,29,12,F,2011
E01024686,Thanet 011A,849,41,41,45,53,38,27,41,56,56,61,58,51,64,63,46,45,34,20,9,F,2011
E01024688,Thanet 011B,821,37,34,32,48,30,33,37,38,51,50,47,48,76,67,53,55,43,28,14,F,2011
E01024689,Thanet 011C,660,29,34,35,38,26,19,36,40,39,42,54,42,48,42,33,31,30,36,6,F,2011
E01024690,Thanet 011D,819,21,34,50,46,26,19,17,38,50,59,59,48,65,65,47,58,43,33,41,F,2011
E01024691,Thanet 011E,653,30,34,40,53,52,38,40,30,38,60,43,37,38,29,41,19,16,9,6,F,2011
E01024669,Thanet 012A,888,67,62,53,59,55,76,71,54,60,74,65,42,45,24,31,14,16,13,7,F,2011
E01024698,Thanet 012B,780,46,40,39,49,37,67,38,51,56,60,39,46,47,37,40,27,23,20,18,F,2011
E01024699,Thanet 012C,956,74,49,66,79,54,76,68,57,79,60,46,48,50,50,35,24,24,9,8,F,2011
E01024700,Thanet 012D,969,70,57,63,59,61,64,53,57,88,87,47,54,45,40,53,25,23,16,7,F,2011
E01024709,Thanet 012E,694,31,16,28,35,22,15,18,30,42,48,44,61,70,67,50,38,42,24,13,F,2011
E01024682,Thanet 013A,930,78,61,76,69,59,78,61,65,65,68,50,38,41,34,31,15,30,9,2,F,2011
E01024683,Thanet 013B,901,74,79,62,70,57,52,52,40,67,60,61,40,47,47,33,26,22,9,3,F,2011
E01024684,Thanet 013C,817,59,57,52,55,40,65,62,44,60,50,63,36,48,38,28,28,16,12,4,F,2011
E01024685,Thanet 013D,1002,64,62,72,53,53,55,49,55,76,78,61,65,58,56,48,30,29,24,14,F,2011
E01024687,Thanet 013E,729,36,52,54,71,43,51,30,48,61,51,59,28,45,30,19,27,7,11,6,F,2011
E01024701,Thanet 014A,1025,48,60,52,71,37,40,58,59,76,77,77,84,91,95,41,18,23,11,7,F,2011
E01024702,Thanet 014B,688,29,23,31,34,16,28,28,37,44,52,36,38,48,58,47,56,43,26,14,F,2011
E01024703,Thanet 014C,886,30,49,57,50,26,31,45,51,77,67,56,65,80,67,44,40,27,16,8,F,2011
E01024704,Thanet 014D,860,42,43,58,51,35,39,44,53,54,70,48,69,76,59,39,24,34,10,12,F,2011
E01024645,Thanet 015A,771,45,47,56,60,38,40,58,53,48,53,53,66,41,32,25,22,18,12,4,F,2011
E01024647,Thanet 015B,784,56,42,62,53,46,46,51,62,75,66,47,51,42,24,25,13,12,8,3,F,2011
E01024668,Thanet 015C,706,46,43,84,76,44,45,46,48,40,50,38,37,32,32,13,19,7,4,2,F,2011
E01024670,Thanet 015D,828,67,51,50,47,68,73,54,34,54,61,45,38,39,33,30,23,25,18,18,F,2011
E01024681,Thanet 015E,899,89,59,57,40,68,63,82,68,71,70,53,32,46,36,22,14,12,8,9,F,2011
E01024646,Thanet 016A,959,58,48,64,65,75,74,60,54,66,65,48,36,63,42,41,31,31,24,14,F,2011
E01024648,Thanet 016B,755,47,35,50,33,52,48,42,46,56,58,47,28,50,42,30,25,23,21,22,F,2011
E01024649,Thanet 016C,869,70,32,43,39,54,63,75,59,54,65,54,61,63,39,31,26,8,13,20,F,2011
E01024667,Thanet 016D,843,67,43,33,48,84,64,51,51,53,50,48,48,42,51,37,27,23,13,10,F,2011
E01024671,Thanet 016E,873,56,21,42,40,82,81,47,41,70,51,45,51,56,39,40,34,29,29,19,F,2011
E01024650,Thanet 017A,751,40,28,38,46,22,26,22,48,56,48,62,68,68,61,40,25,26,22,5,F,2011
E01024651,Thanet 017B,740,32,20,31,33,27,46,30,29,36,54,40,56,64,53,57,37,44,23,28,F,2011
E01024652,Thanet 017C,947,31,42,50,50,43,35,42,55,51,77,78,51,104,74,48,56,27,17,16,F,2011
E01024679,Thanet 017D,653,19,14,17,29,22,16,26,18,34,38,44,49,56,82,59,56,36,23,15,F,2011
E01024680,Thanet 017E,826,37,41,50,40,35,50,62,47,61,52,53,48,54,58,44,31,31,25,7,F,2011
E07000115,,61769,3493,3769,4045,3930,2894,2999,3491,4368,4994,4955,4131,3452,3809,3313,2613,2187,1662,1036,628,F,2011
E01024719,Tonbridge and Malling 001A,972,56,62,56,68,44,43,68,94,93,85,73,62,42,52,32,18,11,10,3,F,2011
E01024720,Tonbridge and Malling 001B,719,33,28,57,38,38,14,34,45,54,66,46,47,64,46,49,35,17,6,2,F,2011
E01024721,Tonbridge and Malling 001C,645,26,29,43,50,23,23,27,29,56,59,64,31,55,44,26,23,19,14,4,F,2011
E01024722,Tonbridge and Malling 001D,712,49,40,55,46,34,30,38,61,66,53,50,47,45,34,26,16,14,5,3,F,2011
E01024727,Tonbridge and Malling 001E,1421,92,71,83,82,65,119,93,128,120,104,91,78,60,67,53,34,30,27,24,F,2011
E01024728,Tonbridge and Malling 001F,827,42,44,44,56,29,48,56,56,81,59,59,46,59,52,30,31,14,14,7,F,2011
E01024771,Tonbridge and Malling 002C,973,78,58,69,74,57,91,92,75,83,62,59,35,40,33,28,19,10,6,4,F,2011
E01024772,Tonbridge and Malling 002D,833,49,36,68,57,50,42,59,57,80,67,61,43,58,36,31,19,9,10,1,F,2011
E01024773,Tonbridge and Malling 002E,891,40,29,53,49,36,45,45,50,42,86,67,66,80,48,43,46,31,23,12,F,2011
E01024774,Tonbridge and Malling 002F,1301,94,73,58,64,113,127,116,103,101,80,68,65,55,55,41,30,28,18,12,F,2011
E01032830,Tonbridge and Malling 002G,1306,80,87,96,111,98,93,82,91,107,86,68,56,51,50,41,42,28,25,14,F,2011
E01024741,Tonbridge and Malling 003A,813,62,58,67,63,47,44,56,53,75,44,42,39,45,37,37,24,14,5,1,F,2011
E01024761,Tonbridge and Malling 003B,1127,71,68,72,50,59,46,71,86,97,86,87,72,85,52,56,35,18,13,3,F,2011
E01024762,Tonbridge and Malling 003C,1033,67,61,47,55,58,83,90,89,86,70,77,66,51,42,40,19,16,10,6,F,2011
E01024763,Tonbridge and Malling 003D,723,35,48,54,51,44,37,42,43,60,48,46,31,41,71,32,22,10,5,3,F,2011
E01024764,Tonbridge and Malling 003E,633,28,27,39,32,37,34,36,28,54,46,42,42,36,42,25,30,23,15,17,F,2011
E01024765,Tonbridge and Malling 003F,679,25,27,45,50,33,31,40,48,42,61,52,43,60,59,30,17,9,5,2,F,2011
E01024782,Tonbridge and Malling 003G,659,42,31,43,64,36,22,40,45,54,76,55,41,38,23,21,9,15,3,1,F,2011
E01024785,Tonbridge and Malling 003H,768,45,47,39,42,44,40,43,54,76,53,62,50,46,33,32,18,24,9,11,F,2011
E01024717,Tonbridge and Malling 005A,873,37,46,47,70,27,25,37,43,49,67,44,36,58,73,58,39,55,35,27,F,2011
E01024718,Tonbridge and Malling 005B,671,16,25,26,47,37,25,23,37,45,48,68,54,56,54,44,41,14,10,1,F,2011
E01024735,Tonbridge and Malling 005C,801,44,40,47,62,38,32,43,49,52,62,50,52,57,63,37,45,16,8,4,F,2011
E01024736,Tonbridge and Malling 005D,884,48,53,54,48,42,72,57,69,44,57,71,40,57,47,38,33,24,22,8,F,2011
E01024737,Tonbridge and Malling 005E,1229,111,68,81,63,115,110,75,83,100,70,73,58,69,53,44,35,10,5,6,F,2011
E01024723,Tonbridge and Malling 006A,785,43,65,58,35,21,18,26,53,64,83,57,52,67,52,37,19,19,13,3,F,2011
E01024724,Tonbridge and Malling 006B,1026,54,72,63,48,27,16,42,80,87,88,61,64,69,74,59,38,33,33,18,F,2011
E01024725,Tonbridge and Malling 006C,841,25,44,47,50,38,35,37,62,72,69,46,40,54,49,46,36,49,19,23,F,2011
E01024726,Tonbridge and Malling 006D,894,41,42,48,56,42,31,67,57,54,72,54,59,48,52,54,47,36,22,12,F,2011
E01024755,Tonbridge and Malling 006E,1050,51,91,96,60,26,20,38,58,100,100,91,70,82,60,39,36,16,12,4,F,2011
E01024786,Tonbridge and Malling 006F,995,64,59,72,52,34,38,47,77,65,66,67,58,63,62,47,41,34,33,16,F,2011
E01024746,Tonbridge and Malling 007A,556,15,41,34,35,26,17,25,24,50,72,39,38,40,32,20,20,16,10,2,F,2011
E01024760,Tonbridge and Malling 007C,796,67,72,62,57,29,24,24,66,87,88,72,34,37,29,25,14,7,2,0,F,2011
E01024781,Tonbridge and Malling 007D,1065,45,70,85,60,28,43,32,76,107,95,81,65,79,61,30,42,37,16,13,F,2011
E01032825,Tonbridge and Malling 007E,815,101,65,66,47,40,50,94,106,67,59,35,23,26,11,10,11,2,1,1,F,2011
E01032826,Tonbridge and Malling 007F,790,77,62,75,47,20,39,70,112,85,66,38,26,20,20,16,5,5,6,1,F,2011
E01032827,Tonbridge and Malling 007G,895,107,115,82,41,17,36,81,139,87,62,40,27,23,20,10,3,2,3,0,F,2011
E01032828,Tonbridge and Malling 007H,621,37,54,64,34,14,21,38,65,73,70,42,30,21,23,13,16,3,2,1,F,2011
E01024743,Tonbridge and Malling 008A,933,35,47,59,59,40,37,50,60,65,62,64,74,66,59,52,41,25,29,9,F,2011
E01024744,Tonbridge and Malling 008B,1008,47,58,52,68,49,37,45,46,91,91,72,59,92,68,56,38,25,6,8,F,2011
E01024745,Tonbridge and Malling 008C,967,39,46,65,101,53,23,36,44,65,94,61,51,79,48,57,54,29,16,6,F,2011
E01024747,Tonbridge and Malling 008D,802,43,46,45,65,39,24,41,45,59,77,49,48,51,56,32,28,27,16,11,F,2011
E01024730,Tonbridge and Malling 009A,668,20,35,44,41,27,14,19,38,38,47,56,37,36,55,49,45,35,21,11,F,2011
E01024731,Tonbridge and Malling 009B,626,29,31,38,47,20,21,22,39,45,43,52,28,54,45,44,34,25,8,1,F,2011
E01024775,Tonbridge and Malling 009C,798,59,40,56,50,43,59,55,47,61,44,41,45,61,48,27,22,17,14,9,F,2011
E01024776,Tonbridge and Malling 009D,703,30,58,59,51,23,31,31,51,48,46,38,37,46,35,46,39,22,9,3,F,2011
E01024777,Tonbridge and Malling 009E,640,25,35,33,47,33,25,33,30,39,47,45,53,36,42,37,36,29,10,5,F,2011
E01024734,Tonbridge and Malling 010A,856,34,41,44,50,36,37,32,41,51,74,61,61,59,53,38,46,40,28,30,F,2011
E01024752,Tonbridge and Malling 010B,847,50,58,54,51,28,11,34,66,81,62,56,60,45,47,40,39,34,18,13,F,2011
E01024753,Tonbridge and Malling 010C,790,39,51,48,45,32,26,40,45,54,77,66,53,49,48,26,32,29,25,5,F,2011
E01024754,Tonbridge and Malling 010D,842,38,60,53,67,23,28,39,53,71,95,55,51,74,48,27,22,20,11,7,F,2011
E01024729,Tonbridge and Malling 011A,944,59,65,71,69,38,49,38,55,55,70,54,58,61,53,52,34,28,21,14,F,2011
E01024748,Tonbridge and Malling 011B,731,18,37,58,56,28,24,15,24,77,59,66,48,50,43,48,36,26,12,6,F,2011
E01024749,Tonbridge and Malling 011C,775,52,56,48,48,31,40,46,48,63,53,35,44,42,37,36,44,35,11,6,F,2011
E01024750,Tonbridge and Malling 011D,796,33,48,59,44,21,24,29,41,59,46,50,44,59,71,50,56,42,8,12,F,2011
E01024751,Tonbridge and Malling 011E,821,36,52,62,39,20,19,14,40,61,55,45,41,52,72,71,57,46,28,11,F,2011
E01024732,Tonbridge and Malling 012A,740,42,52,39,36,57,65,66,60,65,67,41,31,28,24,13,17,13,13,11,F,2011
E01024733,Tonbridge and Malling 012B,907,39,71,58,59,37,46,45,65,73,90,60,47,51,33,31,40,31,15,16,F,2011
E01024756,Tonbridge and Malling 012C,851,56,52,67,57,38,49,59,79,76,71,51,36,37,40,23,21,21,12,6,F,2011
E01024766,Tonbridge and Malling 012D,974,64,38,47,53,86,82,74,73,76,75,63,44,34,40,30,29,26,25,15,F,2011
E01024767,Tonbridge and Malling 012E,794,52,53,62,67,38,52,49,61,54,68,52,34,43,29,21,15,20,12,12,F,2011
E01024768,Tonbridge and Malling 012F,866,44,47,54,49,53,50,48,67,57,67,40,29,50,39,41,42,48,25,16,F,2011
E01024757,Tonbridge and Malling 013A,809,41,49,47,55,39,42,56,61,78,73,46,38,54,36,17,27,25,12,13,F,2011
E01024758,Tonbridge and Malling 013B,813,50,59,60,54,45,34,46,54,74,72,76,36,42,33,21,23,17,13,4,F,2011
E01024778,Tonbridge and Malling 013C,798,54,55,44,47,32,53,85,71,60,73,59,38,48,26,11,18,18,6,0,F,2011
E01024779,Tonbridge and Malling 013D,890,56,34,55,48,72,74,70,48,80,74,45,38,52,26,38,29,20,10,21,F,2011
E01024780,Tonbridge and Malling 013E,873,69,62,83,69,34,50,63,67,87,77,55,36,42,27,17,16,11,4,4,F,2011
E01024740,Tonbridge and Malling 014A,936,47,66,56,53,27,39,43,78,77,78,84,58,64,58,43,29,19,11,6,F,2011
E01024742,Tonbridge and Malling 014B,898,62,61,55,52,56,52,54,63,72,73,60,50,48,42,37,27,16,14,4,F,2011
E01024783,Tonbridge and Malling 014C,900,30,39,48,64,25,31,44,63,65,52,47,61,72,41,46,46,48,41,37,F,2011
E01024784,Tonbridge and Malling 014D,717,36,49,32,39,30,23,34,53,52,62,53,45,45,39,36,23,30,29,7,F,2011
E01032620,Tonbridge and Malling 014E,1149,35,67,52,77,52,39,26,60,89,97,82,104,98,88,70,51,29,19,14,F,2011
E01032829,Tonbridge and Malling 014F,685,33,43,43,39,23,25,26,41,61,59,53,49,52,53,30,23,18,9,5,F,2011
E07000116,,58683,3565,3405,3910,3785,2737,3271,3385,4000,4492,4589,3917,3261,3612,2838,2150,1983,1762,1197,824,F,2011
E01024798,Tunbridge Wells 001A,1233,73,68,95,68,49,66,60,87,100,99,92,92,83,61,41,36,30,19,14,F,2011
E01024811,Tunbridge Wells 001B,616,24,25,31,52,27,14,16,40,47,59,43,47,45,58,37,27,9,10,5,F,2011
E01024812,Tunbridge Wells 001C,688,40,45,51,50,23,27,17,45,65,52,46,43,45,41,24,38,20,10,6,F,2011
E01024813,Tunbridge Wells 001D,848,59,44,31,30,44,71,62,67,66,58,42,50,38,38,41,18,37,38,14,F,2011
E01024814,Tunbridge Wells 001E,677,36,40,33,60,28,20,32,55,60,33,42,44,49,48,27,41,16,8,5,F,2011
E01024815,Tunbridge Wells 001F,699,44,51,53,42,34,27,36,56,43,50,59,56,54,33,19,17,18,5,2,F,2011
E01024816,Tunbridge Wells 001G,686,47,54,55,54,22,31,35,57,50,62,47,47,43,31,14,16,12,5,4,F,2011
E01024837,Tunbridge Wells 002A,1007,65,85,106,82,42,23,42,71,99,104,76,48,67,23,18,17,21,11,7,F,2011
E01024844,Tunbridge Wells 002B,821,62,50,60,52,47,45,74,73,63,73,54,38,36,27,22,23,14,5,3,F,2011
E01024846,Tunbridge Wells 002C,820,57,45,51,50,58,52,52,51,67,74,50,38,53,35,27,19,27,10,4,F,2011
E01024849,Tunbridge Wells 002D,831,33,47,66,48,43,44,45,45,77,66,55,41,66,42,23,31,29,22,8,F,2011
E01024850,Tunbridge Wells 002E,670,29,36,61,43,25,10,12,42,48,64,54,38,58,48,37,27,26,9,3,F,2011
E01024836,Tunbridge Wells 003A,883,75,73,63,51,42,59,82,80,65,55,49,38,52,29,20,17,17,9,7,F,2011
E01024839,Tunbridge Wells 003B,881,53,41,74,40,29,55,76,54,85,57,56,54,55,50,28,38,22,11,3,F,2011
E01024845,Tunbridge Wells 003C,709,36,41,55,46,34,29,31,42,68,60,47,37,34,35,30,34,33,12,5,F,2011
E01024847,Tunbridge Wells 003D,859,74,50,52,43,53,65,88,67,58,59,56,48,40,25,26,24,17,7,7,F,2011
E01024848,Tunbridge Wells 003E,734,37,31,36,36,22,27,29,34,49,40,37,43,48,39,37,47,45,47,50,F,2011
E01024793,Tunbridge Wells 004A,837,30,34,52,57,39,33,21,50,62,82,75,62,74,51,35,28,28,15,9,F,2011
E01024825,Tunbridge Wells 004B,823,24,33,69,108,23,16,19,33,53,67,61,48,59,46,37,35,31,28,33,F,2011
E01024826,Tunbridge Wells 004C,727,30,38,36,37,31,20,31,49,53,64,45,51,76,54,38,27,21,18,8,F,2011
E01024827,Tunbridge Wells 004D,806,52,42,62,48,22,41,48,65,59,56,42,47,75,54,36,24,20,11,2,F,2011
E01024828,Tunbridge Wells 004E,784,41,58,52,45,35,32,54,55,69,58,58,39,49,35,28,33,24,12,7,F,2011
E01024840,Tunbridge Wells 005A,1039,93,98,86,93,82,70,79,80,75,63,57,40,42,33,16,14,9,7,2,F,2011
E01024841,Tunbridge Wells 005B,993,105,63,44,53,83,80,63,66,64,53,48,57,54,40,32,26,33,17,12,F,2011
E01024842,Tunbridge Wells 005C,817,53,35,43,36,45,51,41,57,56,60,51,44,59,56,37,42,34,11,6,F,2011
E01024843,Tunbridge Wells 005D,746,57,60,48,44,40,85,66,67,60,59,49,29,24,13,16,8,12,7,2,F,2011
E01024829,Tunbridge Wells 006A,850,55,55,45,42,43,30,59,69,80,56,57,47,62,41,33,32,24,13,7,F,2011
E01024851,Tunbridge Wells 006B,907,54,67,57,50,29,21,39,62,78,77,53,63,65,46,37,29,35,26,19,F,2011
E01024852,Tunbridge Wells 006C,688,29,41,54,45,16,11,14,29,56,58,58,46,56,47,43,35,27,18,5,F,2011
E01024853,Tunbridge Wells 006D,727,29,29,53,52,23,20,22,33,42,56,64,51,68,36,27,42,28,31,21,F,2011
E01024854,Tunbridge Wells 006E,853,43,68,93,54,22,19,16,47,85,75,59,49,54,42,27,38,28,18,16,F,2011
E01024799,Tunbridge Wells 007A,1038,60,48,39,41,47,91,77,67,67,65,62,58,53,49,45,55,40,45,29,F,2011
E01024800,Tunbridge Wells 007B,854,43,51,60,64,28,25,29,45,55,82,76,62,43,46,41,40,30,18,16,F,2011
E01024835,Tunbridge Wells 007C,1079,110,66,61,68,68,70,90,116,82,93,74,41,42,28,27,16,16,5,6,F,2011
E01024838,Tunbridge Wells 007D,893,63,61,70,65,44,53,49,81,86,74,69,53,33,18,15,25,14,13,7,F,2011
E01024801,Tunbridge Wells 008A,1202,75,31,37,49,130,213,136,106,74,72,54,40,45,26,31,20,28,18,17,F,2011
E01024802,Tunbridge Wells 008B,910,51,45,32,28,79,133,84,95,68,74,65,39,32,23,15,16,15,10,6,F,2011
E01024823,Tunbridge Wells 008C,910,47,38,30,33,75,99,94,81,67,68,44,36,46,33,25,28,34,18,14,F,2011
E01024833,Tunbridge Wells 008D,1190,91,50,60,34,118,183,143,80,73,64,68,39,44,33,27,25,32,13,13,F,2011
E01024821,Tunbridge Wells 009A,1098,60,60,35,23,37,59,79,79,83,66,67,53,50,56,47,53,79,61,51,F,2011
E01024822,Tunbridge Wells 009B,1029,39,47,52,92,35,40,50,53,60,70,80,69,68,50,53,43,58,36,34,F,2011
E01024824,Tunbridge Wells 009C,844,71,55,47,38,22,29,47,59,66,74,46,47,52,45,39,24,27,32,24,F,2011
E01024832,Tunbridge Wells 009D,864,80,78,42,33,37,55,68,92,67,66,58,32,35,27,16,26,16,23,13,F,2011
E01024834,Tunbridge Wells 009E,1146,124,62,64,47,71,132,132,112,85,85,54,49,42,21,23,18,11,8,6,F,2011
E01024795,Tunbridge Wells 010A,733,75,54,38,49,55,66,55,52,45,41,33,40,33,37,23,17,5,9,6,F,2011
E01024796,Tunbridge Wells 010B,706,43,46,38,45,40,40,41,40,48,66,56,41,31,31,26,19,34,16,5,F,2011
E01024830,Tunbridge Wells 010C,938,56,50,45,39,43,55,47,65,63,69,56,39,61,43,39,44,42,43,39,F,2011
E01024831,Tunbridge Wells 010D,751,50,47,55,55,31,53,48,65,60,59,38,41,49,28,25,11,17,10,9,F,2011
E01024792,Tunbridge Wells 011A,954,52,62,68,61,35,33,39,60,78,79,73,69,75,55,41,27,19,21,7,F,2011
E01024794,Tunbridge Wells 011B,886,64,66,79,47,26,26,31,59,76,90,52,54,60,58,30,24,18,19,7,F,2011
E01024804,Tunbridge Wells 011C,746,38,59,75,54,19,19,29,42,81,76,43,46,59,39,21,25,9,9,3,F,2011
E01024805,Tunbridge Wells 011D,839,60,53,54,53,28,21,39,74,73,84,65,41,56,40,35,23,22,11,7,F,2011
E01024806,Tunbridge Wells 011E,844,46,53,64,87,25,24,34,45,62,85,64,46,52,45,36,32,25,13,6,F,2011
E01024797,Tunbridge Wells 012A,803,44,34,29,40,28,38,42,44,59,57,50,59,57,67,55,43,34,9,14,F,2011
E01024817,Tunbridge Wells 012B,933,42,54,69,54,26,28,51,69,74,80,70,62,70,54,32,35,35,15,13,F,2011
E01024818,Tunbridge Wells 012C,910,45,54,63,52,30,44,42,37,63,78,74,48,62,49,45,44,30,33,17,F,2011
E01024819,Tunbridge Wells 012D,846,47,26,23,27,47,105,86,67,70,52,54,37,36,35,25,23,38,30,18,F,2011
E01024820,Tunbridge Wells 012E,890,79,84,52,33,22,27,59,75,78,68,50,48,50,40,45,32,29,11,8,F,2011
E01024787,Tunbridge Wells 013A,680,39,44,61,41,34,23,23,37,45,62,61,37,52,37,24,13,16,18,13,F,2011
E01024788,Tunbridge Wells 013B,790,48,43,67,50,50,33,37,48,64,59,61,49,42,44,28,32,21,9,5,F,2011
E01024790,Tunbridge Wells 013C,651,27,32,59,93,24,20,32,33,26,42,43,31,34,29,28,25,41,19,13,F,2011
E01024791,Tunbridge Wells 013D,695,18,31,40,63,27,14,16,31,58,67,47,36,59,54,36,36,32,20,10,F,2011
E01024803,Tunbridge Wells 013E,1119,38,70,80,73,32,38,35,46,89,117,84,68,103,75,66,31,25,22,27,F,2011
E01024789,Tunbridge Wells 014A,1419,36,41,230,362,31,41,24,61,84,75,92,60,69,71,35,35,34,21,17,F,2011
E01024807,Tunbridge Wells 014B,817,39,29,53,47,39,38,40,40,61,57,60,47,51,47,42,47,34,29,17,F,2011
E01024808,Tunbridge Wells 014C,835,39,41,61,35,32,49,46,53,61,58,71,48,59,44,36,41,25,19,17,F,2011
E01024809,Tunbridge Wells 014D,749,34,34,53,52,31,29,28,23,66,71,44,57,65,59,35,34,14,11,9,F,2011
E01024810,Tunbridge Wells 014E,833,53,59,58,47,36,31,22,40,73,95,77,64,59,45,25,18,16,10,5,F,2011
E07000177,,71880,4788,4179,4248,4174,3512,4800,4854,5164,5560,5623,4673,4039,4247,3310,2727,2170,1850,1214,748,F,2011
E01028479,Cherwell 001A,626,20,35,25,13,24,23,22,49,49,49,53,60,63,55,19,25,21,13,8,F,2011
E01028480,Cherwell 001B,749,33,37,41,28,17,23,26,44,58,65,67,43,62,62,39,36,33,18,17,F,2011
E01028508,Cherwell 001C,561,17,40,36,32,14,16,23,19,46,63,48,44,45,41,26,22,14,10,5,F,2011
E01028509,Cherwell 001D,757,31,29,39,31,18,25,34,37,56,65,78,65,64,45,46,29,25,23,17,F,2011
E01028441,Cherwell 002A,1273,128,92,63,64,80,146,153,123,79,67,59,67,45,33,19,21,18,14,2,F,2011
E01028443,Cherwell 002C,747,63,39,42,37,39,57,66,73,62,65,47,38,51,25,12,15,9,3,4,F,2011
E01028444,Cherwell 002D,767,48,33,48,64,46,45,42,40,70,73,47,38,50,38,40,19,16,7,3,F,2011
E01032943,Cherwell 002E,841,89,67,67,49,48,74,81,111,84,54,38,19,21,16,8,9,5,1,0,F,2011
E01032944,Cherwell 002F,667,52,27,29,30,60,67,68,49,47,61,38,33,30,26,27,9,10,2,2,F,2011
E01028445,Cherwell 003A,775,64,69,52,51,48,66,62,65,61,45,41,29,46,33,15,9,14,3,2,F,2011
E01028446,Cherwell 003B,794,64,42,40,40,26,59,66,54,48,50,55,40,39,41,49,34,27,13,7,F,2011
E01028447,Cherwell 003C,613,45,16,30,41,48,68,55,41,40,51,27,24,32,20,18,22,12,18,5,F,2011
E01028448,Cherwell 003D,842,71,50,61,53,44,69,68,59,59,49,35,40,39,27,23,33,27,19,16,F,2011
E01028435,Cherwell 004A,877,54,30,20,52,72,93,64,59,42,55,37,29,37,20,26,38,58,56,35,F,2011
E01028437,Cherwell 004C,820,62,43,63,38,52,72,69,68,57,58,41,39,31,30,25,22,15,13,22,F,2011
E01028438,Cherwell 004D,854,76,33,52,49,67,102,100,81,71,49,35,33,24,22,12,13,15,14,6,F,2011
E01028439,Cherwell 004E,716,54,42,34,45,33,71,65,72,73,65,50,24,27,14,17,12,9,5,4,F,2011
E01028440,Cherwell 004F,806,92,46,29,36,75,113,76,74,59,44,43,32,27,15,7,13,13,7,5,F,2011
E01032941,Cherwell 004G,760,61,47,38,47,73,93,46,37,39,36,35,27,29,32,30,24,24,24,18,F,2011
E01032942,Cherwell 004H,719,84,41,28,22,109,144,104,53,35,34,19,24,7,6,1,4,1,2,1,F,2011
E01028449,Cherwell 005A,683,53,40,55,38,31,49,50,41,55,39,36,28,35,39,37,27,16,11,3,F,2011
E01028450,Cherwell 005B,790,73,57,76,62,53,67,70,57,53,70,34,30,22,26,19,10,7,3,1,F,2011
E01028451,Cherwell 005C,629,37,34,37,43,28,33,38,38,58,56,47,38,33,41,16,18,21,12,1,F,2011
E01028452,Cherwell 005D,720,64,58,66,50,34,58,57,48,51,46,48,39,30,26,11,11,7,10,6,F,2011
E01028453,Cherwell 005E,709,73,57,51,44,38,65,53,53,56,39,28,28,34,34,24,16,9,6,1,F,2011
E01028454,Cherwell 005F,836,68,70,67,56,49,61,43,53,56,55,41,30,39,34,34,28,21,25,6,F,2011
E01028430,Cherwell 006A,745,62,31,28,35,52,70,74,54,63,42,38,38,46,31,33,15,11,15,7,F,2011
E01028431,Cherwell 006B,785,32,34,41,45,35,33,30,41,51,72,50,49,58,52,52,42,37,22,9,F,2011
E01028432,Cherwell 006C,816,31,47,50,53,32,37,26,65,56,65,56,36,70,51,54,38,18,20,11,F,2011
E01028433,Cherwell 006D,889,33,40,39,37,24,29,38,45,53,65,53,56,66,65,79,59,62,25,21,F,2011
E01028434,Cherwell 006E,887,30,25,122,168,29,31,21,39,58,51,68,43,50,51,30,35,22,9,5,F,2011
E01028426,Cherwell 007A,707,24,36,52,55,35,29,26,59,65,65,62,38,49,32,31,14,16,14,5,F,2011
E01028427,Cherwell 007B,756,78,31,37,38,60,84,86,55,55,52,44,35,30,24,13,10,13,6,5,F,2011
E01028428,Cherwell 007C,733,40,45,45,53,32,35,39,43,49,57,42,57,77,51,31,18,11,2,6,F,2011
E01028429,Cherwell 007D,570,23,14,29,29,14,30,25,28,36,37,30,29,51,43,32,32,29,36,23,F,2011
E01028422,Cherwell 008A,788,51,54,43,41,33,33,48,56,67,68,52,45,53,46,35,29,19,11,4,F,2011
E01028423,Cherwell 008B,783,30,41,41,32,15,29,28,47,67,64,42,39,82,62,45,32,32,25,30,F,2011
E01028475,Cherwell 008C,1078,51,49,66,61,33,30,43,66,78,86,76,78,117,72,54,41,40,20,17,F,2011
E01028476,Cherwell 008D,1195,68,67,77,128,41,33,59,67,105,96,85,81,88,62,48,37,24,18,11,F,2011
E01028474,Cherwell 009A,792,41,44,48,37,23,34,43,55,69,73,66,57,46,43,48,29,21,10,5,F,2011
E01028485,Cherwell 009B,699,42,42,57,43,19,17,22,47,63,69,61,39,50,32,28,32,15,17,4,F,2011
E01028486,Cherwell 009C,654,32,42,30,35,18,16,21,35,49,61,50,46,71,50,41,21,19,14,3,F,2011
E01028503,Cherwell 009D,602,26,21,39,30,12,18,19,26,45,57,43,51,67,42,42,31,20,11,2,F,2011
E01028504,Cherwell 009E,740,33,34,44,63,23,25,28,35,59,75,65,65,60,44,27,20,17,15,8,F,2011
E01028481,Cherwell 010A,770,33,45,46,39,11,36,26,49,64,46,43,41,64,55,38,38,38,24,34,F,2011
E01028482,Cherwell 010B,632,34,40,42,35,13,16,20,29,54,64,47,55,52,36,30,32,20,7,6,F,2011
E01028505,Cherwell 010C,894,69,62,53,46,43,46,61,63,86,71,65,57,56,39,42,14,12,6,3,F,2011
E01028506,Cherwell 010D,906,64,61,44,39,33,44,47,70,80,74,64,66,67,51,45,26,21,6,4,F,2011
E01028507,Cherwell 010E,720,35,39,40,33,20,21,34,33,58,70,61,59,75,59,25,21,21,10,6,F,2011
E01028425,Cherwell 011A,1012,155,93,56,33,59,142,113,116,63,47,40,31,16,22,12,7,4,2,1,F,2011
E01028477,Cherwell 011B,799,56,54,52,45,26,43,42,56,75,68,57,59,44,36,20,20,16,17,13,F,2011
E01028478,Cherwell 011C,752,72,66,57,44,20,46,66,75,59,63,51,28,23,13,7,3,11,18,30,F,2011
E01028483,Cherwell 011D,633,38,46,36,31,15,20,26,43,73,57,42,48,59,33,19,12,19,12,4,F,2011
E01028484,Cherwell 011E,554,23,22,24,46,20,19,29,33,46,53,51,44,43,31,20,16,14,13,7,F,2011
E01028499,Cherwell 011F,778,32,47,37,45,33,23,46,52,61,78,63,49,66,40,43,29,15,13,6,F,2011
E01028459,Cherwell 012A,749,59,41,45,36,56,76,100,80,60,55,47,42,25,9,9,4,3,2,0,F,2011
E01028460,Cherwell 012B,1080,100,106,95,56,54,64,105,147,122,86,48,32,22,21,5,13,3,1,0,F,2011
E01028461,Cherwell 012C,929,72,72,62,56,51,103,86,108,93,72,63,27,29,17,10,5,2,1,0,F,2011
E01028462,Cherwell 012D,821,55,60,47,47,35,60,56,57,81,75,42,53,48,25,23,21,21,12,3,F,2011
E01028455,Cherwell 013A,726,48,49,43,49,35,60,58,39,68,84,61,32,42,24,10,10,10,0,4,F,2011
E01028456,Cherwell 013B,739,51,45,41,28,34,42,45,48,51,55,35,49,41,44,35,32,39,18,6,F,2011
E01028457,Cherwell 013C,684,44,38,39,39,41,38,34,53,66,44,64,51,51,32,21,10,11,3,5,F,2011
E01028458,Cherwell 013D,784,67,46,52,47,61,72,69,71,71,72,35,44,18,15,16,7,11,5,5,F,2011
E01028467,Cherwell 013E,848,54,41,39,50,35,79,60,73,56,65,41,37,44,42,52,30,27,16,7,F,2011
E01028466,Cherwell 014A,891,66,63,56,59,50,70,67,59,50,60,43,50,40,44,31,34,28,15,6,F,2011
E01028469,Cherwell 014B,788,36,35,41,50,38,32,25,39,57,69,54,58,53,58,49,40,32,14,8,F,2011
E01028470,Cherwell 014C,844,46,41,51,42,41,41,48,55,53,83,72,53,55,48,44,24,27,17,3,F,2011
E01028471,Cherwell 014D,711,51,56,70,48,36,48,56,45,59,52,40,43,31,28,21,9,12,4,2,F,2011
E01028472,Cherwell 014E,638,48,40,41,30,36,44,46,46,44,54,65,47,30,18,20,11,9,5,4,F,2011
E01028473,Cherwell 014F,807,62,40,46,60,42,75,67,48,64,63,86,45,41,16,17,15,13,5,2,F,2011
E01028463,Cherwell 015A,1275,145,95,72,56,86,131,158,150,110,93,60,35,35,21,14,4,6,3,1,F,2011
E01028464,Cherwell 015B,718,59,66,50,30,37,67,69,80,76,53,33,27,23,8,21,12,4,2,1,F,2011
E01028465,Cherwell 015C,743,64,64,58,48,30,46,62,77,81,72,41,37,21,8,11,12,9,2,0,F,2011
E01028468,Cherwell 015D,941,41,29,19,40,55,86,68,63,48,46,34,34,41,38,44,73,78,59,45,F,2011
E01028424,Cherwell 016A,773,37,45,45,40,25,25,37,54,63,76,67,63,55,43,33,22,19,16,8,F,2011
E01028497,Cherwell 016B,734,32,50,33,28,17,27,33,40,59,54,65,51,48,44,48,34,27,29,15,F,2011
E01028498,Cherwell 016C,823,62,54,61,50,42,42,45,68,67,61,54,47,53,41,31,16,12,11,6,F,2011
E01028500,Cherwell 016D,627,37,36,39,34,36,32,41,37,45,59,41,37,45,44,22,21,16,2,3,F,2011
E01028501,Cherwell 016E,650,21,28,42,41,21,25,18,31,50,72,51,48,49,52,28,24,22,17,10,F,2011
E01028502,Cherwell 016F,623,39,45,33,33,16,20,27,48,51,63,54,45,41,30,30,28,10,9,1,F,2011
E01028487,Cherwell 017A,666,50,32,37,33,39,55,58,52,54,55,46,38,40,14,18,21,12,7,5,F,2011
E01028489,Cherwell 017B,715,18,24,22,40,29,23,23,34,40,54,41,56,71,60,58,48,42,16,16,F,2011
E01028490,Cherwell 017C,621,36,17,22,35,27,41,25,39,40,56,46,32,47,38,31,25,36,18,10,F,2011
E01028491,Cherwell 017D,769,37,26,26,42,35,48,51,55,44,54,50,33,48,51,41,48,36,29,15,F,2011
E01028494,Cherwell 017E,599,36,37,34,32,30,43,35,44,44,39,60,39,30,30,23,18,7,11,7,F,2011
E01028492,Cherwell 018A,737,32,27,35,49,42,35,46,41,47,66,39,49,57,42,43,29,37,14,7,F,2011
E01028493,Cherwell 018B,728,30,41,40,42,36,36,35,43,36,64,54,50,43,39,34,31,30,27,17,F,2011
E01028495,Cherwell 018C,673,28,35,39,52,40,46,49,38,50,57,59,34,38,24,32,11,21,13,7,F,2011
E01028496,Cherwell 018D,741,45,50,55,67,36,44,56,53,65,53,49,40,28,28,16,29,17,5,5,F,2011
E01028488,Cherwell 019A,681,50,35,25,28,30,81,75,45,56,54,54,46,26,21,22,9,15,5,4,F,2011
E01028510,Cherwell 019B,799,28,50,52,48,30,29,32,35,56,77,59,70,57,47,40,46,22,16,5,F,2011
E01028511,Cherwell 019C,822,46,32,33,35,35,43,44,39,64,43,49,47,66,44,71,58,35,26,12,F,2011
E01028512,Cherwell 019D,783,42,42,44,40,44,43,58,50,48,64,77,58,57,33,29,14,25,9,6,F,2011
E07000178,,75483,4618,3550,3456,6006,10942,8500,6047,4704,4376,4220,3526,3136,2949,2467,2011,1657,1469,1134,715,F,2011
E01028594,Oxford 001A,808,23,45,52,50,27,47,42,31,51,59,68,65,58,64,40,35,19,22,10,F,2011
E01028595,Oxford 001B,751,48,43,38,46,18,31,31,58,74,58,57,53,55,42,32,22,21,18,6,F,2011
E01028596,Oxford 001C,765,47,42,28,55,17,50,48,59,42,54,54,50,64,28,34,30,24,22,17,F,2011
E01028597,Oxford 001D,719,43,24,36,51,39,42,44,47,55,55,44,44,43,29,32,38,29,16,8,F,2011
E01028591,Oxford 002C,645,29,29,50,41,23,46,38,44,36,43,38,54,44,42,26,17,17,15,13,F,2011
E01028592,Oxford 002D,719,30,27,55,164,30,68,44,47,36,38,43,26,28,21,15,9,10,17,11,F,2011
E01032554,Oxford 002F,1095,57,29,53,53,47,88,74,58,73,60,67,66,66,61,49,53,46,53,42,F,2011
E01032555,Oxford 002G,1107,98,75,71,55,84,131,101,77,80,76,64,34,48,23,26,22,22,15,5,F,2011
E01028565,Oxford 003A,640,33,41,35,34,41,43,35,37,50,68,36,36,65,40,17,12,8,5,4,F,2011
E01028583,Oxford 003B,752,26,17,29,137,49,106,66,37,26,33,25,30,18,25,26,26,24,31,21,F,2011
E01028584,Oxford 003C,1297,82,84,77,64,51,88,105,89,118,103,94,89,79,62,47,30,18,9,8,F,2011
E01028585,Oxford 003D,727,23,24,30,142,134,57,36,32,42,31,34,27,19,27,13,13,23,8,12,F,2011
E01028560,Oxford 004A,774,40,36,43,36,40,65,48,40,53,54,51,30,58,47,40,34,32,20,7,F,2011
E01028561,Oxford 004B,841,39,36,44,49,41,68,53,47,54,55,47,42,49,55,51,53,42,9,7,F,2011
E01028562,Oxford 004C,867,56,55,61,50,82,78,78,64,61,55,33,31,35,42,24,20,15,18,9,F,2011
E01028563,Oxford 004D,770,47,48,33,27,51,81,70,59,61,57,32,38,42,24,18,18,27,18,19,F,2011
E01028513,Oxford 005A,1173,103,104,64,60,76,197,111,78,75,68,51,46,40,29,16,17,7,14,17,F,2011
E01028514,Oxford 005B,781,60,63,60,56,46,62,54,59,54,61,41,36,35,24,18,17,13,14,8,F,2011
E01028516,Oxford 005C,910,85,63,52,53,53,81,74,69,54,62,52,56,35,37,29,20,16,10,9,F,2011
E01028538,Oxford 005D,762,60,42,41,50,42,70,54,47,63,45,42,35,28,28,27,25,24,32,7,F,2011
E01028534,Oxford 006A,601,30,25,38,25,41,35,34,37,35,37,45,27,31,26,20,23,28,35,29,F,2011
E01028535,Oxford 006B,828,52,39,26,36,118,111,80,59,48,54,27,39,35,32,24,22,10,10,6,F,2011
E01028536,Oxford 006C,765,45,31,16,39,98,78,63,52,43,38,34,35,29,38,27,28,28,25,18,F,2011
E01028537,Oxford 006D,878,34,35,27,22,122,122,95,56,50,46,37,34,33,31,35,37,25,25,12,F,2011
E01028539,Oxford 006E,892,72,45,49,60,90,100,88,73,57,64,43,34,34,27,15,17,14,7,3,F,2011
E01028540,Oxford 006F,1545,38,35,91,472,358,86,54,48,44,54,46,39,31,44,20,24,33,18,10,F,2011
E01028515,Oxford 007A,865,81,48,35,52,53,89,86,67,62,57,51,45,41,34,24,15,10,9,6,F,2011
E01028571,Oxford 007B,823,58,45,28,48,61,82,59,63,51,58,48,61,43,35,18,25,16,15,9,F,2011
E01028572,Oxford 007C,826,69,46,48,36,53,79,66,58,61,59,43,48,52,38,27,17,16,7,3,F,2011
E01028573,Oxford 007D,891,82,47,40,45,61,83,54,85,62,49,46,56,34,28,33,23,26,27,10,F,2011
E01028574,Oxford 007E,695,57,28,24,27,46,61,50,46,46,36,36,30,45,42,39,21,22,24,15,F,2011
E01028521,Oxford 008A,3506,17,13,19,782,1852,418,137,52,47,36,32,33,21,19,15,2,8,1,2,F,2011
E01028522,Oxford 008B,1429,25,11,19,256,645,164,70,48,31,36,27,16,14,12,13,14,14,10,4,F,2011
E01033282,Oxford 008E,2196,71,58,116,227,523,278,172,106,86,86,81,73,79,66,48,37,38,27,24,F,2011
E01028548,Oxford 009A,813,52,42,23,30,89,103,70,77,54,51,37,32,31,29,25,19,23,18,8,F,2011
E01028549,Oxford 009B,772,51,33,25,21,67,122,96,58,49,52,43,36,34,25,19,15,8,11,7,F,2011
E01028550,Oxford 009C,686,25,23,18,41,109,113,82,62,32,25,33,37,19,22,12,9,11,6,7,F,2011
E01028551,Oxford 009D,945,25,23,20,83,242,190,86,36,35,34,27,32,40,33,18,10,2,5,4,F,2011
E01028523,Oxford 010A,800,46,24,33,19,116,114,85,72,42,40,35,31,25,19,20,23,28,17,11,F,2011
E01028524,Oxford 010B,770,76,52,35,50,55,72,73,64,41,44,36,22,38,18,17,21,27,20,9,F,2011
E01028525,Oxford 010C,1012,76,54,50,69,173,94,80,68,44,38,44,50,38,30,28,15,26,21,14,F,2011
E01028526,Oxford 010D,1196,21,19,39,250,451,113,67,33,25,34,20,28,24,19,19,16,11,6,1,F,2011
E01028579,Oxford 011A,860,27,20,17,33,371,139,34,36,29,37,25,21,25,17,13,9,2,4,1,F,2011
E01028580,Oxford 011B,689,15,10,17,24,214,108,68,48,22,21,31,21,28,14,10,6,4,12,16,F,2011
E01028581,Oxford 011C,740,22,23,27,36,254,52,46,17,26,33,47,50,30,30,14,4,12,9,8,F,2011
E01028582,Oxford 011D,672,26,10,12,29,188,116,58,35,29,23,28,22,12,18,25,19,9,9,4,F,2011
E01028586,Oxford 011E,843,42,26,12,40,287,119,73,41,31,37,30,31,21,20,13,6,5,5,4,F,2011
E01028587,Oxford 011F,990,53,34,23,54,318,154,79,58,32,28,29,29,26,19,7,16,12,9,10,F,2011
E01028588,Oxford 011G,745,15,13,9,59,349,89,50,41,24,23,13,12,20,7,3,6,6,4,2,F,2011
E01028541,Oxford 012A,769,48,37,28,38,88,98,84,63,41,51,46,32,38,30,11,12,13,4,7,F,2011
E01028542,Oxford 012B,873,66,44,27,45,68,146,96,63,59,52,43,44,41,26,21,13,8,7,4,F,2011
E01028543,Oxford 012C,618,37,25,25,16,47,88,47,47,43,47,32,34,31,27,23,15,15,11,8,F,2011
E01028544,Oxford 012D,657,23,19,17,28,75,108,69,50,40,36,24,30,22,15,19,19,34,19,10,F,2011
E01028531,Oxford 013A,1069,64,40,38,127,136,178,128,88,57,43,40,39,30,22,12,11,10,4,2,F,2011
E01028532,Oxford 013B,1249,77,48,51,75,226,229,141,71,63,53,46,29,31,26,36,18,16,11,2,F,2011
E01028533,Oxford 013C,1078,91,79,43,67,112,189,112,65,64,54,45,38,30,19,17,13,21,11,8,F,2011
E01028556,Oxford 013D,896,73,55,39,47,88,149,85,58,56,53,34,41,34,25,22,11,10,10,6,F,2011
E01028557,Oxford 013E,1124,84,69,60,139,141,107,85,68,59,59,53,43,29,29,32,29,22,10,6,F,2011
E01028558,Oxford 013F,820,54,48,52,43,60,102,67,49,54,54,51,39,33,28,28,21,21,13,3,F,2011
E01028559,Oxford 013G,809,48,41,33,36,90,121,76,57,52,47,50,29,31,22,30,15,13,12,6,F,2011
E01028545,Oxford 014A,851,60,35,37,43,117,96,82,43,51,72,48,57,41,26,9,15,12,3,4,F,2011
E01028546,Oxford 014B,939,64,67,53,54,72,104,63,49,70,63,61,52,46,34,20,26,21,14,6,F,2011
E01028547,Oxford 014C,1044,61,32,29,59,212,150,123,86,70,61,38,33,34,14,12,13,6,9,2,F,2011
E01028527,Oxford 015A,871,61,47,30,39,54,83,76,75,70,54,44,39,40,31,25,19,26,26,32,F,2011
E01028528,Oxford 015B,733,56,48,33,45,49,99,70,51,60,44,34,34,21,17,21,17,20,7,7,F,2011
E01028529,Oxford 015C,793,83,47,50,26,53,102,64,60,48,52,39,32,24,18,30,17,22,20,6,F,2011
E01028530,Oxford 015D,851,66,50,48,55,48,89,79,56,61,53,42,38,38,32,28,20,28,15,5,F,2011
E01028575,Oxford 015E,776,46,33,34,36,24,75,56,39,43,48,52,44,56,63,43,41,21,16,6,F,2011
E01028578,Oxford 015F,770,53,41,39,28,37,82,65,53,55,47,64,38,32,25,28,34,22,13,14,F,2011
E01028552,Oxford 016A,882,82,57,56,34,53,94,76,57,61,50,53,39,35,16,33,26,36,18,6,F,2011
E01028553,Oxford 016B,876,69,51,32,30,45,118,100,74,62,68,39,43,49,21,21,21,13,12,8,F,2011
E01028554,Oxford 016C,667,54,32,34,39,45,67,66,34,47,33,43,33,29,42,23,14,13,9,10,F,2011
E01028555,Oxford 016D,788,56,38,43,50,57,81,61,43,58,66,50,41,36,31,29,22,14,8,4,F,2011
E01028576,Oxford 016E,741,74,56,64,59,46,82,56,51,57,61,36,25,25,15,13,14,1,5,1,F,2011
E01028577,Oxford 016F,985,82,73,65,53,66,98,102,65,53,74,43,33,38,38,31,27,19,13,12,F,2011
E01028517,Oxford 017A,679,61,46,45,36,54,64,57,50,42,62,46,28,34,22,9,12,8,3,0,F,2011
E01028518,Oxford 017B,838,71,42,72,48,59,55,62,60,52,55,42,36,38,32,45,22,21,12,14,F,2011
E01028519,Oxford 017C,728,57,57,42,40,39,57,55,44,49,46,42,32,25,37,39,38,17,8,4,F,2011
E01028567,Oxford 017D,897,75,57,72,77,56,64,53,56,79,72,55,27,30,35,34,24,18,11,2,F,2011
E01028520,Oxford 018A,841,74,58,77,55,65,82,64,54,62,44,36,31,21,37,43,16,14,7,1,F,2011
E01028568,Oxford 018B,869,94,73,75,62,53,55,59,68,75,54,31,35,26,41,29,20,7,12,0,F,2011
E01028569,Oxford 018C,956,88,102,78,85,55,72,78,81,83,68,42,28,20,15,11,8,13,18,11,F,2011
E01028570,Oxford 018D,970,134,64,47,54,57,133,129,101,84,59,35,28,19,14,3,4,3,1,1,F,2011
E07000179,,68543,4066,4030,3978,3729,2854,3444,3864,4763,5514,5551,4723,4093,4405,3902,2986,2416,1932,1404,889,F,2011
E01028666,South Oxfordshire 001A,800,52,34,46,49,56,74,63,44,56,72,49,49,41,33,21,16,20,19,6,F,2011
E01028667,South Oxfordshire 001B,706,36,34,54,63,39,57,51,56,72,70,62,43,22,17,8,15,4,2,1,F,2011
E01028668,South Oxfordshire 001C,716,34,38,44,41,32,24,37,38,55,76,62,52,53,44,16,23,23,16,8,F,2011
E01028669,South Oxfordshire 001D,699,37,45,33,39,23,39,43,52,55,56,52,40,47,37,27,32,25,11,6,F,2011
E01028638,South Oxfordshire 002A,697,25,27,40,51,14,17,30,25,60,71,75,66,60,54,29,22,16,11,4,F,2011
E01028639,South Oxfordshire 002B,685,31,44,38,61,36,44,31,44,51,55,51,41,42,31,29,20,22,9,5,F,2011
E01028640,South Oxfordshire 002C,728,41,46,39,47,24,23,37,54,52,61,60,45,57,50,34,20,18,16,4,F,2011
E01028683,South Oxfordshire 002D,686,23,39,35,40,35,17,19,29,50,63,64,50,41,58,41,45,23,11,3,F,2011
E01028670,South Oxfordshire 003A,782,44,60,51,39,20,12,24,54,57,78,41,48,63,47,46,32,15,20,31,F,2011
E01028671,South Oxfordshire 003B,734,38,38,39,28,31,46,49,57,44,44,36,24,52,34,24,36,44,49,21,F,2011
E01028672,South Oxfordshire 003C,866,46,50,44,48,23,39,37,53,68,66,54,64,73,48,46,49,32,17,9,F,2011
E01028673,South Oxfordshire 003D,682,58,42,42,45,33,41,61,58,59,54,34,29,27,35,29,14,8,9,4,F,2011
E01028646,South Oxfordshire 004A,590,36,37,33,33,32,21,29,47,47,42,39,48,41,26,29,20,11,11,8,F,2011
E01028647,South Oxfordshire 004B,826,52,44,50,53,24,37,45,44,67,79,76,59,48,50,41,25,15,10,7,F,2011
E01028681,South Oxfordshire 004C,648,34,35,29,46,17,25,20,39,48,53,53,44,50,49,49,28,14,6,9,F,2011
E01028682,South Oxfordshire 004D,617,27,31,27,33,30,15,29,38,45,48,35,42,37,50,44,27,19,23,17,F,2011
E01028684,South Oxfordshire 004E,739,44,30,30,34,36,54,58,54,61,55,43,44,50,36,32,33,24,13,8,F,2011
E01028598,South Oxfordshire 005A,1205,66,62,74,72,39,32,53,71,113,120,99,89,103,87,40,45,17,11,12,F,2011
E01028613,South Oxfordshire 005B,731,56,44,42,63,23,35,41,53,58,62,55,62,45,42,23,13,7,6,1,F,2011
E01028614,South Oxfordshire 005C,762,44,48,40,39,40,40,38,48,51,58,72,43,62,45,32,23,24,13,2,F,2011
E01028615,South Oxfordshire 005D,826,22,31,50,35,30,28,21,36,54,64,55,62,78,75,51,43,39,27,25,F,2011
E01028616,South Oxfordshire 005E,732,30,53,52,48,41,25,30,57,61,62,60,60,55,50,21,14,5,3,5,F,2011
E01028604,South Oxfordshire 006A,784,73,70,51,40,44,45,68,63,71,49,48,29,45,36,24,16,8,4,0,F,2011
E01028605,South Oxfordshire 006B,798,51,50,54,53,39,46,42,55,49,51,56,52,41,38,52,27,30,8,4,F,2011
E01028607,South Oxfordshire 006C,685,25,36,51,29,34,29,26,32,51,61,49,56,52,53,28,19,14,17,23,F,2011
E01028641,South Oxfordshire 006D,624,22,38,40,34,17,23,23,42,43,38,45,48,60,53,45,20,25,5,3,F,2011
E01028657,South Oxfordshire 006E,602,32,26,31,21,20,42,42,47,41,67,47,42,47,40,25,13,13,5,1,F,2011
E01028658,South Oxfordshire 006F,668,30,35,45,45,24,24,21,41,36,78,37,50,51,44,33,18,22,15,19,F,2011
E01028600,South Oxfordshire 007A,758,37,42,41,36,24,23,28,49,67,60,56,53,58,53,41,33,28,17,12,F,2011
E01028603,South Oxfordshire 007B,600,34,39,45,32,18,16,26,36,71,51,45,51,40,24,28,16,11,13,4,F,2011
E01028606,South Oxfordshire 007C,885,37,46,49,47,23,35,30,45,67,62,76,46,81,63,53,45,40,26,14,F,2011
E01028609,South Oxfordshire 007D,664,43,47,49,28,28,18,30,55,68,55,45,48,45,35,32,15,10,11,2,F,2011
E01028610,South Oxfordshire 007E,747,24,44,38,42,37,33,31,62,63,65,73,42,55,52,37,22,11,10,6,F,2011
E01028678,South Oxfordshire 008A,797,55,48,44,33,19,22,47,42,68,92,52,43,57,56,56,27,16,11,9,F,2011
E01028679,South Oxfordshire 008B,1139,56,61,67,54,57,36,56,63,93,106,93,74,91,68,35,35,34,36,24,F,2011
E01028680,South Oxfordshire 008C,926,62,51,48,39,27,30,52,60,79,70,67,55,58,67,46,35,31,27,22,F,2011
E01028625,South Oxfordshire 009A,1014,110,80,54,37,50,106,132,133,114,60,43,23,30,17,8,9,5,2,1,F,2011
E01028626,South Oxfordshire 009B,823,71,52,62,46,43,71,78,88,81,80,55,32,32,11,9,7,3,1,1,F,2011
E01028627,South Oxfordshire 009C,793,69,55,61,37,50,70,75,93,87,62,37,24,24,14,10,14,7,3,1,F,2011
E01028628,South Oxfordshire 009D,735,54,44,57,53,43,48,62,77,64,79,61,31,25,11,9,8,5,4,0,F,2011
E01028629,South Oxfordshire 009E,742,71,47,45,44,44,67,80,69,77,58,44,32,27,12,11,9,2,1,2,F,2011
E01028621,South Oxfordshire 010A,704,65,56,57,54,51,70,59,55,63,46,29,28,25,16,13,9,7,1,0,F,2011
E01028622,South Oxfordshire 010B,629,34,26,36,43,21,32,36,46,39,52,46,29,32,53,40,34,16,11,3,F,2011
E01028623,South Oxfordshire 010C,834,51,49,43,60,49,59,54,58,57,74,58,46,42,31,33,21,18,16,15,F,2011
E01028624,South Oxfordshire 010D,748,28,29,43,38,32,27,29,40,49,60,45,53,49,43,43,33,40,33,34,F,2011
E01028599,South Oxfordshire 011A,730,29,36,32,44,18,32,35,48,54,55,44,52,62,63,37,31,30,17,11,F,2011
E01028601,South Oxfordshire 011B,765,43,50,41,44,67,82,63,43,51,52,52,38,34,32,29,17,15,9,3,F,2011
E01028602,South Oxfordshire 011C,793,117,72,54,28,46,104,106,95,68,31,16,11,9,13,3,11,7,1,1,F,2011
E01028620,South Oxfordshire 011D,1280,75,77,75,71,38,55,66,88,111,120,89,73,95,75,47,47,36,26,16,F,2011
E01028608,South Oxfordshire 012A,622,28,39,28,39,16,18,12,34,53,54,45,52,51,43,30,31,15,15,19,F,2011
E01028617,South Oxfordshire 012B,1019,56,64,66,52,38,45,62,88,80,62,71,65,47,53,46,39,35,30,20,F,2011
E01028674,South Oxfordshire 012C,683,38,43,45,20,26,27,34,58,33,59,53,45,52,56,40,23,16,14,1,F,2011
E01028675,South Oxfordshire 012D,641,47,38,44,41,19,32,41,55,57,42,42,36,39,26,19,28,22,6,7,F,2011
E01028676,South Oxfordshire 012E,1074,86,61,55,67,69,79,85,85,81,70,50,50,40,46,29,30,31,35,25,F,2011
E01028677,South Oxfordshire 012F,754,51,41,18,27,41,47,50,42,67,44,43,39,48,41,42,39,36,23,15,F,2011
E01028630,South Oxfordshire 013A,722,58,37,36,43,59,101,71,58,61,66,52,25,25,10,10,5,2,2,1,F,2011
E01028631,South Oxfordshire 013B,554,45,26,30,35,29,47,41,39,42,30,34,38,27,26,23,11,15,14,2,F,2011
E01028632,South Oxfordshire 013C,748,45,55,43,62,57,38,47,60,59,62,47,40,32,36,15,26,14,6,4,F,2011
E01028633,South Oxfordshire 013D,755,72,58,32,48,63,87,57,68,61,54,37,33,34,16,11,12,9,2,1,F,2011
E01028634,South Oxfordshire 014A,689,47,43,34,45,28,34,38,39,63,62,43,35,36,27,42,33,23,12,5,F,2011
E01028635,South Oxfordshire 014B,766,50,39,47,39,47,47,48,42,62,67,45,40,38,51,29,27,22,19,7,F,2011
E01028636,South Oxfordshire 014C,731,33,36,55,52,40,41,44,31,56,50,44,22,27,29,36,29,57,35,14,F,2011
E01028637,South Oxfordshire 014D,779,45,50,37,38,34,52,41,56,62,78,50,44,55,45,29,24,14,12,13,F,2011
E01028618,South Oxfordshire 015A,914,68,64,41,41,16,34,59,84,74,79,47,62,59,43,39,33,24,28,19,F,2011
E01028619,South Oxfordshire 015B,951,72,49,46,58,36,41,65,73,66,60,66,57,62,65,43,39,35,13,5,F,2011
E01028644,South Oxfordshire 015C,802,32,43,34,37,17,35,31,47,60,63,52,70,61,65,50,32,33,21,19,F,2011
E01028648,South Oxfordshire 015D,582,34,28,30,29,28,19,27,30,54,57,48,35,38,28,27,34,21,11,4,F,2011
E01028649,South Oxfordshire 015E,801,43,51,55,50,26,26,22,58,57,62,92,55,63,42,29,30,24,11,5,F,2011
E01028650,South Oxfordshire 016A,1085,67,61,66,60,37,48,69,64,84,83,66,55,59,69,47,43,43,38,26,F,2011
E01028651,South Oxfordshire 016B,832,43,41,34,43,30,46,47,43,52,42,58,42,62,72,49,42,38,35,13,F,2011
E01028652,South Oxfordshire 016C,1113,65,52,29,28,40,75,68,68,67,67,63,49,80,74,84,65,56,49,34,F,2011
E01028653,South Oxfordshire 017A,755,51,48,50,30,20,49,68,94,66,52,26,31,31,28,22,21,24,28,16,F,2011
E01028654,South Oxfordshire 017B,825,52,57,55,53,24,31,27,71,66,74,65,61,47,51,32,23,22,8,6,F,2011
E01028655,South Oxfordshire 017C,953,61,48,38,28,46,85,95,82,82,61,47,37,43,56,34,23,41,37,9,F,2011
E01028656,South Oxfordshire 017D,671,37,35,43,34,21,9,21,34,51,50,46,39,41,57,55,37,31,21,9,F,2011
E01028611,South Oxfordshire 018A,583,24,35,40,23,20,17,25,44,43,50,52,57,38,44,25,20,14,8,4,F,2011
E01028642,South Oxfordshire 018B,676,33,46,60,40,15,15,22,40,53,65,48,45,46,42,46,20,18,11,11,F,2011
E01028643,South Oxfordshire 018C,731,49,40,51,35,24,6,33,53,55,63,58,45,54,40,43,26,21,18,17,F,2011
E01028645,South Oxfordshire 018D,767,30,33,30,26,16,18,19,33,47,44,46,47,58,73,52,57,55,46,37,F,2011
E01028685,South Oxfordshire 018E,617,22,31,35,29,27,17,24,28,59,52,54,48,63,35,35,22,15,14,7,F,2011
E01028686,South Oxfordshire 018F,599,19,30,42,42,20,23,19,35,63,51,48,51,46,36,19,23,17,11,4,F,2011
E01028612,South Oxfordshire 019A,652,30,49,45,27,13,13,23,40,62,65,50,35,67,51,38,22,12,4,6,F,2011
E01028660,South Oxfordshire 019B,882,50,52,64,33,30,30,33,52,78,83,82,57,68,47,45,36,26,13,3,F,2011
E01028661,South Oxfordshire 019C,831,21,57,66,50,26,22,21,28,66,69,62,57,73,67,36,28,30,20,32,F,2011
E01028662,South Oxfordshire 019D,699,34,55,53,35,23,8,18,32,61,76,57,45,63,53,36,27,12,4,7,F,2011
E01028659,South Oxfordshire 020A,777,38,51,45,34,22,15,30,49,74,74,53,60,68,49,43,35,14,17,6,F,2011
E01028663,South Oxfordshire 020B,792,49,57,39,40,28,44,42,62,68,59,54,54,53,34,27,31,25,24,2,F,2011
E01028664,South Oxfordshire 020C,698,23,29,37,36,24,18,21,44,44,54,41,41,43,53,50,53,37,32,18,F,2011
E01028665,South Oxfordshire 020D,694,44,40,35,41,18,15,21,44,59,53,51,29,54,52,40,51,24,14,9,F,2011
E07000180,,61232,3633,3381,3479,3420,2838,3417,3726,3963,4594,4780,4340,3724,3969,3297,2634,2237,1778,1212,810,F,2011
E01028708,Vale of White Horse 001A,951,42,42,54,56,57,44,59,46,60,65,74,57,52,55,37,48,36,42,25,F,2011
E01028709,Vale of White Horse 001B,802,31,30,43,49,24,35,42,44,50,59,69,70,85,51,40,32,27,15,6,F,2011
E01028710,Vale of White Horse 001C,817,35,47,50,45,25,27,26,47,65,72,68,64,56,48,39,40,29,14,20,F,2011
E01028711,Vale of White Horse 001D,862,45,41,69,41,37,25,30,51,72,77,60,54,69,44,41,37,34,21,14,F,2011
E01028733,Vale of White Horse 002A,654,34,29,35,28,27,36,27,35,44,52,45,42,46,45,37,33,18,21,20,F,2011
E01028734,Vale of White Horse 002B,787,29,42,47,39,19,37,50,43,46,57,57,53,51,48,46,48,35,24,16,F,2011
E01028735,Vale of White Horse 002C,803,35,47,48,39,37,38,35,49,64,55,60,42,60,45,48,37,29,20,15,F,2011
E01028740,Vale of White Horse 002D,770,33,40,30,36,39,47,67,52,58,50,60,55,39,28,32,53,29,17,5,F,2011
E01028741,Vale of White Horse 002E,806,36,33,37,102,102,64,44,48,52,62,42,33,40,27,17,26,18,12,11,F,2011
E01028742,Vale of White Horse 002F,813,37,33,40,43,41,69,41,48,50,55,48,45,42,40,41,38,44,36,22,F,2011
E01028738,Vale of White Horse 003A,852,121,52,41,49,117,116,97,65,50,35,21,22,21,10,11,11,5,3,5,F,2011
E01028739,Vale of White Horse 003B,885,55,54,46,40,37,39,47,67,56,66,64,67,52,58,48,30,27,18,14,F,2011
E01028743,Vale of White Horse 003C,483,21,20,20,21,16,15,20,26,34,38,39,42,33,44,39,30,18,5,2,F,2011
E01028744,Vale of White Horse 003D,636,31,31,38,41,20,27,23,37,38,49,49,47,52,50,37,35,15,9,7,F,2011
E01028750,Vale of White Horse 003E,757,59,42,51,45,29,49,43,48,54,45,46,38,58,43,42,28,15,10,12,F,2011
E01028751,Vale of White Horse 003F,762,27,34,44,54,18,21,25,37,53,75,79,50,60,53,35,24,30,14,29,F,2011
E01028752,Vale of White Horse 003G,864,39,69,56,37,44,48,37,55,73,61,66,57,63,57,24,39,19,11,9,F,2011
E01028693,Vale of White Horse 004A,809,46,51,64,43,42,24,30,61,72,64,68,71,59,35,25,21,19,9,5,F,2011
E01028694,Vale of White Horse 004B,731,53,36,37,47,42,54,78,56,60,65,69,45,41,19,12,4,6,5,2,F,2011
E01028701,Vale of White Horse 004C,805,66,36,52,50,29,47,61,51,49,70,63,47,52,29,30,28,28,11,6,F,2011
E01028705,Vale of White Horse 004D,655,25,26,43,53,28,32,27,36,48,56,63,51,55,39,36,16,14,4,3,F,2011
E01028706,Vale of White Horse 004E,741,29,31,47,48,39,39,50,55,57,58,68,61,53,52,24,7,13,6,4,F,2011
E01028707,Vale of White Horse 004F,798,62,33,48,59,29,39,61,50,67,79,79,52,51,33,13,14,15,6,8,F,2011
E01028688,Vale of White Horse 005A,614,50,29,23,24,32,46,55,58,41,46,56,47,38,27,11,11,11,8,1,F,2011
E01028689,Vale of White Horse 005B,744,46,58,37,48,48,66,60,67,52,65,50,51,32,17,20,12,6,5,4,F,2011
E01028695,Vale of White Horse 005C,786,46,38,34,44,40,48,37,45,68,56,29,52,46,74,41,35,33,14,6,F,2011
E01028699,Vale of White Horse 005D,791,44,38,51,44,16,37,35,53,59,69,53,40,59,56,50,30,30,17,10,F,2011
E01028696,Vale of White Horse 006B,674,32,46,40,45,16,16,31,42,45,62,63,40,48,41,30,33,17,17,10,F,2011
E01028697,Vale of White Horse 006C,805,46,47,51,40,45,69,54,64,56,57,51,37,38,21,35,28,30,25,11,F,2011
E01028698,Vale of White Horse 006D,785,57,43,36,39,48,70,80,68,66,49,48,30,54,35,26,14,13,8,1,F,2011
E01028700,Vale of White Horse 006E,885,70,54,62,52,55,42,83,66,53,64,57,41,39,30,18,28,32,25,14,F,2011
E01028703,Vale of White Horse 006F,958,55,41,39,50,58,94,91,68,64,50,45,53,43,33,32,33,32,38,39,F,2011
E01033305,Vale of White Horse 006G,687,66,29,25,14,69,118,104,58,31,28,30,21,20,21,13,15,11,12,2,F,2011
E01033306,Vale of White Horse 006H,837,48,34,29,29,54,89,75,63,31,49,51,35,44,40,37,36,29,38,26,F,2011
E01028726,Vale of White Horse 007A,1091,50,49,50,46,42,29,42,64,91,100,98,89,74,81,80,46,31,21,8,F,2011
E01028736,Vale of White Horse 007B,1213,65,75,80,69,43,48,65,77,100,130,84,80,97,66,51,40,23,8,12,F,2011
E01028737,Vale of White Horse 007C,1187,48,76,96,63,36,43,31,75,92,127,105,80,100,75,45,46,32,8,9,F,2011
E01028690,Vale of White Horse 008A,800,32,39,42,36,38,51,60,65,56,51,61,54,55,51,33,34,22,14,6,F,2011
E01028691,Vale of White Horse 008B,734,36,31,41,51,24,36,37,35,52,51,34,55,71,42,41,30,34,23,10,F,2011
E01028692,Vale of White Horse 008C,740,61,69,78,47,43,50,46,42,79,51,32,37,30,32,19,9,7,4,4,F,2011
E01028702,Vale of White Horse 008D,649,25,25,32,36,30,27,54,28,43,51,48,44,68,57,29,18,23,8,3,F,2011
E01028704,Vale of White Horse 008E,1003,65,59,47,36,52,81,89,62,68,62,57,57,47,39,44,50,30,35,23,F,2011
E01028716,Vale of White Horse 009A,964,84,75,60,51,51,96,79,78,84,82,53,41,42,26,26,21,4,10,1,F,2011
E01028717,Vale of White Horse 009B,844,69,36,40,48,41,59,64,64,58,53,51,36,49,35,31,31,26,30,23,F,2011
E01028718,Vale of White Horse 009C,786,75,47,59,54,42,44,59,52,63,70,49,34,37,30,20,17,14,14,6,F,2011
E01028719,Vale of White Horse 009D,799,23,33,39,42,35,30,29,40,59,61,64,65,78,63,48,34,26,11,19,F,2011
E01028749,Vale of White Horse 009E,1221,75,73,61,53,41,53,72,93,94,105,83,68,94,77,58,31,42,25,23,F,2011
E01028714,Vale of White Horse 010A,1198,49,79,90,61,53,48,48,63,118,101,75,75,76,59,71,48,49,25,10,F,2011
E01028731,Vale of White Horse 010B,655,40,26,30,44,19,22,31,36,50,62,48,34,38,47,38,49,20,15,6,F,2011
E01028732,Vale of White Horse 010C,617,35,43,41,34,20,49,60,43,64,45,44,37,42,20,11,12,8,5,4,F,2011
E01028753,Vale of White Horse 010D,748,44,58,32,44,28,37,38,44,48,66,49,53,38,34,45,41,28,13,8,F,2011
E01028754,Vale of White Horse 010E,704,27,38,40,51,29,21,27,38,53,61,72,53,61,44,17,30,23,17,2,F,2011
E01028721,Vale of White Horse 011A,668,41,50,42,50,39,43,49,47,63,62,47,44,40,20,11,6,6,4,4,F,2011
E01028722,Vale of White Horse 011B,795,58,34,34,41,34,43,56,45,45,50,52,46,65,67,33,47,27,15,3,F,2011
E01028723,Vale of White Horse 011C,690,25,30,33,41,31,21,32,37,54,57,46,46,35,49,57,36,33,15,12,F,2011
E01028724,Vale of White Horse 011D,646,37,40,28,35,36,28,44,37,52,47,54,57,41,47,23,22,12,5,1,F,2011
E01028725,Vale of White Horse 011E,756,61,47,41,58,39,57,61,56,49,77,54,37,37,27,18,14,7,8,8,F,2011
E01028755,Vale of White Horse 014A,855,54,47,55,55,31,27,33,53,80,51,52,50,62,52,52,32,40,14,15,F,2011
E01028756,Vale of White Horse 014B,1286,96,60,43,45,109,155,114,76,68,59,59,38,56,48,60,49,48,59,44,F,2011
E01028758,Vale of White Horse 014C,791,34,43,53,56,22,25,27,37,55,74,45,43,61,49,43,55,44,20,5,F,2011
E01028759,Vale of White Horse 014D,758,40,42,50,53,48,36,34,40,68,76,60,40,47,39,23,23,16,19,4,F,2011
E01028760,Vale of White Horse 014E,669,47,35,42,44,23,31,36,50,43,48,51,53,29,44,31,13,20,13,16,F,2011
E01028761,Vale of White Horse 014F,688,46,50,49,37,37,30,36,52,53,51,57,48,60,32,20,8,19,2,1,F,2011
E01028712,Vale of White Horse 015A,1042,50,62,64,51,23,33,41,58,76,89,82,81,76,76,67,61,31,9,12,F,2011
E01028727,Vale of White Horse 015B,843,50,43,43,61,28,46,28,55,56,65,71,55,66,40,56,25,28,22,5,F,2011
E01028728,Vale of White Horse 015C,628,47,30,35,43,25,35,34,29,47,34,50,30,41,37,30,32,24,14,11,F,2011
E01028729,Vale of White Horse 015D,542,37,38,29,26,28,19,26,47,46,50,55,36,32,23,21,12,9,3,5,F,2011
E01028730,Vale of White Horse 015E,821,47,51,55,45,18,35,35,44,66,74,78,63,45,48,49,30,12,17,9,F,2011
E01028757,Vale of White Horse 015F,821,50,51,44,47,39,40,48,36,58,59,45,38,45,34,29,48,29,34,47,F,2011
E01028745,Vale of White Horse 016A,678,34,43,38,20,15,27,39,47,74,49,45,43,46,47,33,23,27,18,10,F,2011
E01028746,Vale of White Horse 016B,639,30,33,48,37,20,21,24,30,57,52,44,37,60,51,33,26,20,10,6,F,2011
E01028747,Vale of White Horse 016C,628,78,45,29,25,8,24,67,92,70,48,34,26,23,20,12,12,5,7,3,F,2011
E01028748,Vale of White Horse 016D,540,67,35,35,20,25,32,72,56,40,33,22,19,24,18,12,11,12,6,1,F,2011
E01028713,Vale of White Horse 016E,1202,66,79,64,68,53,41,54,75,103,115,91,79,97,86,53,25,23,21,9,F,2011
E01028715,Vale of White Horse 016F,718,34,50,35,46,22,32,32,47,64,68,52,35,47,44,29,30,25,20,6,F,2011
E01028720,Vale of White Horse 016G,1166,50,56,65,56,39,45,48,59,97,103,97,76,86,73,65,56,52,31,12,F,2011
E07000181,,53529,3159,2852,3007,2846,2452,2929,3139,3610,4163,4281,3670,3219,3573,3016,2242,1988,1547,1116,720,F,2011
E01028780,West Oxfordshire 001A,1008,58,39,48,30,40,56,59,78,122,65,72,57,56,62,49,39,26,35,17,F,2011
E01028781,West Oxfordshire 001B,663,45,37,43,54,37,34,36,49,44,45,42,31,42,35,28,19,24,15,3,F,2011
E01028782,West Oxfordshire 001C,811,45,39,54,49,25,26,31,59,93,57,52,55,60,61,37,21,25,13,9,F,2011
E01028783,West Oxfordshire 001D,809,44,28,26,42,38,58,57,51,63,48,44,52,53,55,36,32,34,34,14,F,2011
E01028795,West Oxfordshire 002A,805,41,44,46,33,35,33,18,38,72,90,66,51,76,48,40,31,18,14,11,F,2011
E01028796,West Oxfordshire 002B,702,30,27,60,59,21,18,33,41,51,58,36,36,43,48,35,27,24,25,30,F,2011
E01028797,West Oxfordshire 002C,582,32,30,38,33,24,17,18,40,45,42,45,36,51,35,22,30,16,15,13,F,2011
E01028806,West Oxfordshire 002D,1039,64,51,59,57,35,45,55,76,79,90,78,85,71,66,39,34,37,11,7,F,2011
E01028763,West Oxfordshire 003A,1034,52,50,73,42,25,31,37,53,73,76,86,90,98,60,53,46,33,36,20,F,2011
E01028776,West Oxfordshire 003B,984,53,45,60,40,31,30,36,51,76,98,81,81,77,65,50,41,35,16,18,F,2011
E01028798,West Oxfordshire 003C,1037,37,79,58,47,26,26,39,75,93,80,71,68,86,76,49,53,34,24,16,F,2011
E01028804,West Oxfordshire 004B,661,25,32,54,25,20,21,22,36,56,59,54,44,55,40,32,37,25,12,12,F,2011
E01028823,West Oxfordshire 004D,703,50,25,28,17,21,33,49,50,51,56,42,35,37,36,39,39,29,32,34,F,2011
E01028824,West Oxfordshire 004E,829,57,48,38,44,28,38,32,63,68,64,46,50,43,53,41,58,24,19,15,F,2011
E01028825,West Oxfordshire 004F,606,33,38,40,21,17,25,34,46,48,46,29,31,43,41,40,34,15,17,8,F,2011
E01032954,West Oxfordshire 004G,1414,86,91,96,76,45,40,59,91,116,124,106,95,106,85,62,53,36,30,17,F,2011
E01028777,West Oxfordshire 005A,586,21,23,20,43,16,26,29,37,32,51,50,31,57,36,38,22,24,26,4,F,2011
E01028778,West Oxfordshire 005B,754,39,34,47,41,19,18,36,46,38,65,55,58,59,54,43,41,30,21,10,F,2011
E01028779,West Oxfordshire 005C,510,17,34,16,25,20,14,27,21,35,41,50,49,55,37,30,17,10,10,2,F,2011
E01028799,West Oxfordshire 005D,993,47,42,59,58,44,24,38,54,68,92,87,73,69,74,51,43,37,26,7,F,2011
E01028788,West Oxfordshire 006A,852,41,43,41,45,34,32,47,56,65,60,47,61,76,56,43,34,42,17,12,F,2011
E01028789,West Oxfordshire 006B,761,34,36,45,48,21,21,26,54,57,71,53,43,80,54,27,33,31,12,15,F,2011
E01028790,West Oxfordshire 006C,587,29,20,41,38,18,21,25,43,49,53,33,34,46,46,28,29,18,7,9,F,2011
E01028791,West Oxfordshire 006D,800,36,31,41,41,29,25,33,51,47,61,63,56,68,59,45,37,34,18,25,F,2011
E01028784,West Oxfordshire 007A,1044,62,47,49,70,47,32,43,72,78,100,81,70,87,68,51,39,30,14,4,F,2011
E01028792,West Oxfordshire 007B,562,33,32,36,22,12,17,20,36,33,49,46,36,57,39,28,31,18,13,4,F,2011
E01028793,West Oxfordshire 007C,799,44,57,40,47,26,28,34,46,66,73,79,41,48,49,36,24,22,26,13,F,2011
E01028794,West Oxfordshire 007D,729,35,37,31,37,27,28,31,47,49,60,48,56,68,53,40,35,19,16,12,F,2011
E01028810,West Oxfordshire 008A,685,37,30,35,49,39,43,49,48,58,73,64,48,37,28,11,13,9,7,7,F,2011
E01028811,West Oxfordshire 008B,727,46,46,39,35,37,34,33,63,49,54,69,51,32,41,21,27,25,19,6,F,2011
E01028813,West Oxfordshire 008D,659,35,53,52,44,34,31,32,52,54,59,52,36,29,27,25,15,16,7,6,F,2011
E01028814,West Oxfordshire 008E,740,37,39,45,47,35,31,45,49,65,58,60,34,44,49,30,28,28,12,4,F,2011
E01028815,West Oxfordshire 008F,639,28,25,31,37,28,27,26,28,37,51,65,51,55,52,34,22,23,12,7,F,2011
E01032947,West Oxfordshire 008G,948,123,89,49,44,52,136,136,109,60,54,30,23,15,13,9,2,3,1,0,F,2011
E01032948,West Oxfordshire 008H,1025,81,79,59,46,38,69,92,107,73,83,50,34,41,35,29,26,23,22,38,F,2011
E01032952,West Oxfordshire 008I,730,29,38,36,37,35,51,57,45,58,50,33,49,51,45,27,26,23,26,14,F,2011
E01028809,West Oxfordshire 009A,704,59,49,39,41,37,42,36,40,47,38,32,48,44,33,33,33,34,14,5,F,2011
E01028820,West Oxfordshire 009B,670,62,34,43,43,27,39,53,57,66,63,59,32,40,18,11,14,4,4,1,F,2011
E01028821,West Oxfordshire 009C,747,52,54,43,30,42,65,81,61,71,63,39,34,38,24,16,19,6,6,3,F,2011
E01028822,West Oxfordshire 009D,736,52,33,54,45,43,54,67,48,70,66,57,40,35,25,19,8,8,9,3,F,2011
E01028807,West Oxfordshire 010A,1148,75,43,48,50,90,159,100,82,53,52,49,49,68,48,36,46,44,37,19,F,2011
E01028808,West Oxfordshire 010B,878,41,42,69,57,30,45,68,62,64,74,52,49,55,41,45,32,28,19,5,F,2011
E01028816,West Oxfordshire 010C,686,36,44,49,47,46,48,39,39,52,58,50,45,40,28,34,18,7,5,1,F,2011
E01028817,West Oxfordshire 010D,752,44,42,49,51,48,46,52,59,62,65,43,41,40,42,32,22,9,3,2,F,2011
E01028818,West Oxfordshire 010E,946,55,48,40,33,58,57,73,51,63,58,41,51,54,36,48,44,62,53,21,F,2011
E01028819,West Oxfordshire 010F,828,56,35,41,47,52,35,29,48,71,61,36,50,56,52,37,44,42,23,13,F,2011
E01028785,West Oxfordshire 011A,813,35,33,45,53,40,39,35,42,78,63,72,47,56,58,36,32,22,13,14,F,2011
E01028786,West Oxfordshire 011B,636,22,34,35,36,18,23,11,31,48,61,42,42,51,62,45,32,20,13,10,F,2011
E01028787,West Oxfordshire 011C,657,31,42,33,42,28,28,26,34,47,43,43,46,57,53,26,35,23,13,7,F,2011
E01028800,West Oxfordshire 011D,657,41,40,40,39,29,24,28,38,69,57,46,50,44,35,18,27,18,8,6,F,2011
E01028762,West Oxfordshire 012A,880,42,54,51,42,26,33,30,68,86,82,73,66,75,58,28,25,20,11,10,F,2011
E01028766,West Oxfordshire 012B,1008,47,63,44,36,37,38,56,66,80,86,83,66,81,73,42,30,30,23,27,F,2011
E01028767,West Oxfordshire 012C,938,44,27,45,57,22,29,37,37,44,69,64,57,79,90,80,59,49,37,12,F,2011
E01028772,West Oxfordshire 013D,850,53,19,37,41,66,71,63,70,60,87,52,52,63,39,20,24,20,8,5,F,2011
E01032949,West Oxfordshire 013E,730,61,48,53,40,62,98,80,72,73,60,40,17,11,9,3,2,1,0,0,F,2011
E01032950,West Oxfordshire 013F,958,103,64,55,44,82,128,136,75,86,45,32,21,10,13,5,9,9,19,22,F,2011
E01032951,West Oxfordshire 013G,1005,112,81,66,62,55,113,110,98,78,62,52,24,25,22,11,20,7,6,1,F,2011
E01032953,West Oxfordshire 013H,1159,145,81,45,56,75,133,132,97,69,75,56,36,57,32,31,21,13,4,1,F,2011
E01028771,West Oxfordshire 014A,745,30,30,38,42,45,51,35,34,42,72,55,51,47,42,39,38,25,19,10,F,2011
E01028773,West Oxfordshire 014B,654,31,30,29,35,32,29,28,28,61,61,59,41,41,44,36,32,18,13,6,F,2011
E01028774,West Oxfordshire 014C,982,55,56,61,55,152,115,77,59,86,62,58,38,28,22,20,12,10,11,5,F,2011
E01028775,West Oxfordshire 014D,614,16,29,26,45,30,28,28,50,42,66,59,51,37,42,23,19,15,5,3,F,2011
E01028764,West Oxfordshire 015A,909,36,33,40,36,34,33,58,58,78,64,72,57,73,58,48,49,31,30,21,F,2011
E01028765,West Oxfordshire 015B,971,45,49,48,52,35,53,42,61,74,76,66,67,68,60,58,39,32,31,15,F,2011
E01028801,West Oxfordshire 015C,681,44,38,44,26,21,15,32,48,62,57,60,55,74,27,28,27,9,6,8,F,2011
E01028802,West Oxfordshire 015D,770,28,39,64,40,11,19,23,36,60,79,63,65,55,49,36,38,31,13,21,F,2011
E07000207,,67704,4596,4249,3946,3607,2530,3142,4367,5314,5712,5521,4766,3714,3983,3114,2574,2211,1861,1507,990,F,2011
E01030330,Elmbridge 001A,804,55,36,38,51,36,34,51,58,61,50,55,56,65,49,47,23,22,11,6,F,2011
E01030331,Elmbridge 001B,811,40,43,38,21,38,46,68,64,58,78,70,50,50,56,28,23,24,11,5,F,2011
E01030332,Elmbridge 001C,791,38,41,68,50,29,40,29,73,55,67,54,42,52,31,32,39,28,14,9,F,2011
E01030333,Elmbridge 001D,751,44,39,32,50,30,28,32,57,57,58,65,52,61,42,44,22,21,12,5,F,2011
E01030326,Elmbridge 002A,818,39,30,35,31,38,57,82,64,58,67,64,56,51,43,33,24,19,21,6,F,2011
E01030327,Elmbridge 002B,798,54,43,49,46,31,46,30,50,68,66,61,58,56,48,26,25,18,9,14,F,2011
E01030328,Elmbridge 002C,859,82,60,53,40,15,18,43,76,74,76,71,53,46,41,39,25,17,16,14,F,2011
E01030329,Elmbridge 002D,777,45,34,30,35,24,40,44,56,63,69,55,47,69,51,28,29,14,23,21,F,2011
E01030334,Elmbridge 003A,748,45,46,42,42,65,43,40,54,51,52,44,41,56,46,27,23,16,11,4,F,2011
E01030335,Elmbridge 003B,977,62,50,67,54,41,39,68,81,82,79,74,62,59,50,46,33,19,7,4,F,2011
E01030336,Elmbridge 003C,967,88,65,48,48,40,80,100,84,72,67,56,50,37,35,22,25,26,14,10,F,2011
E01030337,Elmbridge 003D,838,54,53,31,34,41,52,65,55,72,63,46,37,55,29,31,38,33,32,17,F,2011
E01030361,Elmbridge 004A,1021,82,58,59,47,37,49,93,82,101,92,78,56,54,33,36,35,12,11,6,F,2011
E01030362,Elmbridge 004B,606,40,48,33,40,32,38,44,53,44,36,39,32,34,40,23,16,9,3,2,F,2011
E01030363,Elmbridge 004C,942,82,52,39,50,60,75,92,71,82,60,56,50,52,36,31,27,13,11,3,F,2011
E01030364,Elmbridge 004D,759,57,44,26,33,57,80,103,75,67,60,44,36,24,15,18,4,7,6,3,F,2011
E01030350,Elmbridge 005A,864,68,43,54,32,32,37,68,84,64,82,51,46,54,43,35,21,20,18,12,F,2011
E01030351,Elmbridge 005B,785,78,51,40,31,11,43,73,75,74,58,53,44,40,26,22,26,19,13,8,F,2011
E01030352,Elmbridge 005C,823,52,51,51,46,27,36,43,59,66,69,54,49,43,32,30,26,27,30,32,F,2011
E01030353,Elmbridge 005D,828,61,75,47,41,28,25,44,56,91,68,62,39,50,31,15,22,21,26,26,F,2011
E01030322,Elmbridge 006A,954,87,67,50,34,31,38,93,122,95,66,56,59,40,32,25,25,17,7,10,F,2011
E01030323,Elmbridge 006B,702,65,59,23,35,35,27,44,47,65,47,54,45,41,35,29,18,18,11,4,F,2011
E01030324,Elmbridge 006C,804,61,46,51,43,14,30,60,96,48,93,57,42,39,34,26,27,19,13,5,F,2011
E01030325,Elmbridge 006D,807,42,53,51,61,31,25,37,52,72,67,67,54,56,30,41,21,17,11,19,F,2011
E01030357,Elmbridge 007A,795,57,35,34,23,22,46,52,72,65,50,54,41,57,42,36,48,32,15,14,F,2011
E01030358,Elmbridge 007B,781,53,52,47,27,22,47,71,68,47,52,57,46,43,31,47,33,25,9,4,F,2011
E01030359,Elmbridge 007C,1124,77,53,50,42,77,115,130,93,77,70,58,66,43,48,33,29,24,25,14,F,2011
E01030360,Elmbridge 007D,815,49,48,54,46,44,46,54,56,63,67,66,52,47,34,23,23,17,20,6,F,2011
E01030354,Elmbridge 008A,793,71,46,57,66,54,54,61,70,59,65,52,43,29,28,11,8,12,4,3,F,2011
E01030355,Elmbridge 008B,730,57,51,45,38,28,25,43,69,75,62,48,37,39,28,20,15,15,13,22,F,2011
E01030356,Elmbridge 008C,718,72,53,37,39,30,32,48,74,70,66,46,28,31,25,13,23,13,11,7,F,2011
E01030365,Elmbridge 008D,815,56,47,53,40,41,45,53,67,68,75,48,39,50,30,31,19,16,15,22,F,2011
E01030368,Elmbridge 008E,827,65,43,51,45,33,45,48,68,80,64,66,45,37,42,38,18,17,14,8,F,2011
E01030319,Elmbridge 009A,884,62,55,68,52,42,26,40,58,90,82,64,44,55,48,26,28,18,16,10,F,2011
E01030320,Elmbridge 009B,877,57,58,57,49,30,44,53,58,91,71,62,46,42,21,19,16,35,49,19,F,2011
E01030321,Elmbridge 009C,797,31,57,64,45,28,17,34,50,69,67,72,46,50,31,27,39,24,26,20,F,2011
E01030369,Elmbridge 009D,1152,73,100,88,74,33,29,54,86,120,113,79,53,83,55,40,25,23,18,6,F,2011
E01030370,Elmbridge 009E,832,76,69,58,46,28,25,54,76,83,68,58,37,38,32,27,22,15,13,7,F,2011
E01030313,Elmbridge 010A,812,72,53,31,37,28,42,76,86,64,62,49,36,45,29,18,25,21,22,16,F,2011
E01030314,Elmbridge 010B,799,51,44,37,37,27,41,52,57,78,54,42,43,56,42,32,28,24,33,21,F,2011
E01030366,Elmbridge 010C,931,48,36,41,57,39,89,89,91,65,57,45,46,66,39,43,25,25,17,13,F,2011
E01030367,Elmbridge 010D,842,41,50,49,43,46,36,38,52,68,61,63,55,63,39,47,41,25,15,10,F,2011
E01030338,Elmbridge 011A,852,89,71,43,41,13,18,45,85,76,61,52,44,61,48,39,27,18,17,4,F,2011
E01030339,Elmbridge 011B,736,56,45,27,25,24,46,54,62,51,61,42,34,46,48,30,30,37,13,5,F,2011
E01030340,Elmbridge 011C,761,45,58,51,29,35,33,46,61,61,52,51,39,40,43,39,18,27,19,14,F,2011
E01030341,Elmbridge 011D,932,53,63,58,35,39,31,46,68,90,79,66,48,56,56,36,37,28,28,15,F,2011
E01030371,Elmbridge 012A,760,43,47,30,42,32,45,88,54,70,47,56,49,44,30,19,26,10,17,11,F,2011
E01030372,Elmbridge 012B,704,43,42,47,41,12,32,35,82,60,54,44,31,24,28,21,18,39,30,21,F,2011
E01030373,Elmbridge 012C,782,63,47,40,33,19,26,76,88,71,68,35,45,51,37,19,25,12,19,8,F,2011
E01030374,Elmbridge 012D,809,55,35,27,29,36,62,60,73,61,63,57,42,30,38,39,25,32,31,14,F,2011
E01030375,Elmbridge 012E,899,84,55,39,33,31,60,97,95,75,50,62,30,54,29,23,20,23,25,14,F,2011
E01030376,Elmbridge 012F,627,39,48,34,26,17,25,51,64,55,59,36,31,43,26,28,17,13,11,4,F,2011
E01030307,Elmbridge 013A,848,50,50,81,37,23,33,38,65,65,81,75,55,59,41,28,30,16,18,3,F,2011
E01030308,Elmbridge 013B,820,46,44,53,48,26,24,39,39,71,68,68,50,70,41,38,32,28,22,13,F,2011
E01030309,Elmbridge 013C,831,39,48,65,56,21,23,24,30,59,78,73,50,70,47,34,38,32,24,20,F,2011
E01030310,Elmbridge 013D,987,81,62,68,73,61,68,102,83,75,80,64,41,36,31,21,18,8,9,6,F,2011
E01030311,Elmbridge 014A,811,57,58,47,51,23,40,37,80,72,59,42,35,48,37,33,33,23,26,10,F,2011
E01030312,Elmbridge 014B,653,40,39,32,37,31,38,58,62,54,66,43,37,39,25,15,15,8,10,4,F,2011
E01030315,Elmbridge 014C,848,63,58,49,49,35,36,62,76,67,67,56,41,47,39,39,22,22,11,9,F,2011
E01030316,Elmbridge 014D,827,64,49,48,53,20,30,37,70,73,62,71,40,53,50,30,25,29,16,7,F,2011
E01030317,Elmbridge 014E,870,62,47,38,43,28,39,53,58,70,66,56,55,60,46,47,49,19,25,9,F,2011
E01030318,Elmbridge 014F,857,28,38,47,41,17,15,18,25,57,55,49,32,40,54,60,75,65,66,75,F,2011
E01030296,Elmbridge 015A,900,54,70,58,55,28,25,27,56,85,71,71,60,72,45,51,30,29,8,5,F,2011
E01030297,Elmbridge 015B,1128,59,86,76,71,41,37,44,64,105,101,90,70,56,56,50,30,45,35,12,F,2011
E01030298,Elmbridge 015C,840,58,38,51,50,21,27,32,58,62,66,58,49,38,43,43,53,42,37,14,F,2011
E01030299,Elmbridge 015D,850,54,54,57,59,26,22,38,67,85,68,70,45,61,51,30,28,23,9,3,F,2011
E01030346,Elmbridge 016A,787,60,59,48,44,29,37,50,59,66,66,66,49,51,17,29,14,21,12,10,F,2011
E01030347,Elmbridge 016B,856,64,53,62,50,25,56,79,70,81,84,76,32,35,18,20,15,15,11,10,F,2011
E01030348,Elmbridge 016C,824,53,52,52,45,15,31,59,67,64,76,67,47,46,44,27,20,27,18,14,F,2011
E01030349,Elmbridge 016D,898,57,50,35,27,24,41,58,61,66,77,53,46,65,41,47,37,44,37,32,F,2011
E01030300,Elmbridge 017A,880,68,44,39,33,41,46,75,60,69,49,58,38,51,47,34,48,35,25,20,F,2011
E01030301,Elmbridge 017B,785,43,65,45,49,22,16,17,58,78,79,55,49,34,44,42,37,25,15,12,F,2011
E01030302,Elmbridge 017C,825,37,28,26,40,41,34,41,61,45,58,47,50,58,41,60,46,51,36,25,F,2011
E01030304,Elmbridge 017D,875,65,54,45,42,51,72,72,57,63,61,65,55,44,42,24,19,21,9,14,F,2011
E01030305,Elmbridge 017E,805,53,69,81,60,17,13,20,46,86,81,71,48,49,34,30,17,16,13,1,F,2011
E01030306,Elmbridge 017F,740,41,62,59,88,15,17,30,56,74,85,50,26,36,38,20,20,12,5,6,F,2011
E01030303,Elmbridge 018A,945,55,84,60,45,18,25,37,59,89,95,65,47,60,59,30,37,33,30,17,F,2011
E01030342,Elmbridge 018B,917,30,65,79,59,25,22,24,40,69,102,65,55,42,43,28,36,33,55,45,F,2011
E01030343,Elmbridge 018C,856,59,46,58,63,28,28,44,59,75,73,78,63,44,30,36,27,29,12,4,F,2011
E01030344,Elmbridge 018D,778,36,62,67,57,24,17,26,38,70,88,74,48,56,31,31,28,14,6,5,F,2011
E01030345,Elmbridge 018E,843,61,67,48,47,21,22,32,63,75,69,74,49,56,44,39,27,20,21,8,F,2011
E07000208,,38701,2253,2193,2321,2425,2207,1959,2365,2693,3024,2964,2602,2212,2420,1913,1552,1266,1078,778,476,F,2011
E01030386,Epsom and Ewell 001A,731,30,37,40,57,40,21,27,45,40,71,74,63,64,34,35,28,14,10,1,F,2011
E01030387,Epsom and Ewell 001B,855,49,41,55,65,49,41,68,66,86,80,61,54,30,27,29,27,12,9,6,F,2011
E01030388,Epsom and Ewell 001C,671,30,26,43,29,30,28,34,41,52,42,61,47,47,53,35,24,22,17,10,F,2011
E01030389,Epsom and Ewell 001D,770,35,38,39,39,40,54,55,48,56,55,56,50,46,31,28,23,30,30,17,F,2011
E01030393,Epsom and Ewell 001E,968,42,36,50,45,45,34,46,44,65,71,61,58,85,86,77,46,34,33,10,F,2011
E01030394,Epsom and Ewell 002A,876,50,50,52,67,34,23,45,59,77,95,65,52,61,41,45,27,17,8,8,F,2011
E01030399,Epsom and Ewell 002B,1085,79,58,52,54,54,63,92,89,88,78,77,59,65,50,46,31,23,15,12,F,2011
E01030400,Epsom and Ewell 002C,909,88,95,71,55,56,69,82,72,58,66,60,37,40,20,16,9,10,4,1,F,2011
E01030414,Epsom and Ewell 002D,677,43,28,44,37,45,32,50,44,64,52,43,43,42,24,32,19,15,14,6,F,2011
E01030377,Epsom and Ewell 003A,1209,75,85,84,67,39,26,45,78,110,95,88,78,81,76,65,43,41,17,16,F,2011
E01030378,Epsom and Ewell 003B,784,29,44,40,50,30,43,51,52,68,60,59,54,58,38,41,31,17,13,6,F,2011
E01030406,Epsom and Ewell 003C,798,42,48,47,53,50,31,46,54,68,67,65,46,51,29,42,18,22,15,4,F,2011
E01030407,Epsom and Ewell 003D,710,26,46,36,41,33,20,25,41,55,55,66,40,56,46,43,34,24,15,8,F,2011
E01030408,Epsom and Ewell 003E,942,36,68,72,75,47,23,35,48,80,87,68,76,57,67,32,28,24,12,7,F,2011
E01030395,Epsom and Ewell 004A,896,37,34,33,51,32,29,28,34,65,57,64,62,86,83,64,55,46,26,10,F,2011
E01030413,Epsom and Ewell 004B,1087,96,90,73,63,67,67,85,102,84,91,65,51,42,27,30,21,21,7,5,F,2011
E01030415,Epsom and Ewell 004C,827,61,41,56,48,39,38,42,81,62,78,57,58,48,40,19,23,10,12,14,F,2011
E01030416,Epsom and Ewell 004D,664,27,27,35,43,23,17,23,41,57,60,59,48,50,60,30,20,19,16,9,F,2011
E01030383,Epsom and Ewell 005A,1229,89,65,82,77,80,107,116,114,92,80,93,74,57,44,26,13,12,6,2,F,2011
E01030384,Epsom and Ewell 005B,1391,143,108,97,66,88,98,154,173,116,72,72,62,50,34,20,17,10,8,3,F,2011
E01030401,Epsom and Ewell 005C,1235,89,80,59,46,45,75,93,94,118,93,77,67,80,66,55,37,36,20,5,F,2011
E01030402,Epsom and Ewell 005D,699,50,55,57,47,28,23,58,65,79,51,46,30,40,25,12,11,9,12,1,F,2011
E01030385,Epsom and Ewell 007A,828,43,50,50,58,70,35,68,52,76,59,43,42,47,37,23,23,21,20,11,F,2011
E01030391,Epsom and Ewell 007B,947,48,46,44,49,85,70,77,56,79,58,53,44,49,46,31,32,41,22,17,F,2011
E01030403,Epsom and Ewell 007C,797,43,53,60,45,43,29,36,54,62,68,56,51,45,39,30,30,23,18,12,F,2011
E01030404,Epsom and Ewell 007D,829,49,59,44,44,38,26,45,46,77,56,64,51,60,43,38,33,29,18,9,F,2011
E01030409,Epsom and Ewell 007E,788,38,33,38,63,126,42,43,50,51,54,56,35,40,29,31,28,11,12,8,F,2011
E01030410,Epsom and Ewell 007F,738,66,29,33,73,75,68,61,68,66,50,34,20,28,18,11,16,13,6,3,F,2011
E01030381,Epsom and Ewell 008A,753,32,39,53,36,29,44,37,42,37,52,44,36,59,32,45,42,42,31,21,F,2011
E01030411,Epsom and Ewell 008B,1174,59,48,28,104,158,125,101,94,62,49,39,36,49,27,35,48,36,48,28,F,2011
E01030412,Epsom and Ewell 008C,988,80,41,18,40,111,108,85,74,57,45,44,35,29,45,25,37,42,39,33,F,2011
E01030419,Epsom and Ewell 008D,898,47,45,60,40,44,44,55,73,73,74,44,41,47,39,54,31,34,33,20,F,2011
E01030379,Epsom and Ewell 009A,786,42,47,58,137,30,29,27,48,53,62,38,42,53,32,28,29,10,15,6,F,2011
E01030380,Epsom and Ewell 009B,732,43,59,44,41,24,24,36,38,59,61,51,36,46,52,37,34,19,17,11,F,2011
E01030405,Epsom and Ewell 009C,864,67,43,61,51,35,46,65,71,68,70,59,41,65,31,32,22,14,15,8,F,2011
E01030417,Epsom and Ewell 009D,701,48,39,56,38,20,9,25,44,56,59,48,50,52,47,32,26,22,20,10,F,2011
E01030418,Epsom and Ewell 009E,740,34,51,44,47,42,22,27,61,64,62,68,64,62,32,21,16,8,11,4,F,2011
E01030420,Epsom and Ewell 009F,690,34,37,42,66,37,22,42,42,57,50,41,40,34,32,22,23,38,19,12,F,2011
E01030382,Epsom and Ewell 010A,719,35,38,43,40,44,50,42,39,55,52,47,36,52,39,35,25,24,9,14,F,2011
E01030390,Epsom and Ewell 010B,976,64,36,43,43,42,62,76,69,80,70,50,53,66,49,38,35,35,24,41,F,2011
E01030392,Epsom and Ewell 010C,953,39,44,49,39,46,51,51,50,62,90,67,55,65,54,45,36,52,37,21,F,2011
E01030396,Epsom and Ewell 010D,941,28,55,81,67,44,32,23,44,57,89,64,69,80,61,42,32,38,19,16,F,2011
E01030398,Epsom and Ewell 010E,892,36,49,70,59,34,31,17,48,70,88,71,71,81,57,25,38,27,15,5,F,2011
E01032624,Epsom and Ewell 010F,954,32,52,85,70,36,28,26,45,63,90,84,55,75,71,50,45,31,11,5,F,2011
E07000209,,69221,3914,3730,3632,4417,5481,4414,4591,4789,4953,5096,4429,3820,4036,3084,2595,2230,1841,1286,883,F,2011
E01030440,Guildford 001A,832,35,48,61,46,26,20,38,48,64,83,55,63,58,48,52,23,27,17,20,F,2011
E01030458,Guildford 001B,622,39,35,34,26,9,24,33,45,49,49,52,45,47,43,31,30,14,12,5,F,2011
E01030459,Guildford 001C,814,34,29,29,27,47,65,82,76,88,69,59,38,38,32,44,23,16,11,7,F,2011
E01030475,Guildford 001D,675,33,39,47,34,26,18,26,43,52,67,44,50,49,43,28,36,20,15,5,F,2011
E01030476,Guildford 001E,652,39,39,33,36,19,17,31,32,49,55,54,44,63,44,29,24,13,15,16,F,2011
E01030477,Guildford 001F,827,50,58,38,44,22,39,37,61,77,71,54,50,57,45,33,39,32,14,6,F,2011
E01030465,Guildford 002A,735,28,46,36,41,31,29,43,36,59,55,60,55,55,57,31,34,22,15,2,F,2011
E01030466,Guildford 002B,768,35,31,36,21,21,13,30,30,60,49,59,55,87,83,66,35,27,18,12,F,2011
E01030473,Guildford 002C,894,60,73,43,54,29,41,61,66,81,78,60,50,62,42,32,26,17,7,12,F,2011
E01030474,Guildford 002D,809,111,63,49,50,78,149,123,92,38,26,9,9,4,4,2,1,0,1,0,F,2011
E01030441,Guildford 003A,674,24,47,39,37,16,12,19,37,58,55,59,45,49,52,31,38,26,10,20,F,2011
E01030442,Guildford 003B,774,25,50,65,52,25,25,12,31,53,75,85,44,65,56,40,26,28,12,5,F,2011
E01030443,Guildford 003C,673,34,43,46,39,16,9,9,42,51,74,54,43,50,34,43,37,25,17,7,F,2011
E01030444,Guildford 003D,790,37,56,46,44,20,19,37,51,71,64,69,47,70,45,39,28,21,18,8,F,2011
E01030445,Guildford 003E,773,35,29,51,44,21,33,28,33,55,55,60,45,59,38,29,36,27,44,51,F,2011
E01030446,Guildford 003F,734,30,44,52,85,35,13,17,33,46,75,58,43,56,47,30,27,24,12,7,F,2011
E01030447,Guildford 003G,694,33,51,49,51,28,16,26,34,66,58,54,44,50,35,29,30,13,18,9,F,2011
E01030426,Guildford 004A,761,67,57,40,35,48,57,85,87,64,44,39,44,35,18,19,10,5,5,2,F,2011
E01030427,Guildford 004B,758,51,42,37,45,31,36,63,72,57,61,47,47,51,32,33,20,19,7,7,F,2011
E01030428,Guildford 004C,620,23,35,36,33,37,41,41,45,55,37,35,38,40,35,31,22,21,10,5,F,2011
E01030429,Guildford 004D,767,58,41,31,35,51,80,91,62,52,59,49,38,30,29,22,22,8,7,2,F,2011
E01030430,Guildford 004E,752,32,27,26,46,25,32,46,51,52,39,56,47,71,54,41,41,21,19,26,F,2011
E01030499,Guildford 005A,797,35,42,37,49,29,28,24,44,60,67,58,60,54,44,51,50,32,22,11,F,2011
E01030500,Guildford 005B,762,45,43,36,43,53,51,61,47,36,53,58,44,55,49,44,13,15,14,2,F,2011
E01030501,Guildford 005C,819,56,56,49,38,36,59,60,62,71,65,56,49,56,35,22,14,12,15,8,F,2011
E01030502,Guildford 005D,623,33,20,24,68,27,29,33,31,40,42,52,38,45,31,36,39,16,12,7,F,2011
E01030503,Guildford 005E,751,69,58,46,33,60,62,74,70,52,42,43,42,36,20,16,14,10,2,2,F,2011
E01030504,Guildford 005F,601,24,19,34,29,18,24,31,34,23,49,40,39,57,36,38,34,44,20,8,F,2011
E01030485,Guildford 006A,843,66,35,34,37,107,95,90,76,55,56,40,43,36,21,12,16,9,6,9,F,2011
E01030487,Guildford 006B,781,43,33,39,39,118,77,60,51,51,44,45,36,49,22,13,13,20,19,9,F,2011
E01030488,Guildford 006C,1099,64,68,53,77,96,83,99,94,82,87,58,51,63,29,30,22,16,15,12,F,2011
E01030489,Guildford 006D,1294,118,79,72,68,61,99,137,120,119,105,57,58,49,33,27,18,24,26,24,F,2011
E01030481,Guildford 007A,862,49,54,62,49,52,55,89,50,57,64,64,34,51,26,33,28,21,13,11,F,2011
E01030482,Guildford 007B,698,45,49,41,36,59,56,57,48,49,58,46,28,35,23,24,20,14,8,2,F,2011
E01030483,Guildford 007C,668,47,41,38,35,37,42,50,47,47,42,45,38,41,29,19,35,19,13,3,F,2011
E01030484,Guildford 007D,806,43,42,55,45,57,67,69,62,62,62,49,39,39,36,25,18,8,16,12,F,2011
E01030434,Guildford 008A,844,75,47,43,42,58,81,87,80,85,72,37,37,36,21,13,13,10,5,2,F,2011
E01030435,Guildford 008B,933,51,71,82,58,45,16,33,67,87,86,64,53,60,25,38,33,32,18,14,F,2011
E01030462,Guildford 008C,877,48,42,45,48,48,62,53,64,51,54,65,50,59,30,37,34,52,16,19,F,2011
E01030463,Guildford 008D,756,47,39,33,49,49,41,42,55,59,73,54,63,52,36,25,16,13,9,1,F,2011
E01030464,Guildford 008E,851,55,67,58,81,36,38,55,60,66,83,59,27,38,21,23,26,31,21,6,F,2011
E01030486,Guildford 009A,796,58,26,43,49,48,46,70,71,57,58,64,40,52,35,27,28,11,8,5,F,2011
E01030493,Guildford 009B,666,42,38,31,50,91,44,37,45,38,43,41,34,41,22,22,21,12,10,4,F,2011
E01030495,Guildford 009C,805,50,28,25,40,159,69,50,45,44,46,46,49,40,25,32,30,14,7,6,F,2011
E01030498,Guildford 009D,693,48,30,47,31,77,51,50,56,59,47,43,41,30,25,23,11,12,7,5,F,2011
E01030424,Guildford 010A,778,57,53,38,34,38,61,54,55,55,57,54,34,42,29,25,23,30,20,19,F,2011
E01030431,Guildford 010B,729,29,38,29,32,29,29,30,56,50,55,52,46,61,57,48,32,38,12,6,F,2011
E01030432,Guildford 010C,764,56,49,39,40,38,65,62,64,70,62,38,27,44,36,30,23,15,5,1,F,2011
E01030433,Guildford 010D,825,55,39,46,39,43,59,78,62,66,77,52,41,48,31,29,23,15,21,1,F,2011
E01030436,Guildford 011A,1136,66,71,59,61,47,82,88,77,81,101,73,57,58,45,40,31,51,28,20,F,2011
E01030437,Guildford 011B,941,39,63,59,69,35,38,54,49,66,71,72,53,62,46,50,37,28,30,20,F,2011
E01030439,Guildford 011C,883,42,60,65,78,21,36,36,51,68,74,57,43,64,54,43,50,19,16,6,F,2011
E01030460,Guildford 011D,800,38,49,52,45,31,23,29,54,63,64,64,56,40,46,38,46,32,17,13,F,2011
E01030461,Guildford 011E,858,49,47,74,47,26,28,34,51,60,88,61,47,50,47,43,35,28,21,22,F,2011
E01030470,Guildford 012A,1493,27,35,34,244,565,136,74,74,55,45,43,39,26,37,11,16,18,10,4,F,2011
E01030494,Guildford 012B,802,37,46,29,32,109,55,45,47,55,48,46,41,41,27,42,45,39,13,5,F,2011
E01030496,Guildford 012C,825,44,48,46,69,123,53,47,55,53,42,41,49,36,26,21,29,22,14,7,F,2011
E01030497,Guildford 012D,827,67,44,52,51,105,84,71,69,53,62,52,29,26,17,15,9,5,9,7,F,2011
E01030438,Guildford 013A,816,37,35,47,39,49,71,62,59,57,57,48,38,45,31,29,36,29,28,19,F,2011
E01030450,Guildford 013B,1077,78,49,39,51,158,146,136,100,72,66,38,50,26,21,9,16,11,6,5,F,2011
E01030451,Guildford 013C,848,51,34,23,36,134,155,102,68,47,33,37,32,22,16,11,13,14,14,6,F,2011
E01030453,Guildford 013D,715,29,19,36,19,62,90,110,69,48,40,39,32,22,27,20,16,17,13,7,F,2011
E01030455,Guildford 013E,728,24,21,18,23,77,103,77,55,45,35,32,43,36,33,30,16,26,15,19,F,2011
E01030457,Guildford 013F,752,53,34,18,29,83,129,97,76,46,42,34,21,24,13,18,11,12,6,6,F,2011
E01030421,Guildford 014A,753,32,34,35,42,24,31,36,49,56,71,64,76,55,54,40,19,25,7,3,F,2011
E01030422,Guildford 014B,764,54,48,31,32,37,49,68,47,62,59,65,54,36,35,31,28,11,14,3,F,2011
E01030423,Guildford 014C,860,47,43,50,45,34,45,51,61,72,85,60,59,58,35,33,29,29,15,9,F,2011
E01030425,Guildford 014D,813,55,34,33,43,30,30,46,68,69,65,61,68,66,45,37,29,22,9,3,F,2011
E01030452,Guildford 015A,935,58,28,27,50,194,121,87,87,47,43,39,31,40,14,16,15,19,13,6,F,2011
E01030467,Guildford 015B,831,56,45,41,41,53,33,44,51,59,63,64,59,56,47,33,27,22,22,15,F,2011
E01030468,Guildford 015C,1779,32,14,16,491,768,149,56,39,24,24,15,20,22,15,12,21,22,20,19,F,2011
E01030469,Guildford 015D,706,33,62,35,40,80,29,27,46,46,56,50,41,45,36,30,18,17,11,4,F,2011
E01030448,Guildford 016A,747,46,36,33,33,37,47,37,61,56,56,54,46,60,47,34,22,25,12,5,F,2011
E01030449,Guildford 016B,655,32,21,14,23,56,67,52,46,38,43,30,35,31,30,21,37,39,21,19,F,2011
E01030454,Guildford 016C,848,48,50,58,50,43,52,60,71,59,75,70,47,33,40,23,23,20,15,11,F,2011
E01030456,Guildford 016D,736,36,56,45,45,25,20,23,33,51,53,68,60,58,46,41,25,29,13,9,F,2011
E01030471,Guildford 017A,629,21,35,50,30,19,8,20,33,49,61,55,48,50,48,30,31,15,18,8,F,2011
E01030472,Guildford 017B,663,33,43,49,35,24,23,27,49,62,70,36,30,43,36,34,22,19,19,9,F,2011
E01030478,Guildford 017C,1148,45,57,74,110,34,39,42,57,70,80,62,61,74,51,49,51,46,57,89,F,2011
E01030479,Guildford 017D,953,57,51,62,52,35,58,79,66,84,64,61,58,44,32,30,23,38,37,22,F,2011
E01030480,Guildford 017E,985,78,54,61,35,31,38,37,81,76,63,62,60,58,64,51,51,38,32,15,F,2011
E01030490,Guildford 018A,821,36,56,46,54,22,21,35,49,58,79,68,61,60,56,35,33,30,17,5,F,2011
E01030491,Guildford 018B,950,56,56,56,52,44,29,55,60,73,79,59,72,64,58,50,32,26,16,13,F,2011
E01030492,Guildford 018C,1025,57,63,62,57,36,19,34,58,85,92,98,79,90,66,48,33,27,14,7,F,2011
E07000210,,43777,2203,2405,2600,2479,1754,1836,2234,2703,3311,3514,3132,2772,2973,2644,2061,1868,1503,1078,707,F,2011
E01030506,Mole Valley 001A,683,32,47,58,37,17,19,22,46,68,55,63,41,48,47,28,20,23,9,3,F,2011
E01030508,Mole Valley 001B,678,14,35,45,77,12,18,17,24,37,58,47,57,62,52,30,34,27,18,14,F,2011
E01030509,Mole Valley 001C,567,31,21,34,20,20,25,37,31,43,38,37,34,37,41,28,28,28,24,10,F,2011
E01030513,Mole Valley 001D,736,35,47,65,65,25,20,26,41,72,68,52,38,46,37,28,34,24,8,5,F,2011
E01030514,Mole Valley 001E,790,39,52,53,28,28,26,29,49,61,64,50,49,50,28,51,42,44,28,19,F,2011
E01030505,Mole Valley 002A,769,32,49,44,33,33,41,41,49,61,57,70,47,55,41,39,30,28,13,6,F,2011
E01030507,Mole Valley 002B,650,40,48,36,36,18,16,39,40,57,58,45,47,35,33,35,24,18,15,10,F,2011
E01030511,Mole Valley 002C,790,37,54,51,42,29,17,18,43,65,67,58,45,53,58,39,25,26,31,32,F,2011
E01030512,Mole Valley 002D,839,49,42,38,47,16,23,39,64,63,53,52,53,62,61,33,47,42,33,22,F,2011
E01030548,Mole Valley 003A,949,85,52,84,45,68,93,101,67,68,72,59,46,27,24,19,20,10,6,3,F,2011
E01030549,Mole Valley 003B,907,69,57,47,39,51,103,109,81,62,68,41,34,45,35,24,15,10,10,7,F,2011
E01030550,Mole Valley 003C,833,49,25,31,22,47,61,95,63,61,46,34,47,58,34,40,44,33,19,24,F,2011
E01030551,Mole Valley 003D,819,67,50,39,42,57,67,64,62,63,67,43,50,39,32,28,8,23,12,6,F,2011
E01030510,Mole Valley 004A,867,40,51,62,45,38,22,35,49,61,69,68,58,65,57,37,39,27,24,20,F,2011
E01030552,Mole Valley 004B,722,45,17,19,46,39,63,64,35,44,45,41,26,33,32,21,35,41,45,31,F,2011
E01030553,Mole Valley 004C,872,36,26,43,50,38,27,36,45,70,77,66,50,61,70,78,27,36,20,16,F,2011
E01030554,Mole Valley 004D,583,21,39,37,36,15,4,13,23,48,44,49,47,53,45,34,34,20,14,7,F,2011
E01030539,Mole Valley 005A,883,39,51,44,66,43,52,41,67,63,77,55,49,59,58,28,33,29,17,12,F,2011
E01030540,Mole Valley 005B,1021,38,37,60,57,47,26,21,36,53,65,93,91,83,99,69,62,49,21,14,F,2011
E01030541,Mole Valley 005C,688,28,36,38,42,28,15,22,28,43,67,64,47,54,45,40,35,25,25,6,F,2011
E01030542,Mole Valley 005D,653,41,39,37,48,27,23,38,50,51,57,53,39,28,24,36,33,16,10,3,F,2011
E01030543,Mole Valley 005E,794,41,42,53,70,31,33,30,61,74,61,65,43,58,36,24,24,23,20,5,F,2011
E01030516,Mole Valley 006A,694,29,37,36,27,25,34,30,30,50,48,45,39,32,42,38,37,29,49,37,F,2011
E01030517,Mole Valley 006B,815,32,42,53,46,36,23,26,43,52,70,57,63,70,64,43,46,25,19,5,F,2011
E01030518,Mole Valley 006C,709,24,25,59,39,24,7,8,27,36,71,61,31,57,57,63,59,35,18,8,F,2011
E01030519,Mole Valley 006D,832,45,53,60,68,29,27,35,57,56,68,58,52,46,45,39,38,28,18,10,F,2011
E01030520,Mole Valley 007A,797,47,47,48,31,23,19,35,44,57,60,46,51,53,49,48,49,46,26,18,F,2011
E01030521,Mole Valley 007B,863,43,43,57,52,32,43,47,38,63,77,63,61,55,46,47,38,24,17,17,F,2011
E01030522,Mole Valley 007C,643,25,26,39,34,20,15,10,30,43,52,65,47,60,41,38,36,29,23,10,F,2011
E01030523,Mole Valley 007D,627,38,21,45,30,17,24,31,32,38,38,49,31,44,56,39,34,31,22,7,F,2011
E01030524,Mole Valley 008A,972,25,33,38,29,25,21,44,44,58,75,64,80,120,100,76,77,41,16,6,F,2011
E01030525,Mole Valley 008B,805,32,45,51,48,30,15,23,40,58,84,57,46,71,60,51,26,33,28,7,F,2011
E01030526,Mole Valley 008C,685,45,47,34,35,24,24,32,50,44,69,53,37,38,37,28,33,28,14,13,F,2011
E01030527,Mole Valley 008D,827,28,45,39,40,27,19,24,45,52,86,69,67,48,67,47,39,37,30,18,F,2011
E01030532,Mole Valley 009A,776,57,54,31,44,34,30,64,69,73,63,55,47,46,40,24,23,15,4,3,F,2011
E01030533,Mole Valley 009B,700,29,59,49,58,31,30,22,33,63,69,55,41,44,33,23,27,10,17,7,F,2011
E01030534,Mole Valley 009C,680,30,27,26,24,32,53,55,45,45,37,37,31,42,25,36,34,47,29,25,F,2011
E01030556,Mole Valley 009D,1034,40,35,66,112,29,35,52,57,83,76,87,64,61,65,41,42,36,25,28,F,2011
E01030535,Mole Valley 010A,998,51,74,51,36,55,63,68,73,83,60,56,62,39,41,34,37,40,44,31,F,2011
E01030536,Mole Valley 010B,961,45,54,44,57,42,31,55,73,63,70,75,69,48,42,38,46,35,39,35,F,2011
E01030537,Mole Valley 010C,876,36,30,53,33,23,43,24,47,60,77,59,65,63,56,41,48,40,40,38,F,2011
E01030538,Mole Valley 010D,798,44,47,54,31,59,54,65,65,77,47,50,40,45,36,22,28,23,9,2,F,2011
E01030544,Mole Valley 011A,813,35,34,57,37,26,20,40,43,65,76,58,51,63,49,40,44,31,24,20,F,2011
E01030545,Mole Valley 011B,796,56,40,48,32,36,50,53,66,74,63,64,54,53,40,23,20,12,9,3,F,2011
E01030546,Mole Valley 011C,852,45,51,58,71,35,50,53,51,66,61,59,51,59,43,30,27,16,15,11,F,2011
E01030547,Mole Valley 011D,825,56,56,49,68,60,50,48,65,58,55,34,45,32,42,42,26,23,11,5,F,2011
E01030529,Mole Valley 012A,850,38,70,49,49,26,55,47,56,74,68,65,52,64,42,32,24,25,8,6,F,2011
E01030555,Mole Valley 012B,863,46,48,65,50,24,29,30,45,66,103,61,72,69,54,40,22,27,9,3,F,2011
E01030557,Mole Valley 012C,951,46,57,71,62,33,31,42,62,77,89,83,64,79,65,37,26,14,9,4,F,2011
E01030558,Mole Valley 012D,1176,80,75,56,54,38,26,80,93,89,95,64,72,78,81,48,55,41,32,19,F,2011
E01030515,Mole Valley 013A,940,31,61,52,43,30,37,37,73,63,66,62,75,95,70,42,38,35,15,15,F,2011
E01030528,Mole Valley 013B,717,23,41,44,35,28,18,28,46,53,69,59,54,63,54,37,32,14,12,7,F,2011
E01030530,Mole Valley 013C,648,32,39,43,39,28,8,21,34,63,48,63,46,50,44,42,22,12,10,4,F,2011
E01030531,Mole Valley 013D,1161,62,72,57,72,46,58,68,73,121,91,94,74,75,69,43,42,19,15,10,F,2011
E07000211,,70683,4499,4101,4054,3794,3370,4127,4944,5114,5434,5472,4643,3873,4336,3326,2528,2368,2003,1604,1093,F,2011
E01030603,Reigate and Banstead 001A,772,39,37,45,49,36,21,29,46,59,63,69,57,65,39,38,31,22,19,8,F,2011
E01030604,Reigate and Banstead 001B,772,47,48,34,22,38,44,57,58,37,62,52,50,52,48,39,30,29,13,12,F,2011
E01030605,Reigate and Banstead 001C,750,51,65,44,55,27,34,48,49,65,74,56,43,33,27,15,27,18,13,6,F,2011
E01030607,Reigate and Banstead 001D,886,48,42,51,55,37,24,46,47,68,84,75,59,72,61,47,27,24,14,5,F,2011
E01030559,Reigate and Banstead 002A,710,29,30,42,31,25,18,29,22,41,47,54,36,59,58,36,40,39,34,40,F,2011
E01030560,Reigate and Banstead 002B,915,39,39,29,15,37,55,58,51,36,39,47,51,58,43,38,51,72,90,67,F,2011
E01030561,Reigate and Banstead 002C,818,31,29,38,26,34,28,23,35,40,51,51,31,59,58,40,42,68,71,63,F,2011
E01030562,Reigate and Banstead 002D,691,42,25,42,42,35,43,43,54,58,61,51,41,36,38,20,24,19,11,6,F,2011
E01030563,Reigate and Banstead 002E,862,31,47,40,55,66,56,65,77,92,77,62,44,46,33,17,30,6,10,8,F,2011
E01030564,Reigate and Banstead 002F,720,32,58,51,40,22,27,31,61,62,69,55,45,42,31,34,25,21,7,7,F,2011
E01030606,Reigate and Banstead 003A,662,23,34,53,31,32,17,21,39,47,60,52,63,45,42,38,24,28,10,3,F,2011
E01030641,Reigate and Banstead 003B,855,41,46,64,41,36,21,43,52,52,79,79,47,76,40,18,38,40,23,19,F,2011
E01030642,Reigate and Banstead 003C,843,49,60,59,43,24,37,47,54,64,73,45,45,69,45,31,28,31,23,16,F,2011
E01030644,Reigate and Banstead 003D,633,17,26,34,35,26,23,16,32,31,66,49,44,57,64,43,32,15,12,11,F,2011
E01030565,Reigate and Banstead 004A,751,44,33,37,38,44,30,28,39,53,53,56,50,62,46,30,33,24,30,21,F,2011
E01030566,Reigate and Banstead 004B,786,55,55,54,52,28,34,52,56,82,76,54,45,51,24,23,20,16,5,4,F,2011
E01030567,Reigate and Banstead 004C,795,34,37,59,38,33,27,20,40,45,75,67,57,78,63,46,36,22,12,6,F,2011
E01030568,Reigate and Banstead 004D,772,40,43,53,53,32,34,29,43,68,66,78,49,45,43,34,29,16,12,5,F,2011
E01030569,Reigate and Banstead 004E,1389,134,111,87,71,73,96,109,142,141,120,78,54,65,39,21,21,15,7,5,F,2011
E01030608,Reigate and Banstead 005A,771,57,63,49,48,34,49,62,59,52,58,43,36,36,25,33,20,21,17,9,F,2011
E01030609,Reigate and Banstead 005B,795,73,66,52,30,54,63,68,63,62,59,41,37,28,27,20,10,15,19,8,F,2011
E01030640,Reigate and Banstead 005C,786,55,42,38,36,43,76,70,44,71,56,51,39,38,24,32,30,16,18,7,F,2011
E01030643,Reigate and Banstead 005D,711,43,38,30,25,32,37,57,66,46,44,40,39,54,37,31,27,30,15,20,F,2011
E01030635,Reigate and Banstead 006A,821,55,60,46,31,24,32,38,53,81,68,53,39,57,55,24,40,24,16,25,F,2011
E01030636,Reigate and Banstead 006B,640,28,31,62,43,36,21,18,31,48,66,42,58,44,33,32,16,16,11,4,F,2011
E01030637,Reigate and Banstead 006C,624,26,37,45,46,16,20,16,38,35,65,62,55,53,40,22,25,10,9,4,F,2011
E01030638,Reigate and Banstead 006D,775,35,43,50,47,23,23,23,41,62,73,72,52,61,53,36,39,21,17,4,F,2011
E01030639,Reigate and Banstead 006E,790,25,25,33,42,23,19,37,27,48,51,52,41,59,53,40,57,55,64,39,F,2011
E01030589,Reigate and Banstead 007A,884,33,41,63,59,43,29,23,36,56,102,61,73,68,62,52,41,20,16,6,F,2011
E01030590,Reigate and Banstead 007B,952,52,58,71,39,41,38,45,70,74,75,87,67,68,63,36,30,26,7,5,F,2011
E01030591,Reigate and Banstead 007C,726,25,33,37,38,33,29,37,35,38,60,63,54,50,42,27,34,35,26,30,F,2011
E01030592,Reigate and Banstead 007D,976,54,36,32,53,40,60,55,54,52,56,78,62,88,60,57,37,34,41,27,F,2011
E01030599,Reigate and Banstead 008A,769,54,46,50,47,53,63,69,55,64,65,41,30,36,25,11,9,17,24,10,F,2011
E01030600,Reigate and Banstead 008B,813,55,47,48,50,38,44,70,62,53,53,57,34,49,36,20,23,26,33,15,F,2011
E01030601,Reigate and Banstead 008C,832,65,60,57,54,45,47,81,62,67,47,46,37,42,28,19,15,21,27,12,F,2011
E01030602,Reigate and Banstead 008D,945,57,52,44,39,48,58,78,92,69,60,60,62,60,42,26,33,16,25,24,F,2011
E01030598,Reigate and Banstead 009A,800,48,57,38,40,34,40,54,56,61,55,47,61,50,52,29,23,24,22,9,F,2011
E01030623,Reigate and Banstead 009B,1120,72,68,48,32,29,41,78,93,100,81,50,70,76,54,49,54,48,43,34,F,2011
E01030624,Reigate and Banstead 009C,706,31,63,49,36,17,27,44,46,64,63,33,24,29,38,26,26,27,26,37,F,2011
E01030625,Reigate and Banstead 009D,859,33,59,149,106,23,32,30,48,61,61,43,37,41,41,32,31,15,10,7,F,2011
E01030626,Reigate and Banstead 009E,544,12,28,31,37,18,24,23,23,37,51,42,39,39,32,32,15,29,15,17,F,2011
E01030627,Reigate and Banstead 009F,835,41,34,26,39,31,83,89,69,69,51,40,29,34,35,32,34,42,39,18,F,2011
E01030615,Reigate and Banstead 010A,807,73,56,30,39,86,88,107,50,60,44,44,29,27,22,16,10,13,11,2,F,2011
E01030616,Reigate and Banstead 010B,818,45,49,49,40,30,27,29,54,68,73,50,44,61,49,41,49,35,16,9,F,2011
E01030617,Reigate and Banstead 010C,861,51,46,47,42,41,61,70,55,57,56,63,27,54,47,54,34,31,12,13,F,2011
E01030618,Reigate and Banstead 010D,954,73,54,45,69,64,69,88,72,77,72,57,32,41,24,33,20,22,29,13,F,2011
E01030619,Reigate and Banstead 010E,762,61,41,49,57,37,34,45,54,60,55,34,39,43,29,36,36,24,23,5,F,2011
E01030622,Reigate and Banstead 010F,937,78,46,47,37,42,85,111,88,66,75,60,47,50,25,22,21,14,18,5,F,2011
E01030610,Reigate and Banstead 011A,674,65,43,38,37,25,36,65,53,48,51,45,36,38,17,21,24,13,14,5,F,2011
E01030611,Reigate and Banstead 011B,1377,136,65,60,62,85,146,177,128,111,92,68,49,51,33,19,20,24,26,25,F,2011
E01030612,Reigate and Banstead 011C,1243,117,48,29,29,82,203,220,126,81,66,61,45,27,26,23,19,20,12,9,F,2011
E01030613,Reigate and Banstead 011D,944,85,64,51,36,77,137,141,82,63,62,40,34,23,19,15,8,3,2,2,F,2011
E01030614,Reigate and Banstead 011E,797,60,40,41,44,43,46,63,70,75,58,58,48,44,38,22,22,14,10,1,F,2011
E01030593,Reigate and Banstead 012A,702,40,48,36,30,33,43,65,64,61,56,58,39,38,28,20,19,11,7,6,F,2011
E01030596,Reigate and Banstead 012B,773,54,60,61,50,25,9,33,49,78,85,47,48,51,35,32,23,18,9,6,F,2011
E01030597,Reigate and Banstead 012C,840,91,60,33,39,25,38,74,95,81,67,47,35,44,29,22,21,16,16,7,F,2011
E01030620,Reigate and Banstead 012D,906,64,58,36,43,40,54,65,84,70,73,46,35,52,37,26,33,42,31,17,F,2011
E01030621,Reigate and Banstead 012E,842,72,56,64,48,29,44,43,69,65,57,58,28,41,33,20,27,30,27,31,F,2011
E01030594,Reigate and Banstead 013A,925,45,76,71,61,32,39,60,65,73,85,50,41,59,43,29,33,28,16,19,F,2011
E01030595,Reigate and Banstead 013B,770,46,47,51,51,23,26,52,68,81,69,46,40,51,27,21,30,20,11,10,F,2011
E01030630,Reigate and Banstead 013C,847,55,66,55,55,21,38,42,57,75,73,51,45,56,58,22,29,25,14,10,F,2011
E01030631,Reigate and Banstead 013D,807,61,56,55,52,25,49,56,65,61,70,52,38,40,30,21,22,34,17,3,F,2011
E01030570,Reigate and Banstead 014A,834,56,44,45,49,66,46,56,53,59,62,57,54,45,44,41,24,14,13,6,F,2011
E01030571,Reigate and Banstead 014B,800,44,48,61,46,37,44,37,74,57,56,68,43,63,43,28,18,17,9,7,F,2011
E01030572,Reigate and Banstead 014C,1129,90,57,74,53,91,89,132,121,86,79,62,46,73,29,19,14,7,2,5,F,2011
E01030573,Reigate and Banstead 014D,909,68,57,42,51,29,52,84,83,84,58,50,28,56,34,27,31,22,33,20,F,2011
E01030574,Reigate and Banstead 014E,896,74,69,52,50,45,80,86,78,77,77,50,30,43,31,17,14,11,6,6,F,2011
E01030628,Reigate and Banstead 015A,707,28,38,40,41,25,23,29,40,55,67,53,60,66,52,35,23,15,14,3,F,2011
E01030629,Reigate and Banstead 015B,605,37,34,32,25,28,22,44,44,61,49,38,33,56,36,20,22,12,7,5,F,2011
E01030632,Reigate and Banstead 015C,690,49,50,50,33,17,29,34,48,61,57,58,48,39,36,37,20,9,6,9,F,2011
E01030633,Reigate and Banstead 015D,696,38,34,27,38,39,33,46,50,52,47,36,32,44,37,42,34,32,21,14,F,2011
E01030634,Reigate and Banstead 015E,769,65,59,49,49,28,45,44,59,68,47,56,28,34,31,29,31,27,19,1,F,2011
E01030584,Reigate and Banstead 016A,839,35,49,47,59,39,46,44,59,66,59,54,70,67,54,39,34,9,5,4,F,2011
E01030585,Reigate and Banstead 016B,806,52,39,46,38,31,45,53,65,48,55,71,72,66,58,24,19,11,9,4,F,2011
E01030586,Reigate and Banstead 016C,874,52,56,62,69,35,56,56,71,73,71,53,52,38,42,31,24,14,14,5,F,2011
E01030587,Reigate and Banstead 016D,736,46,38,34,40,38,34,33,35,73,62,48,48,52,31,32,31,28,19,14,F,2011
E01030588,Reigate and Banstead 016E,761,53,52,38,48,45,52,48,67,54,49,44,32,55,26,32,27,19,14,6,F,2011
E01030580,Reigate and Banstead 017A,974,103,50,53,41,72,87,96,93,85,62,63,55,42,21,17,20,9,2,3,F,2011
E01030581,Reigate and Banstead 017B,634,30,30,34,44,25,25,29,35,44,45,72,53,53,35,36,19,13,4,8,F,2011
E01030582,Reigate and Banstead 017C,680,57,43,44,34,50,51,69,55,57,56,43,34,39,16,8,9,11,3,1,F,2011
E01030583,Reigate and Banstead 017D,733,29,33,45,56,31,28,28,34,65,65,57,66,62,43,23,30,20,11,7,F,2011
E01030575,Reigate and Banstead 018A,1040,79,45,40,45,77,123,99,95,75,59,70,38,34,34,24,26,38,24,15,F,2011
E01030576,Reigate and Banstead 018B,832,71,52,38,38,56,65,71,54,65,60,53,60,39,35,25,20,15,10,5,F,2011
E01030577,Reigate and Banstead 018C,820,59,39,31,49,63,64,58,58,61,60,32,48,54,45,30,29,19,13,8,F,2011
E01030578,Reigate and Banstead 018D,725,31,33,35,49,37,45,55,38,47,65,53,39,49,27,27,35,29,22,9,F,2011
E01030579,Reigate and Banstead 018E,752,26,21,23,19,38,47,48,37,39,51,33,39,46,38,44,57,52,47,47,F,2011
E07000212,,41299,2343,2013,2035,2731,3764,2260,2560,2938,2951,3043,2626,2181,2300,1876,1561,1505,1223,872,517,F,2011
E01030667,Runnymede 001A,733,32,21,22,34,103,50,64,57,41,49,40,33,26,32,22,37,24,31,15,F,2011
E01030668,Runnymede 001B,987,63,46,37,42,188,76,78,63,60,45,46,32,23,25,34,38,37,40,14,F,2011
E01030669,Runnymede 001C,813,48,34,29,47,217,32,43,65,36,58,34,39,27,23,22,26,21,4,8,F,2011
E01030670,Runnymede 001D,826,34,37,44,48,280,21,33,42,49,50,37,32,26,24,23,23,9,9,5,F,2011
E01030671,Runnymede 002A,1654,30,25,30,531,670,73,41,44,38,40,28,19,19,11,14,15,12,10,4,F,2011
E01030672,Runnymede 002B,1299,77,57,59,182,218,60,60,70,70,83,55,58,58,49,31,39,22,29,22,F,2011
E01030673,Runnymede 002C,519,24,23,27,25,47,21,24,30,40,33,40,39,39,23,19,25,16,14,10,F,2011
E01030674,Runnymede 002D,729,42,32,35,50,119,36,42,40,36,45,33,29,30,31,32,36,32,15,14,F,2011
E01030675,Runnymede 002E,701,39,26,34,42,184,28,34,37,41,43,47,27,33,28,19,16,13,7,3,F,2011
E01030676,Runnymede 002F,723,26,36,29,55,255,33,30,23,33,34,23,20,24,23,25,18,15,17,4,F,2011
E01030663,Runnymede 003A,816,56,45,55,57,47,53,40,65,63,57,50,31,43,31,30,25,33,24,11,F,2011
E01030664,Runnymede 003B,851,39,56,51,50,50,56,70,70,67,61,50,36,47,29,36,23,24,22,14,F,2011
E01030665,Runnymede 003C,769,69,42,31,41,54,74,73,74,71,42,45,45,35,13,16,17,14,9,4,F,2011
E01030666,Runnymede 003D,858,56,41,35,34,50,83,87,67,74,72,51,42,37,30,35,28,24,9,3,F,2011
E01030687,Runnymede 003E,591,17,31,23,30,33,52,26,38,43,57,58,45,42,21,19,22,23,9,2,F,2011
E01030688,Runnymede 003F,734,42,37,36,40,40,45,43,53,64,68,48,43,56,25,23,28,22,14,7,F,2011
E01030656,Runnymede 004A,811,52,39,37,46,51,40,47,62,70,64,44,47,45,39,29,31,28,25,15,F,2011
E01030658,Runnymede 004B,681,21,13,17,20,14,36,36,37,32,48,46,46,77,80,40,39,27,21,31,F,2011
E01030685,Runnymede 004C,689,33,38,33,66,28,33,31,44,64,57,61,41,38,41,32,18,17,8,6,F,2011
E01030686,Runnymede 004D,687,25,30,30,36,22,32,32,40,47,58,62,56,60,54,33,33,17,14,6,F,2011
E01030689,Runnymede 005A,691,28,34,26,37,43,30,40,53,44,64,65,45,44,29,27,30,23,25,4,F,2011
E01030690,Runnymede 005B,869,40,54,47,42,33,48,51,55,74,83,67,44,51,38,36,27,41,23,15,F,2011
E01030691,Runnymede 005C,811,36,60,66,51,22,17,23,51,68,79,67,63,39,44,45,31,25,18,6,F,2011
E01030692,Runnymede 005D,675,32,37,51,32,20,22,28,28,45,72,56,37,38,45,28,24,25,26,29,F,2011
E01030652,Runnymede 006A,833,80,39,32,30,41,53,71,90,71,63,54,31,44,31,28,31,19,15,10,F,2011
E01030653,Runnymede 006B,714,43,40,36,41,27,54,79,72,47,58,39,31,35,25,21,18,22,18,8,F,2011
E01030654,Runnymede 006C,721,58,47,31,21,31,59,61,87,55,59,43,31,41,43,15,19,8,10,2,F,2011
E01030657,Runnymede 006D,736,47,36,44,33,43,66,62,69,49,48,47,23,33,35,32,28,18,8,15,F,2011
E01030659,Runnymede 006E,806,48,43,26,35,31,50,55,56,69,46,60,55,47,43,27,38,29,26,22,F,2011
E01030647,Runnymede 007A,820,44,37,33,39,32,28,37,67,54,58,45,62,59,59,58,54,27,21,6,F,2011
E01030648,Runnymede 007B,867,72,36,43,47,42,46,57,80,52,63,55,48,43,39,23,32,39,27,23,F,2011
E01030649,Runnymede 007C,862,79,33,26,30,47,75,85,67,56,60,45,38,38,35,32,36,38,23,19,F,2011
E01030650,Runnymede 007D,639,48,42,39,32,24,46,42,52,60,49,56,31,28,30,19,19,14,7,1,F,2011
E01030651,Runnymede 007E,672,58,35,37,23,39,58,47,48,61,42,38,35,47,37,32,14,9,8,4,F,2011
E01030655,Runnymede 007F,798,47,27,35,43,48,54,50,55,57,59,55,63,59,44,34,25,26,15,2,F,2011
E01030662,Runnymede 007G,803,43,42,61,42,38,37,49,52,57,62,67,33,40,38,42,36,37,16,11,F,2011
E01030677,Runnymede 008A,812,48,33,36,38,50,43,62,82,64,69,66,49,52,39,31,22,13,11,4,F,2011
E01030678,Runnymede 008B,691,52,32,31,37,29,36,52,79,62,54,43,35,30,31,21,23,20,14,10,F,2011
E01030679,Runnymede 008C,627,35,38,32,27,23,30,21,42,59,45,38,49,55,40,31,27,17,13,5,F,2011
E01030680,Runnymede 008D,788,43,36,52,43,30,30,36,42,49,77,55,52,63,43,48,39,25,20,5,F,2011
E01030645,Runnymede 009A,989,43,60,49,62,46,61,81,63,65,74,66,41,43,39,38,50,51,37,20,F,2011
E01030646,Runnymede 009B,1044,78,48,52,44,55,75,97,78,77,87,67,66,53,42,41,26,29,21,8,F,2011
E01030660,Runnymede 009C,1094,79,67,82,73,42,37,82,100,85,93,68,56,70,48,35,24,28,14,11,F,2011
E01030661,Runnymede 009D,868,32,40,50,54,23,18,27,51,58,81,52,65,83,52,52,53,33,19,25,F,2011
E01030684,Runnymede 009E,753,52,51,44,35,34,48,60,65,66,61,40,42,35,46,31,20,16,6,1,F,2011
E01030681,Runnymede 010A,804,50,44,45,39,35,43,54,62,63,63,61,52,41,39,36,34,21,13,9,F,2011
E01030682,Runnymede 010B,654,42,32,33,36,26,26,54,57,57,52,48,34,37,33,16,24,25,15,7,F,2011
E01030683,Runnymede 010C,677,40,35,44,35,30,37,41,58,59,52,60,39,44,31,27,18,13,11,3,F,2011
E01030693,Runnymede 010D,630,32,32,38,39,18,20,27,40,48,44,40,45,55,33,37,31,29,13,9,F,2011
E01030694,Runnymede 010E,690,34,47,44,50,40,26,36,48,62,50,56,47,41,23,24,24,22,10,6,F,2011
E01030695,Runnymede 010F,645,21,35,33,31,23,17,15,29,46,55,56,51,79,38,32,44,18,15,7,F,2011
E01030696,Runnymede 010G,745,34,32,43,34,29,36,44,39,73,57,53,28,48,52,28,47,33,23,12,F,2011
E07000213,,48670,2936,2526,2478,2624,2600,2984,3429,3354,3818,3885,3232,2668,2789,2420,2042,1850,1484,975,576,F,2011
E01030743,Spelthorne 001A,750,38,25,40,47,42,47,60,39,59,55,54,43,64,39,28,24,29,9,8,F,2011
E01030744,Spelthorne 001B,737,42,39,21,35,62,64,90,48,69,45,57,41,25,28,23,21,14,9,4,F,2011
E01030745,Spelthorne 001C,844,58,42,62,74,48,57,64,47,71,72,61,33,32,31,35,17,20,11,9,F,2011
E01030747,Spelthorne 001D,679,51,40,33,36,43,68,57,45,57,54,49,32,43,36,15,11,5,2,2,F,2011
E01030709,Spelthorne 002A,780,68,50,56,44,46,52,76,55,62,75,48,38,29,26,20,19,11,4,1,F,2011
E01030710,Spelthorne 002B,850,73,55,40,42,41,69,89,76,58,67,41,49,33,27,25,26,23,9,7,F,2011
E01030711,Spelthorne 002C,905,76,52,59,41,47,76,77,83,72,57,43,42,31,38,35,21,24,14,17,F,2011
E01030746,Spelthorne 002D,834,52,55,55,42,57,56,63,57,64,54,47,35,43,25,35,29,32,22,11,F,2011
E01030707,Spelthorne 003A,774,68,27,29,29,50,67,91,59,42,61,45,30,49,32,35,18,20,16,6,F,2011
E01030708,Spelthorne 003B,828,53,53,40,50,49,52,55,79,64,65,54,43,50,36,25,35,14,6,5,F,2011
E01030712,Spelthorne 003C,687,34,28,25,38,51,46,52,36,63,45,40,41,48,38,19,25,25,18,15,F,2011
E01030713,Spelthorne 003D,600,25,31,30,43,40,23,50,32,55,48,55,38,38,22,21,14,18,11,6,F,2011
E01030714,Spelthorne 003E,892,45,29,34,39,71,63,92,82,76,63,69,55,52,32,32,18,20,11,9,F,2011
E01030715,Spelthorne 003F,738,28,27,41,51,37,38,47,46,56,73,69,43,44,38,32,27,27,5,9,F,2011
E01030716,Spelthorne 003G,764,37,34,43,40,36,26,46,46,58,56,66,42,52,45,42,35,27,16,17,F,2011
E01030734,Spelthorne 004A,784,46,39,64,55,48,69,72,52,62,66,53,41,42,30,13,16,10,6,0,F,2011
E01030735,Spelthorne 004B,803,49,55,42,31,42,60,64,56,81,57,36,43,54,28,24,30,26,14,11,F,2011
E01030736,Spelthorne 004C,865,72,34,16,24,53,149,124,85,50,56,43,36,29,22,25,15,15,14,3,F,2011
E01030737,Spelthorne 004D,700,43,24,20,21,49,76,54,58,65,55,28,36,37,33,21,26,23,20,11,F,2011
E01030738,Spelthorne 004E,782,56,50,32,42,41,66,74,51,70,71,57,42,30,24,14,22,20,14,6,F,2011
E01030701,Spelthorne 005A,822,51,44,48,51,47,45,52,56,58,61,50,37,48,39,39,36,40,16,4,F,2011
E01030702,Spelthorne 005B,587,45,37,28,29,32,43,51,50,37,45,37,29,26,21,21,17,16,20,3,F,2011
E01030703,Spelthorne 005C,805,37,41,54,46,45,34,45,43,74,71,45,40,45,47,45,47,24,17,5,F,2011
E01030704,Spelthorne 005D,741,34,39,30,34,37,42,33,33,47,57,48,45,51,49,30,42,35,41,14,F,2011
E01030705,Spelthorne 005E,833,51,44,41,49,51,46,45,41,60,76,66,48,59,41,36,35,20,16,8,F,2011
E01030706,Spelthorne 005F,708,33,39,38,38,40,46,42,56,48,66,49,51,39,42,30,17,17,9,8,F,2011
E01030697,Spelthorne 006A,778,29,38,51,49,41,42,43,42,74,78,44,39,43,42,44,36,27,11,5,F,2011
E01030698,Spelthorne 006B,870,62,52,45,63,45,34,59,57,80,69,61,48,43,40,21,33,35,20,3,F,2011
E01030699,Spelthorne 006C,750,46,33,30,45,28,32,42,48,48,64,53,42,40,67,40,40,32,16,4,F,2011
E01030700,Spelthorne 006D,888,68,31,37,40,40,92,72,85,66,79,45,39,36,48,43,24,22,15,6,F,2011
E01030725,Spelthorne 006E,882,90,58,39,35,61,121,113,80,64,59,32,27,28,21,17,18,10,4,5,F,2011
E01030729,Spelthorne 007A,787,40,47,32,60,42,38,38,57,61,65,59,55,50,41,38,26,20,12,6,F,2011
E01030739,Spelthorne 007B,879,63,48,52,49,39,43,66,61,65,70,53,41,42,36,32,26,42,33,18,F,2011
E01030740,Spelthorne 007C,906,58,53,61,54,31,34,45,67,66,69,61,51,55,57,27,37,35,30,15,F,2011
E01030741,Spelthorne 007D,907,60,68,51,61,54,61,74,68,81,82,64,46,38,29,27,21,13,9,0,F,2011
E01030748,Spelthorne 008A,862,62,46,54,56,47,48,54,53,73,76,70,49,44,21,43,29,17,12,8,F,2011
E01030749,Spelthorne 008B,817,66,63,55,42,40,45,62,71,59,71,50,30,34,28,23,20,24,22,12,F,2011
E01030750,Spelthorne 008C,816,68,53,48,57,44,69,66,55,56,80,55,34,32,24,24,26,12,9,4,F,2011
E01030751,Spelthorne 008D,756,40,30,30,34,70,68,61,62,56,66,55,43,37,24,25,21,17,13,4,F,2011
E01030752,Spelthorne 008E,818,65,48,44,54,42,54,66,89,57,44,42,42,32,21,18,35,21,19,25,F,2011
E01030726,Spelthorne 009A,870,35,54,71,63,31,24,39,60,87,67,47,58,66,49,37,30,32,10,10,F,2011
E01030727,Spelthorne 009B,954,52,37,26,33,48,66,91,78,63,61,81,54,47,53,51,42,28,33,10,F,2011
E01030728,Spelthorne 009C,836,34,44,31,39,31,40,38,52,53,63,72,53,65,62,60,40,32,21,6,F,2011
E01030742,Spelthorne 009D,970,60,50,40,53,39,39,60,73,82,74,63,42,54,55,56,54,38,25,13,F,2011
E01030753,Spelthorne 010A,849,24,41,47,39,37,41,43,47,67,70,55,60,67,61,42,42,34,22,10,F,2011
E01030754,Spelthorne 010B,758,33,32,46,32,27,24,35,41,52,59,52,52,61,51,43,43,39,19,17,F,2011
E01030755,Spelthorne 010C,1023,84,79,53,47,61,69,74,74,86,65,55,53,54,40,35,37,27,18,12,F,2011
E01030756,Spelthorne 010D,840,59,41,25,35,35,28,38,63,64,79,61,59,62,50,57,33,21,21,9,F,2011
E01030717,Spelthorne 011A,826,47,32,35,46,56,51,58,31,69,60,55,45,51,48,63,48,21,8,2,F,2011
E01030718,Spelthorne 011B,697,40,37,46,51,40,22,46,52,60,59,43,42,42,34,26,37,12,5,3,F,2011
E01030719,Spelthorne 011C,804,44,44,47,40,31,33,43,45,66,53,61,52,46,37,42,48,33,20,19,F,2011
E01030720,Spelthorne 011D,829,36,43,39,43,30,22,39,36,58,66,48,55,58,63,48,43,34,24,44,F,2011
E01030721,Spelthorne 012A,812,41,44,41,34,32,24,31,64,68,69,60,51,54,43,34,26,43,22,31,F,2011
E01030722,Spelthorne 012B,809,49,40,44,42,45,36,34,55,60,77,57,72,54,51,34,31,15,10,3,F,2011
E01030723,Spelthorne 012C,769,21,37,37,47,39,35,30,42,59,62,83,47,54,51,47,37,21,14,6,F,2011
E01030724,Spelthorne 012D,786,45,29,55,45,43,42,44,50,62,80,61,38,45,35,23,25,36,17,11,F,2011
E01030730,Spelthorne 013A,888,32,35,37,36,37,26,32,43,69,62,62,56,81,77,58,59,36,37,13,F,2011
E01030731,Spelthorne 013B,953,58,51,46,68,44,36,47,58,77,87,70,47,62,51,46,53,26,20,6,F,2011
E01030732,Spelthorne 013C,789,33,30,27,24,29,24,28,43,71,69,50,47,77,76,57,39,29,22,14,F,2011
E01030733,Spelthorne 013D,800,27,25,35,37,36,41,53,41,61,60,42,46,42,65,41,48,45,32,23,F,2011
E07000214,,43375,2514,2505,2571,2490,2021,2213,2547,3051,3554,3609,3090,2610,2681,2195,1738,1596,1135,737,518,F,2011
E01030763,Surrey Heath 001A,600,24,29,21,23,23,22,23,38,50,57,59,41,47,48,41,24,15,6,9,F,2011
E01030764,Surrey Heath 001B,617,26,45,30,28,18,15,20,41,53,53,46,50,51,44,30,23,17,15,12,F,2011
E01030765,Surrey Heath 001C,714,52,32,38,33,28,30,28,51,53,55,62,38,43,36,38,44,25,18,10,F,2011
E01030809,Surrey Heath 001D,721,34,46,30,36,23,23,38,45,53,87,61,45,45,33,39,34,21,16,12,F,2011
E01030810,Surrey Heath 001E,711,40,44,45,37,30,18,19,53,65,70,64,48,60,43,29,18,11,10,7,F,2011
E01030811,Surrey Heath 001F,771,46,50,46,31,27,9,32,56,63,82,65,56,52,38,40,46,18,11,3,F,2011
E01030757,Surrey Heath 002A,790,57,42,35,36,43,63,72,77,73,71,55,54,45,24,13,14,9,5,2,F,2011
E01030758,Surrey Heath 002B,619,44,30,29,20,25,34,52,37,43,51,35,31,39,31,26,27,24,22,19,F,2011
E01030759,Surrey Heath 002C,802,38,42,37,31,35,40,74,57,55,63,37,41,45,30,37,50,37,38,15,F,2011
E01030760,Surrey Heath 002D,609,34,28,31,33,27,18,27,51,52,54,48,50,54,36,28,14,10,7,7,F,2011
E01030778,Surrey Heath 003A,916,58,58,60,59,23,30,54,52,88,78,60,71,56,61,45,34,17,8,4,F,2011
E01030779,Surrey Heath 003B,926,41,44,54,50,28,39,33,46,80,70,73,58,72,62,48,53,41,20,14,F,2011
E01030780,Surrey Heath 003C,833,32,41,51,65,37,44,40,47,75,85,70,57,59,37,32,23,19,7,12,F,2011
E01030781,Surrey Heath 003D,807,69,53,37,35,39,35,52,69,71,74,54,43,46,36,36,26,21,5,6,F,2011
E01030786,Surrey Heath 004A,955,84,57,60,58,86,80,69,66,75,56,48,38,30,31,34,28,22,23,10,F,2011
E01030787,Surrey Heath 004B,735,44,47,49,53,32,40,46,63,63,66,43,36,18,20,26,44,29,14,2,F,2011
E01030788,Surrey Heath 004C,741,80,48,55,62,42,50,45,43,50,47,54,33,26,21,46,26,11,2,0,F,2011
E01030801,Surrey Heath 004D,829,71,44,42,40,52,63,89,81,98,64,39,40,21,22,16,27,11,4,5,F,2011
E01030802,Surrey Heath 004E,830,36,42,42,38,60,43,53,56,57,71,55,58,51,49,31,42,25,17,4,F,2011
E01030796,Surrey Heath 005A,724,36,46,52,46,23,20,37,42,69,56,50,39,44,49,34,36,27,12,6,F,2011
E01030797,Surrey Heath 005B,759,46,45,48,41,37,36,31,57,62,82,53,52,38,25,20,29,19,14,24,F,2011
E01030798,Surrey Heath 005C,752,42,42,52,51,30,14,20,44,49,81,59,48,61,58,36,28,23,10,4,F,2011
E01030799,Surrey Heath 005D,699,23,44,57,40,27,32,24,30,61,64,54,48,63,46,31,24,17,6,8,F,2011
E01030800,Surrey Heath 005E,849,39,36,38,41,42,79,57,62,64,40,53,42,41,37,36,30,38,44,30,F,2011
E01030761,Surrey Heath 006A,767,38,48,46,47,37,23,27,49,72,61,68,54,54,33,36,36,17,11,10,F,2011
E01030762,Surrey Heath 006B,949,56,50,62,46,53,53,65,65,82,102,72,76,40,36,27,26,17,13,8,F,2011
E01030806,Surrey Heath 006C,787,38,54,71,75,27,15,23,46,72,96,81,45,50,37,25,19,7,5,1,F,2011
E01030807,Surrey Heath 006D,786,30,51,99,95,33,21,21,50,66,74,54,35,43,36,32,19,18,7,2,F,2011
E01030808,Surrey Heath 006E,794,35,69,48,41,21,40,38,58,84,66,63,43,53,48,38,23,16,4,6,F,2011
E01030774,Surrey Heath 007A,706,53,37,54,48,25,37,45,70,56,76,54,36,34,28,24,18,4,2,5,F,2011
E01030775,Surrey Heath 007B,723,33,46,45,48,30,21,31,29,62,61,54,50,62,54,40,27,17,9,4,F,2011
E01030776,Surrey Heath 007C,832,53,48,41,47,35,42,42,54,59,56,69,71,76,58,37,22,8,11,3,F,2011
E01030777,Surrey Heath 007D,824,52,61,59,36,38,53,78,65,69,50,71,41,39,34,27,22,17,7,5,F,2011
E01030793,Surrey Heath 008A,738,63,48,41,36,54,66,73,58,51,59,44,32,30,24,19,19,12,8,1,F,2011
E01030794,Surrey Heath 008B,787,55,47,42,36,28,51,79,75,69,55,42,44,45,29,27,17,13,16,17,F,2011
E01030795,Surrey Heath 008C,1084,50,41,38,54,69,92,87,72,65,67,51,43,41,58,43,52,64,48,49,F,2011
E01030803,Surrey Heath 008D,848,64,37,54,49,44,72,67,76,58,71,48,50,41,35,21,26,15,14,6,F,2011
E01030804,Surrey Heath 008E,930,38,53,43,43,35,42,40,59,70,72,68,55,67,59,39,54,38,32,23,F,2011
E01030805,Surrey Heath 008F,805,51,32,56,45,58,63,35,63,64,64,56,42,43,36,22,25,27,15,8,F,2011
E01030789,Surrey Heath 009A,733,29,37,32,45,27,35,32,39,47,60,57,53,66,61,35,28,24,11,15,F,2011
E01030790,Surrey Heath 009B,855,48,56,53,44,39,36,44,68,85,70,45,48,54,46,35,32,33,11,8,F,2011
E01030791,Surrey Heath 009C,841,44,45,53,35,39,26,43,49,70,68,65,58,68,61,49,34,22,8,4,F,2011
E01030792,Surrey Heath 009D,683,29,50,34,53,20,21,17,30,53,71,54,57,62,51,42,24,10,1,4,F,2011
E01030766,Surrey Heath 010A,834,41,56,35,33,35,56,53,69,65,53,56,35,63,37,31,35,28,26,27,F,2011
E01030767,Surrey Heath 010B,833,65,55,59,50,42,53,63,67,68,54,44,43,40,31,28,31,21,15,4,F,2011
E01030768,Surrey Heath 010C,710,44,47,47,47,41,28,33,55,65,49,55,36,45,41,26,32,15,2,2,F,2011
E01030769,Surrey Heath 010D,781,26,52,55,65,27,27,23,55,70,70,70,54,58,50,32,27,13,6,1,F,2011
E01030770,Surrey Heath 011A,760,48,28,49,48,32,46,58,42,75,66,52,43,58,36,30,21,18,10,0,F,2011
E01030771,Surrey Heath 011B,662,33,41,44,49,26,25,35,34,50,62,58,69,52,42,13,13,11,4,1,F,2011
E01030772,Surrey Heath 011C,749,37,38,40,54,38,34,52,54,52,61,52,50,43,34,28,24,20,23,15,F,2011
E01030773,Surrey Heath 011D,734,50,42,53,44,27,40,50,64,55,64,48,49,48,30,20,21,20,8,1,F,2011
E01030782,Surrey Heath 012A,785,41,35,35,42,42,38,48,46,55,48,67,47,63,42,40,37,30,16,13,F,2011
E01030783,Surrey Heath 012B,843,58,43,36,52,51,51,60,59,65,69,56,46,44,42,24,28,32,16,11,F,2011
E01030784,Surrey Heath 012C,1203,88,94,87,57,84,98,123,127,103,82,57,36,34,18,18,22,16,30,29,F,2011
E01030785,Surrey Heath 012D,700,28,29,21,39,27,31,27,40,55,55,62,52,58,51,38,38,25,14,10,F,2011
E07000215,,42913,2437,2340,2653,2580,1942,1968,2418,2773,3336,3377,2997,2647,2825,2434,1721,1560,1373,894,638,F,2011
E01030855,Tandridge 002A,905,24,33,50,54,37,27,30,40,49,77,88,75,93,66,61,41,26,21,13,F,2011
E01030856,Tandridge 002B,779,42,41,49,40,34,37,35,50,54,71,59,45,48,47,34,31,30,23,9,F,2011
E01030859,Tandridge 002C,932,63,43,37,38,66,101,108,63,78,68,57,50,46,41,30,16,13,11,3,F,2011
E01030860,Tandridge 002D,1032,96,64,50,49,74,86,125,95,72,60,63,41,45,43,19,14,18,10,8,F,2011
E01030844,Tandridge 003A,935,86,69,57,56,45,42,75,77,77,69,54,64,52,33,29,22,14,11,3,F,2011
E01030845,Tandridge 003B,665,50,41,33,36,44,41,51,50,64,52,34,43,30,27,22,15,15,8,9,F,2011
E01030846,Tandridge 003C,788,34,38,40,44,29,29,45,43,57,56,59,48,49,53,45,33,33,25,28,F,2011
E01030857,Tandridge 003D,1173,77,82,74,60,64,78,95,127,115,88,59,57,50,41,18,29,20,23,16,F,2011
E01030858,Tandridge 003E,1110,57,79,76,61,60,81,89,73,97,74,72,74,55,56,38,25,17,21,5,F,2011
E01030828,Tandridge 004A,645,27,26,45,77,29,16,25,28,46,61,46,53,51,46,16,18,13,8,14,F,2011
E01030829,Tandridge 004B,747,53,32,25,33,38,46,62,43,47,45,44,45,43,38,25,32,44,24,28,F,2011
E01030830,Tandridge 004C,666,61,37,40,25,32,29,58,44,56,59,51,40,27,34,20,21,18,9,5,F,2011
E01030850,Tandridge 004D,1158,112,68,46,36,54,109,117,78,92,74,60,42,53,34,40,41,48,39,15,F,2011
E01030851,Tandridge 004E,1066,93,69,64,53,59,73,89,97,92,74,68,62,61,43,31,21,8,7,2,F,2011
E01030861,Tandridge 004F,1236,45,47,173,216,38,32,45,39,72,71,92,80,90,62,51,36,23,15,9,F,2011
E01030820,Tandridge 005A,884,28,35,58,57,39,22,30,46,62,76,64,64,72,80,41,40,34,19,17,F,2011
E01030847,Tandridge 005B,871,18,35,45,51,31,37,29,39,50,79,55,52,60,42,41,57,53,50,47,F,2011
E01030848,Tandridge 005C,1077,65,77,82,67,52,48,57,82,101,101,67,54,69,52,28,31,20,15,9,F,2011
E01030831,Tandridge 006A,1141,48,61,61,66,36,40,51,58,78,87,94,93,91,82,51,61,36,26,21,F,2011
E01030832,Tandridge 006B,686,34,19,60,33,14,12,23,35,60,65,59,46,48,56,39,29,27,17,10,F,2011
E01030836,Tandridge 006C,834,39,43,53,47,27,36,39,62,73,52,46,34,42,30,40,43,62,47,19,F,2011
E01030837,Tandridge 006D,845,57,48,58,57,27,28,50,55,67,61,47,48,39,43,22,39,38,30,31,F,2011
E01030838,Tandridge 006E,648,41,35,51,35,19,27,33,48,43,56,59,35,52,42,27,24,13,4,4,F,2011
E01030839,Tandridge 006F,743,27,44,69,50,27,25,22,33,54,69,54,49,54,44,31,35,33,19,4,F,2011
E01030840,Tandridge 007A,772,53,49,45,42,32,22,41,59,78,55,43,41,43,38,34,29,23,22,23,F,2011
E01030841,Tandridge 007B,645,33,32,38,37,24,13,20,46,38,40,61,58,45,45,30,34,31,15,5,F,2011
E01030842,Tandridge 007C,950,60,68,78,64,54,40,60,57,95,71,67,37,51,41,36,22,23,14,12,F,2011
E01030843,Tandridge 007D,787,50,56,55,56,46,38,47,43,78,65,47,41,57,38,25,20,12,7,6,F,2011
E01030812,Tandridge 008A,813,50,47,49,46,38,46,41,59,62,63,68,51,58,50,30,23,17,10,5,F,2011
E01030813,Tandridge 008B,772,64,26,37,47,25,35,53,51,52,70,45,60,73,47,30,22,21,11,3,F,2011
E01030814,Tandridge 008C,676,34,42,45,54,30,17,33,32,58,65,44,49,44,34,26,31,22,8,8,F,2011
E01030815,Tandridge 008D,747,48,47,39,39,19,25,35,63,68,78,51,48,47,45,35,22,20,9,9,F,2011
E01030824,Tandridge 009A,815,54,54,49,44,41,45,51,62,59,65,41,31,49,32,34,20,44,15,25,F,2011
E01030825,Tandridge 009B,736,43,44,41,31,32,18,31,44,52,65,47,35,52,44,52,38,36,14,17,F,2011
E01030826,Tandridge 009C,759,46,63,64,44,34,35,40,54,56,69,45,47,47,28,23,31,22,6,5,F,2011
E01030827,Tandridge 009D,808,40,42,39,48,27,50,45,48,71,64,54,50,57,56,36,27,23,19,12,F,2011
E01030821,Tandridge 010A,1129,39,64,53,67,117,76,54,86,77,93,62,71,72,62,44,34,34,17,7,F,2011
E01030822,Tandridge 010B,925,48,52,58,47,30,26,34,49,65,86,85,78,71,61,41,30,36,16,12,F,2011
E01030833,Tandridge 010C,738,39,38,27,21,23,34,37,35,48,43,46,35,50,48,34,53,46,44,37,F,2011
E01030834,Tandridge 010D,711,44,45,35,30,44,31,40,55,53,50,59,41,50,53,35,25,12,5,4,F,2011
E01030835,Tandridge 010E,774,54,48,46,57,25,22,38,59,67,57,60,49,60,52,27,17,19,10,7,F,2011
E01030816,Tandridge 011A,783,48,33,44,57,37,29,28,45,55,65,64,78,53,57,37,18,17,10,8,F,2011
E01030817,Tandridge 011B,703,27,30,48,33,22,23,26,55,57,76,49,44,50,49,32,32,26,14,10,F,2011
E01030818,Tandridge 011C,636,30,33,40,38,27,24,35,45,51,47,39,44,44,38,36,20,17,16,12,F,2011
E01030819,Tandridge 011D,726,26,32,32,33,41,29,34,46,66,60,60,37,63,64,37,28,27,7,4,F,2011
E01030823,Tandridge 011E,1078,46,63,73,64,35,29,39,51,73,94,98,85,98,79,47,43,28,21,12,F,2011
E01030852,Tandridge 012A,1037,50,45,56,74,44,52,48,57,92,62,80,71,62,48,42,37,50,35,32,F,2011
E01030853,Tandridge 012B,886,44,36,51,50,40,39,53,46,61,74,75,42,64,49,36,50,38,25,13,F,2011
E01030854,Tandridge 012C,1014,49,44,53,61,51,32,39,65,75,81,73,64,68,63,44,61,50,28,13,F,2011
E01032571,Tandridge 012D,927,41,41,62,55,29,36,33,56,73,74,83,66,77,78,39,39,23,14,8,F,2011
E07000216,,62401,3640,3569,3651,3741,2491,2574,3391,4246,4719,4845,4200,3712,4144,3572,2724,2518,2000,1523,1141,F,2011
E01030890,Waverley 001A,826,55,59,48,57,21,43,63,62,64,69,43,45,35,52,36,33,19,9,13,F,2011
E01030902,Waverley 001B,662,35,33,53,26,16,27,37,50,52,58,39,38,53,46,38,28,14,12,7,F,2011
E01030903,Waverley 001C,792,45,44,49,38,38,35,65,63,75,83,48,46,43,34,32,19,15,12,8,F,2011
E01030904,Waverley 001D,703,30,24,38,26,34,32,21,40,56,54,28,52,58,52,49,44,31,28,6,F,2011
E01030891,Waverley 002A,802,42,48,57,40,30,18,40,60,56,71,62,49,59,47,49,33,28,10,3,F,2011
E01030892,Waverley 002B,661,50,48,36,29,31,43,47,60,66,33,37,37,39,44,19,21,12,5,4,F,2011
E01030899,Waverley 002C,795,34,31,35,50,30,32,41,48,67,72,60,59,76,49,39,35,20,12,5,F,2011
E01030900,Waverley 002D,619,32,32,38,45,20,15,30,43,39,46,35,48,54,51,41,17,17,12,4,F,2011
E01030901,Waverley 002E,720,52,59,60,52,58,43,59,54,61,48,40,34,40,23,19,13,1,4,0,F,2011
E01030884,Waverley 003A,763,41,33,30,29,81,61,49,51,59,52,46,40,46,43,34,27,19,11,11,F,2011
E01030885,Waverley 003B,854,19,16,12,109,162,41,41,28,32,26,24,19,35,35,19,52,57,73,54,F,2011
E01030886,Waverley 003C,641,32,33,47,33,40,26,31,35,54,56,51,40,47,27,26,20,15,16,12,F,2011
E01030893,Waverley 003D,1003,88,58,46,40,89,83,80,77,76,70,53,59,53,32,29,24,27,13,6,F,2011
E01030895,Waverley 003E,802,52,32,33,28,103,63,65,56,59,46,29,35,29,21,21,25,28,29,48,F,2011
E01030881,Waverley 004A,713,29,47,57,43,13,13,14,36,54,72,46,48,60,50,38,43,22,19,9,F,2011
E01030883,Waverley 004B,713,30,52,47,41,24,8,21,45,57,57,58,46,47,38,28,38,35,14,27,F,2011
E01030888,Waverley 004C,783,63,76,40,37,19,24,50,63,74,53,50,42,51,32,32,33,27,8,9,F,2011
E01030894,Waverley 004D,814,26,54,66,50,17,18,22,41,63,77,59,63,56,64,47,27,26,16,22,F,2011
E01030911,Waverley 005A,795,59,45,31,31,38,29,59,64,48,56,50,40,50,72,44,30,31,14,4,F,2011
E01030912,Waverley 005B,706,32,25,43,60,40,29,29,46,46,63,48,41,48,28,33,46,27,16,6,F,2011
E01030913,Waverley 005C,633,43,40,34,42,28,44,59,39,46,47,39,32,42,36,19,20,12,9,2,F,2011
E01030920,Waverley 005D,774,60,33,32,32,37,41,65,79,50,47,46,44,45,26,28,23,35,34,17,F,2011
E01030921,Waverley 005E,911,53,51,36,37,27,51,89,74,69,57,55,33,42,41,43,38,49,33,33,F,2011
E01030882,Waverley 006A,672,41,49,37,31,23,15,19,56,57,56,52,57,43,36,36,26,16,16,6,F,2011
E01030887,Waverley 006B,709,49,49,45,37,21,21,25,63,56,53,39,33,48,44,33,31,28,18,16,F,2011
E01030889,Waverley 006C,784,71,47,27,33,43,42,57,59,45,50,43,35,41,23,35,40,33,38,22,F,2011
E01030896,Waverley 006D,586,34,37,26,20,29,46,45,44,51,50,43,41,36,20,20,19,13,6,6,F,2011
E01030897,Waverley 006E,675,40,46,36,46,23,21,42,44,61,56,50,39,56,38,21,25,14,13,4,F,2011
E01030916,Waverley 007A,852,66,39,28,25,43,79,109,98,57,57,33,33,35,30,23,26,25,22,24,F,2011
E01030917,Waverley 007B,495,37,34,15,12,19,53,51,55,52,28,28,27,31,16,10,13,5,3,6,F,2011
E01030918,Waverley 007C,596,37,18,16,13,14,40,55,49,43,38,36,37,34,42,25,41,16,23,19,F,2011
E01030919,Waverley 007D,711,48,32,32,107,16,13,44,46,46,48,53,36,63,46,36,23,10,10,2,F,2011
E01030922,Waverley 007E,727,61,36,25,30,32,43,60,67,49,40,58,59,48,35,31,28,14,9,2,F,2011
E01030863,Waverley 008A,1021,65,97,70,47,22,34,36,53,86,68,81,57,80,59,49,57,21,23,16,F,2011
E01030865,Waverley 008B,861,39,38,77,121,34,34,40,36,61,46,52,50,48,59,39,29,19,24,15,F,2011
E01030866,Waverley 008C,833,57,69,54,32,24,35,38,73,67,77,50,41,48,42,40,30,24,20,12,F,2011
E01030940,Waverley 008D,907,54,67,44,46,24,26,41,54,70,79,69,60,66,69,32,36,29,25,16,F,2011
E01030898,Waverley 009A,786,39,43,59,45,15,20,26,58,63,78,57,52,52,49,38,36,35,14,7,F,2011
E01030905,Waverley 009B,786,54,39,50,46,36,48,53,67,55,71,43,40,55,41,25,22,15,14,12,F,2011
E01030906,Waverley 009C,862,58,46,59,51,26,32,37,74,63,69,73,61,59,48,25,30,29,17,5,F,2011
E01030907,Waverley 009D,665,37,42,42,60,18,18,24,32,50,39,38,57,38,53,37,33,21,11,15,F,2011
E01030914,Waverley 010A,699,58,34,34,32,37,57,71,61,65,46,39,25,23,29,30,19,19,15,5,F,2011
E01030915,Waverley 010B,831,71,42,50,46,24,39,65,72,78,80,53,36,41,37,33,28,21,7,8,F,2011
E01030923,Waverley 010C,728,44,55,47,29,21,15,59,62,52,61,63,28,50,47,35,23,21,13,3,F,2011
E01030924,Waverley 010D,627,46,38,27,34,26,26,42,59,42,46,56,40,39,33,23,22,10,10,8,F,2011
E01030925,Waverley 010E,871,60,77,60,44,21,22,32,56,73,66,69,57,70,45,28,31,30,19,11,F,2011
E01030877,Waverley 011A,603,35,40,11,31,20,19,23,37,33,49,34,35,50,37,42,31,34,21,21,F,2011
E01030878,Waverley 011B,793,42,41,53,44,22,14,24,38,57,79,65,43,63,64,45,48,31,14,6,F,2011
E01030937,Waverley 011C,847,57,53,52,45,32,38,67,69,77,68,51,31,59,41,29,30,25,11,12,F,2011
E01030938,Waverley 011D,731,34,36,32,37,33,40,36,41,40,55,46,45,52,32,40,44,33,30,25,F,2011
E01030939,Waverley 011E,606,34,36,43,39,15,17,23,47,49,67,50,35,39,28,26,22,22,7,7,F,2011
E01030864,Waverley 012A,770,29,37,60,51,21,21,30,40,61,64,74,57,57,45,27,32,22,19,23,F,2011
E01030879,Waverley 012B,577,32,43,30,22,15,18,22,26,44,55,44,46,61,47,22,21,16,8,5,F,2011
E01030941,Waverley 012C,813,38,46,76,114,19,21,33,46,67,53,47,52,50,38,26,27,23,14,23,F,2011
E01030942,Waverley 012D,721,33,42,59,42,21,16,24,48,54,85,60,49,54,46,31,19,18,12,8,F,2011
E01030943,Waverley 012E,681,58,52,55,33,22,28,42,46,66,47,39,43,39,38,20,19,17,10,7,F,2011
E01030870,Waverley 013A,835,44,37,48,53,26,23,24,40,55,53,70,59,82,84,54,43,24,10,6,F,2011
E01030871,Waverley 013B,827,61,45,46,54,26,48,44,70,49,62,64,54,67,46,36,24,17,9,5,F,2011
E01030872,Waverley 013C,914,46,37,45,39,41,45,58,55,58,62,58,48,56,58,52,47,46,34,29,F,2011
E01030873,Waverley 013D,732,27,36,55,51,26,21,31,35,49,77,43,64,44,42,31,40,21,23,16,F,2011
E01030874,Waverley 013E,794,18,32,88,144,29,18,20,35,46,50,59,46,55,54,25,31,19,15,10,F,2011
E01030875,Waverley 013F,664,43,28,29,26,25,43,42,46,50,43,47,34,40,54,26,20,25,22,21,F,2011
E01030876,Waverley 013G,629,19,27,37,25,11,10,8,33,41,44,34,44,76,77,55,43,23,15,7,F,2011
E01030862,Waverley 015A,994,38,44,46,45,24,23,35,52,63,47,73,56,76,60,54,70,76,68,44,F,2011
E01030867,Waverley 015B,722,29,35,52,30,27,24,33,38,49,64,60,58,59,55,37,33,14,13,12,F,2011
E01030868,Waverley 015C,657,46,38,49,37,24,19,29,52,55,50,45,40,41,46,37,21,17,5,6,F,2011
E01030869,Waverley 015D,625,50,37,34,26,27,17,35,44,51,54,49,41,35,35,18,22,21,15,14,F,2011
E01030880,Waverley 015E,1237,51,74,60,223,25,32,38,56,71,92,79,57,121,83,56,38,41,20,20,F,2011
E01030930,Waverley 016A,852,56,62,56,38,17,22,32,33,81,79,46,54,49,50,35,45,26,42,29,F,2011
E01030931,Waverley 016B,904,70,53,42,32,21,45,56,58,57,54,59,65,43,53,44,48,43,36,25,F,2011
E01030932,Waverley 016C,775,44,70,52,42,28,29,27,48,64,78,56,54,51,32,33,25,21,16,5,F,2011
E01030933,Waverley 016D,911,49,53,51,45,30,38,44,61,71,61,60,56,52,54,44,52,43,31,16,F,2011
E01030926,Waverley 017A,819,56,33,58,44,28,19,43,67,69,62,54,47,47,45,32,32,25,29,29,F,2011
E01030927,Waverley 017B,660,45,42,40,32,24,21,43,59,55,54,52,54,46,32,19,14,19,6,3,F,2011
E01030928,Waverley 017C,924,59,38,34,43,45,82,74,79,68,77,56,39,41,35,19,32,35,33,35,F,2011
E01030929,Waverley 017D,761,32,50,45,69,22,20,48,53,68,62,56,36,44,32,22,16,26,28,32,F,2011
E01030908,Waverley 018A,830,37,47,60,46,29,37,20,43,72,89,81,44,54,37,39,32,21,20,22,F,2011
E01030909,Waverley 018B,620,20,31,42,32,16,11,25,34,50,73,61,47,45,41,31,27,18,13,3,F,2011
E01030910,Waverley 018C,622,28,33,46,37,24,9,12,28,45,57,56,43,48,53,35,26,18,15,9,F,2011
E01030934,Waverley 018D,788,36,45,41,44,48,28,31,45,55,50,52,41,42,33,46,36,42,39,34,F,2011
E01030935,Waverley 018E,666,41,45,52,35,17,21,25,44,62,66,47,54,43,38,26,13,14,13,10,F,2011
E01032626,Waverley 018F,728,35,24,44,29,24,39,42,48,52,48,49,50,51,43,43,38,29,28,12,F,2011
E07000217,,50185,3551,2906,2749,2643,2531,3487,3883,3939,3798,3739,3254,2668,2712,2122,1717,1547,1375,966,598,F,2011
E01030946,Woking 001A,686,49,43,30,32,40,58,60,52,44,39,37,35,37,30,31,23,26,11,9,F,2011
E01030947,Woking 001B,748,53,52,48,46,46,34,50,60,63,59,45,39,47,26,36,25,10,8,1,F,2011
E01030948,Woking 001C,831,54,60,47,42,35,61,61,64,74,68,54,29,49,33,29,21,28,13,9,F,2011
E01030949,Woking 001D,886,78,55,47,42,32,60,89,90,75,70,34,38,41,34,19,29,24,14,15,F,2011
E01030950,Woking 001E,847,55,43,37,34,36,51,59,62,57,47,54,47,56,51,39,39,33,33,14,F,2011
E01030996,Woking 002A,826,47,51,55,46,31,22,24,45,51,73,67,65,52,42,48,36,35,19,17,F,2011
E01030998,Woking 002B,963,51,53,71,52,25,10,23,58,69,75,72,63,72,76,60,50,46,27,10,F,2011
E01031002,Woking 002C,910,38,46,62,60,29,22,46,43,74,71,81,69,67,47,46,34,30,24,21,F,2011
E01031003,Woking 002D,903,67,63,61,45,27,23,43,67,64,87,77,54,48,55,37,39,31,11,4,F,2011
E01031004,Woking 002E,1102,82,47,37,33,63,107,95,108,89,60,64,40,64,44,37,48,24,32,28,F,2011
E01030963,Woking 003A,815,36,47,53,57,29,22,24,38,48,79,60,49,57,49,49,32,33,35,18,F,2011
E01030964,Woking 003B,875,50,53,39,37,43,81,60,56,61,61,57,66,50,37,44,32,17,18,13,F,2011
E01030965,Woking 003C,741,45,33,51,50,28,22,24,35,69,60,64,69,57,38,22,31,17,16,10,F,2011
E01030966,Woking 003D,744,66,61,47,44,20,15,42,67,79,65,53,37,27,33,26,15,23,16,8,F,2011
E01030967,Woking 003E,852,61,52,51,37,18,23,31,78,63,72,43,59,56,43,47,34,34,33,17,F,2011
E01030968,Woking 003F,668,43,34,29,40,31,49,43,55,42,49,48,36,55,33,28,19,15,12,7,F,2011
E01030980,Woking 004A,814,79,58,41,40,75,135,100,69,47,36,40,19,25,15,8,17,7,3,0,F,2011
E01030981,Woking 004B,799,72,48,58,67,67,65,65,45,55,43,46,35,34,23,22,16,22,13,3,F,2011
E01030982,Woking 004C,838,67,62,45,40,68,90,105,71,60,53,52,33,32,16,11,12,12,6,3,F,2011
E01030983,Woking 004D,848,72,52,38,52,80,142,101,69,48,46,29,35,30,19,10,6,11,6,2,F,2011
E01030984,Woking 004E,1053,81,78,91,72,64,75,91,77,89,63,59,48,35,14,25,20,39,16,16,F,2011
E01030985,Woking 004F,784,71,69,51,56,42,64,62,69,60,50,44,31,24,17,16,17,19,13,9,F,2011
E01030951,Woking 005A,685,43,29,32,27,46,73,67,51,42,55,51,36,40,27,14,21,15,9,7,F,2011
E01030952,Woking 005B,783,94,74,51,36,38,81,77,62,46,38,33,30,33,23,14,28,16,5,4,F,2011
E01030953,Woking 005C,769,51,31,40,46,45,47,61,47,51,65,55,55,47,36,20,19,28,15,10,F,2011
E01030956,Woking 005D,656,38,33,31,46,47,49,55,43,63,59,58,54,27,24,13,7,6,2,1,F,2011
E01030957,Woking 005E,689,79,50,43,37,42,59,64,57,44,62,37,38,37,15,12,2,6,4,1,F,2011
E01030958,Woking 005F,769,58,36,35,45,47,73,69,50,60,67,73,44,43,23,12,16,9,5,4,F,2011
E01030959,Woking 005G,562,37,18,30,26,20,44,56,28,34,41,42,32,33,21,14,19,29,20,18,F,2011
E01030988,Woking 006A,972,81,45,27,26,56,103,93,83,62,62,51,57,40,36,26,38,24,32,30,F,2011
E01030989,Woking 006B,883,74,45,51,55,41,44,66,77,62,66,60,49,35,26,29,23,32,23,25,F,2011
E01030990,Woking 006C,752,36,50,56,46,27,20,34,51,50,64,64,41,46,55,33,35,23,14,7,F,2011
E01030997,Woking 006D,784,39,51,39,29,23,15,22,43,63,63,51,53,74,61,49,56,31,10,12,F,2011
E01030974,Woking 007A,769,54,44,51,44,44,57,56,69,74,62,44,45,46,31,18,13,9,5,3,F,2011
E01030975,Woking 007B,724,47,38,39,43,31,42,57,45,58,62,49,38,46,38,36,15,19,14,7,F,2011
E01030976,Woking 007C,802,63,35,49,49,49,44,59,75,60,69,56,33,34,38,20,29,24,13,3,F,2011
E01030977,Woking 007D,876,63,44,47,54,58,42,44,75,69,79,54,47,53,43,39,27,19,12,7,F,2011
E01030979,Woking 007E,1110,120,82,78,61,60,92,107,119,116,83,59,41,34,26,14,7,4,5,2,F,2011
E01030954,Woking 008A,1078,86,49,25,38,79,164,136,114,72,61,51,40,43,32,23,24,26,13,2,F,2011
E01030969,Woking 008B,711,55,47,37,35,17,30,49,60,64,75,42,41,40,31,32,13,24,13,6,F,2011
E01030970,Woking 008C,743,67,35,44,32,21,36,64,71,65,59,40,34,44,31,29,19,17,25,10,F,2011
E01030991,Woking 008D,986,71,30,19,16,59,118,133,90,55,43,38,26,31,40,41,32,53,59,32,F,2011
E01030993,Woking 008E,1188,107,57,39,25,90,199,201,106,59,56,40,30,31,28,20,26,35,27,12,F,2011
E01030960,Woking 009A,886,62,47,38,45,49,86,91,72,73,76,60,43,51,26,20,20,13,9,5,F,2011
E01030961,Woking 009B,956,53,53,55,54,48,40,37,57,85,80,69,60,53,45,56,58,31,15,7,F,2011
E01030962,Woking 009C,878,45,52,34,44,50,60,78,56,59,58,69,60,65,49,31,25,16,14,13,F,2011
E01031000,Woking 009D,775,56,42,29,31,34,35,39,70,69,48,63,51,55,39,42,25,20,20,7,F,2011
E01030955,Woking 010A,728,52,35,32,25,41,56,61,51,49,49,55,51,57,33,28,21,14,15,3,F,2011
E01030992,Woking 010B,871,54,45,48,33,56,59,102,57,53,74,56,59,41,36,27,27,22,9,13,F,2011
E01030999,Woking 010C,750,34,45,60,44,17,23,16,44,47,77,67,55,44,39,23,32,29,33,21,F,2011
E01031001,Woking 010D,865,46,33,35,43,44,64,59,67,58,68,55,51,54,47,38,31,31,24,17,F,2011
E01030971,Woking 011A,984,56,65,58,81,47,34,70,79,92,82,66,42,51,45,22,38,33,15,8,F,2011
E01030972,Woking 011B,951,53,47,50,66,71,55,62,69,66,55,72,45,48,28,23,25,52,38,26,F,2011
E01030973,Woking 011C,849,59,44,46,41,32,49,55,80,75,63,65,43,50,48,32,29,22,8,8,F,2011
E01030994,Woking 011D,908,75,68,48,45,37,83,101,103,63,52,50,33,35,34,32,25,9,7,8,F,2011
E01030995,Woking 011E,670,58,35,43,44,29,53,76,74,66,47,26,23,33,16,11,20,11,4,1,F,2011
E01030944,Woking 012A,687,33,55,52,39,31,30,37,60,66,64,60,39,44,23,24,12,9,7,2,F,2011
E01030945,Woking 012B,602,40,36,39,29,16,30,37,59,52,46,51,26,40,26,24,23,14,9,5,F,2011
E01030978,Woking 012C,755,43,66,57,65,22,32,36,74,81,66,50,33,35,38,19,18,12,6,2,F,2011
E01030986,Woking 012D,541,21,19,23,22,18,13,26,32,38,49,42,40,33,43,30,28,37,17,10,F,2011
E01030987,Woking 012E,705,31,36,50,52,20,22,32,41,56,68,50,54,51,47,37,26,15,12,5,F,2011
E07000223,,31726,1682,1489,1486,1729,1484,1581,1774,2069,2281,2228,2048,1899,2294,1921,1648,1506,1238,867,502,F,2011
E01031349,Adur 001A,690,28,31,34,46,32,23,32,36,54,55,44,40,69,50,34,30,17,22,13,F,2011
E01031350,Adur 001B,626,34,33,29,53,36,30,30,48,49,60,38,40,45,23,23,24,18,8,5,F,2011
E01031351,Adur 001C,804,46,35,39,38,37,30,42,36,67,69,49,53,40,45,49,45,51,18,15,F,2011
E01031352,Adur 001D,748,30,42,36,33,32,24,32,42,59,51,59,46,55,53,50,30,44,24,6,F,2011
E01031370,Adur 001E,753,45,58,49,40,27,42,47,57,56,57,48,47,35,33,25,38,22,25,2,F,2011
E01031374,Adur 001F,768,32,40,35,38,42,48,41,49,49,58,56,46,50,51,33,41,24,16,19,F,2011
E01031338,Adur 002A,601,38,27,28,26,14,31,42,39,37,52,41,35,52,44,34,23,23,14,1,F,2011
E01031339,Adur 002B,602,22,35,28,31,23,36,44,46,39,43,48,42,55,37,24,17,20,6,6,F,2011
E01031340,Adur 002C,742,26,27,30,42,24,18,20,34,55,63,63,64,67,64,50,37,26,23,9,F,2011
E01031365,Adur 002D,824,51,43,37,39,23,37,43,67,64,42,47,35,58,42,52,52,40,30,22,F,2011
E01031367,Adur 002E,648,25,28,34,30,21,17,26,47,45,36,54,42,70,61,49,25,20,12,6,F,2011
E01031345,Adur 003A,752,32,27,26,39,33,29,42,46,50,57,59,69,61,49,43,29,33,22,6,F,2011
E01031353,Adur 003B,650,25,27,38,111,16,16,32,33,37,34,48,38,51,51,31,22,19,14,7,F,2011
E01031354,Adur 003C,624,29,24,27,27,25,35,36,25,47,39,56,45,69,42,26,34,22,7,9,F,2011
E01031355,Adur 003D,848,44,44,61,47,26,41,45,65,75,61,49,49,53,40,42,38,30,22,16,F,2011
E01031359,Adur 003E,694,41,37,39,49,45,26,38,58,59,49,46,52,45,42,20,26,14,5,3,F,2011
E01031347,Adur 004A,848,56,52,49,74,39,59,66,54,63,64,43,39,43,30,32,33,27,16,9,F,2011
E01031348,Adur 004B,848,86,61,52,56,49,58,66,76,81,59,41,28,42,27,21,14,17,10,4,F,2011
E01031366,Adur 004C,736,39,32,47,56,41,28,39,47,66,64,52,42,30,32,23,25,24,25,24,F,2011
E01031371,Adur 004D,676,51,25,28,30,34,43,37,55,36,46,38,40,48,33,35,25,41,22,9,F,2011
E01031372,Adur 004E,655,36,30,48,40,36,24,27,51,55,47,40,24,41,31,31,41,33,13,7,F,2011
E01031373,Adur 004F,772,42,42,37,47,41,41,50,57,60,60,38,40,54,40,39,34,20,16,14,F,2011
E01031375,Adur 004G,776,34,33,33,32,41,36,41,33,55,61,44,50,59,43,57,43,38,26,17,F,2011
E01031356,Adur 005A,1157,88,57,41,43,50,73,88,100,91,74,71,87,90,55,38,56,28,18,9,F,2011
E01031357,Adur 005B,1120,74,62,62,40,58,72,77,82,97,87,64,63,79,47,32,35,49,29,11,F,2011
E01031364,Adur 005C,759,48,13,15,24,62,65,72,73,57,37,41,51,54,38,31,30,24,16,8,F,2011
E01031368,Adur 005D,654,27,25,26,41,28,14,37,49,45,42,45,37,72,47,29,32,20,19,19,F,2011
E01031369,Adur 005E,740,30,38,31,33,24,20,31,47,55,48,28,35,65,37,41,48,47,51,31,F,2011
E01031344,Adur 006A,653,33,29,27,45,26,28,33,45,42,59,63,35,42,46,37,29,24,8,2,F,2011
E01031346,Adur 006B,713,37,34,26,21,30,45,41,40,41,53,39,49,66,57,41,35,30,21,7,F,2011
E01031361,Adur 006C,775,45,41,47,50,42,50,39,50,61,55,53,46,44,46,35,37,15,10,9,F,2011
E01031362,Adur 006D,646,30,34,38,35,31,35,53,46,47,36,47,50,40,34,27,18,22,15,8,F,2011
E01031363,Adur 006E,845,34,30,23,37,35,30,38,48,60,45,59,47,71,83,75,53,36,28,13,F,2011
E01031358,Adur 007A,815,37,42,50,60,39,48,37,49,54,47,54,49,56,51,36,36,32,27,11,F,2011
E01031360,Adur 007B,799,37,30,39,60,50,48,40,51,60,68,70,39,50,52,31,30,24,13,7,F,2011
E01031376,Adur 007C,640,19,19,17,18,26,18,37,37,31,49,38,36,51,55,76,51,35,20,7,F,2011
E01031378,Adur 007D,687,28,22,20,28,26,41,27,47,44,54,37,46,54,52,41,53,38,16,13,F,2011
E01031341,Adur 008A,728,42,52,43,38,43,42,42,39,45,51,50,35,40,30,34,37,19,32,14,F,2011
E01031342,Adur 008B,894,52,31,17,29,47,51,33,30,44,45,32,53,72,80,73,73,64,45,23,F,2011
E01031343,Adur 008C,748,38,28,47,39,42,34,36,44,47,54,52,41,41,55,46,35,36,21,12,F,2011
E01031377,Adur 008D,812,53,34,18,28,52,63,53,49,55,45,49,46,45,45,43,34,29,36,35,F,2011
E01031379,Adur 008E,856,38,35,35,36,36,32,42,42,47,52,55,48,70,48,59,58,43,46,34,F,2011
E07000224,,78321,3600,3426,3577,3856,3743,3628,3738,4166,5178,5413,4941,4750,5981,5463,4808,4152,3488,2654,1759,F,2011
E01031390,Arun 001A,689,23,35,46,37,23,19,25,38,45,59,47,50,56,45,35,40,44,15,7,F,2011
E01031391,Arun 001B,781,33,47,23,26,19,19,46,59,70,62,45,61,82,52,47,36,24,18,12,F,2011
E01031392,Arun 001C,765,18,32,23,27,23,19,39,24,50,67,60,53,68,75,38,34,51,47,17,F,2011
E01031465,Arun 001D,734,32,57,35,43,21,22,14,38,69,64,52,49,67,56,34,32,24,19,6,F,2011
E01031386,Arun 002A,759,38,47,45,36,38,33,43,45,60,63,47,49,52,50,48,27,20,16,2,F,2011
E01031387,Arun 002B,814,36,36,46,37,25,41,36,45,55,61,60,42,72,64,60,36,25,21,16,F,2011
E01031425,Arun 002C,733,29,34,36,35,25,15,20,26,52,68,54,57,55,69,45,38,31,25,19,F,2011
E01031426,Arun 002D,608,24,22,31,21,22,21,28,34,29,64,51,43,49,45,43,27,24,14,16,F,2011
E01031393,Arun 003A,942,29,42,42,50,36,36,35,46,48,71,82,65,75,67,61,52,44,32,29,F,2011
E01031394,Arun 003B,835,39,46,46,51,44,49,55,61,55,70,64,70,55,40,30,17,23,9,11,F,2011
E01031395,Arun 003C,786,30,45,49,34,22,20,37,60,79,63,61,63,53,60,37,28,23,18,4,F,2011
E01031396,Arun 003D,1011,53,61,71,50,36,39,53,79,74,78,77,66,73,43,50,40,31,19,18,F,2011
E01031397,Arun 003E,896,29,39,47,50,30,29,32,49,72,64,81,50,68,65,38,36,37,43,37,F,2011
E01031466,Arun 003F,739,29,33,41,38,16,17,25,40,55,64,50,42,67,67,36,42,33,27,17,F,2011
E01031427,Arun 004A,723,43,53,42,39,53,43,37,45,54,52,45,41,36,33,37,23,26,12,9,F,2011
E01031429,Arun 004B,764,69,71,56,54,37,61,60,46,53,59,45,40,45,26,22,8,5,6,1,F,2011
E01031430,Arun 004C,735,50,32,36,41,31,32,49,52,47,61,54,51,57,29,40,31,21,16,5,F,2011
E01031467,Arun 004D,881,59,44,48,49,33,60,38,34,92,76,51,62,57,55,51,28,27,11,6,F,2011
E01031468,Arun 004E,1189,110,67,63,70,81,84,101,68,91,83,71,83,82,37,35,25,21,14,3,F,2011
E01031388,Arun 005A,1397,84,96,91,79,50,46,90,116,130,106,90,84,80,74,59,50,40,23,9,F,2011
E01031389,Arun 005B,1143,42,61,71,53,22,27,35,65,90,80,75,77,93,105,90,66,50,21,20,F,2011
E01031414,Arun 005C,775,32,43,47,39,28,32,32,45,62,51,46,45,62,52,53,40,26,24,16,F,2011
E01031415,Arun 005D,818,19,24,25,39,28,24,23,27,42,50,36,34,60,59,60,69,76,77,46,F,2011
E01031459,Arun 005E,988,61,33,53,66,47,45,49,55,85,57,62,46,70,55,55,46,42,33,28,F,2011
E01031470,Arun 006A,803,52,37,52,52,24,48,47,61,56,57,58,47,65,57,36,25,21,4,4,F,2011
E01031471,Arun 006B,640,35,36,28,36,28,22,31,49,50,55,65,51,53,35,29,20,9,6,2,F,2011
E01031472,Arun 006C,809,38,36,38,48,34,40,28,42,55,68,58,42,68,63,44,50,39,13,5,F,2011
E01031473,Arun 006D,643,43,33,36,40,27,36,47,41,46,47,38,46,40,23,19,26,19,20,16,F,2011
E01031407,Arun 007A,833,53,47,64,61,44,42,48,68,85,70,65,45,36,42,24,14,11,9,5,F,2011
E01031408,Arun 007B,1030,83,68,52,49,58,64,92,92,66,76,65,65,59,49,41,29,7,11,4,F,2011
E01031410,Arun 007C,681,33,38,27,35,43,50,41,46,45,56,48,40,39,29,34,28,24,11,14,F,2011
E01031462,Arun 007D,793,45,52,54,49,36,42,50,44,59,48,51,30,51,52,47,25,33,18,7,F,2011
E01031463,Arun 007E,880,47,58,47,41,34,21,48,41,63,71,45,66,47,58,52,52,34,27,28,F,2011
E01031464,Arun 007F,896,33,35,33,32,23,40,37,37,53,45,39,37,58,86,77,83,58,52,38,F,2011
E01031412,Arun 008A,728,22,24,31,35,20,18,11,28,41,44,51,49,76,96,50,49,40,35,8,F,2011
E01031422,Arun 008B,824,16,8,15,29,20,17,8,26,25,44,36,70,88,89,81,76,79,60,37,F,2011
E01031423,Arun 008C,869,21,24,45,30,28,25,18,38,42,65,47,66,77,90,70,82,59,24,18,F,2011
E01031424,Arun 008D,745,20,16,15,14,14,22,12,29,33,42,42,40,67,77,77,81,59,50,35,F,2011
E01031398,Arun 009A,763,28,29,37,49,32,25,26,38,62,53,65,68,61,42,43,38,20,22,25,F,2011
E01031399,Arun 009B,891,23,40,45,24,30,25,37,35,42,58,50,65,96,97,69,67,39,26,23,F,2011
E01031409,Arun 009C,710,43,40,54,54,38,35,42,36,67,39,45,54,52,35,31,18,13,9,5,F,2011
E01031455,Arun 009D,768,24,44,38,40,30,32,31,42,43,64,35,43,49,45,49,38,53,36,32,F,2011
E01031461,Arun 009E,946,21,38,34,36,25,21,29,48,55,51,57,69,103,72,72,81,68,43,23,F,2011
E01031469,Arun 009F,864,41,51,30,45,46,41,40,32,62,58,60,52,74,54,59,55,42,16,6,F,2011
E01031411,Arun 010A,752,13,19,22,26,7,11,13,22,33,32,41,48,86,94,77,60,53,58,37,F,2011
E01031413,Arun 010B,746,25,15,28,22,22,14,19,26,39,47,48,39,69,52,70,54,55,57,45,F,2011
E01031457,Arun 010C,860,22,25,24,26,18,28,22,18,43,39,41,43,75,92,110,64,74,61,35,F,2011
E01031458,Arun 010D,978,15,22,30,20,18,11,12,36,45,46,48,62,124,109,102,93,86,55,44,F,2011
E01031460,Arun 010E,912,18,14,15,19,29,24,32,24,22,45,55,50,90,104,72,94,90,75,40,F,2011
E01031400,Arun 011A,813,36,20,43,30,49,45,40,49,63,60,46,43,48,54,52,35,29,38,33,F,2011
E01031428,Arun 011B,764,46,42,39,47,63,59,52,63,60,58,44,31,51,33,23,23,13,13,4,F,2011
E01031454,Arun 011C,1066,58,47,40,67,93,72,79,70,75,73,83,69,50,40,33,39,32,18,28,F,2011
E01031456,Arun 011D,885,49,26,36,36,70,63,54,42,66,53,55,41,43,31,45,40,47,42,46,F,2011
E01031401,Arun 012A,837,58,39,45,42,56,58,38,37,58,55,54,47,51,55,41,40,27,21,15,F,2011
E01031402,Arun 012B,834,32,37,38,41,34,47,40,55,64,58,48,57,74,65,55,46,18,14,11,F,2011
E01031403,Arun 012C,739,42,40,43,45,46,36,31,52,53,52,43,45,50,39,38,31,23,22,8,F,2011
E01031405,Arun 012D,716,47,42,22,26,36,57,55,34,43,39,43,41,46,40,47,38,31,15,14,F,2011
E01031406,Arun 012E,674,47,44,37,46,33,45,40,42,49,59,53,42,40,26,30,16,14,7,4,F,2011
E01031417,Arun 013A,836,57,47,39,36,38,49,52,64,44,58,50,49,65,54,50,32,28,20,4,F,2011
E01031438,Arun 013B,849,44,59,38,46,39,49,39,53,74,55,56,44,45,65,37,38,22,24,22,F,2011
E01031439,Arun 013C,1040,26,36,41,52,35,18,19,28,52,80,83,64,97,88,75,86,72,55,33,F,2011
E01031440,Arun 013D,813,24,27,17,27,25,29,26,26,38,42,53,70,97,77,77,58,52,26,22,F,2011
E01031404,Arun 014A,628,46,41,40,49,47,42,47,44,61,49,36,38,25,10,17,16,10,8,2,F,2011
E01031433,Arun 014B,755,40,25,43,49,68,38,28,37,56,60,37,35,50,52,57,25,26,22,7,F,2011
E01031434,Arun 014C,840,49,24,33,38,84,63,60,49,56,66,66,42,39,33,27,24,36,22,29,F,2011
E01031441,Arun 014D,865,50,38,31,43,64,53,63,44,52,75,53,47,50,39,45,39,42,24,13,F,2011
E01031442,Arun 014E,806,47,48,46,46,72,65,62,48,64,49,48,51,35,33,30,25,10,16,11,F,2011
E01031416,Arun 015A,824,31,23,47,45,38,12,22,27,49,65,69,60,98,70,48,50,36,22,12,F,2011
E01031418,Arun 015B,887,24,43,44,38,26,21,30,38,60,56,60,68,90,76,65,70,37,29,12,F,2011
E01031419,Arun 015C,904,31,36,40,38,33,23,28,58,57,66,58,46,83,62,57,56,49,47,36,F,2011
E01031420,Arun 015D,865,28,37,40,31,22,27,20,40,61,59,41,63,85,61,66,69,48,43,24,F,2011
E01031421,Arun 015E,912,39,45,46,53,33,22,39,43,70,62,47,51,83,68,61,50,42,34,24,F,2011
E01031443,Arun 016A,707,41,38,52,49,45,34,39,49,68,71,44,46,39,29,29,11,13,9,1,F,2011
E01031444,Arun 016B,806,55,37,38,48,88,79,57,57,68,56,59,38,37,26,17,20,12,8,6,F,2011
E01031450,Arun 016C,649,40,41,45,42,43,54,57,37,54,53,49,30,22,25,24,16,8,6,3,F,2011
E01031451,Arun 016D,742,48,38,30,53,43,53,46,63,65,55,38,27,43,36,31,31,18,16,8,F,2011
E01031452,Arun 016E,797,34,36,57,47,45,30,45,44,64,68,52,49,44,37,30,23,24,26,42,F,2011
E01031431,Arun 017A,850,15,11,8,131,172,94,39,23,20,24,25,27,40,29,40,39,44,38,31,F,2011
E01031432,Arun 017B,962,54,30,12,38,120,114,55,57,49,58,58,40,51,43,44,30,46,31,32,F,2011
E01031435,Arun 017C,871,37,24,29,34,61,66,63,48,48,60,38,46,57,64,42,35,34,53,32,F,2011
E01031436,Arun 017D,922,71,23,14,26,93,107,71,66,60,50,44,43,43,39,32,52,43,28,17,F,2011
E01031437,Arun 017E,1003,67,21,19,37,85,93,85,50,55,52,61,38,56,51,44,38,36,59,56,F,2011
E01031453,Arun 017F,853,43,19,30,45,62,48,42,30,48,59,67,49,39,40,51,50,53,45,33,F,2011
E01031380,Arun 018A,823,18,15,28,35,17,19,24,30,39,34,47,67,80,114,81,60,41,45,29,F,2011
E01031381,Arun 018B,840,22,21,29,28,30,21,30,31,41,45,44,56,79,79,56,56,71,54,47,F,2011
E01031382,Arun 018C,904,35,35,22,32,20,34,31,46,45,47,50,60,77,104,78,82,66,26,14,F,2011
E01031383,Arun 018D,846,19,15,27,37,17,11,16,24,33,42,53,63,99,89,88,79,57,50,27,F,2011
E01031384,Arun 018E,919,28,31,36,46,31,24,30,46,43,59,67,56,86,74,78,75,50,42,17,F,2011
E01031385,Arun 019A,861,38,40,41,33,25,31,43,46,53,44,41,36,84,60,72,67,53,37,17,F,2011
E01031445,Arun 019B,800,17,20,33,22,21,23,28,26,32,48,26,37,79,114,96,84,54,27,13,F,2011
E01031446,Arun 019C,699,37,29,26,23,20,33,39,38,31,43,46,34,58,60,61,44,39,31,7,F,2011
E01031447,Arun 019D,816,36,24,34,28,26,20,29,33,44,55,54,40,80,83,78,53,58,32,9,F,2011
E01031448,Arun 019E,804,25,22,22,23,20,30,36,25,39,61,51,53,102,81,75,57,43,31,8,F,2011
E01031449,Arun 019F,826,44,41,50,52,37,30,46,58,63,67,42,61,54,50,46,31,28,20,6,F,2011
E07000225,,59458,2726,2751,2875,3110,3124,2579,2703,3223,3860,4423,4104,3690,4547,3974,3320,3025,2514,1758,1152,F,2011
E01031502,Chichester 001A,791,65,62,45,42,20,15,43,72,76,65,73,43,46,45,24,25,17,8,5,F,2011
E01031503,Chichester 001B,834,39,75,86,46,23,32,34,55,62,71,70,50,48,37,19,37,20,21,9,F,2011
E01031504,Chichester 001C,1107,80,63,57,51,28,53,63,72,56,96,82,57,81,75,54,48,48,27,16,F,2011
E01031519,Chichester 001D,700,49,37,42,39,26,28,32,56,59,58,55,42,49,51,31,23,8,10,5,F,2011
E01031517,Chichester 002A,931,57,69,48,37,33,14,38,52,82,97,72,55,74,71,43,40,26,18,5,F,2011
E01031518,Chichester 002B,786,28,48,55,44,14,17,22,26,65,85,77,54,66,63,44,36,25,12,5,F,2011
E01031544,Chichester 002C,658,40,44,31,39,28,19,35,37,62,52,63,37,50,40,28,27,14,9,3,F,2011
E01031545,Chichester 002D,615,21,35,34,27,19,17,14,33,47,49,51,48,50,51,38,36,21,16,8,F,2011
E01031508,Chichester 003A,1033,39,52,60,48,36,29,28,52,82,94,97,74,76,84,49,48,46,22,17,F,2011
E01031520,Chichester 003B,685,19,39,36,37,21,14,24,32,56,69,41,43,65,41,32,27,34,29,26,F,2011
E01031521,Chichester 003C,557,28,36,29,21,10,20,21,28,54,43,45,48,59,43,27,18,20,3,4,F,2011
E01031536,Chichester 003D,581,22,29,34,32,15,18,12,30,41,62,54,50,50,34,47,20,16,9,6,F,2011
E01031497,Chichester 004A,686,30,31,39,35,28,18,25,44,56,64,46,42,45,49,34,31,26,25,18,F,2011
E01031511,Chichester 004C,816,28,23,25,25,37,18,37,38,58,48,51,48,57,72,71,64,57,44,15,F,2011
E01031512,Chichester 004D,991,56,44,37,59,62,48,49,56,66,61,73,58,85,57,50,40,58,16,16,F,2011
E01032717,Chichester 004F,1376,63,60,49,54,50,49,55,64,88,98,101,96,100,99,93,88,77,58,34,F,2011
E01031478,Chichester 005A,587,21,32,35,53,20,12,13,30,38,38,51,44,56,36,38,26,21,16,7,F,2011
E01031479,Chichester 005B,568,16,18,28,27,19,18,16,20,40,50,37,43,68,45,28,21,30,19,25,F,2011
E01031498,Chichester 005C,596,22,39,43,32,22,14,17,34,45,52,46,44,43,39,30,28,24,16,6,F,2011
E01031514,Chichester 005D,912,36,37,47,28,28,31,29,49,51,56,66,50,67,61,66,61,61,45,43,F,2011
E01031515,Chichester 005E,836,56,49,51,38,38,40,55,56,53,66,52,43,73,40,50,40,20,9,7,F,2011
E01031516,Chichester 005F,758,26,44,38,29,22,16,22,40,52,81,52,75,76,61,36,38,29,10,11,F,2011
E01031477,Chichester 006A,1185,49,64,56,53,44,50,51,58,81,90,86,91,96,86,73,65,43,23,26,F,2011
E01031485,Chichester 006B,780,17,31,42,39,34,12,13,24,49,42,54,50,71,77,76,55,50,30,14,F,2011
E01031487,Chichester 006C,801,22,28,30,49,61,16,17,34,38,49,44,46,78,72,62,53,46,36,20,F,2011
E01031509,Chichester 006D,1271,66,56,68,69,60,61,52,70,96,96,116,92,91,72,65,60,33,34,14,F,2011
E01031506,Chichester 007A,654,27,40,45,43,14,15,22,38,43,60,48,44,54,66,29,25,22,15,4,F,2011
E01031507,Chichester 007B,704,32,27,34,42,18,21,20,30,60,69,64,51,65,49,45,41,17,7,12,F,2011
E01031531,Chichester 007C,677,27,36,31,39,19,23,27,35,50,55,44,39,68,54,43,36,23,16,12,F,2011
E01031533,Chichester 007D,633,32,26,38,38,35,31,21,42,48,47,39,37,42,24,29,29,31,33,11,F,2011
E01031543,Chichester 007E,1209,64,90,60,51,33,48,64,82,87,107,93,75,93,84,63,54,34,18,9,F,2011
E01031482,Chichester 008A,787,48,23,33,54,114,70,52,49,52,58,57,35,36,27,24,23,16,12,4,F,2011
E01031483,Chichester 008B,1248,85,51,68,89,155,120,97,95,84,97,71,60,49,34,28,26,16,17,6,F,2011
E01031486,Chichester 008C,1018,26,13,14,150,145,55,49,49,29,31,32,46,63,67,63,61,59,45,21,F,2011
E01031488,Chichester 008D,989,68,44,37,97,184,87,71,52,42,56,49,32,44,40,29,23,17,11,6,F,2011
E01031494,Chichester 008E,842,52,32,28,31,78,51,43,37,50,75,47,45,45,36,45,57,48,30,12,F,2011
E01031495,Chichester 008F,841,26,31,30,42,85,37,47,45,50,52,40,45,52,49,37,58,64,34,17,F,2011
E01031475,Chichester 009A,684,19,30,47,22,18,20,24,31,44,63,53,48,51,47,34,29,34,26,44,F,2011
E01031476,Chichester 009B,769,23,39,32,28,14,20,23,36,43,63,57,46,88,61,63,43,48,21,21,F,2011
E01031532,Chichester 009C,700,90,55,41,34,58,80,77,55,44,30,26,22,23,23,10,12,14,5,1,F,2011
E01031534,Chichester 009D,921,50,26,40,28,37,45,37,55,51,58,71,50,87,73,61,58,39,29,26,F,2011
E01031535,Chichester 009E,844,37,41,38,34,24,36,46,35,45,62,61,57,76,43,45,49,52,36,27,F,2011
E01031480,Chichester 010A,696,43,27,32,41,66,81,65,43,54,50,50,35,39,18,21,13,10,6,2,F,2011
E01031481,Chichester 010B,783,53,22,29,34,75,61,55,59,55,36,40,42,57,46,41,35,21,14,8,F,2011
E01031484,Chichester 010C,921,34,30,20,38,113,58,58,55,52,47,52,56,65,47,53,50,45,35,13,F,2011
E01031490,Chichester 010D,1053,29,21,17,80,98,61,53,33,35,52,44,31,59,47,74,63,96,80,80,F,2011
E01031491,Chichester 010E,954,39,46,32,50,58,90,72,48,55,75,66,29,67,44,41,58,49,23,12,F,2011
E01031474,Chichester 011A,733,24,34,44,39,25,25,42,33,54,78,56,49,56,43,36,39,27,15,14,F,2011
E01031493,Chichester 011B,893,34,37,26,66,51,44,28,44,46,58,39,63,62,60,59,61,55,44,16,F,2011
E01031496,Chichester 011C,1184,52,67,69,42,63,43,55,73,87,101,70,75,92,68,61,61,47,28,30,F,2011
E01031505,Chichester 011D,1214,48,58,72,59,49,44,42,81,85,100,70,81,90,71,64,85,42,35,38,F,2011
E01031489,Chichester 012A,803,37,33,41,41,50,35,38,57,50,78,55,59,49,40,41,41,20,25,13,F,2011
E01031492,Chichester 012B,768,34,36,47,54,69,46,31,52,53,58,51,38,45,32,37,35,19,22,9,F,2011
E01031513,Chichester 012C,1152,58,50,95,50,35,44,53,72,77,91,92,83,82,93,63,43,41,20,10,F,2011
E01031530,Chichester 012D,640,24,26,44,31,28,39,36,35,42,53,47,41,58,45,37,20,18,11,5,F,2011
E01031538,Chichester 012E,842,56,49,60,62,68,36,50,63,60,64,53,54,49,33,25,25,18,13,4,F,2011
E01031539,Chichester 012F,572,40,39,24,28,30,53,61,53,42,46,38,25,32,21,14,13,7,5,1,F,2011
E01031499,Chichester 013A,955,57,39,49,45,48,38,67,71,62,58,66,57,81,57,40,39,37,28,16,F,2011
E01031500,Chichester 013B,997,35,34,33,47,38,41,30,46,49,70,92,60,77,87,67,58,45,51,37,F,2011
E01031501,Chichester 013C,727,22,24,34,28,29,31,21,28,33,46,48,42,57,55,56,40,56,42,35,F,2011
E01031529,Chichester 013D,572,28,31,21,32,23,21,16,25,49,44,51,45,55,34,38,27,15,14,3,F,2011
E01031540,Chichester 013E,736,20,18,28,32,17,17,17,21,45,52,40,44,65,84,66,54,51,33,32,F,2011
E01031541,Chichester 013F,726,19,21,28,18,30,23,19,26,30,41,41,50,55,79,58,64,63,42,19,F,2011
E01031542,Chichester 013G,903,31,40,40,44,24,27,39,33,66,68,73,58,89,81,59,50,43,23,15,F,2011
E01031522,Chichester 014A,1057,63,54,48,53,48,36,54,57,71,66,67,62,76,69,51,54,54,49,25,F,2011
E01031523,Chichester 014B,830,28,28,43,51,31,29,27,34,51,51,45,53,94,78,53,55,35,27,17,F,2011
E01031524,Chichester 014C,776,20,22,21,19,17,23,21,24,26,33,55,76,81,89,83,59,45,40,22,F,2011
E01031525,Chichester 014D,732,16,29,33,42,32,22,32,29,31,54,52,63,74,57,59,39,39,16,13,F,2011
E01031526,Chichester 014E,736,20,30,25,41,22,23,35,36,34,28,47,55,69,73,43,55,34,33,33,F,2011
E01031527,Chichester 014F,807,26,28,37,36,29,17,22,30,59,57,49,48,74,88,76,63,38,18,12,F,2011
E01031528,Chichester 014G,735,35,29,22,32,29,33,27,34,32,53,48,61,42,57,48,47,40,46,20,F,2011
E07000226,,54135,3938,3132,2999,3063,3469,4610,4668,4005,3966,3744,3409,2791,2601,1773,1555,1556,1497,916,443,F,2011
E01031573,Crawley 001A,824,61,57,39,58,51,63,74,70,50,42,49,48,31,30,18,28,25,26,4,F,2011
E01031574,Crawley 001B,938,80,65,61,51,53,77,84,80,79,65,52,31,33,27,25,33,25,14,3,F,2011
E01031575,Crawley 001C,814,61,39,32,52,67,89,80,51,57,60,61,40,34,25,19,12,20,11,4,F,2011
E01031576,Crawley 001D,817,64,68,56,42,40,77,79,49,37,41,49,45,36,21,30,23,32,22,6,F,2011
E01031577,Crawley 001E,644,54,35,27,35,26,80,58,46,46,33,43,27,35,25,27,22,10,11,4,F,2011
E01031586,Crawley 002A,910,97,58,50,42,59,78,104,75,68,44,49,45,46,25,18,13,23,9,7,F,2011
E01031587,Crawley 002B,817,42,35,37,47,51,40,60,47,57,68,67,58,75,40,32,33,16,5,7,F,2011
E01031588,Crawley 002C,733,35,46,36,43,38,38,39,55,56,55,54,38,50,32,32,37,23,17,9,F,2011
E01031590,Crawley 002D,811,40,38,39,53,49,44,62,60,60,74,77,52,59,38,25,17,12,11,1,F,2011
E01031593,Crawley 002E,708,37,29,40,40,36,50,51,58,55,57,61,46,44,26,26,28,14,9,1,F,2011
E01031570,Crawley 003A,715,36,40,42,38,39,44,50,46,56,58,44,41,39,31,16,31,28,20,16,F,2011
E01031571,Crawley 003B,854,57,54,53,41,61,50,66,76,57,53,47,45,37,26,27,46,35,16,7,F,2011
E01031572,Crawley 003C,792,51,39,34,33,37,69,46,44,49,47,54,41,34,25,26,36,59,36,32,F,2011
E01031609,Crawley 003D,817,60,49,44,52,47,57,56,59,57,60,48,44,52,27,28,18,26,23,10,F,2011
E01031610,Crawley 003E,920,74,56,37,30,67,90,87,75,47,39,49,39,41,35,24,30,45,38,17,F,2011
E01031583,Crawley 004A,965,62,43,37,32,119,147,118,68,60,47,70,47,32,16,10,25,23,6,3,F,2011
E01031584,Crawley 004B,835,61,36,33,54,73,75,68,52,50,55,57,40,38,26,22,23,35,23,14,F,2011
E01031585,Crawley 004C,804,45,24,37,47,50,81,67,41,46,54,55,39,45,36,26,32,38,34,7,F,2011
E01031601,Crawley 004D,619,40,43,28,40,35,28,37,42,52,47,31,38,36,30,13,28,28,16,7,F,2011
E01032835,Crawley 004F,721,74,24,10,18,137,156,117,52,31,17,11,14,4,5,17,7,14,9,4,F,2011
E01032836,Crawley 004G,826,50,44,46,45,49,66,70,62,59,46,49,38,38,31,31,29,36,25,12,F,2011
E01031589,Crawley 005A,855,43,43,52,42,36,68,66,54,70,55,49,55,39,46,37,34,38,19,9,F,2011
E01031591,Crawley 005B,915,60,55,50,53,65,100,89,71,70,58,51,32,30,20,29,21,24,22,15,F,2011
E01031594,Crawley 005C,740,65,50,36,33,36,58,63,49,54,47,41,41,41,32,22,34,15,17,6,F,2011
E01031600,Crawley 005D,723,39,38,33,37,43,40,60,57,59,44,40,44,41,30,27,32,29,16,14,F,2011
E01031603,Crawley 005E,738,45,32,44,53,62,63,51,55,51,44,48,46,47,18,18,25,23,10,3,F,2011
E01031564,Crawley 006A,750,46,28,36,42,45,61,45,52,46,56,51,48,36,27,52,43,24,9,3,F,2011
E01031565,Crawley 006B,1130,86,69,70,79,66,79,75,87,84,75,55,60,43,40,37,45,49,25,6,F,2011
E01031566,Crawley 006C,797,40,31,45,40,51,56,45,43,48,70,68,48,62,28,35,38,35,12,2,F,2011
E01031567,Crawley 006D,706,29,26,36,36,38,44,42,42,43,56,52,42,41,36,33,27,38,20,25,F,2011
E01031568,Crawley 006E,725,65,34,29,35,51,92,76,67,54,57,45,33,28,19,11,10,13,6,0,F,2011
E01031596,Crawley 007A,966,75,61,52,51,67,84,97,72,64,62,43,39,33,35,24,30,42,21,14,F,2011
E01031597,Crawley 007B,765,31,33,44,43,49,48,40,44,45,52,51,51,57,36,38,34,38,22,9,F,2011
E01031598,Crawley 007C,905,61,45,37,28,58,103,80,55,50,51,42,35,45,17,33,36,40,51,38,F,2011
E01031599,Crawley 007D,874,62,33,38,40,65,84,95,66,57,59,58,44,42,27,33,23,24,14,10,F,2011
E01031608,Crawley 007E,881,66,42,32,55,88,102,89,66,56,57,48,43,38,18,26,21,17,14,3,F,2011
E01031578,Crawley 008A,906,91,46,41,48,34,60,101,96,94,82,59,41,46,20,23,11,6,4,3,F,2011
E01031580,Crawley 008B,1220,127,94,98,75,74,73,116,109,132,112,66,42,41,23,17,9,6,5,1,F,2011
E01031581,Crawley 008C,877,73,75,80,49,28,39,72,90,113,91,49,44,27,16,14,8,6,2,1,F,2011
E01031592,Crawley 008D,1000,58,71,63,63,35,69,60,71,69,86,90,68,76,40,24,28,17,6,6,F,2011
E01031560,Crawley 009A,728,28,32,31,46,38,24,50,29,48,49,65,54,54,54,33,35,42,14,2,F,2011
E01031561,Crawley 009B,695,33,29,29,33,30,39,42,40,39,53,51,45,53,54,38,34,29,15,9,F,2011
E01031562,Crawley 009C,665,45,29,33,22,32,68,41,38,34,40,35,39,47,33,29,27,37,25,11,F,2011
E01031563,Crawley 009D,698,22,21,43,47,41,35,32,45,35,48,50,36,39,41,33,39,44,32,15,F,2011
E01031579,Crawley 009E,816,63,53,47,44,40,88,88,84,70,64,48,32,23,14,11,12,12,17,6,F,2011
E01031582,Crawley 009F,936,96,65,50,28,53,104,114,101,103,84,52,27,25,17,5,2,7,2,1,F,2011
E01031547,Crawley 010A,699,43,44,50,43,67,47,71,55,64,60,54,29,24,10,15,7,9,6,1,F,2011
E01031548,Crawley 010B,803,73,49,43,42,78,66,64,57,67,66,49,44,32,18,20,11,14,5,5,F,2011
E01031549,Crawley 010C,737,64,55,47,45,55,82,74,43,55,67,52,39,25,11,5,10,7,1,0,F,2011
E01031550,Crawley 010D,746,41,46,59,59,61,61,57,69,64,79,65,41,16,12,8,3,2,3,0,F,2011
E01031569,Crawley 010E,808,62,52,47,49,33,56,79,57,54,46,47,45,59,47,35,16,14,7,3,F,2011
E01031595,Crawley 011A,907,63,50,58,58,64,83,72,50,66,58,54,41,45,29,36,33,30,9,8,F,2011
E01031604,Crawley 011B,824,45,49,35,40,39,55,51,67,62,65,49,48,38,28,38,41,36,28,10,F,2011
E01031605,Crawley 011C,829,76,66,49,52,39,56,74,47,55,49,47,25,36,32,27,53,25,15,6,F,2011
E01031606,Crawley 011D,765,47,50,48,38,26,41,54,57,59,56,48,36,37,40,37,40,35,10,6,F,2011
E01031607,Crawley 011E,725,51,46,45,40,40,39,49,48,58,37,49,41,32,32,32,35,30,17,4,F,2011
E01031546,Crawley 012A,717,62,47,48,60,41,77,62,58,51,42,62,49,25,13,5,7,5,2,1,F,2011
E01031551,Crawley 012B,781,67,56,60,63,46,82,78,56,68,53,48,44,26,8,11,10,3,2,0,F,2011
E01031553,Crawley 012C,809,82,57,64,94,51,49,76,68,82,67,35,41,20,10,5,3,3,2,0,F,2011
E01031554,Crawley 012D,896,84,52,43,41,63,100,105,70,77,64,40,54,47,23,16,7,9,0,1,F,2011
E01031555,Crawley 012E,792,68,58,62,71,50,70,62,71,51,46,51,37,32,30,19,9,3,2,0,F,2011
E01031552,Crawley 013A,986,84,64,55,33,94,103,84,64,67,53,52,68,68,34,15,14,18,12,4,F,2011
E01031556,Crawley 013B,882,57,66,81,80,45,79,100,72,80,66,62,30,28,15,10,5,5,1,0,F,2011
E01031557,Crawley 013C,901,98,38,20,27,67,145,116,84,64,59,61,45,35,11,12,10,4,3,2,F,2011
E01031558,Crawley 013D,854,65,63,58,68,59,63,62,49,58,48,53,46,45,34,25,26,18,9,5,F,2011
E01031559,Crawley 013E,779,76,67,60,45,42,76,76,72,47,49,47,43,38,18,10,7,5,1,0,F,2011
E07000227,,67582,3406,3558,4096,3876,2687,2940,3541,4257,5333,5659,4963,4302,4571,3851,3095,2686,2230,1502,1029,F,2011
E01031670,Horsham 001A,798,51,32,33,34,48,72,70,63,66,49,51,41,47,34,28,30,21,16,12,F,2011
E01031671,Horsham 001B,810,47,44,42,45,33,53,47,62,70,70,73,50,61,34,31,21,12,10,5,F,2011
E01031673,Horsham 001C,788,46,42,41,40,47,46,68,63,57,61,59,45,57,32,28,20,15,13,8,F,2011
E01031676,Horsham 001D,1367,60,85,112,67,51,65,64,86,141,100,125,98,92,85,50,34,26,17,9,F,2011
E01031644,Horsham 002A,728,45,47,50,44,26,36,36,43,70,65,70,54,54,31,14,15,15,6,7,F,2011
E01031645,Horsham 002B,752,53,52,48,58,34,41,51,48,74,88,54,39,40,25,20,18,6,2,1,F,2011
E01031646,Horsham 002C,821,40,65,60,65,35,35,44,67,76,90,77,48,40,28,23,9,13,5,1,F,2011
E01031647,Horsham 002D,632,44,35,39,38,29,28,39,44,59,57,52,33,47,22,15,15,12,8,16,F,2011
E01031649,Horsham 002E,583,35,31,44,37,27,31,40,41,52,44,50,30,47,26,11,20,4,7,6,F,2011
E01031650,Horsham 002F,681,40,49,51,61,22,14,31,41,56,76,71,46,35,32,16,19,14,3,4,F,2011
E01031666,Horsham 002G,840,49,43,54,48,22,26,33,63,57,58,67,49,82,73,40,40,18,13,5,F,2011
E01031668,Horsham 002H,760,30,34,40,31,20,28,32,49,48,54,55,50,66,54,49,53,39,16,12,F,2011
E01031620,Horsham 003A,830,53,47,52,47,58,39,64,49,77,75,69,38,48,35,23,25,17,13,1,F,2011
E01031648,Horsham 003B,849,39,36,34,44,50,59,83,42,53,65,53,51,48,43,34,53,32,20,10,F,2011
E01031651,Horsham 003C,895,62,63,64,51,34,44,53,83,79,66,65,46,35,44,24,19,27,17,19,F,2011
E01031658,Horsham 003D,1081,46,53,55,67,34,48,48,63,104,82,87,72,74,69,56,49,30,27,17,F,2011
E01031689,Horsham 003E,790,46,45,43,40,40,54,61,61,63,75,56,35,37,31,25,29,22,18,9,F,2011
E01031654,Horsham 004A,805,28,40,56,49,15,29,26,46,60,77,63,49,47,35,51,45,41,21,27,F,2011
E01031655,Horsham 004B,768,62,43,54,37,32,55,70,74,67,58,61,41,32,18,12,19,18,7,8,F,2011
E01031667,Horsham 004C,815,48,44,41,41,36,51,55,58,60,60,51,45,62,43,37,28,29,12,14,F,2011
E01031669,Horsham 004D,816,43,53,52,54,40,58,69,56,58,77,49,51,31,31,21,28,20,16,9,F,2011
E01031672,Horsham 004E,900,52,34,44,36,61,80,83,63,54,56,60,51,32,33,32,41,39,30,19,F,2011
E01031657,Horsham 005A,1062,39,44,70,56,63,51,51,60,91,96,76,66,85,58,54,26,44,19,13,F,2011
E01031659,Horsham 005B,781,32,50,57,40,24,21,29,37,67,85,61,66,52,37,41,23,18,19,22,F,2011
E01031674,Horsham 005C,696,23,39,49,66,19,18,19,34,51,62,59,50,63,38,26,28,23,19,10,F,2011
E01031675,Horsham 005D,708,41,48,40,34,24,20,18,44,59,57,60,69,54,44,28,29,22,9,8,F,2011
E01031636,Horsham 006A,1170,74,47,36,38,86,83,98,90,59,67,63,40,38,44,51,84,65,72,35,F,2011
E01031652,Horsham 006B,905,66,66,69,61,40,43,51,68,80,71,64,43,29,36,23,29,36,19,11,F,2011
E01031653,Horsham 006C,878,38,30,43,45,38,85,80,59,57,68,54,48,30,21,20,29,37,49,47,F,2011
E01031656,Horsham 006D,910,70,45,50,37,56,68,65,70,82,62,47,42,45,20,39,25,36,36,15,F,2011
E01031688,Horsham 006E,714,34,37,38,31,29,31,38,51,60,42,43,43,39,38,39,39,37,26,19,F,2011
E01031691,Horsham 006F,854,64,37,29,28,20,36,62,66,71,69,42,48,47,47,56,55,41,23,13,F,2011
E01031619,Horsham 007A,757,39,43,47,43,41,53,53,45,72,84,55,50,41,24,31,19,9,6,2,F,2011
E01031637,Horsham 007B,976,60,55,48,52,37,59,67,81,77,70,59,56,73,39,37,38,44,16,8,F,2011
E01031638,Horsham 007C,915,60,38,35,33,47,67,66,68,73,77,69,77,55,36,30,35,21,18,10,F,2011
E01031690,Horsham 007D,780,36,47,42,34,19,17,30,39,51,57,59,61,68,49,45,37,43,26,20,F,2011
E01031639,Horsham 008A,993,51,43,46,53,38,58,56,50,74,92,68,62,71,60,38,50,38,23,22,F,2011
E01031640,Horsham 008B,946,26,50,76,69,29,18,15,42,66,95,74,58,90,71,75,42,28,15,7,F,2011
E01031660,Horsham 008C,644,25,34,56,27,17,16,17,24,52,61,56,43,64,49,32,32,21,15,3,F,2011
E01031661,Horsham 008D,804,26,35,57,47,33,25,25,31,80,76,74,68,60,52,50,32,17,12,4,F,2011
E01031679,Horsham 008E,1041,40,52,202,262,21,25,48,43,57,60,52,53,33,24,23,13,17,14,2,F,2011
E01031677,Horsham 009A,754,54,44,39,44,36,36,41,50,53,55,44,49,46,46,35,32,28,11,11,F,2011
E01031678,Horsham 009B,801,39,59,66,63,39,20,21,62,79,86,85,49,52,26,13,20,14,5,3,F,2011
E01031680,Horsham 009C,679,24,50,54,59,25,15,21,40,85,83,76,39,39,25,19,10,11,4,0,F,2011
E01031681,Horsham 009D,761,59,54,56,46,36,37,48,69,81,70,41,40,30,24,20,19,22,7,2,F,2011
E01031682,Horsham 009E,597,34,43,42,54,20,24,43,66,70,61,47,28,24,12,10,8,9,2,0,F,2011
E01031683,Horsham 009F,734,48,43,37,37,44,53,74,51,65,58,52,44,35,25,25,17,17,8,1,F,2011
E01031611,Horsham 010A,814,30,41,46,38,31,20,26,47,84,79,76,70,68,56,35,30,14,20,3,F,2011
E01031612,Horsham 010B,1072,93,52,72,50,32,46,86,91,99,77,62,73,71,54,47,33,19,13,2,F,2011
E01031613,Horsham 010C,1025,68,74,76,37,47,36,58,78,102,85,69,63,59,60,42,29,22,15,5,F,2011
E01031614,Horsham 010D,1054,60,56,78,63,38,65,71,103,79,79,60,40,39,37,43,40,31,42,30,F,2011
E01031615,Horsham 010E,815,36,46,41,31,23,30,51,32,53,47,60,49,67,72,46,48,40,20,23,F,2011
E01031632,Horsham 011A,713,29,32,44,38,23,20,28,50,55,70,70,68,70,50,28,20,12,5,1,F,2011
E01031633,Horsham 011B,640,31,32,27,34,27,15,22,37,51,68,58,51,55,44,42,21,18,5,2,F,2011
E01031634,Horsham 011C,675,33,34,43,37,28,33,44,35,50,65,55,37,27,33,20,25,35,27,14,F,2011
E01031635,Horsham 011D,734,30,58,52,55,32,30,40,63,52,71,63,40,46,38,25,17,16,6,0,F,2011
E01031621,Horsham 012A,864,4,21,37,24,22,5,10,20,37,64,57,84,105,116,83,75,59,28,13,F,2011
E01031623,Horsham 012B,870,25,35,27,41,32,18,24,37,49,74,74,77,88,80,61,52,34,24,18,F,2011
E01031627,Horsham 012C,1041,34,52,66,55,35,22,39,35,77,95,61,70,95,82,58,60,58,33,14,F,2011
E01031664,Horsham 012D,810,31,44,35,49,14,18,23,44,55,79,63,67,77,68,46,50,25,13,9,F,2011
E01031626,Horsham 013A,782,37,46,41,30,16,20,34,35,64,56,61,63,67,55,52,36,34,18,17,F,2011
E01031630,Horsham 013B,905,36,33,37,29,31,35,44,45,46,60,42,62,88,67,69,64,60,40,17,F,2011
E01031631,Horsham 013C,833,40,35,32,23,31,40,43,51,45,57,30,38,68,75,62,42,58,42,21,F,2011
E01031662,Horsham 013D,823,35,20,35,39,33,40,39,56,59,68,56,50,56,46,46,34,49,30,32,F,2011
E01031663,Horsham 013E,928,47,56,68,44,45,57,55,71,66,65,59,46,56,63,47,29,24,16,14,F,2011
E01031665,Horsham 013F,603,30,25,22,29,17,18,24,30,40,64,50,54,46,45,37,26,15,19,12,F,2011
E01031618,Horsham 014A,690,22,36,43,38,34,16,22,36,53,58,78,54,52,52,36,28,13,9,10,F,2011
E01031641,Horsham 014B,913,36,30,32,45,23,27,27,42,64,58,53,50,64,71,66,56,58,42,69,F,2011
E01031642,Horsham 014C,961,35,66,39,58,28,27,33,45,73,81,76,74,73,72,61,47,40,22,11,F,2011
E01031643,Horsham 014D,865,52,48,34,44,35,40,43,44,56,64,60,40,52,56,41,56,37,34,29,F,2011
E01031687,Horsham 014E,892,57,48,38,92,46,36,38,45,61,86,59,51,66,39,42,32,27,21,8,F,2011
E01031622,Horsham 015A,805,42,41,56,47,22,27,45,55,76,76,57,61,55,60,29,28,19,7,2,F,2011
E01031624,Horsham 015B,762,40,36,51,45,25,24,34,54,79,69,70,61,59,41,30,23,11,6,4,F,2011
E01031625,Horsham 015C,701,26,40,47,36,31,17,22,43,75,94,46,55,45,49,33,14,17,3,8,F,2011
E01031628,Horsham 015D,740,32,25,97,47,34,37,32,35,54,43,55,42,51,36,27,21,26,25,21,F,2011
E01031629,Horsham 015E,766,22,36,41,41,21,19,23,28,51,66,66,63,74,75,49,37,23,20,11,F,2011
E01031616,Horsham 016A,822,43,54,54,48,39,33,42,60,62,67,65,37,52,55,51,24,17,10,9,F,2011
E01031617,Horsham 016B,1220,49,49,81,82,47,32,48,70,91,113,89,76,104,86,79,44,34,28,18,F,2011
E01031684,Horsham 016C,774,32,37,42,37,27,24,23,46,64,61,62,67,65,60,38,43,26,11,9,F,2011
E01031685,Horsham 016D,956,42,35,33,38,22,31,26,55,55,70,57,67,65,82,68,51,49,60,50,F,2011
E01031686,Horsham 016E,745,26,35,36,39,21,11,19,34,43,63,46,48,69,73,56,50,42,18,16,F,2011
E07000228,,71547,4161,3939,4104,3979,3098,3703,4108,4905,5597,5617,4862,4362,4679,3947,2858,2591,2343,1575,1119,F,2011
E01031731,Mid Sussex 001A,1053,85,65,63,62,53,64,55,71,72,81,68,59,38,53,44,37,36,30,17,F,2011
E01031732,Mid Sussex 001B,977,62,61,61,60,41,61,53,76,79,80,60,56,49,39,27,28,27,25,32,F,2011
E01031733,Mid Sussex 001C,926,56,53,49,48,55,57,63,64,68,69,49,73,54,42,28,24,25,21,28,F,2011
E01031734,Mid Sussex 001D,833,35,45,51,64,30,32,49,47,64,77,75,63,58,52,25,31,15,16,4,F,2011
E01031741,Mid Sussex 001E,838,53,30,37,25,38,88,61,64,64,39,41,53,47,43,33,30,36,41,15,F,2011
E01031742,Mid Sussex 001F,998,35,23,38,46,39,74,75,60,58,54,54,39,69,51,28,53,77,64,61,F,2011
E01031743,Mid Sussex 001G,817,61,44,39,28,53,77,69,50,62,58,56,42,52,43,29,22,15,9,8,F,2011
E01031718,Mid Sussex 002A,932,48,51,57,52,59,39,44,53,83,88,84,57,61,51,34,27,29,9,6,F,2011
E01031719,Mid Sussex 002B,933,36,57,73,62,35,52,41,60,78,75,68,59,64,59,24,33,19,17,21,F,2011
E01031720,Mid Sussex 002C,713,31,39,47,43,21,22,37,41,60,51,62,45,56,36,36,32,33,12,9,F,2011
E01031722,Mid Sussex 002D,603,33,35,43,60,24,28,40,41,40,46,53,32,47,23,20,13,14,7,4,F,2011
E01031695,Mid Sussex 003A,798,33,43,75,39,37,43,38,40,59,62,64,57,53,44,38,26,15,16,16,F,2011
E01031696,Mid Sussex 003B,669,40,30,37,30,36,23,40,32,50,60,57,49,48,45,31,25,18,11,7,F,2011
E01031729,Mid Sussex 003C,899,37,54,54,42,35,36,47,54,65,71,74,74,75,72,43,29,30,4,3,F,2011
E01031730,Mid Sussex 003D,890,63,41,51,52,51,77,91,97,75,83,58,47,39,28,12,10,7,3,5,F,2011
E01031735,Mid Sussex 003E,859,41,42,36,56,42,39,43,50,66,84,75,72,72,56,30,27,15,9,4,F,2011
E01031736,Mid Sussex 004A,837,40,37,45,38,40,34,34,54,56,75,61,60,63,66,35,42,26,17,14,F,2011
E01031737,Mid Sussex 004B,779,45,59,45,54,26,31,54,74,76,51,61,41,40,41,35,21,10,8,7,F,2011
E01031738,Mid Sussex 004C,631,21,28,42,28,25,14,24,32,42,56,43,49,55,39,29,36,36,18,14,F,2011
E01031739,Mid Sussex 004D,895,47,38,45,61,49,49,36,60,63,80,64,57,68,67,33,33,29,11,5,F,2011
E01031740,Mid Sussex 004E,679,29,35,33,44,33,38,30,49,36,51,52,46,49,36,29,31,29,20,9,F,2011
E01031721,Mid Sussex 005A,776,30,28,37,35,22,24,29,36,55,46,39,57,74,63,72,49,39,25,16,F,2011
E01031723,Mid Sussex 005B,687,17,27,44,38,24,37,15,35,59,45,64,73,65,52,29,25,21,9,8,F,2011
E01031724,Mid Sussex 005C,706,43,36,43,57,37,30,37,55,49,62,68,60,60,32,13,12,9,2,1,F,2011
E01031725,Mid Sussex 005D,758,39,46,29,42,35,20,36,51,54,64,52,51,74,56,35,35,21,9,9,F,2011
E01031694,Mid Sussex 006A,945,42,47,62,147,33,32,48,63,51,84,51,60,59,40,44,27,25,21,9,F,2011
E01031764,Mid Sussex 006B,735,38,49,40,30,19,21,18,43,64,73,55,58,46,48,43,19,26,20,25,F,2011
E01031765,Mid Sussex 006C,800,36,49,66,60,20,40,27,39,63,85,62,57,49,49,32,29,21,11,5,F,2011
E01031766,Mid Sussex 006D,1080,42,62,78,51,46,49,41,55,89,94,75,87,85,82,39,36,37,17,15,F,2011
E01031692,Mid Sussex 007A,1092,97,75,56,68,46,71,89,83,82,94,69,68,38,44,32,40,19,16,5,F,2011
E01031693,Mid Sussex 007B,962,57,59,50,46,31,33,39,71,81,70,70,43,74,52,33,48,37,38,30,F,2011
E01031697,Mid Sussex 007C,630,39,46,34,39,17,24,25,30,47,67,56,41,44,36,20,23,19,16,7,F,2011
E01031727,Mid Sussex 007D,897,41,59,67,53,23,17,19,52,75,96,65,51,76,75,36,31,27,14,20,F,2011
E01031758,Mid Sussex 008A,689,44,39,50,40,25,23,32,44,58,64,65,70,53,34,24,12,5,3,4,F,2011
E01031760,Mid Sussex 008B,924,67,65,53,44,48,60,52,75,65,83,52,47,57,44,36,20,21,20,15,F,2011
E01031772,Mid Sussex 008C,892,45,41,43,38,29,32,44,49,74,63,39,43,74,56,45,38,46,48,45,F,2011
E01031773,Mid Sussex 008D,1033,63,57,59,50,21,32,49,54,90,75,69,67,68,79,55,48,53,30,14,F,2011
E01031774,Mid Sussex 008E,807,37,53,49,30,17,16,40,47,66,59,57,51,76,62,43,41,32,21,10,F,2011
E01031775,Mid Sussex 008F,933,56,45,48,31,20,31,29,68,58,56,60,53,70,78,61,55,56,36,22,F,2011
E01031751,Mid Sussex 009A,1308,110,78,56,65,68,146,113,125,115,84,70,61,68,48,29,26,26,16,4,F,2011
E01031759,Mid Sussex 009B,820,38,43,39,46,35,57,40,56,65,67,45,63,51,48,38,34,35,13,7,F,2011
E01031761,Mid Sussex 009C,1040,49,27,17,22,62,148,114,76,56,43,46,42,48,48,34,41,52,62,53,F,2011
E01032837,Mid Sussex 009E,767,51,50,26,23,21,33,55,59,56,43,26,22,39,34,23,34,49,59,64,F,2011
E01032838,Mid Sussex 009F,677,72,58,32,25,42,85,88,93,53,47,16,20,23,14,6,2,1,0,0,F,2011
E01032839,Mid Sussex 009G,555,18,23,23,8,35,51,57,34,39,37,35,29,40,31,17,27,29,10,12,F,2011
E01031752,Mid Sussex 010A,781,71,62,55,49,53,50,59,53,53,53,44,38,37,31,28,14,14,13,4,F,2011
E01031753,Mid Sussex 010B,713,34,54,38,33,39,35,52,45,58,52,55,38,39,34,29,36,24,16,2,F,2011
E01031754,Mid Sussex 010C,813,51,37,40,55,40,47,63,58,60,74,53,48,47,37,19,26,26,23,9,F,2011
E01031755,Mid Sussex 010D,704,58,38,41,35,32,42,61,51,51,52,51,40,44,23,15,31,19,13,7,F,2011
E01031757,Mid Sussex 010E,785,54,44,47,29,46,53,60,61,53,50,64,43,53,26,31,26,24,11,10,F,2011
E01031726,Mid Sussex 011A,789,54,57,57,48,47,25,43,77,75,70,52,38,36,39,26,23,10,6,6,F,2011
E01031728,Mid Sussex 011B,1048,53,58,72,55,34,31,39,65,94,81,53,70,76,75,57,40,48,26,21,F,2011
E01031749,Mid Sussex 011C,764,44,39,35,40,27,34,57,58,76,60,53,43,47,57,30,23,21,10,10,F,2011
E01031750,Mid Sussex 011D,727,53,30,39,39,38,47,54,61,57,55,46,42,36,36,27,34,17,9,7,F,2011
E01031756,Mid Sussex 011E,930,62,65,38,49,48,65,51,75,71,66,70,50,74,46,30,25,27,11,7,F,2011
E01031763,Mid Sussex 011F,889,56,37,52,50,40,34,41,57,56,69,59,57,70,71,44,40,28,19,9,F,2011
E01031699,Mid Sussex 012A,876,71,49,53,50,44,74,57,77,86,85,69,41,45,24,12,13,14,11,1,F,2011
E01031700,Mid Sussex 012B,864,57,55,80,72,25,35,47,81,112,101,57,44,31,27,17,16,4,3,0,F,2011
E01031701,Mid Sussex 012C,951,66,70,74,57,28,55,70,82,92,81,57,54,45,43,22,27,14,9,5,F,2011
E01031714,Mid Sussex 012D,798,50,43,41,53,46,38,37,64,58,50,49,41,50,34,27,31,42,27,17,F,2011
E01031704,Mid Sussex 013A,894,65,62,34,35,45,57,69,64,80,53,57,46,49,50,47,37,24,17,3,F,2011
E01031706,Mid Sussex 013B,863,41,42,53,46,40,43,37,53,59,76,58,63,71,47,42,36,27,19,10,F,2011
E01031711,Mid Sussex 013C,887,46,55,42,55,35,49,53,83,87,67,75,47,51,37,30,28,29,12,6,F,2011
E01031712,Mid Sussex 013D,798,51,42,41,52,39,64,55,57,73,51,37,39,54,36,24,37,29,7,10,F,2011
E01031713,Mid Sussex 013E,690,21,30,52,34,20,11,28,40,50,63,55,45,57,52,61,31,21,15,4,F,2011
E01031705,Mid Sussex 014A,831,66,54,34,61,57,51,78,66,60,54,50,51,45,39,18,13,15,9,10,F,2011
E01031707,Mid Sussex 014B,812,36,36,33,45,39,31,46,38,61,62,53,51,79,55,42,39,33,22,11,F,2011
E01031708,Mid Sussex 014C,835,53,28,36,46,56,75,83,57,62,44,57,39,36,30,27,21,31,31,23,F,2011
E01031709,Mid Sussex 014D,821,42,34,43,44,38,67,36,52,64,71,50,42,47,45,31,28,45,18,24,F,2011
E01031716,Mid Sussex 014E,668,61,53,59,33,32,60,54,44,58,40,38,25,21,36,21,20,9,3,1,F,2011
E01031717,Mid Sussex 014F,700,56,34,46,35,35,52,46,64,69,47,48,45,30,35,15,17,13,7,6,F,2011
E01031702,Mid Sussex 015A,741,29,31,41,41,32,29,26,32,52,58,56,72,72,41,30,32,19,23,25,F,2011
E01031703,Mid Sussex 015B,909,27,27,49,85,41,17,23,17,40,73,70,65,81,67,56,63,43,27,38,F,2011
E01031710,Mid Sussex 015C,741,33,40,44,28,35,24,31,44,48,56,45,52,58,51,42,49,37,16,8,F,2011
E01031715,Mid Sussex 015D,787,58,66,46,36,33,24,68,70,107,74,62,38,26,20,20,17,14,7,1,F,2011
E01031698,Mid Sussex 016A,824,53,51,55,74,34,19,37,51,62,85,78,60,48,41,26,24,15,8,3,F,2011
E01031767,Mid Sussex 016B,802,45,42,53,82,32,37,30,57,62,55,52,56,49,43,35,20,30,18,4,F,2011
E01031769,Mid Sussex 016C,918,72,70,60,44,25,33,63,80,99,61,60,58,49,40,30,19,28,18,9,F,2011
E01031770,Mid Sussex 016D,859,45,53,52,46,18,22,48,62,65,78,67,63,73,46,39,25,25,21,11,F,2011
E01031771,Mid Sussex 016E,791,50,51,61,44,50,22,63,63,76,79,55,40,47,24,19,23,18,4,2,F,2011
E01031744,Mid Sussex 017A,759,39,33,64,39,23,26,33,45,46,70,58,40,58,49,52,30,26,17,11,F,2011
E01031745,Mid Sussex 017B,991,73,40,42,29,44,46,36,66,68,64,50,50,59,78,65,50,56,47,28,F,2011
E01031746,Mid Sussex 017C,842,65,41,50,52,40,43,46,57,52,84,64,51,42,30,35,18,35,21,16,F,2011
E01031747,Mid Sussex 017D,794,30,37,40,35,28,14,23,29,57,53,57,34,61,68,59,56,69,34,10,F,2011
E01031748,Mid Sussex 017E,675,31,36,46,33,24,16,22,34,51,51,42,45,48,46,35,46,28,24,17,F,2011
E01031768,Mid Sussex 017F,811,37,41,44,29,18,16,23,53,57,57,51,54,70,47,61,45,45,39,24,F,2011
E07000229,,54442,3053,2634,2744,2760,2794,3142,3336,3503,3944,4062,3415,2993,3368,2920,2451,2343,2117,1671,1192,F,2011
E01031793,Worthing 001A,694,27,33,35,21,17,14,31,31,42,55,51,59,61,56,49,46,33,26,7,F,2011
E01031820,Worthing 001B,896,12,20,32,48,18,18,18,31,55,52,42,63,100,111,72,81,62,42,19,F,2011
E01031821,Worthing 001C,868,44,44,44,31,27,21,34,52,74,57,59,61,66,70,57,44,38,29,16,F,2011
E01031828,Worthing 001D,673,23,30,32,34,23,10,20,35,39,53,51,49,71,58,47,28,30,20,20,F,2011
E01031829,Worthing 001E,812,32,37,31,44,36,15,23,44,50,58,58,67,71,61,44,50,32,29,30,F,2011
E01031822,Worthing 002A,820,37,38,46,48,23,22,34,43,78,65,30,61,70,53,45,38,33,30,26,F,2011
E01031825,Worthing 002B,834,30,29,34,24,26,22,36,30,50,58,47,55,87,72,75,59,58,26,16,F,2011
E01031826,Worthing 002C,684,32,34,39,47,26,27,37,52,65,54,42,45,54,37,28,30,16,16,3,F,2011
E01031827,Worthing 002D,723,39,44,32,38,43,33,42,51,45,49,50,47,43,39,39,29,29,18,13,F,2011
E01031839,Worthing 002E,898,47,51,65,55,37,54,48,58,80,81,60,48,51,39,44,29,24,17,10,F,2011
E01031792,Worthing 003A,723,47,42,32,26,30,36,38,43,53,34,56,54,54,43,36,33,34,18,14,F,2011
E01031794,Worthing 003B,695,38,17,22,23,25,29,21,31,40,39,35,50,58,55,58,60,48,28,18,F,2011
E01031795,Worthing 003C,790,82,40,36,36,47,71,61,49,67,60,54,51,35,20,24,15,23,14,5,F,2011
E01031818,Worthing 003D,1082,68,65,81,83,65,72,87,59,80,102,65,50,83,59,25,9,16,8,5,F,2011
E01031830,Worthing 003E,856,58,53,47,57,41,51,60,49,63,63,43,41,51,57,36,30,27,10,19,F,2011
E01031778,Worthing 004A,762,37,27,36,42,49,60,44,52,54,57,54,40,42,40,34,31,26,25,12,F,2011
E01031797,Worthing 004B,665,25,43,42,46,22,25,27,49,57,60,55,38,38,40,28,21,30,11,8,F,2011
E01031800,Worthing 004C,813,48,48,53,55,22,26,50,72,63,83,53,41,45,27,42,23,33,19,10,F,2011
E01031823,Worthing 004D,720,37,43,50,48,19,24,18,44,70,60,64,50,43,46,33,36,20,7,8,F,2011
E01031824,Worthing 004E,695,39,50,41,49,28,30,18,47,57,59,57,46,48,42,32,17,21,9,5,F,2011
E01031776,Worthing 005A,851,69,55,44,52,50,57,77,82,71,63,47,39,37,23,24,14,19,15,13,F,2011
E01031777,Worthing 005B,866,54,52,57,58,42,58,69,46,78,74,59,39,38,45,26,27,27,12,5,F,2011
E01031780,Worthing 005C,799,45,44,66,79,40,28,37,60,83,76,66,41,40,33,19,19,9,14,0,F,2011
E01031781,Worthing 005D,862,54,62,64,59,43,44,67,63,76,78,48,33,44,40,27,23,24,6,7,F,2011
E01031798,Worthing 005E,758,36,33,41,56,53,56,45,60,54,68,68,53,38,30,16,19,12,14,6,F,2011
E01031783,Worthing 006A,797,59,42,68,43,41,40,46,47,56,62,46,40,55,35,29,34,28,17,9,F,2011
E01031785,Worthing 006B,768,58,34,52,31,42,47,44,51,56,66,46,40,47,55,22,34,21,13,9,F,2011
E01031786,Worthing 006C,791,65,50,39,48,36,56,53,44,59,58,59,46,44,40,29,23,19,17,6,F,2011
E01031817,Worthing 006D,822,57,61,45,64,41,63,53,69,72,86,59,51,27,33,19,12,8,0,2,F,2011
E01031819,Worthing 006E,674,57,54,61,62,32,46,37,50,57,73,50,33,16,18,8,11,3,6,0,F,2011
E01031782,Worthing 007A,877,25,35,44,34,32,15,29,40,55,65,54,56,82,76,75,54,60,34,12,F,2011
E01031784,Worthing 007B,976,62,45,70,50,63,55,63,53,64,70,56,61,61,44,45,43,34,28,9,F,2011
E01031836,Worthing 007C,853,51,56,60,43,37,54,60,70,74,64,64,34,40,46,30,33,18,17,2,F,2011
E01031838,Worthing 007D,837,43,44,33,44,37,46,48,49,61,61,67,50,52,35,29,39,29,34,36,F,2011
E01031840,Worthing 007E,871,48,44,37,25,50,42,59,45,69,67,60,58,74,48,42,45,37,15,6,F,2011
E01031791,Worthing 008A,1123,100,64,38,43,96,109,105,105,92,66,52,36,40,30,31,26,25,31,34,F,2011
E01031796,Worthing 008B,833,61,47,69,50,50,56,74,71,75,72,50,38,36,24,19,14,13,6,8,F,2011
E01031799,Worthing 008C,837,54,53,48,54,47,45,44,69,65,77,56,45,34,29,28,22,26,27,14,F,2011
E01031801,Worthing 008D,921,80,52,50,42,80,75,76,74,73,76,45,35,29,25,30,29,23,16,11,F,2011
E01031837,Worthing 008E,982,71,62,56,50,69,68,76,88,83,85,68,57,36,30,31,23,12,12,5,F,2011
E01031779,Worthing 009A,715,50,59,47,54,42,42,58,49,61,53,38,28,44,26,15,22,15,9,3,F,2011
E01031831,Worthing 009B,871,49,42,42,48,31,41,54,82,77,67,51,47,32,44,35,42,27,34,26,F,2011
E01031832,Worthing 009C,860,46,23,31,34,44,42,35,40,56,61,44,64,88,61,50,57,30,39,15,F,2011
E01031833,Worthing 009D,866,63,62,55,52,63,62,65,64,58,81,55,32,44,30,27,5,15,19,14,F,2011
E01031834,Worthing 009E,826,45,45,59,44,37,43,49,78,72,88,57,43,40,43,28,15,19,12,9,F,2011
E01031790,Worthing 010A,1000,43,30,25,32,63,92,83,57,54,60,56,40,33,52,57,40,56,59,68,F,2011
E01031807,Worthing 010B,918,23,28,23,30,35,61,47,42,23,47,50,42,57,44,49,60,88,91,78,F,2011
E01031809,Worthing 010C,769,34,17,21,19,56,79,53,48,49,54,39,34,52,46,31,35,46,31,25,F,2011
E01031810,Worthing 010D,810,46,43,37,37,56,61,78,58,63,65,56,38,42,28,24,27,23,17,11,F,2011
E01031811,Worthing 010E,776,33,16,14,20,43,71,58,38,37,41,28,27,47,34,30,34,52,69,84,F,2011
E01031787,Worthing 011A,942,59,25,30,34,88,96,106,71,66,54,42,22,37,34,40,38,37,38,25,F,2011
E01031788,Worthing 011B,1094,100,69,43,34,73,113,128,94,69,66,55,46,28,27,25,30,38,39,17,F,2011
E01031789,Worthing 011C,983,64,28,34,44,82,105,85,82,70,55,52,44,40,43,44,31,29,22,29,F,2011
E01031808,Worthing 011D,755,45,14,7,19,78,83,59,67,49,25,40,21,28,23,24,35,35,46,57,F,2011
E01031835,Worthing 011E,927,55,19,23,26,89,98,78,63,78,63,55,47,62,42,17,29,37,21,25,F,2011
E01031812,Worthing 012A,837,33,17,22,31,39,52,47,33,40,43,45,33,62,56,49,73,69,50,43,F,2011
E01031813,Worthing 012B,953,61,53,44,48,51,54,63,55,60,77,63,47,64,44,34,52,33,25,25,F,2011
E01031814,Worthing 012C,768,23,24,28,38,40,23,34,36,49,62,67,58,64,51,57,43,38,25,8,F,2011
E01031815,Worthing 012D,822,30,18,22,41,28,33,33,37,38,52,61,54,68,59,54,59,49,48,38,F,2011
E01031816,Worthing 012E,846,68,58,55,46,27,40,56,77,81,73,48,51,41,34,22,27,15,12,15,F,2011
E01031802,Worthing 013A,857,18,20,18,20,14,25,23,27,41,37,44,60,69,84,98,95,69,70,25,F,2011
E01031803,Worthing 013B,792,22,30,39,52,30,15,18,24,56,61,55,47,80,57,52,59,42,34,19,F,2011
E01031804,Worthing 013C,867,28,30,46,31,17,25,31,38,41,51,57,69,72,76,57,68,65,38,27,F,2011
E01031805,Worthing 013D,894,21,35,35,28,20,21,23,35,39,50,52,50,90,82,69,72,77,61,34,F,2011
E01031806,Worthing 013E,893,43,52,72,56,43,45,63,50,62,70,59,48,43,36,36,42,33,26,14,F,2011
E06000022,,89593,4472,4201,4678,6301,8037,4757,4750,5332,6185,6505,5731,5210,5484,4673,3795,3265,2930,2059,1228,F,2011
E01014399,Bath and North East Somerset 001A,838,60,38,37,49,37,52,69,48,50,55,58,57,60,48,50,26,29,7,8,F,2011
E01014400,Bath and North East Somerset 001B,1003,56,43,54,49,63,49,42,69,71,78,45,63,71,56,47,39,39,40,29,F,2011
E01014401,Bath and North East Somerset 001C,858,43,38,57,66,43,43,42,53,54,75,62,46,43,45,43,39,34,22,10,F,2011
E01014402,Bath and North East Somerset 002A,878,65,34,50,48,52,53,51,60,55,57,58,51,45,68,46,46,25,8,6,F,2011
E01014403,Bath and North East Somerset 002B,923,49,27,34,41,41,39,35,45,46,56,40,52,70,54,59,61,77,58,39,F,2011
E01014404,Bath and North East Somerset 002C,898,62,53,53,52,49,47,55,66,79,41,48,36,57,45,35,39,47,21,13,F,2011
E01014395,Bath and North East Somerset 003A,620,15,19,26,41,32,9,18,18,30,51,45,56,80,47,40,35,35,18,5,F,2011
E01014396,Bath and North East Somerset 003B,761,34,38,38,40,53,33,29,49,53,63,41,37,40,37,36,31,52,32,25,F,2011
E01014397,Bath and North East Somerset 003C,657,26,33,54,38,20,14,18,35,44,71,43,29,55,53,32,35,30,17,10,F,2011
E01014398,Bath and North East Somerset 003D,713,27,28,32,37,28,35,28,34,55,56,54,49,58,45,52,38,32,17,8,F,2011
E01014409,Bath and North East Somerset 004A,850,39,50,46,45,36,38,42,63,68,66,58,53,61,52,33,23,30,27,20,F,2011
E01014410,Bath and North East Somerset 004B,905,59,54,51,42,25,24,38,65,78,89,66,61,68,46,57,30,27,17,8,F,2011
E01014411,Bath and North East Somerset 004C,1075,42,45,69,63,47,70,70,80,79,99,66,50,63,53,58,39,34,29,19,F,2011
E01014477,Bath and North East Somerset 005A,768,32,30,22,45,34,20,32,49,48,56,57,45,53,56,55,44,57,20,13,F,2011
E01014478,Bath and North East Somerset 005B,628,39,51,37,43,40,31,46,55,35,48,36,30,42,27,12,16,14,18,8,F,2011
E01014479,Bath and North East Somerset 005C,752,40,30,36,32,36,24,31,46,36,58,50,39,38,51,33,39,51,46,36,F,2011
E01014480,Bath and North East Somerset 005D,638,46,29,42,36,23,33,46,53,55,39,35,30,28,24,39,29,14,25,12,F,2011
E01014465,Bath and North East Somerset 006A,800,67,38,39,45,47,50,59,75,80,60,43,50,47,26,27,17,14,12,4,F,2011
E01014466,Bath and North East Somerset 006B,609,46,39,39,34,53,46,40,40,52,67,36,32,30,20,16,10,4,3,2,F,2011
E01014467,Bath and North East Somerset 006C,761,38,30,20,32,83,72,67,61,62,59,42,39,49,37,17,20,11,16,6,F,2011
E01014468,Bath and North East Somerset 006D,719,35,27,17,32,123,64,76,43,60,54,43,21,35,23,27,13,14,8,4,F,2011
E01014370,Bath and North East Somerset 007A,858,12,10,9,28,165,96,72,34,34,36,32,35,37,28,33,48,40,63,46,F,2011
E01014371,Bath and North East Somerset 007B,915,36,18,15,22,146,103,88,40,53,53,38,46,44,39,33,38,43,38,22,F,2011
E01014372,Bath and North East Somerset 007C,955,25,23,15,36,176,113,101,77,52,53,53,53,51,42,23,27,16,10,9,F,2011
E01014412,Bath and North East Somerset 007D,749,33,30,51,35,70,61,48,48,64,67,51,26,45,40,28,19,13,15,5,F,2011
E01014413,Bath and North East Somerset 007E,869,28,30,85,147,13,19,21,33,44,65,59,62,58,50,50,44,32,17,12,F,2011
E01014414,Bath and North East Somerset 007F,752,30,18,15,43,148,71,58,60,43,46,41,48,28,31,22,20,14,10,6,F,2011
E01014427,Bath and North East Somerset 008A,682,46,27,41,35,106,59,40,42,55,45,39,17,33,22,24,14,24,10,3,F,2011
E01014428,Bath and North East Somerset 008B,741,35,56,42,34,55,46,34,44,58,50,51,30,28,32,32,31,36,28,19,F,2011
E01014429,Bath and North East Somerset 008C,840,50,62,53,47,56,44,47,78,65,72,48,57,34,28,24,26,21,16,12,F,2011
E01014430,Bath and North East Somerset 008D,865,47,51,42,48,36,36,30,45,53,61,65,49,66,48,45,49,50,30,14,F,2011
E01014405,Bath and North East Somerset 009A,1072,69,46,47,47,166,66,72,76,71,76,50,56,49,40,28,30,28,31,24,F,2011
E01014407,Bath and North East Somerset 009C,607,24,15,10,76,122,58,49,39,31,32,33,24,23,17,21,9,12,9,3,F,2011
E01033080,Bath and North East Somerset 009E,1043,30,31,19,53,233,130,98,62,64,57,56,53,31,38,30,17,16,16,9,F,2011
E01014373,Bath and North East Somerset 010A,796,37,56,43,54,35,31,51,71,74,65,52,48,47,29,27,26,27,14,9,F,2011
E01014374,Bath and North East Somerset 010B,759,40,32,39,30,20,24,23,42,57,61,39,49,56,46,55,39,43,34,30,F,2011
E01014375,Bath and North East Somerset 010C,644,23,27,45,33,18,22,20,31,36,69,64,57,50,49,40,18,20,17,5,F,2011
E01014376,Bath and North East Somerset 010D,772,23,29,37,37,18,16,20,35,48,57,84,62,58,71,63,38,41,20,15,F,2011
E01014377,Bath and North East Somerset 010E,721,35,28,34,34,8,16,26,41,45,47,48,53,55,56,56,68,36,26,9,F,2011
E01033078,Bath and North East Somerset 010G,949,41,47,77,117,19,22,40,55,63,82,75,67,75,51,42,28,22,14,12,F,2011
E01033079,Bath and North East Somerset 010H,605,27,31,39,40,24,24,26,39,42,55,51,46,51,40,25,19,14,9,3,F,2011
E01014461,Bath and North East Somerset 011A,597,33,35,35,37,53,40,50,43,59,37,31,31,32,31,13,16,12,6,3,F,2011
E01014462,Bath and North East Somerset 011B,767,67,51,50,66,64,64,49,58,57,56,39,32,23,21,26,17,13,9,5,F,2011
E01014463,Bath and North East Somerset 011C,703,37,28,44,45,43,39,34,42,56,56,39,29,32,49,41,27,21,24,17,F,2011
E01014464,Bath and North East Somerset 011D,663,50,45,32,62,74,64,42,47,42,35,38,22,33,26,17,8,12,10,4,F,2011
E01014380,Bath and North East Somerset 012A,1649,19,32,37,729,305,37,26,22,39,37,41,43,63,41,32,50,42,31,23,F,2011
E01014381,Bath and North East Somerset 012B,776,17,25,29,28,112,53,28,27,33,45,45,45,35,41,50,43,56,43,21,F,2011
E01014481,Bath and North East Somerset 012C,708,23,17,13,31,241,90,46,45,35,33,30,26,27,20,10,10,6,5,0,F,2011
E01014482,Bath and North East Somerset 012D,612,25,35,31,45,26,13,27,18,47,46,61,50,53,36,32,26,18,13,10,F,2011
E01014483,Bath and North East Somerset 012E,747,38,25,33,43,129,61,43,45,51,48,35,41,51,36,17,20,16,11,4,F,2011
E01014484,Bath and North East Somerset 012F,800,22,14,28,30,327,65,42,33,34,48,25,24,26,30,12,15,11,10,4,F,2011
E01014473,Bath and North East Somerset 013A,834,26,22,33,49,282,55,47,30,41,38,33,37,17,27,23,23,27,17,7,F,2011
E01014474,Bath and North East Somerset 013B,600,29,18,24,44,115,39,43,32,35,37,32,32,43,26,13,11,11,12,4,F,2011
E01014475,Bath and North East Somerset 013C,1145,23,17,19,214,490,59,39,33,29,38,33,25,27,32,20,16,17,9,5,F,2011
E01014476,Bath and North East Somerset 013D,718,32,21,28,58,209,46,38,28,38,39,35,31,31,19,18,19,13,9,6,F,2011
E01014435,Bath and North East Somerset 014A,773,22,20,14,61,368,40,19,28,25,22,22,24,23,22,14,21,11,8,9,F,2011
E01014436,Bath and North East Somerset 014B,802,34,22,35,44,204,45,38,36,34,42,55,25,38,27,24,29,37,23,10,F,2011
E01014437,Bath and North East Somerset 014C,737,35,40,50,42,60,42,41,43,48,62,47,44,35,21,25,34,32,25,11,F,2011
E01014438,Bath and North East Somerset 014D,618,26,30,28,61,72,33,42,46,45,43,47,39,27,14,29,15,13,7,1,F,2011
E01014455,Bath and North East Somerset 015A,640,36,33,31,42,38,37,48,35,44,37,44,44,33,32,23,27,23,16,17,F,2011
E01014456,Bath and North East Somerset 015B,787,32,45,52,47,63,40,55,50,55,48,58,41,48,37,43,28,24,16,5,F,2011
E01014457,Bath and North East Somerset 015C,669,20,24,29,30,46,39,30,36,43,41,46,56,84,39,42,26,28,7,3,F,2011
E01014458,Bath and North East Somerset 015D,727,57,56,49,63,62,51,55,39,57,50,36,35,23,21,24,18,13,11,7,F,2011
E01014391,Bath and North East Somerset 016A,711,26,35,37,41,23,14,30,25,67,60,61,65,62,45,43,28,27,18,4,F,2011
E01014392,Bath and North East Somerset 016B,548,17,24,21,27,28,18,17,20,32,39,47,48,59,38,31,22,25,21,14,F,2011
E01014452,Bath and North East Somerset 016C,749,21,25,40,36,30,12,24,32,40,48,60,64,55,67,41,54,54,26,20,F,2011
E01014453,Bath and North East Somerset 016D,651,24,24,39,48,21,18,27,23,43,53,54,45,49,46,33,37,32,27,8,F,2011
E01014454,Bath and North East Somerset 016E,679,27,38,47,48,15,15,20,37,59,61,51,60,67,55,33,14,17,11,4,F,2011
E01014459,Bath and North East Somerset 016F,717,40,36,31,33,34,33,43,54,50,46,41,42,61,45,34,31,33,22,8,F,2011
E01014460,Bath and North East Somerset 016G,619,34,26,19,30,21,19,20,41,28,49,52,49,58,58,38,26,26,12,13,F,2011
E01014415,Bath and North East Somerset 017A,997,64,71,46,41,100,51,54,70,74,75,78,61,60,38,42,20,24,14,14,F,2011
E01014416,Bath and North East Somerset 017B,916,31,40,59,57,41,43,46,46,57,73,63,59,54,46,50,44,48,33,26,F,2011
E01014417,Bath and North East Somerset 017C,882,20,35,54,62,38,38,20,39,57,84,77,73,67,61,45,50,35,13,14,F,2011
E01014387,Bath and North East Somerset 018A,637,31,38,38,35,43,28,33,35,40,48,36,43,36,36,25,34,27,19,12,F,2011
E01014388,Bath and North East Somerset 018B,683,25,36,53,27,28,21,25,28,48,57,50,43,58,39,36,38,41,18,12,F,2011
E01014389,Bath and North East Somerset 018C,695,28,25,39,38,44,33,23,34,45,50,51,45,42,47,32,42,30,30,17,F,2011
E01014390,Bath and North East Somerset 018D,817,69,60,59,52,69,70,60,56,55,51,53,40,25,40,19,15,12,10,2,F,2011
E01014431,Bath and North East Somerset 019A,611,28,25,32,35,48,39,41,43,38,49,51,36,35,33,26,15,22,9,6,F,2011
E01014432,Bath and North East Somerset 019B,639,44,32,29,50,34,39,42,52,32,38,36,36,40,33,28,28,26,14,6,F,2011
E01014433,Bath and North East Somerset 019C,726,65,41,50,48,42,62,60,69,63,52,50,30,26,12,10,21,12,9,4,F,2011
E01014434,Bath and North East Somerset 019D,928,59,40,38,44,84,57,65,50,76,75,60,48,55,52,40,38,31,12,4,F,2011
E01014385,Bath and North East Somerset 020A,710,31,49,43,42,22,27,27,45,69,62,46,52,48,57,23,21,15,12,19,F,2011
E01014386,Bath and North East Somerset 020B,569,33,30,32,37,21,27,23,41,50,52,38,30,38,44,27,22,17,3,4,F,2011
E01014419,Bath and North East Somerset 020C,644,26,32,50,60,21,17,30,32,69,51,44,38,49,25,26,30,16,19,9,F,2011
E01014446,Bath and North East Somerset 020D,568,20,22,40,39,26,17,15,33,49,50,40,52,52,35,27,16,17,12,6,F,2011
E01014447,Bath and North East Somerset 020E,716,28,26,58,56,35,22,23,36,51,52,50,57,54,47,28,21,26,26,20,F,2011
E01014382,Bath and North East Somerset 021A,1205,66,50,66,82,42,33,26,65,87,105,98,75,107,100,66,55,44,25,13,F,2011
E01014383,Bath and North East Somerset 021B,532,23,24,34,31,14,17,21,30,40,42,46,40,46,48,23,20,14,14,5,F,2011
E01014384,Bath and North East Somerset 021C,701,28,38,53,61,32,16,19,26,56,69,70,40,41,36,38,34,16,21,7,F,2011
E01014418,Bath and North East Somerset 021D,709,38,27,54,50,23,22,26,25,58,72,60,54,62,44,36,26,17,9,6,F,2011
E01014379,Bath and North East Somerset 022A,1273,47,51,67,222,104,29,37,71,78,95,89,74,88,78,55,32,41,12,3,F,2011
E01014442,Bath and North East Somerset 022B,873,46,48,57,50,42,47,62,72,87,60,67,51,40,51,36,25,17,11,4,F,2011
E01014443,Bath and North East Somerset 022C,790,43,41,48,48,39,31,39,47,56,94,62,48,47,52,33,29,15,13,5,F,2011
E01014444,Bath and North East Somerset 022D,763,52,57,43,44,37,36,41,82,71,72,50,52,44,32,18,16,11,5,0,F,2011
E01014445,Bath and North East Somerset 022E,819,77,46,50,51,47,55,48,54,46,74,46,38,39,33,30,26,28,22,9,F,2011
E01014393,Bath and North East Somerset 023A,701,45,36,36,41,28,20,30,43,73,43,47,61,55,37,25,17,20,13,31,F,2011
E01014394,Bath and North East Somerset 023B,822,42,39,51,42,31,24,41,65,63,68,68,55,66,53,42,25,21,22,4,F,2011
E01014439,Bath and North East Somerset 023C,939,48,62,53,44,36,39,54,53,61,54,58,43,64,52,55,50,41,38,34,F,2011
E01014440,Bath and North East Somerset 023D,919,81,53,48,57,62,64,58,65,65,67,58,80,48,41,29,16,12,8,7,F,2011
E01014441,Bath and North East Somerset 023E,832,46,51,35,35,42,44,48,46,62,51,54,61,59,63,44,39,26,18,8,F,2011
E01014448,Bath and North East Somerset 024A,789,54,60,45,47,43,49,41,49,52,54,53,48,42,46,33,23,32,15,3,F,2011
E01014449,Bath and North East Somerset 024B,765,74,64,54,43,31,44,53,64,73,67,47,33,46,21,15,14,8,10,4,F,2011
E01014450,Bath and North East Somerset 024C,674,54,42,50,43,40,39,35,47,55,49,40,43,28,35,29,14,19,6,6,F,2011
E01014451,Bath and North East Somerset 024D,635,48,38,29,34,41,36,32,45,57,52,52,39,40,30,20,15,14,7,6,F,2011
E01014420,Bath and North East Somerset 025A,796,54,51,48,43,46,59,55,47,74,65,45,41,55,36,28,19,19,8,3,F,2011
E01014421,Bath and North East Somerset 025B,725,35,33,56,59,31,26,37,50,70,77,48,43,40,29,32,26,13,18,2,F,2011
E01014422,Bath and North East Somerset 025C,762,37,47,47,36,32,27,29,55,60,49,48,50,53,59,44,40,29,14,6,F,2011
E01014423,Bath and North East Somerset 025D,696,49,26,33,39,48,52,52,39,52,44,38,34,39,29,31,30,24,16,21,F,2011
E01014469,Bath and North East Somerset 026A,624,37,38,43,43,24,31,33,36,52,45,41,32,32,25,29,32,17,24,10,F,2011
E01014470,Bath and North East Somerset 026B,834,52,57,45,61,49,74,48,66,63,63,52,64,50,27,22,21,11,7,2,F,2011
E01014471,Bath and North East Somerset 026C,773,53,47,49,43,56,55,58,45,60,51,62,47,46,34,20,20,11,10,6,F,2011
E01014472,Bath and North East Somerset 026D,722,28,34,48,44,36,31,41,47,51,71,45,56,55,24,31,31,22,13,14,F,2011
E01014424,Bath and North East Somerset 027A,844,37,55,48,44,40,30,51,49,70,58,57,63,67,72,41,26,20,12,4,F,2011
E01014425,Bath and North East Somerset 027B,1019,45,47,54,59,52,30,50,58,66,90,75,53,68,89,55,50,44,24,10,F,2011
E01014426,Bath and North East Somerset 027C,725,28,33,45,42,39,22,37,35,46,44,39,36,51,40,35,51,37,44,21,F,2011
E06000028,,91861,5078,3865,4035,5406,8620,7376,6848,5721,5777,5947,5129,4611,5140,4184,3416,3388,3231,2403,1686,F,2011
E01015301,Bournemouth 001A,766,39,35,28,34,30,37,41,40,29,47,50,61,53,65,46,57,37,23,14,F,2011
E01015303,Bournemouth 001B,740,35,24,32,52,35,35,35,36,50,61,51,37,62,35,42,46,40,18,14,F,2011
E01015305,Bournemouth 001C,804,54,46,45,72,39,34,51,40,72,48,47,43,48,28,31,35,38,23,10,F,2011
E01015306,Bournemouth 001D,850,41,61,49,45,34,46,50,55,59,67,48,51,54,55,39,30,27,25,14,F,2011
E01015302,Bournemouth 002A,967,45,41,42,44,59,54,39,40,61,64,66,66,83,75,50,49,43,27,19,F,2011
E01015304,Bournemouth 002B,894,54,50,47,40,48,58,57,56,49,60,59,55,55,37,45,34,49,26,15,F,2011
E01015308,Bournemouth 002C,888,68,62,53,45,55,66,74,61,66,51,54,59,61,36,24,24,15,12,2,F,2011
E01015311,Bournemouth 002D,686,7,13,12,16,25,17,11,19,26,34,37,49,82,77,93,66,56,35,11,F,2011
E01015332,Bournemouth 003A,788,32,42,42,40,41,21,43,42,55,45,47,46,68,62,55,38,39,21,9,F,2011
E01015333,Bournemouth 003B,818,37,41,39,37,33,28,46,44,66,56,66,47,59,48,39,39,45,28,20,F,2011
E01015334,Bournemouth 003C,873,38,36,53,44,40,27,42,38,58,67,61,44,51,57,43,68,42,35,29,F,2011
E01015335,Bournemouth 003D,855,31,36,46,48,52,43,46,57,69,71,70,39,55,45,35,47,27,21,17,F,2011
E01015337,Bournemouth 003E,860,54,46,44,48,50,58,70,57,67,64,59,39,56,36,35,32,28,8,9,F,2011
E01015343,Bournemouth 004A,809,44,48,60,43,37,35,51,65,68,56,46,36,45,42,26,46,27,20,14,F,2011
E01015349,Bournemouth 004B,815,53,47,53,40,37,50,62,56,52,61,53,36,55,42,28,31,35,20,4,F,2011
E01015351,Bournemouth 004C,771,41,50,45,35,38,49,62,62,66,69,54,50,41,23,17,26,11,17,15,F,2011
E01015352,Bournemouth 004D,802,68,46,54,35,31,68,70,70,55,71,52,47,34,29,25,23,13,7,4,F,2011
E01015353,Bournemouth 004E,605,37,35,30,27,29,34,37,36,47,46,53,33,46,33,22,24,20,11,5,F,2011
E01015354,Bournemouth 004F,899,82,50,44,45,40,70,60,77,54,73,63,56,52,40,22,29,25,11,6,F,2011
E01015307,Bournemouth 005A,728,43,40,46,51,45,49,53,40,65,53,39,46,35,35,24,31,22,4,7,F,2011
E01015309,Bournemouth 005B,778,62,60,57,55,46,56,46,62,58,57,52,37,34,23,23,20,20,7,3,F,2011
E01015312,Bournemouth 005C,670,45,37,52,46,34,39,48,55,34,54,36,27,30,26,25,34,35,9,4,F,2011
E01015313,Bournemouth 005D,697,33,33,71,76,33,39,49,44,59,69,39,31,27,24,20,22,13,9,6,F,2011
E01015359,Bournemouth 005E,788,41,25,24,46,54,60,58,32,43,64,61,45,64,50,36,32,28,17,8,F,2011
E01015320,Bournemouth 006A,856,41,46,51,64,67,27,62,57,65,81,70,42,42,40,39,20,19,16,7,F,2011
E01015323,Bournemouth 006B,799,57,41,48,63,47,45,49,72,65,55,51,33,45,35,22,21,21,18,11,F,2011
E01015324,Bournemouth 006C,778,61,36,47,39,52,50,62,45,59,66,58,44,39,23,32,26,24,11,4,F,2011
E01015325,Bournemouth 006D,893,64,58,64,60,43,32,67,64,73,86,57,52,56,29,28,27,16,9,8,F,2011
E01015350,Bournemouth 006E,733,40,34,48,37,16,19,35,43,56,55,54,45,48,49,31,44,42,22,15,F,2011
E01015310,Bournemouth 007A,785,41,42,57,73,51,43,48,57,65,56,46,35,53,41,28,20,18,8,3,F,2011
E01015336,Bournemouth 007B,803,46,34,37,53,54,59,41,51,44,62,63,43,65,43,41,26,25,8,8,F,2011
E01015355,Bournemouth 007C,846,55,37,45,38,64,54,51,54,59,62,52,57,42,55,41,42,21,13,4,F,2011
E01015357,Bournemouth 007D,809,48,42,40,47,54,55,44,50,55,56,50,46,68,32,40,33,24,15,10,F,2011
E01015358,Bournemouth 007E,1006,57,42,52,71,152,42,45,66,63,68,46,43,60,47,34,40,29,32,17,F,2011
E01015338,Bournemouth 008A,968,66,44,55,64,46,45,53,72,62,59,55,53,50,50,38,47,44,38,27,F,2011
E01015339,Bournemouth 008B,799,51,43,40,56,41,61,35,46,66,59,47,55,35,41,40,26,33,18,6,F,2011
E01015340,Bournemouth 008C,815,36,38,29,37,14,23,43,39,44,71,40,49,74,79,40,55,57,26,21,F,2011
E01015341,Bournemouth 008D,787,53,49,69,51,33,50,58,57,55,38,54,49,50,37,19,14,18,16,17,F,2011
E01015321,Bournemouth 009A,916,57,38,51,69,135,57,68,60,52,65,45,45,39,28,22,28,19,18,20,F,2011
E01015356,Bournemouth 009B,912,27,52,61,77,139,43,52,57,59,69,53,45,43,30,35,20,22,17,11,F,2011
E01015374,Bournemouth 009C,1162,53,24,32,82,461,96,66,56,59,43,36,50,33,21,13,11,10,13,3,F,2011
E01015375,Bournemouth 009D,981,34,29,21,72,398,79,48,47,26,36,31,31,29,19,26,25,17,7,6,F,2011
E01015377,Bournemouth 009E,850,53,33,37,75,183,57,71,60,41,49,49,39,31,13,18,20,12,6,3,F,2011
E01015322,Bournemouth 010A,829,50,42,39,42,53,46,51,65,64,64,51,47,63,31,40,28,26,20,7,F,2011
E01015330,Bournemouth 010B,958,53,47,52,48,51,53,61,57,66,75,48,59,72,37,33,37,32,30,47,F,2011
E01015342,Bournemouth 010C,826,52,43,54,53,37,33,33,47,60,71,63,62,56,44,42,18,25,25,8,F,2011
E01015373,Bournemouth 010D,840,59,37,38,86,120,72,81,62,60,54,42,35,24,14,16,14,11,9,6,F,2011
E01015378,Bournemouth 010E,873,49,42,41,70,160,73,70,64,47,68,50,44,33,22,9,8,13,6,4,F,2011
E01015314,Bournemouth 011A,775,41,42,33,40,30,28,34,43,60,64,58,61,55,53,34,33,28,24,14,F,2011
E01015315,Bournemouth 011B,968,34,45,56,66,51,37,34,55,60,70,80,75,109,51,46,36,30,22,11,F,2011
E01015318,Bournemouth 011C,862,50,46,48,58,44,66,52,65,54,75,68,41,45,41,26,26,28,20,9,F,2011
E01015319,Bournemouth 011D,778,52,41,44,39,50,45,44,47,58,71,56,39,38,33,26,32,19,24,20,F,2011
E01015344,Bournemouth 012A,930,32,37,41,62,64,47,37,40,43,58,71,59,76,79,36,38,48,34,28,F,2011
E01015346,Bournemouth 012B,799,32,34,48,60,140,51,45,41,45,57,48,37,37,37,20,23,21,16,7,F,2011
E01015348,Bournemouth 012C,936,33,17,42,57,118,49,38,40,52,49,61,61,61,70,49,39,42,30,28,F,2011
E01015360,Bournemouth 012D,945,47,38,46,68,292,40,45,36,53,58,47,34,40,31,23,19,17,5,6,F,2011
E01015326,Bournemouth 013A,930,57,42,31,51,157,99,86,65,64,51,38,38,42,28,28,20,15,10,8,F,2011
E01015331,Bournemouth 013B,1094,88,43,33,44,161,124,127,90,75,54,51,47,28,20,31,21,26,16,15,F,2011
E01015345,Bournemouth 013C,874,69,26,31,37,164,101,84,52,47,49,38,35,28,19,23,19,17,16,19,F,2011
E01015376,Bournemouth 013D,877,57,33,27,82,223,58,58,46,57,42,40,36,25,21,19,15,13,13,12,F,2011
E01015316,Bournemouth 014A,822,40,32,44,48,41,34,31,61,57,71,48,56,67,48,44,44,28,24,4,F,2011
E01015317,Bournemouth 014B,808,37,50,46,44,28,46,49,65,61,59,58,54,56,37,33,39,17,20,9,F,2011
E01015361,Bournemouth 014C,726,62,54,57,47,36,37,43,58,66,65,46,25,32,22,29,19,13,11,4,F,2011
E01015362,Bournemouth 014D,650,39,52,59,53,27,39,49,37,66,65,55,32,21,11,13,13,9,6,4,F,2011
E01015363,Bournemouth 014E,862,78,47,52,50,35,68,79,71,83,63,48,41,42,34,14,13,16,14,14,F,2011
E01015292,Bournemouth 015A,813,60,42,42,62,79,80,77,61,54,63,49,37,32,20,20,8,18,6,3,F,2011
E01015293,Bournemouth 015B,762,62,41,35,60,56,48,84,61,58,62,49,36,29,22,18,18,13,9,1,F,2011
E01015294,Bournemouth 015C,925,72,54,50,61,93,107,96,77,78,66,36,34,36,24,13,13,7,7,1,F,2011
E01015327,Bournemouth 015D,971,62,50,58,64,139,88,112,66,68,53,52,34,41,19,21,18,13,9,4,F,2011
E01015329,Bournemouth 015E,759,41,40,36,57,62,85,73,61,61,43,33,39,38,29,17,12,18,8,6,F,2011
E01015272,Bournemouth 016A,897,35,21,34,67,58,48,52,40,53,55,42,47,75,55,53,57,41,40,24,F,2011
E01015273,Bournemouth 016B,957,65,54,46,63,107,91,77,88,69,63,52,45,44,32,18,15,11,13,4,F,2011
E01015275,Bournemouth 016C,837,39,47,25,51,99,80,68,68,56,57,47,37,60,32,24,17,18,8,4,F,2011
E01015276,Bournemouth 016D,873,67,56,52,58,42,57,90,54,80,80,53,56,36,33,22,12,17,5,3,F,2011
E01015277,Bournemouth 016E,944,72,50,42,57,69,89,95,90,62,57,65,47,36,37,23,23,21,7,2,F,2011
E01015283,Bournemouth 017A,851,32,13,6,33,171,189,106,37,27,38,25,15,25,21,24,14,24,27,24,F,2011
E01015286,Bournemouth 017C,951,43,16,17,27,71,115,83,45,27,49,32,41,69,54,56,56,48,59,43,F,2011
E01015287,Bournemouth 017D,1096,39,11,12,287,241,97,70,38,29,23,18,18,38,30,34,23,44,24,20,F,2011
E01015328,Bournemouth 017E,889,42,24,20,41,82,149,78,52,43,39,25,38,39,28,33,33,50,37,36,F,2011
E01033242,Bournemouth 017F,446,19,8,7,22,63,71,55,22,29,20,15,14,6,12,8,17,28,17,13,F,2011
E01033285,Bournemouth 017G,458,26,9,12,20,74,106,50,38,10,15,16,10,13,11,15,11,8,7,7,F,2011
E01015274,Bournemouth 018A,900,44,45,42,38,69,72,75,65,67,63,58,47,47,28,37,39,35,20,9,F,2011
E01015297,Bournemouth 018B,829,36,22,25,16,29,59,54,32,37,38,39,34,48,54,34,47,77,80,68,F,2011
E01015364,Bournemouth 018C,812,36,40,45,34,30,27,43,57,52,57,52,59,73,53,30,37,41,19,27,F,2011
E01015365,Bournemouth 018D,827,45,28,37,43,61,91,73,53,59,62,52,45,45,30,23,30,21,15,14,F,2011
E01015366,Bournemouth 018E,949,38,22,26,25,46,49,51,62,35,60,51,46,55,52,50,55,74,86,66,F,2011
E01015279,Bournemouth 019B,873,61,31,28,44,105,129,92,67,56,39,47,41,26,14,23,20,19,20,11,F,2011
E01015280,Bournemouth 019C,905,69,19,18,28,93,164,109,65,60,46,36,33,38,30,18,21,25,17,16,F,2011
E01015281,Bournemouth 019D,801,44,42,30,66,52,82,68,70,69,67,41,54,35,26,17,13,13,6,6,F,2011
E01015282,Bournemouth 019E,774,42,30,21,36,79,138,103,51,62,63,37,41,25,24,9,5,5,2,1,F,2011
E01033241,Bournemouth 019F,507,30,10,3,8,61,74,69,31,28,26,15,18,27,23,16,18,18,17,15,F,2011
E01033283,Bournemouth 019G,598,28,4,7,3,49,74,73,38,30,24,16,33,28,30,20,42,39,31,29,F,2011
E01015295,Bournemouth 020A,759,22,24,33,25,20,26,23,28,55,55,60,43,66,80,51,45,45,39,19,F,2011
E01015296,Bournemouth 020B,896,33,26,22,31,52,70,64,40,36,46,51,43,72,56,45,49,62,62,36,F,2011
E01015298,Bournemouth 020C,847,26,30,15,21,9,20,21,37,29,43,42,61,85,85,76,86,76,45,40,F,2011
E01015299,Bournemouth 020D,898,46,42,55,53,36,40,58,56,65,70,61,46,49,55,36,40,42,37,11,F,2011
E01015300,Bournemouth 020E,828,47,43,43,38,20,49,40,49,60,55,43,61,72,55,29,32,36,29,27,F,2011
E01015285,Bournemouth 021A,1222,47,17,15,208,302,169,103,42,35,23,34,23,45,37,23,27,37,24,11,F,2011
E01015288,Bournemouth 021B,866,76,39,30,51,139,133,105,48,50,38,38,21,33,20,10,16,9,8,2,F,2011
E01015289,Bournemouth 021C,854,41,16,10,29,101,135,115,43,39,44,31,26,42,45,25,25,38,24,25,F,2011
E01015290,Bournemouth 021D,787,49,13,18,32,92,100,94,48,32,30,27,31,27,32,25,28,29,38,42,F,2011
E01015291,Bournemouth 021E,944,42,9,15,13,70,115,82,37,34,35,38,30,54,76,69,85,59,45,36,F,2011
E01015371,Bournemouth 023A,718,35,25,12,26,72,119,85,58,48,40,36,25,24,32,19,24,14,16,8,F,2011
E01015372,Bournemouth 023B,981,41,12,13,17,59,100,82,41,31,19,27,27,39,52,48,56,94,117,106,F,2011
E01033286,Bournemouth 023C,524,30,9,12,15,48,84,60,35,27,21,20,26,22,30,24,27,16,13,5,F,2011
E01033288,Bournemouth 023D,519,18,9,14,11,32,65,49,40,19,35,22,26,39,15,31,31,36,21,6,F,2011
E01015367,Bournemouth 024A,881,45,19,10,28,140,158,124,52,49,47,35,45,25,20,27,24,15,11,7,F,2011
E01015368,Bournemouth 024B,877,31,10,5,12,45,80,63,33,34,30,43,42,68,72,68,68,74,55,44,F,2011
E01015369,Bournemouth 024C,840,32,10,10,13,54,87,81,51,40,43,34,43,59,44,41,41,83,47,27,F,2011
E01015370,Bournemouth 024D,805,33,27,13,15,52,111,93,50,41,48,49,39,53,37,27,28,20,36,33,F,2011
E06000023,,214709,14463,11449,10754,13009,22205,20055,17600,14554,13787,13510,11744,10156,9963,7766,6489,6008,5027,3773,2397,F,2011
E01014601,Bristol 001A,879,57,51,40,38,56,58,56,50,39,64,43,57,55,40,36,36,53,33,17,F,2011
E01014602,Bristol 001B,955,79,65,68,58,74,93,68,60,61,56,43,46,46,35,32,23,24,17,7,F,2011
E01014603,Bristol 001C,1137,72,60,66,63,62,106,117,82,74,80,83,54,53,45,42,30,26,18,4,F,2011
E01014605,Bristol 001E,846,85,45,38,49,75,67,63,41,37,43,56,37,54,35,31,29,24,20,17,F,2011
E01032516,Bristol 001G,1001,76,44,54,53,56,98,51,52,55,77,50,69,77,54,46,38,31,16,4,F,2011
E01032517,Bristol 001H,826,52,45,53,56,57,50,62,59,48,63,42,41,36,32,24,21,35,38,12,F,2011
E01014688,Bristol 002A,918,75,82,68,74,66,64,71,80,62,53,39,45,33,32,26,21,12,13,2,F,2011
E01014689,Bristol 002B,812,71,81,76,49,60,53,65,47,49,41,57,33,36,24,22,17,15,12,4,F,2011
E01014690,Bristol 002C,1020,66,77,90,63,57,81,78,76,79,70,49,50,35,43,29,28,16,22,11,F,2011
E01014691,Bristol 002D,1051,65,53,53,61,43,55,77,61,44,65,53,59,62,45,49,36,49,57,64,F,2011
E01014692,Bristol 002E,840,63,57,55,59,45,84,61,63,59,45,44,39,40,25,26,23,15,16,21,F,2011
E01014693,Bristol 002F,704,37,21,25,30,48,55,59,31,37,55,54,46,63,54,33,30,10,10,6,F,2011
E01014694,Bristol 002G,803,43,50,57,54,44,38,55,56,64,59,47,56,44,43,32,17,20,18,6,F,2011
E01014497,Bristol 003A,781,68,53,33,60,57,78,52,50,44,45,38,40,45,20,28,22,23,17,8,F,2011
E01014498,Bristol 003B,829,90,61,44,52,74,82,57,53,50,43,50,32,30,23,27,33,18,7,3,F,2011
E01014638,Bristol 003C,866,65,54,51,63,71,66,47,55,41,48,48,47,26,32,25,42,35,32,18,F,2011
E01014639,Bristol 003D,812,92,68,64,62,84,66,68,46,43,45,38,32,39,25,15,9,7,4,5,F,2011
E01014640,Bristol 003E,744,53,43,59,51,52,56,45,46,44,50,41,38,42,28,29,17,14,22,14,F,2011
E01014631,Bristol 004A,602,36,30,24,35,36,37,38,36,36,50,30,36,42,41,14,22,24,27,8,F,2011
E01014632,Bristol 004B,770,49,33,44,35,89,61,57,40,65,55,42,34,30,40,28,24,26,15,3,F,2011
E01014633,Bristol 004C,809,66,42,49,48,37,45,67,48,72,52,50,39,46,31,33,34,21,20,9,F,2011
E01014636,Bristol 004D,807,65,65,44,36,59,58,54,51,54,49,45,43,36,33,29,24,20,20,22,F,2011
E01014630,Bristol 005A,1060,69,47,62,69,128,112,98,63,59,76,63,53,44,33,19,21,20,17,7,F,2011
E01014634,Bristol 005B,768,45,25,22,33,143,111,86,50,35,36,31,21,27,32,22,22,17,7,3,F,2011
E01014659,Bristol 005C,1042,96,90,55,59,109,134,95,93,42,64,47,39,28,31,15,18,15,7,5,F,2011
E01014661,Bristol 005D,841,58,66,48,66,56,64,52,60,71,46,43,42,43,30,30,19,24,12,11,F,2011
E01014616,Bristol 006A,789,40,46,27,21,17,40,47,54,48,52,35,46,52,38,34,57,60,34,41,F,2011
E01014719,Bristol 006B,694,47,47,24,28,17,47,51,72,56,41,39,48,38,40,27,17,23,22,10,F,2011
E01014720,Bristol 006C,850,59,45,35,28,34,42,59,67,65,40,51,37,54,47,48,46,49,27,17,F,2011
E01014721,Bristol 006D,845,62,34,32,31,9,41,47,52,59,44,50,70,54,35,42,54,46,41,42,F,2011
E01014641,Bristol 007A,728,28,30,31,43,25,41,36,37,52,51,54,62,54,55,41,31,27,19,11,F,2011
E01014642,Bristol 007B,740,61,39,43,43,33,37,40,49,46,54,53,50,48,33,20,39,24,21,7,F,2011
E01014643,Bristol 007C,723,42,56,51,55,42,35,35,53,59,46,49,36,51,33,22,17,15,19,7,F,2011
E01014644,Bristol 007D,773,39,37,47,58,42,42,56,62,52,66,59,47,44,40,16,17,27,12,10,F,2011
E01014492,Bristol 008A,787,41,40,26,39,40,55,52,38,47,55,57,46,60,57,35,34,29,28,8,F,2011
E01014493,Bristol 008B,773,51,39,45,55,51,52,61,56,53,66,53,34,35,26,26,20,18,24,8,F,2011
E01014494,Bristol 008C,730,36,33,38,44,43,43,49,45,54,63,51,42,48,34,34,33,14,16,10,F,2011
E01014495,Bristol 008D,862,40,40,36,46,48,70,52,54,57,58,61,38,50,49,34,38,37,32,22,F,2011
E01014496,Bristol 008E,790,60,55,49,50,55,94,51,55,63,51,42,41,39,32,19,14,9,7,4,F,2011
E01014499,Bristol 008F,848,46,56,60,67,47,55,62,49,55,63,57,57,46,26,22,18,19,20,23,F,2011
E01014715,Bristol 009A,805,72,49,47,38,18,15,55,69,57,53,70,55,72,41,22,27,18,20,7,F,2011
E01014716,Bristol 009B,794,44,44,41,31,23,15,35,56,52,56,49,50,57,45,44,48,45,34,25,F,2011
E01014717,Bristol 009C,1023,42,52,76,168,15,17,21,44,62,46,48,38,52,42,25,39,56,85,95,F,2011
E01014718,Bristol 009D,714,36,41,28,26,18,45,43,44,56,47,46,46,66,45,35,30,26,24,12,F,2011
E01014510,Bristol 010A,946,62,60,41,40,142,109,83,90,66,52,41,43,35,29,15,15,11,6,6,F,2011
E01014635,Bristol 010B,879,48,30,33,38,111,117,98,57,60,44,41,36,39,32,29,31,16,13,6,F,2011
E01014637,Bristol 010C,661,38,34,22,28,114,62,64,42,53,42,39,27,34,15,14,17,10,3,3,F,2011
E01014662,Bristol 010D,772,66,41,36,39,80,80,84,55,47,48,36,38,25,24,28,19,14,6,6,F,2011
E01014615,Bristol 011A,781,58,46,39,37,22,18,26,53,66,59,67,52,44,40,43,49,37,19,6,F,2011
E01014617,Bristol 011B,696,43,39,40,50,16,23,45,49,46,70,63,41,45,38,27,20,20,13,8,F,2011
E01014618,Bristol 011C,828,59,68,52,37,25,20,44,60,50,64,45,54,51,42,43,43,37,22,12,F,2011
E01014620,Bristol 011D,760,50,51,39,29,16,24,36,52,50,50,55,49,64,34,40,41,32,31,17,F,2011
E01014571,Bristol 012A,829,56,38,24,55,135,52,38,47,46,64,74,47,41,27,21,24,18,17,5,F,2011
E01014577,Bristol 012B,751,41,32,40,31,55,42,46,49,47,67,60,44,51,42,21,33,28,11,11,F,2011
E01014586,Bristol 012C,792,44,29,21,26,52,35,52,40,43,51,42,56,68,47,43,38,37,40,28,F,2011
E01014587,Bristol 012D,681,43,30,32,37,46,34,50,33,43,38,44,34,44,40,22,22,23,40,26,F,2011
E01014588,Bristol 013A,1093,51,19,27,154,243,89,59,30,39,55,44,41,61,36,38,27,38,29,13,F,2011
E01014589,Bristol 013B,759,59,51,48,52,63,50,54,42,51,53,50,29,25,25,18,12,31,26,20,F,2011
E01014590,Bristol 013C,907,69,38,39,67,159,65,56,47,48,38,43,38,36,22,24,30,27,42,19,F,2011
E01014591,Bristol 013D,933,46,37,41,46,68,59,69,47,48,66,56,70,55,47,37,31,37,52,21,F,2011
E01014592,Bristol 013E,824,54,35,37,48,97,53,71,59,68,57,32,38,39,34,23,34,20,13,12,F,2011
E01014660,Bristol 014A,806,50,46,58,54,56,62,46,48,54,54,51,46,25,42,21,20,31,29,13,F,2011
E01014663,Bristol 014B,712,49,39,46,43,72,52,47,40,55,46,36,38,32,45,19,21,10,12,10,F,2011
E01014664,Bristol 014C,804,53,45,48,55,64,49,58,49,51,64,46,43,50,24,26,25,21,24,9,F,2011
E01014665,Bristol 014D,1035,83,54,79,66,67,76,72,67,78,76,62,47,49,34,34,43,27,14,7,F,2011
E01014709,Bristol 015A,600,15,19,26,24,16,42,28,19,29,41,45,38,47,51,44,36,34,30,16,F,2011
E01014710,Bristol 015B,666,26,19,12,105,71,35,34,42,39,39,42,34,28,32,29,30,24,15,10,F,2011
E01014711,Bristol 015C,649,30,40,27,33,16,16,24,28,48,50,45,57,62,48,30,35,31,16,13,F,2011
E01014712,Bristol 015D,680,50,44,50,41,15,19,34,38,58,47,51,48,37,29,29,31,26,19,14,F,2011
E01014713,Bristol 015E,657,34,32,29,33,22,25,36,36,45,47,39,51,62,47,41,34,21,16,7,F,2011
E01014714,Bristol 015F,1497,46,45,29,582,233,32,30,42,51,60,49,49,64,42,33,26,41,23,20,F,2011
E01014507,Bristol 016A,858,77,53,33,19,144,91,94,81,50,52,44,37,20,11,18,13,15,4,2,F,2011
E01014508,Bristol 016B,692,52,37,36,34,119,57,57,56,49,50,41,36,21,10,12,11,2,10,2,F,2011
E01014509,Bristol 016C,999,82,51,27,29,177,149,128,85,71,47,33,44,29,7,11,11,7,8,3,F,2011
E01014511,Bristol 016D,761,64,51,57,34,85,55,63,61,74,58,41,31,33,15,11,14,6,4,4,F,2011
E01014512,Bristol 016E,768,49,52,38,42,62,42,68,62,58,69,59,43,38,24,12,12,17,9,12,F,2011
E01014513,Bristol 016F,833,64,63,48,46,40,45,52,71,69,60,67,53,47,29,21,26,17,7,8,F,2011
E01014514,Bristol 016G,959,73,37,28,31,129,133,101,80,79,51,46,41,44,26,14,17,9,14,6,F,2011
E01014619,Bristol 017A,754,41,41,54,57,36,36,57,55,48,67,48,41,47,39,19,22,15,17,14,F,2011
E01014621,Bristol 017B,749,61,46,55,42,52,47,41,63,59,70,41,50,33,21,12,20,12,14,10,F,2011
E01014666,Bristol 017C,905,47,84,82,55,51,26,38,60,100,79,67,51,56,36,26,13,22,9,3,F,2011
E01014667,Bristol 017D,807,38,53,63,60,71,80,45,64,78,67,43,41,38,16,9,15,20,4,2,F,2011
E01014672,Bristol 017E,973,39,26,33,44,117,140,93,64,59,53,40,33,36,30,31,23,41,42,29,F,2011
E01014624,Bristol 018A,907,80,54,59,68,75,65,61,51,67,63,55,49,43,32,36,20,14,12,3,F,2011
E01014629,Bristol 018D,773,62,61,63,64,52,51,51,53,53,55,42,36,30,19,24,15,15,21,6,F,2011
E01032518,Bristol 018E,965,76,75,74,71,51,73,77,62,69,68,54,46,37,25,33,28,21,14,11,F,2011
E01032519,Bristol 018F,592,42,46,33,25,31,36,48,62,44,37,41,26,27,28,17,17,14,11,7,F,2011
E01014572,Bristol 019A,900,89,46,54,44,113,107,92,79,44,64,46,28,26,26,14,14,8,4,2,F,2011
E01014573,Bristol 019B,913,59,41,44,49,101,77,67,76,69,72,46,55,56,31,18,24,17,5,6,F,2011
E01014575,Bristol 019C,760,61,53,55,41,64,55,67,58,63,56,42,28,30,35,13,13,12,10,4,F,2011
E01014576,Bristol 019D,975,74,70,51,47,78,73,75,76,61,73,56,50,56,40,33,22,17,8,15,F,2011
E01014487,Bristol 020A,929,36,31,42,45,221,133,78,52,51,43,55,57,35,16,8,10,8,6,2,F,2011
E01014491,Bristol 020B,960,61,68,49,53,103,104,101,73,89,68,39,64,35,15,14,12,2,4,6,F,2011
E01014668,Bristol 020C,814,39,61,76,54,93,52,61,54,74,62,57,46,32,18,10,11,10,4,0,F,2011
E01014669,Bristol 020D,743,26,44,49,43,118,102,66,29,61,57,48,24,25,19,9,5,9,5,4,F,2011
E01014670,Bristol 020E,723,33,26,55,45,110,87,55,47,54,57,42,38,27,17,12,7,6,2,3,F,2011
E01014671,Bristol 020F,775,29,24,32,61,175,96,63,50,46,41,42,44,28,17,5,8,7,4,3,F,2011
E01014622,Bristol 021A,772,76,44,33,39,67,62,63,50,46,46,58,41,39,30,20,21,18,11,8,F,2011
E01014623,Bristol 021B,810,48,46,66,43,64,71,67,52,57,58,50,39,41,28,25,23,15,10,7,F,2011
E01014626,Bristol 021C,1028,96,49,55,54,104,123,77,69,45,53,50,46,50,38,33,37,27,16,6,F,2011
E01014627,Bristol 021D,1076,79,77,59,66,79,119,96,71,65,64,61,52,45,41,28,25,22,20,7,F,2011
E01014557,Bristol 022A,822,28,33,26,45,265,88,52,45,30,52,39,39,26,25,9,6,7,3,4,F,2011
E01014558,Bristol 022B,863,14,7,6,18,361,157,77,35,28,24,21,16,21,6,9,9,15,14,25,F,2011
E01014559,Bristol 022C,904,42,20,28,43,192,111,79,47,61,48,39,46,43,22,23,22,16,10,12,F,2011
E01014560,Bristol 022D,828,29,22,28,26,204,126,89,67,41,37,35,19,32,31,15,3,4,9,11,F,2011
E01014562,Bristol 022E,908,23,23,21,58,403,92,72,47,33,30,28,21,22,13,5,6,8,1,2,F,2011
E01014485,Bristol 023A,940,87,50,34,39,62,96,96,90,79,70,63,51,36,16,27,23,12,4,5,F,2011
E01014486,Bristol 023B,1117,90,74,68,49,107,147,128,105,76,87,62,32,21,13,24,20,7,5,2,F,2011
E01014488,Bristol 023C,963,63,52,47,53,89,156,120,56,70,75,39,51,40,24,10,8,7,2,1,F,2011
E01014489,Bristol 023D,1117,50,43,33,41,182,226,144,79,74,75,41,33,25,17,20,13,11,6,4,F,2011
E01033347,Bristol 023F,483,50,23,19,32,81,98,67,34,15,19,15,5,10,7,2,0,3,2,1,F,2011
E01033348,Bristol 023G,517,49,44,27,30,79,91,63,36,27,16,29,9,4,3,6,1,1,2,0,F,2011
E01033366,Bristol 023H,754,95,80,95,59,53,53,75,44,65,41,25,15,14,15,6,9,8,2,0,F,2011
E01014539,Bristol 025A,888,28,20,29,36,259,109,80,39,42,50,33,44,39,29,19,13,13,3,3,F,2011
E01014561,Bristol 025C,852,24,29,29,42,164,123,93,43,58,47,38,39,37,14,15,11,19,13,14,F,2011
E01014563,Bristol 025D,897,27,21,15,34,322,166,107,45,34,28,25,21,19,18,4,3,4,1,3,F,2011
E01033342,Bristol 025E,827,23,7,11,93,383,129,63,46,14,10,12,10,5,4,5,6,2,2,2,F,2011
E01033367,Bristol 025F,544,39,24,8,22,103,96,71,40,33,29,17,13,13,10,6,4,7,7,2,F,2011
E01014551,Bristol 026A,913,32,13,14,23,380,157,107,54,40,25,14,14,16,6,4,7,4,3,0,F,2011
E01014552,Bristol 026B,821,21,14,29,30,234,144,74,38,40,40,41,23,34,18,13,13,7,5,3,F,2011
E01014553,Bristol 026C,820,26,17,26,35,239,145,89,49,30,36,26,22,22,19,13,6,8,8,4,F,2011
E01014554,Bristol 026D,809,27,17,11,41,219,162,108,42,33,32,21,17,22,16,7,11,12,10,1,F,2011
E01014556,Bristol 026E,829,30,24,23,21,117,115,98,53,44,46,38,29,45,33,19,22,24,35,13,F,2011
E01014673,Bristol 027A,883,67,42,52,35,70,101,81,74,61,51,46,36,40,35,31,17,25,10,9,F,2011
E01014674,Bristol 027B,801,55,50,40,49,50,64,58,43,69,60,53,39,47,30,24,24,21,14,11,F,2011
E01014675,Bristol 027C,757,43,49,46,40,53,63,63,53,58,53,41,34,37,31,27,20,19,19,8,F,2011
E01014676,Bristol 027D,790,48,52,42,38,35,47,65,59,54,55,53,36,34,38,40,23,27,23,21,F,2011
E01014682,Bristol 028A,821,72,49,40,27,37,77,66,59,58,52,38,37,40,24,47,19,27,19,33,F,2011
E01014683,Bristol 028B,814,57,43,25,47,47,83,73,54,55,60,45,42,34,27,29,28,15,25,25,F,2011
E01014685,Bristol 028C,816,59,64,73,61,40,60,66,62,66,66,50,27,33,31,18,22,15,3,0,F,2011
E01014686,Bristol 028D,880,96,44,48,44,76,60,71,63,50,63,47,39,47,38,24,26,15,15,14,F,2011
E01014687,Bristol 028E,812,70,45,40,41,52,72,74,50,51,50,45,38,39,34,25,39,21,13,13,F,2011
E01014565,Bristol 029A,849,70,43,32,34,55,94,90,72,57,62,39,34,24,28,21,25,26,30,13,F,2011
E01014566,Bristol 029B,818,56,34,32,32,70,112,94,78,57,56,40,41,32,20,16,18,6,13,11,F,2011
E01014567,Bristol 029C,896,71,60,34,25,60,122,126,92,68,52,45,34,39,23,16,8,7,11,3,F,2011
E01014681,Bristol 029D,1083,102,53,33,42,68,129,138,77,71,61,54,44,33,38,42,34,24,27,13,F,2011
E01014684,Bristol 029E,825,70,41,32,28,65,112,107,80,48,49,42,21,27,26,14,7,16,18,22,F,2011
E01014544,Bristol 030A,723,29,29,30,128,49,78,53,43,38,33,28,40,34,28,17,20,18,13,15,F,2011
E01014545,Bristol 030B,744,26,15,17,29,129,126,80,48,28,32,31,43,31,25,30,16,9,13,16,F,2011
E01014546,Bristol 030C,679,7,8,9,17,195,137,74,29,27,24,23,20,30,19,13,15,11,10,11,F,2011
E01014547,Bristol 030D,793,26,16,10,20,110,126,94,60,35,51,49,27,63,31,22,23,16,7,7,F,2011
E01014538,Bristol 032A,930,19,7,7,96,485,128,65,35,10,14,8,12,6,7,11,9,5,5,1,F,2011
E01014540,Bristol 032B,1190,50,32,32,101,407,156,108,55,44,44,32,32,34,15,19,12,8,8,1,F,2011
E01014542,Bristol 032C,1069,24,20,9,99,520,151,70,41,25,16,17,8,16,15,14,12,5,3,4,F,2011
E01033344,Bristol 032E,806,12,9,8,73,333,122,66,38,32,28,20,22,12,14,4,4,6,3,0,F,2011
E01033345,Bristol 032F,650,12,3,9,73,246,135,59,23,12,19,16,11,11,9,4,6,1,0,1,F,2011
E01033350,Bristol 032G,438,14,4,8,9,35,81,62,28,28,32,24,32,28,16,9,11,4,8,5,F,2011
E01014677,Bristol 033A,672,39,27,33,27,59,61,70,63,48,47,43,53,28,34,21,8,7,3,1,F,2011
E01014678,Bristol 033B,794,52,34,34,45,66,67,51,54,64,55,49,36,42,44,29,29,21,19,3,F,2011
E01014679,Bristol 033C,809,36,44,60,52,55,55,46,58,68,63,56,42,36,44,39,21,12,10,12,F,2011
E01014680,Bristol 033D,653,37,29,45,40,35,36,39,45,54,55,37,37,43,48,33,24,8,5,3,F,2011
E01014548,Bristol 034A,789,43,30,31,26,148,96,82,53,60,40,31,31,39,31,16,9,15,5,3,F,2011
E01014549,Bristol 034B,545,20,25,18,23,105,44,46,36,37,36,25,32,34,21,10,16,9,5,3,F,2011
E01014550,Bristol 034C,1055,35,26,28,128,204,126,88,60,47,53,54,50,65,44,16,17,7,6,1,F,2011
E01014555,Bristol 034D,865,22,9,4,162,249,140,67,41,21,35,23,13,25,13,9,10,9,7,6,F,2011
E01014528,Bristol 035A,752,53,38,39,25,47,76,94,73,70,57,36,28,28,31,15,14,15,9,4,F,2011
E01014529,Bristol 035B,774,61,65,34,43,54,76,73,56,65,43,40,41,41,17,23,17,7,17,1,F,2011
E01014530,Bristol 035C,689,47,31,28,16,53,99,76,59,52,49,34,29,27,21,19,26,14,8,1,F,2011
E01014531,Bristol 035D,815,65,35,33,41,52,82,100,94,55,52,44,34,36,20,31,20,8,10,3,F,2011
E01014532,Bristol 035E,763,60,37,33,39,47,58,88,66,61,49,54,40,38,27,23,16,11,13,3,F,2011
E01014537,Bristol 035F,902,57,58,61,41,57,79,79,70,63,66,57,39,31,43,29,21,29,18,4,F,2011
E01014695,Bristol 036A,864,42,34,41,33,73,91,67,55,54,52,61,39,43,40,22,41,39,24,13,F,2011
E01014696,Bristol 036B,849,76,51,36,40,58,110,91,85,77,50,39,41,21,15,15,13,15,10,6,F,2011
E01014698,Bristol 036C,868,68,30,33,34,53,120,127,87,66,69,46,34,26,20,13,15,13,10,4,F,2011
E01014699,Bristol 036D,771,57,28,18,30,66,112,76,55,49,44,31,31,30,15,18,23,33,27,28,F,2011
E01014700,Bristol 036E,793,45,30,42,41,58,86,73,49,56,58,52,41,42,32,17,24,30,9,8,F,2011
E01014701,Bristol 036F,786,54,37,30,28,81,129,100,73,50,53,34,29,31,12,14,12,10,8,1,F,2011
E01014730,Bristol 037A,772,48,34,25,35,62,121,103,74,68,59,28,28,28,16,12,12,10,5,4,F,2011
E01014731,Bristol 037B,771,55,34,15,24,58,108,115,99,65,51,38,41,23,15,13,7,4,6,0,F,2011
E01014732,Bristol 037C,819,72,50,28,29,73,101,113,81,70,60,46,33,25,12,8,8,4,5,1,F,2011
E01014735,Bristol 037D,810,61,43,24,25,26,92,88,94,67,52,50,45,38,37,25,13,20,6,4,F,2011
E01014523,Bristol 038A,661,31,24,39,43,30,40,43,38,54,38,36,30,49,45,33,30,34,14,10,F,2011
E01014524,Bristol 038B,743,50,41,40,41,41,55,46,37,52,48,40,50,43,38,38,24,27,18,14,F,2011
E01014525,Bristol 038C,828,78,46,38,42,46,81,82,66,64,63,44,38,46,28,28,18,7,7,6,F,2011
E01014526,Bristol 038D,756,55,38,54,44,57,57,49,51,59,57,45,34,33,37,22,23,13,19,9,F,2011
E01014527,Bristol 038E,653,45,27,21,24,42,44,62,46,26,39,35,52,41,35,25,36,23,18,12,F,2011
E01014500,Bristol 039A,808,66,26,31,30,60,92,95,63,46,52,43,30,41,22,33,29,23,14,12,F,2011
E01014502,Bristol 039B,860,49,36,35,45,57,95,52,62,64,57,72,42,46,48,36,32,13,8,11,F,2011
E01033359,Bristol 039E,544,24,7,14,20,96,145,76,34,35,20,23,18,13,5,6,2,3,2,1,F,2011
E01033361,Bristol 039F,577,12,6,9,21,57,83,71,27,23,19,37,27,37,27,33,34,24,16,14,F,2011
E01033362,Bristol 039G,551,26,14,6,11,73,110,92,44,18,11,9,16,13,10,9,15,26,33,15,F,2011
E01033364,Bristol 039H,760,43,25,23,16,70,118,129,65,48,36,33,24,23,21,16,25,27,11,7,F,2011
E01014729,Bristol 040A,750,69,58,47,43,70,69,76,62,51,53,27,27,24,24,20,12,8,8,2,F,2011
E01014733,Bristol 040B,840,66,41,32,42,64,110,109,85,64,63,46,43,31,17,10,8,6,3,0,F,2011
E01014734,Bristol 040C,800,66,49,33,30,57,106,97,77,62,55,37,45,29,19,10,8,10,4,6,F,2011
E01014736,Bristol 040D,989,83,49,51,51,80,120,91,69,67,65,49,37,35,27,37,30,20,19,9,F,2011
E01014501,Bristol 041A,869,38,35,44,60,36,52,44,62,53,54,61,44,64,67,48,40,36,18,13,F,2011
E01014504,Bristol 041B,767,65,35,20,28,54,88,107,75,59,44,33,32,35,18,25,16,15,11,7,F,2011
E01014505,Bristol 041C,895,48,35,26,24,76,123,156,99,60,43,50,28,31,25,19,22,19,6,5,F,2011
E01014506,Bristol 041D,836,48,43,50,60,59,42,58,50,69,58,55,31,58,41,30,35,25,20,4,F,2011
E01014645,Bristol 042A,808,31,42,48,56,45,47,27,47,57,58,54,59,50,29,33,25,39,36,25,F,2011
E01014646,Bristol 042B,798,49,43,63,52,39,40,49,51,51,43,53,64,58,27,40,32,20,14,10,F,2011
E01014648,Bristol 042C,795,58,53,34,21,44,75,69,67,66,61,54,45,35,20,23,19,20,20,11,F,2011
E01014649,Bristol 042D,847,60,60,46,46,35,49,60,65,82,66,60,50,47,29,26,25,21,17,3,F,2011
E01014651,Bristol 042E,789,62,44,43,34,47,40,65,76,78,60,46,50,42,30,25,22,9,9,7,F,2011
E01014533,Bristol 043A,692,41,39,26,29,42,67,55,73,47,53,48,49,37,25,16,16,9,17,3,F,2011
E01014534,Bristol 043B,794,67,50,36,41,54,79,64,87,64,71,39,29,46,28,15,11,4,4,5,F,2011
E01014535,Bristol 043C,997,55,57,56,72,59,62,62,65,62,76,80,52,64,46,40,31,28,19,11,F,2011
E01014536,Bristol 043D,728,38,42,31,32,47,52,37,47,61,51,54,34,36,31,36,30,29,29,11,F,2011
E01014578,Bristol 044A,900,62,70,67,56,49,64,72,64,59,66,52,46,42,35,38,22,17,16,3,F,2011
E01014583,Bristol 044B,767,51,72,62,75,46,50,47,45,50,54,55,27,48,19,27,20,13,3,3,F,2011
E01014585,Bristol 044C,1034,114,114,75,75,63,111,82,75,69,52,35,37,30,25,23,20,19,13,2,F,2011
E01014647,Bristol 044D,863,77,66,62,54,51,91,67,57,48,59,51,46,37,22,20,28,17,7,3,F,2011
E01014650,Bristol 044E,803,51,51,55,45,39,50,58,45,65,54,56,53,44,34,29,25,21,18,10,F,2011
E01014579,Bristol 045A,737,77,47,54,53,44,47,57,53,48,46,35,38,34,33,32,14,12,9,4,F,2011
E01014580,Bristol 045B,812,57,54,41,60,42,51,56,63,45,42,53,46,75,34,33,24,17,12,7,F,2011
E01014581,Bristol 045C,794,81,52,57,51,53,59,61,49,54,52,49,26,40,21,34,34,9,6,6,F,2011
E01014582,Bristol 045D,706,54,58,55,44,53,59,46,46,49,51,43,37,32,27,16,16,8,8,4,F,2011
E01014584,Bristol 045E,744,45,61,81,56,43,46,65,52,50,55,41,31,32,21,18,25,12,8,2,F,2011
E01014518,Bristol 046A,821,44,40,40,48,58,83,69,67,58,49,51,41,34,28,28,30,20,19,14,F,2011
E01014519,Bristol 046B,691,31,40,42,52,38,33,36,35,59,49,39,37,39,46,31,30,25,11,18,F,2011
E01014520,Bristol 046C,761,32,28,36,28,48,26,33,43,36,59,70,55,58,42,57,45,34,22,9,F,2011
E01014521,Bristol 046D,698,41,46,42,37,34,40,36,56,44,39,48,36,41,31,19,35,32,20,21,F,2011
E01014607,Bristol 047A,716,44,43,32,36,47,50,50,39,38,44,44,52,61,49,33,20,12,12,10,F,2011
E01014608,Bristol 047B,885,76,53,60,60,62,69,60,57,65,71,60,36,37,27,29,16,22,11,14,F,2011
E01014609,Bristol 047C,922,81,48,45,48,67,93,63,48,54,61,54,43,34,42,31,27,27,28,28,F,2011
E01014610,Bristol 047D,760,47,32,27,42,65,69,41,40,47,40,31,43,41,34,29,40,36,30,26,F,2011
E01014613,Bristol 047E,749,57,25,36,40,60,57,39,35,51,46,44,58,55,50,31,32,16,8,9,F,2011
E01014614,Bristol 047F,635,30,33,31,29,33,30,38,43,46,40,37,34,54,35,34,35,23,21,9,F,2011
E01014594,Bristol 048A,827,95,65,50,51,80,69,49,43,48,61,39,37,22,29,15,30,24,14,6,F,2011
E01014598,Bristol 048B,731,33,35,29,34,37,42,41,50,36,48,51,55,48,50,54,45,25,15,3,F,2011
E01014599,Bristol 048C,646,45,45,33,36,38,39,41,45,52,38,40,43,36,34,28,19,15,9,10,F,2011
E01014600,Bristol 048D,728,40,44,51,40,32,35,40,38,44,52,57,49,32,20,33,33,29,37,22,F,2011
E01014702,Bristol 049A,730,34,50,40,45,27,31,27,57,55,42,50,53,65,65,46,26,14,2,1,F,2011
E01014703,Bristol 049B,748,49,24,53,57,47,45,65,56,48,63,51,38,38,34,24,19,21,12,4,F,2011
E01014704,Bristol 049C,990,75,45,69,66,70,72,53,59,64,70,66,47,49,50,30,23,39,23,20,F,2011
E01014705,Bristol 049D,729,29,24,38,39,30,29,30,31,41,47,40,41,52,54,68,53,44,26,13,F,2011
E01014706,Bristol 049E,663,51,32,25,27,40,53,41,35,32,39,47,30,30,29,28,41,38,27,18,F,2011
E01014707,Bristol 049F,805,35,37,52,59,43,36,32,39,56,68,56,43,52,65,63,36,21,8,4,F,2011
E01014708,Bristol 049G,918,39,40,37,44,56,39,55,62,58,85,62,65,59,45,39,38,38,33,24,F,2011
E01014515,Bristol 050A,806,53,58,31,62,50,44,47,31,61,51,54,52,42,38,33,46,30,13,10,F,2011
E01014516,Bristol 050B,764,75,47,35,51,73,61,40,35,42,39,49,46,44,28,23,34,27,13,2,F,2011
E01014517,Bristol 050C,636,38,33,40,51,51,52,39,36,43,66,50,24,26,22,20,22,20,3,0,F,2011
E01014522,Bristol 050D,909,69,69,63,57,60,76,54,55,61,48,56,41,34,31,28,38,45,14,10,F,2011
E01014593,Bristol 051A,808,86,85,59,60,79,49,59,44,67,48,34,26,22,22,22,22,15,5,4,F,2011
E01014595,Bristol 051B,722,50,34,60,41,41,45,53,46,56,44,40,37,42,30,33,31,27,8,4,F,2011
E01014596,Bristol 051C,835,61,58,43,65,55,51,42,44,53,56,47,39,29,34,47,43,28,23,17,F,2011
E01014597,Bristol 051D,659,45,40,37,39,44,41,47,38,50,50,39,30,33,23,23,43,21,11,5,F,2011
E01014611,Bristol 052A,627,23,22,27,31,31,22,25,30,32,44,59,44,55,56,41,48,22,12,3,F,2011
E01014612,Bristol 052B,746,47,33,45,34,38,38,37,38,47,47,59,53,48,49,41,39,19,24,10,F,2011
E01014722,Bristol 052C,739,48,23,35,30,36,61,53,32,43,40,75,55,56,51,41,26,22,11,1,F,2011
E01014723,Bristol 052D,682,29,35,39,33,47,45,39,27,42,69,49,42,45,51,39,30,12,8,1,F,2011
E01014725,Bristol 052E,729,18,24,43,34,35,38,33,30,53,48,79,52,67,49,49,40,25,10,2,F,2011
E01014726,Bristol 053B,842,78,64,68,68,61,65,64,47,48,66,50,49,24,22,18,27,17,3,3,F,2011
E01014727,Bristol 053C,836,84,67,49,71,68,70,43,50,55,53,44,32,30,24,32,32,24,6,2,F,2011
E01032514,Bristol 053E,1073,123,81,61,83,132,85,62,56,56,59,49,49,28,35,34,30,29,16,5,F,2011
E01032515,Bristol 053F,714,53,33,37,36,53,50,42,27,38,57,48,30,21,30,35,66,46,8,4,F,2011
E01033352,Bristol 054A,507,32,16,14,14,99,138,72,29,23,23,12,15,6,7,2,2,2,1,0,F,2011
E01033353,Bristol 054B,501,10,24,4,46,148,90,47,24,9,12,15,15,14,14,4,6,12,7,0,F,2011
E01033355,Bristol 054C,439,15,6,2,52,85,102,60,33,17,13,13,15,9,7,8,1,1,0,0,F,2011
E01033358,Bristol 054D,993,104,66,57,131,252,76,74,49,37,24,21,21,17,17,18,11,11,1,6,F,2011
E01033370,Bristol 054E,491,42,18,15,18,46,69,54,36,22,20,18,30,24,11,17,16,16,12,7,F,2011
E01014564,Bristol 055A,950,92,61,56,97,74,87,90,89,50,57,50,32,39,12,17,18,13,11,5,F,2011
E01014653,Bristol 055B,1193,183,110,81,73,101,88,121,106,72,74,45,35,23,21,32,10,13,4,1,F,2011
E01014655,Bristol 055C,1122,105,92,72,77,88,126,109,105,50,56,51,38,29,18,33,21,33,14,5,F,2011
E01014654,Bristol 056A,1116,113,108,93,98,79,115,92,71,71,62,53,38,29,22,24,24,13,9,2,F,2011
E01014658,Bristol 056B,1079,177,108,81,72,53,107,121,92,65,40,40,24,22,23,17,14,12,6,5,F,2011
E01033356,Bristol 056C,691,102,54,31,19,56,107,63,48,26,30,16,21,24,27,10,15,14,11,17,F,2011
E01033369,Bristol 056D,702,86,59,44,32,51,73,46,55,38,44,38,17,23,22,32,24,9,7,2,F,2011
E01014568,Bristol 057A,1203,157,86,68,90,85,112,139,107,67,68,72,30,36,21,24,21,10,6,4,F,2011
E01014569,Bristol 057B,1090,84,72,79,97,80,95,114,80,86,91,57,39,28,13,21,24,19,3,8,F,2011
E01014570,Bristol 057C,912,97,52,35,60,38,82,120,94,80,67,48,23,27,21,21,16,13,11,7,F,2011
E01014574,Bristol 057D,1020,112,82,73,55,87,113,82,91,72,56,47,45,23,22,22,16,10,6,6,F,2011
E06000052,,275249,13383,12820,14457,15637,14101,13276,13497,15582,19165,19957,19071,18460,21825,18539,13721,11516,9426,6680,4136,F,2011
E01018936,Cornwall 001A,761,23,30,28,45,41,63,31,57,51,48,50,41,68,48,44,35,27,24,7,F,2011
E01018937,Cornwall 001B,1002,57,63,62,66,59,59,67,69,79,71,51,71,58,55,26,34,19,16,20,F,2011
E01018938,Cornwall 001C,865,43,32,30,38,28,28,34,42,44,54,55,51,67,67,61,63,59,43,26,F,2011
E01018959,Cornwall 001D,776,25,13,32,34,13,19,19,32,38,44,61,60,79,76,75,50,43,38,25,F,2011
E01018960,Cornwall 001E,993,61,57,54,60,48,43,59,54,69,61,83,75,63,62,49,41,25,20,9,F,2011
E01018961,Cornwall 001F,749,32,39,27,35,39,29,29,36,54,47,50,48,51,68,44,43,38,23,17,F,2011
E01018943,Cornwall 002A,1037,47,44,53,59,42,31,34,53,70,95,83,86,103,82,53,54,25,14,9,F,2011
E01018951,Cornwall 002B,1170,50,64,61,62,42,35,33,65,77,98,89,102,105,87,65,48,43,31,13,F,2011
E01018974,Cornwall 002C,1317,67,58,68,69,47,67,61,52,83,83,97,115,122,91,61,47,54,37,38,F,2011
E01018940,Cornwall 003A,811,39,40,51,29,24,35,28,52,47,68,63,50,76,77,43,35,27,15,12,F,2011
E01018941,Cornwall 003B,798,56,36,39,48,44,38,40,41,59,55,55,56,63,53,45,27,21,15,7,F,2011
E01018942,Cornwall 003C,790,26,32,38,28,21,22,30,40,59,47,55,56,97,79,51,42,28,17,22,F,2011
E01018969,Cornwall 003D,1169,35,37,67,60,32,34,43,58,69,84,88,88,123,111,85,54,38,33,30,F,2011
E01018953,Cornwall 004B,596,19,39,31,32,24,15,19,29,50,53,42,45,57,48,40,24,18,7,4,F,2011
E01018968,Cornwall 004C,1294,72,50,61,49,48,48,46,67,80,92,100,102,137,99,62,48,48,47,38,F,2011
E01033291,Cornwall 004D,816,36,26,42,49,27,35,25,38,58,52,57,56,79,82,56,40,26,23,9,F,2011
E01033292,Cornwall 004E,714,56,55,41,45,49,76,44,48,50,48,25,37,41,24,24,17,18,7,9,F,2011
E01018946,Cornwall 005A,790,41,35,39,32,28,40,38,42,48,46,63,55,61,64,38,52,32,27,9,F,2011
E01018947,Cornwall 005B,1588,105,105,112,85,104,128,101,128,124,109,72,63,73,70,49,51,47,35,27,F,2011
E01018948,Cornwall 005C,860,44,52,53,46,44,46,36,39,77,65,63,47,53,58,38,35,26,23,15,F,2011
E01018949,Cornwall 005D,734,49,59,75,60,46,41,47,54,65,50,39,31,35,25,19,17,8,8,6,F,2011
E01018950,Cornwall 005E,839,46,33,32,55,75,57,52,46,67,56,51,52,48,33,46,30,28,22,10,F,2011
E01018925,Cornwall 006A,1122,42,51,55,55,41,37,34,42,77,101,77,101,122,90,58,49,39,29,22,F,2011
E01018952,Cornwall 006B,585,28,28,22,33,20,18,21,29,42,45,49,37,61,58,38,25,14,13,4,F,2011
E01018965,Cornwall 006C,1300,52,62,54,105,71,47,39,66,86,104,94,86,118,110,64,59,41,21,21,F,2011
E01018966,Cornwall 006D,539,16,16,23,30,29,17,9,20,36,47,51,56,58,52,18,21,24,11,5,F,2011
E01018967,Cornwall 006E,663,29,30,31,64,22,21,25,37,48,44,49,67,64,47,28,24,16,11,6,F,2011
E01018924,Cornwall 007A,579,23,32,21,31,23,20,28,37,39,55,46,43,51,42,32,27,18,9,2,F,2011
E01018962,Cornwall 007B,1117,38,45,38,50,39,38,54,44,67,68,97,66,106,87,64,53,51,46,66,F,2011
E01033289,Cornwall 007E,1170,47,46,53,45,34,46,37,60,59,67,64,70,96,110,71,70,75,70,50,F,2011
E01018954,Cornwall 008A,633,51,52,37,53,19,35,57,60,51,39,46,21,33,38,19,7,9,3,3,F,2011
E01018955,Cornwall 008B,828,31,34,38,43,31,35,42,53,57,49,65,40,62,66,47,43,38,33,21,F,2011
E01018956,Cornwall 008C,547,30,14,26,29,24,29,17,21,34,40,35,30,51,50,33,32,17,18,17,F,2011
E01018957,Cornwall 008D,673,34,28,40,50,31,29,26,45,51,46,42,41,69,44,35,26,21,9,6,F,2011
E01018958,Cornwall 008E,714,15,30,34,36,22,32,25,36,50,33,38,55,72,54,49,39,37,35,22,F,2011
E01018970,Cornwall 009A,800,27,39,48,50,36,38,30,42,80,54,63,52,63,58,38,36,26,10,10,F,2011
E01018971,Cornwall 009B,1120,44,46,54,69,34,33,47,53,69,77,50,74,86,65,66,65,74,67,47,F,2011
E01018972,Cornwall 009C,962,49,40,41,33,54,50,55,55,66,59,58,45,66,66,46,41,52,59,27,F,2011
E01018973,Cornwall 009D,764,44,40,39,38,28,29,42,39,47,51,53,50,69,65,42,33,28,17,10,F,2011
E01018753,Cornwall 010A,839,26,34,61,47,30,25,26,41,59,70,87,69,77,71,47,34,22,9,4,F,2011
E01018754,Cornwall 010B,793,37,34,46,54,32,28,25,45,64,56,71,67,67,45,41,30,32,8,11,F,2011
E01018755,Cornwall 010C,752,24,41,46,40,26,22,25,28,51,78,53,73,68,69,33,31,29,6,9,F,2011
E01018756,Cornwall 010D,833,27,29,42,43,21,22,29,39,58,62,72,65,94,75,49,45,32,23,6,F,2011
E01018923,Cornwall 011A,627,30,30,25,42,15,28,27,21,54,45,41,51,66,44,44,29,20,9,6,F,2011
E01018926,Cornwall 011B,1231,44,47,58,76,44,30,38,53,84,110,103,125,117,98,71,58,42,20,13,F,2011
E01018944,Cornwall 011C,600,31,21,37,34,31,23,14,35,52,47,44,43,67,41,21,21,15,13,10,F,2011
E01018945,Cornwall 011D,669,29,26,41,22,27,26,29,42,41,53,51,45,65,51,44,35,17,15,10,F,2011
E01018777,Cornwall 012A,987,33,38,51,53,27,40,27,66,68,77,83,97,123,75,50,38,21,12,8,F,2011
E01018782,Cornwall 012B,774,31,51,51,50,29,28,24,42,69,66,55,55,69,56,29,31,18,12,8,F,2011
E01018783,Cornwall 012C,761,33,22,42,36,31,24,26,43,54,61,65,73,69,70,33,35,21,17,6,F,2011
E01018784,Cornwall 012D,752,36,33,46,32,16,19,32,39,47,67,67,58,55,81,42,39,20,14,9,F,2011
E01018750,Cornwall 013A,1139,40,66,79,61,40,47,56,79,116,82,89,67,81,67,58,42,30,27,12,F,2011
E01018751,Cornwall 013B,743,42,35,35,57,48,53,38,28,52,54,52,36,53,43,36,38,22,13,8,F,2011
E01018752,Cornwall 013C,1045,76,43,49,76,59,67,55,51,67,86,74,74,58,68,54,36,29,16,7,F,2011
E01018779,Cornwall 013D,1147,49,63,56,61,36,46,51,75,73,75,90,98,103,84,61,52,37,26,11,F,2011
E01018932,Cornwall 014A,866,47,40,52,61,52,49,49,39,64,60,60,52,64,45,31,28,20,23,30,F,2011
E01018933,Cornwall 014B,704,43,35,38,51,41,47,33,47,48,43,47,40,48,39,30,23,18,22,11,F,2011
E01018934,Cornwall 014C,1001,45,42,61,59,39,45,50,43,81,82,80,64,74,81,58,43,29,18,7,F,2011
E01018935,Cornwall 014D,1194,93,70,75,64,75,101,90,91,81,72,56,52,82,63,50,48,21,8,2,F,2011
E01018927,Cornwall 015A,827,41,49,58,47,34,39,45,45,57,67,63,56,52,46,53,28,18,13,16,F,2011
E01018928,Cornwall 015B,932,65,48,44,57,76,60,52,54,93,58,44,41,49,50,26,35,31,25,24,F,2011
E01018929,Cornwall 015C,646,45,31,30,30,25,33,40,36,46,43,35,46,42,44,42,31,20,15,12,F,2011
E01018930,Cornwall 015D,856,69,61,57,54,62,66,71,53,52,72,50,36,39,29,20,18,22,12,13,F,2011
E01018931,Cornwall 015E,606,35,25,37,28,20,33,15,40,41,33,48,37,46,44,51,30,28,15,0,F,2011
E01018758,Cornwall 016A,1308,67,65,85,78,45,56,60,74,85,100,111,101,113,88,57,45,34,34,10,F,2011
E01018768,Cornwall 016B,1038,64,65,93,79,72,66,62,64,89,80,69,59,49,39,32,24,15,9,8,F,2011
E01018769,Cornwall 016C,980,60,56,45,64,47,54,61,64,61,59,50,54,60,59,56,43,44,30,13,F,2011
E01018778,Cornwall 016D,886,46,43,43,49,32,38,45,51,67,62,67,74,70,64,37,39,29,24,6,F,2011
E01018767,Cornwall 017A,810,36,38,64,85,49,27,43,56,59,59,45,47,54,55,30,25,19,11,8,F,2011
E01018770,Cornwall 017B,647,36,30,37,43,39,33,25,42,53,45,43,32,46,37,23,37,25,14,7,F,2011
E01018771,Cornwall 017C,630,34,22,20,41,58,43,32,27,42,43,38,47,54,32,29,25,20,17,6,F,2011
E01018772,Cornwall 017D,795,27,30,32,43,28,24,26,38,47,63,60,59,91,58,50,49,39,22,9,F,2011
E01019048,Cornwall 018A,933,37,26,34,47,39,51,44,49,71,69,62,68,75,57,52,56,42,33,21,F,2011
E01019049,Cornwall 018B,913,40,54,58,45,40,47,61,67,67,68,60,45,64,55,37,33,28,25,19,F,2011
E01019050,Cornwall 018C,728,44,39,41,37,39,40,38,41,51,45,46,44,62,54,41,33,14,13,6,F,2011
E01019051,Cornwall 018D,830,40,39,52,48,28,43,47,58,64,54,49,48,58,56,37,33,40,21,15,F,2011
E01019060,Cornwall 019A,854,38,32,35,37,33,30,48,40,55,60,48,70,74,63,52,33,41,25,40,F,2011
E01019061,Cornwall 019B,885,52,38,48,64,44,40,66,58,68,64,61,45,65,53,35,41,17,17,9,F,2011
E01019062,Cornwall 019C,1011,88,60,59,50,71,76,63,75,65,69,53,48,76,51,30,19,27,19,12,F,2011
E01019063,Cornwall 019D,1035,76,44,48,73,49,72,71,88,68,78,67,63,61,59,39,41,22,7,9,F,2011
E01019064,Cornwall 019E,985,69,50,66,55,55,53,59,61,78,69,70,63,82,42,41,30,22,12,8,F,2011
E01019065,Cornwall 019F,653,35,36,40,42,39,34,41,50,50,45,46,38,39,42,22,24,15,11,4,F,2011
E01019028,Cornwall 020A,1103,64,46,49,42,86,100,101,89,67,63,51,45,46,46,43,40,49,49,27,F,2011
E01019029,Cornwall 020B,753,36,15,45,35,81,59,47,49,47,51,49,46,37,25,23,23,32,33,20,F,2011
E01019030,Cornwall 020C,900,37,54,54,37,39,57,69,58,75,53,63,60,75,50,28,35,21,13,22,F,2011
E01019031,Cornwall 020D,789,36,29,29,26,24,57,55,58,52,42,45,55,61,53,39,44,29,36,19,F,2011
E01019018,Cornwall 021A,818,48,38,48,35,33,26,25,47,61,63,57,57,68,62,52,42,29,20,7,F,2011
E01019019,Cornwall 021B,720,21,29,33,38,34,31,21,41,39,56,47,55,58,56,45,34,45,22,15,F,2011
E01019020,Cornwall 021C,712,31,32,38,53,59,71,68,59,42,53,48,38,33,31,21,11,11,10,3,F,2011
E01019021,Cornwall 021D,750,39,25,30,39,30,41,43,47,56,60,56,39,67,45,42,39,31,13,8,F,2011
E01019022,Cornwall 021E,918,58,47,52,51,34,72,54,66,55,51,63,49,64,59,37,38,32,19,17,F,2011
E01019023,Cornwall 021F,814,63,47,39,46,42,61,71,77,78,65,51,46,45,29,16,13,19,4,2,F,2011
E01018764,Cornwall 022A,723,27,39,35,27,20,26,21,43,65,52,63,58,64,60,48,30,24,19,2,F,2011
E01018787,Cornwall 022B,783,55,48,52,41,33,39,50,67,70,68,72,38,50,33,22,15,19,11,0,F,2011
E01018795,Cornwall 022C,620,17,18,35,43,16,8,22,30,46,53,55,58,81,57,43,19,13,6,0,F,2011
E01018796,Cornwall 022D,622,24,40,49,39,25,25,44,50,57,51,48,40,54,26,13,18,11,6,2,F,2011
E01018757,Cornwall 023A,1082,41,52,59,58,33,24,40,49,73,78,78,108,123,93,59,44,29,30,11,F,2011
E01018763,Cornwall 023B,551,18,33,34,34,23,21,17,36,55,54,46,53,43,27,18,23,8,7,1,F,2011
E01018765,Cornwall 023C,737,18,21,34,25,24,23,18,26,47,55,63,59,100,83,66,38,22,7,8,F,2011
E01018785,Cornwall 023D,994,42,58,69,48,35,28,33,54,81,94,82,85,80,69,55,28,30,14,9,F,2011
E01019052,Cornwall 024A,914,52,35,53,63,53,51,41,64,69,59,73,66,59,29,37,37,30,29,14,F,2011
E01019053,Cornwall 024B,978,63,60,43,47,38,57,82,61,69,71,70,58,79,66,38,39,23,5,9,F,2011
E01019054,Cornwall 024C,922,51,48,52,59,57,44,61,54,69,72,58,63,67,69,33,29,22,12,2,F,2011
E01019055,Cornwall 024D,771,66,37,69,56,52,40,42,42,48,58,40,57,41,23,26,29,26,15,4,F,2011
E01018786,Cornwall 025A,651,28,25,27,38,37,34,28,37,52,40,46,57,64,48,30,22,26,8,4,F,2011
E01018788,Cornwall 025B,774,23,28,24,28,27,47,29,31,39,38,44,45,67,63,49,68,49,49,26,F,2011
E01018790,Cornwall 025C,613,31,23,36,45,32,37,31,42,33,44,48,44,45,41,25,23,20,9,4,F,2011
E01018794,Cornwall 025D,727,32,43,29,48,29,37,31,40,61,64,53,63,65,51,30,18,18,11,4,F,2011
E01018789,Cornwall 026A,766,43,33,44,46,44,40,37,40,55,56,49,64,63,49,42,25,23,12,1,F,2011
E01018791,Cornwall 026B,610,19,30,33,42,28,21,24,29,46,52,43,49,54,41,31,31,9,19,9,F,2011
E01018792,Cornwall 026C,1451,99,83,68,72,51,91,114,120,128,113,91,66,91,87,52,55,37,22,11,F,2011
E01018793,Cornwall 026D,866,56,32,43,54,57,60,47,40,59,76,66,44,76,45,34,31,23,15,8,F,2011
E01019035,Cornwall 027A,801,31,27,27,45,21,21,34,34,59,53,60,50,81,68,43,50,48,31,18,F,2011
E01019036,Cornwall 027B,831,28,25,48,33,38,24,28,48,54,63,83,68,100,61,55,35,16,12,12,F,2011
E01019037,Cornwall 027C,789,41,39,44,43,29,34,42,35,58,72,50,55,56,49,38,33,30,23,18,F,2011
E01019074,Cornwall 027D,881,61,42,41,64,77,62,52,47,72,83,66,51,44,50,26,16,17,4,6,F,2011
E01019075,Cornwall 027E,882,43,53,51,48,48,47,48,70,67,66,65,75,58,51,32,29,17,6,8,F,2011
E01019076,Cornwall 027F,923,79,59,56,55,61,61,65,66,58,59,59,47,66,50,33,17,19,13,0,F,2011
E01018759,Cornwall 028A,772,30,39,40,37,30,36,29,34,59,39,61,68,91,58,43,24,27,20,7,F,2011
E01018760,Cornwall 028B,618,30,20,34,43,22,21,15,33,39,38,42,56,73,49,33,30,19,16,5,F,2011
E01018761,Cornwall 028C,771,22,38,36,34,19,18,26,30,35,51,50,60,77,80,54,48,39,36,18,F,2011
E01018766,Cornwall 028D,940,26,51,42,53,35,27,30,39,48,63,80,73,86,91,52,52,51,29,12,F,2011
E01018774,Cornwall 028E,730,35,29,29,39,26,24,30,39,57,50,64,64,61,50,36,26,34,22,15,F,2011
E01018797,Cornwall 029A,593,34,32,38,34,34,41,30,30,41,40,49,45,36,36,25,18,15,10,5,F,2011
E01018798,Cornwall 029B,752,28,32,40,45,28,34,27,35,49,57,51,57,69,60,50,40,27,17,6,F,2011
E01018799,Cornwall 029C,630,34,29,38,36,33,29,33,39,41,49,44,32,35,27,46,40,22,15,8,F,2011
E01018800,Cornwall 029D,859,63,57,64,49,47,58,61,47,65,72,58,49,58,31,27,19,23,10,1,F,2011
E01019069,Cornwall 030A,665,47,47,36,38,49,64,35,44,52,53,44,27,32,29,25,18,13,9,3,F,2011
E01019070,Cornwall 030B,1037,67,52,62,73,56,80,54,53,66,75,59,75,69,68,42,30,34,15,7,F,2011
E01019071,Cornwall 030C,809,44,51,53,56,23,27,43,51,80,57,63,50,66,53,35,20,19,10,8,F,2011
E01019072,Cornwall 030D,786,42,37,48,57,47,46,36,49,59,69,41,43,53,34,41,31,31,15,7,F,2011
E01019073,Cornwall 030E,728,39,35,31,47,28,35,32,44,58,50,60,57,56,53,46,21,22,8,6,F,2011
E01019056,Cornwall 031A,833,59,69,48,58,55,51,54,50,55,41,54,50,40,32,33,21,20,29,14,F,2011
E01019057,Cornwall 031B,1003,55,55,54,49,63,60,50,81,76,72,59,49,63,58,47,33,28,22,29,F,2011
E01019058,Cornwall 031C,919,56,50,47,62,48,45,58,51,79,67,59,55,63,68,45,30,20,11,5,F,2011
E01019059,Cornwall 031D,813,25,37,57,43,41,35,51,42,53,48,62,61,61,67,45,37,20,16,12,F,2011
E01018815,Cornwall 032A,1020,62,58,53,59,45,64,78,62,82,105,78,74,64,42,38,23,15,12,6,F,2011
E01018831,Cornwall 032B,670,42,42,44,35,22,17,36,49,49,65,48,45,49,38,28,28,18,10,5,F,2011
E01018832,Cornwall 032C,676,31,31,37,35,21,29,34,39,47,49,48,51,84,49,32,21,19,14,5,F,2011
E01018847,Cornwall 032D,789,36,49,46,55,41,38,40,51,65,70,69,52,50,40,39,24,14,7,3,F,2011
E01018833,Cornwall 033A,746,35,43,51,40,23,32,26,42,60,48,60,59,57,60,38,33,16,12,11,F,2011
E01018842,Cornwall 033B,724,35,29,34,34,27,35,37,49,51,51,53,63,64,45,40,30,24,18,5,F,2011
E01018843,Cornwall 033C,662,24,33,30,34,22,21,37,32,48,50,52,58,56,57,37,36,18,12,5,F,2011
E01018844,Cornwall 033D,625,26,27,32,21,19,44,40,40,39,41,30,36,45,52,22,32,38,23,18,F,2011
E01018780,Cornwall 034A,1189,69,71,69,64,33,43,62,67,77,95,85,94,121,95,53,38,23,19,11,F,2011
E01018781,Cornwall 034B,946,32,30,55,42,26,38,28,35,53,84,71,73,128,90,58,39,28,24,12,F,2011
E01033294,Cornwall 034E,1198,50,52,57,77,65,69,53,69,72,115,127,94,71,68,50,46,35,20,8,F,2011
E01019024,Cornwall 035A,745,34,37,47,49,30,21,39,35,57,54,58,52,52,48,38,28,26,28,12,F,2011
E01019025,Cornwall 035B,780,16,25,40,36,17,9,28,34,54,51,55,60,62,67,52,55,34,35,50,F,2011
E01019026,Cornwall 035C,768,21,33,54,38,29,25,29,30,42,52,55,62,68,68,55,35,35,26,11,F,2011
E01019027,Cornwall 035D,799,17,32,30,25,21,33,27,45,68,48,49,51,83,72,43,52,44,33,26,F,2011
E01019013,Cornwall 036A,1132,48,56,62,79,43,49,54,82,85,86,71,69,80,77,59,51,31,30,20,F,2011
E01019014,Cornwall 036B,744,30,36,36,41,40,31,34,39,45,56,64,52,64,52,42,29,25,18,10,F,2011
E01019015,Cornwall 036C,737,28,46,41,34,44,24,37,47,51,62,66,59,41,30,28,30,34,18,17,F,2011
E01019016,Cornwall 036D,989,71,82,75,59,57,58,85,80,93,72,67,56,49,25,27,15,8,9,1,F,2011
E01019017,Cornwall 036E,1217,43,37,57,44,45,48,41,69,59,72,95,84,111,115,78,71,59,50,39,F,2011
E01018762,Cornwall 037A,608,26,32,32,18,12,16,17,32,43,47,58,48,74,58,37,27,16,13,2,F,2011
E01018773,Cornwall 037B,780,25,31,41,34,23,37,22,34,53,49,62,62,79,60,43,55,40,15,15,F,2011
E01018775,Cornwall 037C,737,23,23,34,30,36,22,23,35,36,57,42,61,63,70,41,40,48,29,24,F,2011
E01018776,Cornwall 037D,587,13,20,26,29,19,19,21,25,46,56,41,47,66,58,33,27,25,12,4,F,2011
E01019032,Cornwall 038A,736,37,30,35,40,34,33,23,37,50,51,62,59,52,52,43,26,26,29,17,F,2011
E01019034,Cornwall 038B,775,44,48,29,51,44,40,47,51,61,55,53,52,58,38,20,32,21,22,9,F,2011
E01019045,Cornwall 038C,1131,72,44,57,67,65,77,68,65,88,63,94,63,68,52,46,42,40,30,30,F,2011
E01019047,Cornwall 038D,641,27,31,26,42,37,19,21,23,26,50,34,33,50,41,26,24,50,40,41,F,2011
E01019033,Cornwall 039A,730,64,29,33,37,40,46,46,32,34,37,61,51,40,34,31,38,36,20,21,F,2011
E01019041,Cornwall 039B,963,62,56,51,57,66,62,47,62,53,56,46,54,39,47,37,36,56,39,37,F,2011
E01019042,Cornwall 039C,880,55,35,50,57,58,45,57,51,66,59,56,41,63,40,48,31,30,23,15,F,2011
E01019043,Cornwall 039D,798,32,30,31,45,45,43,30,35,41,51,59,58,61,54,49,46,38,33,17,F,2011
E01019044,Cornwall 039E,789,24,32,26,39,29,26,21,39,44,62,54,48,62,78,69,57,42,26,11,F,2011
E01019046,Cornwall 039F,708,40,31,35,61,47,46,27,39,48,52,48,39,37,36,30,37,37,11,7,F,2011
E01018825,Cornwall 040A,805,57,40,38,39,35,49,54,54,54,69,59,56,59,55,34,23,17,5,8,F,2011
E01018826,Cornwall 040B,1157,61,49,55,65,27,39,65,83,81,97,58,74,89,75,72,43,63,38,23,F,2011
E01018851,Cornwall 040C,739,35,19,24,35,25,36,32,60,48,53,50,51,48,53,36,44,43,25,22,F,2011
E01018852,Cornwall 040D,1330,69,68,71,64,48,55,67,83,106,81,112,92,105,89,69,53,50,28,20,F,2011
E01019038,Cornwall 041A,591,17,22,11,31,10,19,17,24,31,39,38,45,55,64,46,43,34,19,26,F,2011
E01019039,Cornwall 041B,731,19,25,45,29,20,10,14,28,48,49,58,51,71,78,56,39,41,31,19,F,2011
E01019040,Cornwall 041C,639,30,34,32,38,21,19,18,32,40,48,44,51,64,57,35,30,24,13,9,F,2011
E01019066,Cornwall 041D,621,30,29,45,37,19,21,27,29,48,52,43,50,42,52,29,25,18,18,7,F,2011
E01019067,Cornwall 041E,598,19,31,25,30,15,17,17,37,35,33,50,41,57,48,45,23,29,22,24,F,2011
E01019068,Cornwall 041F,816,26,40,38,36,20,17,27,48,51,44,57,60,84,94,67,51,27,21,8,F,2011
E01018823,Cornwall 042A,788,26,24,25,42,37,45,39,41,55,48,56,46,60,48,48,49,39,39,21,F,2011
E01018824,Cornwall 042B,1366,103,86,81,75,48,59,83,112,111,87,87,78,88,77,66,50,41,24,10,F,2011
E01018853,Cornwall 042C,1332,73,88,82,102,77,84,85,104,110,114,74,81,94,49,40,33,28,10,4,F,2011
E01018854,Cornwall 042D,714,29,45,38,59,31,42,37,56,57,45,60,42,38,37,28,20,27,17,6,F,2011
E01018819,Cornwall 043A,782,46,30,35,51,52,65,55,52,53,59,62,61,54,29,23,22,13,9,11,F,2011
E01018822,Cornwall 043B,638,25,29,38,38,20,21,25,32,46,50,51,60,57,35,33,28,31,13,6,F,2011
E01018855,Cornwall 043C,1259,94,60,63,71,116,123,102,73,95,86,72,68,63,54,44,25,19,18,13,F,2011
E01018856,Cornwall 043D,707,18,22,23,42,60,39,40,32,47,44,60,43,61,30,38,41,38,21,8,F,2011
E01018857,Cornwall 043E,625,37,32,25,34,44,38,38,30,44,48,34,44,39,44,32,23,20,13,6,F,2011
E01018858,Cornwall 043F,774,38,20,36,33,23,25,41,31,38,69,40,53,54,68,34,45,52,44,30,F,2011
E01018807,Cornwall 044A,690,12,10,33,34,35,50,32,38,38,51,58,43,49,55,38,46,33,23,12,F,2011
E01018808,Cornwall 044B,757,43,37,29,41,39,49,54,55,49,62,50,46,45,44,27,27,30,19,11,F,2011
E01018809,Cornwall 044C,1054,45,28,37,44,83,102,95,60,59,46,56,49,58,53,47,48,43,67,34,F,2011
E01018810,Cornwall 044D,701,40,27,42,38,30,49,44,47,40,60,53,50,54,38,30,20,19,16,4,F,2011
E01018889,Cornwall 045A,694,38,36,43,31,48,25,38,41,52,57,49,50,50,41,22,26,32,9,6,F,2011
E01018890,Cornwall 045B,722,27,24,37,29,26,26,35,39,48,47,62,52,61,57,45,41,32,29,5,F,2011
E01018891,Cornwall 045C,682,38,29,34,28,51,36,40,36,44,55,49,51,59,48,37,26,14,4,3,F,2011
E01018892,Cornwall 045D,678,35,23,35,29,23,34,40,39,66,48,49,56,51,57,26,28,15,14,10,F,2011
E01018893,Cornwall 045E,689,28,40,35,24,28,25,33,35,44,49,50,43,52,50,46,43,31,19,14,F,2011
E01018908,Cornwall 046A,829,30,45,48,49,40,35,37,43,73,86,51,45,66,63,45,33,21,16,3,F,2011
E01018909,Cornwall 046B,830,73,32,43,62,51,50,60,58,62,61,53,41,55,38,32,24,23,7,5,F,2011
E01018910,Cornwall 046C,997,82,70,66,72,81,59,76,46,69,65,65,52,40,29,35,39,23,21,7,F,2011
E01018911,Cornwall 046D,849,48,26,36,46,57,52,50,45,46,52,61,56,58,41,40,37,41,34,23,F,2011
E01018816,Cornwall 047A,876,19,34,60,41,27,18,19,29,53,72,63,57,89,87,82,60,35,13,18,F,2011
E01018817,Cornwall 047B,1060,35,50,49,50,27,34,36,45,84,93,81,78,91,86,73,58,38,32,20,F,2011
E01018818,Cornwall 047C,860,25,29,38,40,31,24,23,40,54,49,51,56,73,94,80,59,45,32,17,F,2011
E01018820,Cornwall 047D,940,45,65,59,49,34,49,48,72,71,67,67,54,92,49,32,32,32,19,4,F,2011
E01018821,Cornwall 047E,605,28,38,43,38,24,28,23,42,54,48,50,35,46,37,22,23,13,8,5,F,2011
E01018845,Cornwall 048A,851,34,54,60,52,27,28,39,48,70,63,64,42,67,54,35,28,34,30,22,F,2011
E01018846,Cornwall 048B,686,29,19,35,32,25,22,30,31,45,47,62,57,72,68,36,34,21,18,3,F,2011
E01018848,Cornwall 048C,831,38,45,47,40,29,33,36,42,68,76,66,60,64,58,40,35,25,19,10,F,2011
E01018849,Cornwall 048D,986,30,27,38,41,34,28,26,40,49,70,62,69,116,99,77,59,59,48,14,F,2011
E01018850,Cornwall 048E,683,19,39,30,47,21,22,23,30,46,53,47,45,84,65,38,26,21,16,11,F,2011
E01018912,Cornwall 049A,759,39,37,42,26,25,42,32,48,51,59,50,45,62,56,57,31,29,19,9,F,2011
E01018913,Cornwall 049B,915,74,47,54,46,59,80,69,70,68,57,47,48,44,40,25,23,19,29,16,F,2011
E01018914,Cornwall 049C,959,46,48,40,60,68,68,60,46,57,63,62,61,82,64,48,33,31,13,9,F,2011
E01018915,Cornwall 049D,1067,64,61,64,39,61,59,75,60,80,68,50,66,76,60,51,49,43,26,15,F,2011
E01018916,Cornwall 050A,705,35,30,50,58,21,29,38,43,58,74,51,45,45,47,31,19,19,9,3,F,2011
E01018917,Cornwall 050B,736,43,34,32,47,35,28,35,51,53,49,46,48,67,55,45,31,21,11,5,F,2011
E01018918,Cornwall 050C,922,53,40,48,48,40,62,46,54,74,55,65,63,75,66,45,35,25,15,13,F,2011
E01018919,Cornwall 050D,705,40,25,25,26,30,40,24,45,47,52,51,52,75,54,46,23,27,18,5,F,2011
E01018894,Cornwall 051A,914,51,53,51,40,53,47,53,46,89,70,62,67,64,48,40,19,25,16,20,F,2011
E01018895,Cornwall 051B,858,50,43,49,41,42,53,62,45,77,64,57,58,70,42,41,28,21,7,8,F,2011
E01018896,Cornwall 051C,752,36,29,37,44,32,23,39,46,62,48,63,47,58,62,49,36,15,17,9,F,2011
E01018897,Cornwall 051D,711,41,38,43,39,60,40,44,64,46,54,41,50,46,30,29,19,11,11,5,F,2011
E01018898,Cornwall 051E,677,45,41,51,48,36,42,48,37,57,62,47,34,36,32,21,17,9,8,6,F,2011
E01018865,Cornwall 052A,939,62,65,62,56,48,64,75,64,65,62,58,45,71,53,33,22,16,11,7,F,2011
E01018866,Cornwall 052B,830,31,39,34,38,48,41,38,45,45,70,55,62,70,71,40,39,34,19,11,F,2011
E01018867,Cornwall 052C,1003,69,48,56,55,93,61,80,60,68,64,59,42,61,52,32,28,35,18,22,F,2011
E01018868,Cornwall 052D,920,82,49,58,50,75,66,62,58,62,49,39,36,55,49,47,29,30,18,6,F,2011
E01018874,Cornwall 053A,690,26,35,34,32,25,27,27,38,35,58,41,41,66,59,50,33,28,25,10,F,2011
E01018875,Cornwall 053B,747,41,32,54,43,37,29,37,47,40,48,40,50,39,43,37,46,47,29,8,F,2011
E01018876,Cornwall 053C,714,33,49,44,46,26,30,26,50,51,55,65,47,68,36,31,35,9,10,3,F,2011
E01018877,Cornwall 053D,746,21,24,28,41,34,19,22,37,44,53,52,46,61,75,58,47,35,33,16,F,2011
E01018878,Cornwall 053E,720,44,27,35,50,52,40,37,41,52,52,36,43,45,29,33,41,32,21,10,F,2011
E01019008,Cornwall 054A,786,32,27,41,36,31,35,43,41,47,53,59,63,65,44,52,30,28,32,27,F,2011
E01019009,Cornwall 054B,778,46,48,55,56,36,37,49,56,63,69,45,57,40,46,31,22,11,7,4,F,2011
E01019010,Cornwall 054C,731,27,47,37,45,27,28,33,43,47,50,62,57,48,49,44,36,25,15,11,F,2011
E01019011,Cornwall 054D,766,26,31,34,37,22,24,26,18,46,53,63,52,81,73,43,33,41,40,23,F,2011
E01019012,Cornwall 054E,927,26,24,30,31,39,51,39,30,44,65,82,67,85,81,67,74,39,39,14,F,2011
E01018869,Cornwall 055A,795,49,37,52,46,37,28,44,38,68,55,50,58,73,39,42,29,29,13,8,F,2011
E01018870,Cornwall 055B,688,60,36,57,57,58,47,45,43,48,59,46,32,25,21,20,13,10,9,2,F,2011
E01018871,Cornwall 055C,827,38,33,42,45,40,40,31,46,64,91,65,44,70,58,37,31,31,13,8,F,2011
E01018872,Cornwall 055D,646,38,27,45,33,24,27,25,39,61,45,44,42,64,38,38,21,21,11,3,F,2011
E01018873,Cornwall 055E,675,52,41,57,35,20,44,50,49,46,50,41,50,38,29,25,20,16,8,4,F,2011
E01018827,Cornwall 056A,794,23,23,41,77,43,18,20,23,49,45,49,54,95,78,48,39,28,21,20,F,2011
E01018828,Cornwall 056B,790,33,23,43,37,26,32,28,23,51,52,59,55,84,65,57,32,42,26,22,F,2011
E01018829,Cornwall 056C,670,30,26,33,49,31,26,26,30,44,61,66,63,57,46,36,21,14,8,3,F,2011
E01018830,Cornwall 056D,754,20,24,39,33,26,20,28,25,43,59,59,58,75,73,56,58,28,24,6,F,2011
E01018978,Cornwall 057A,786,47,37,46,46,23,44,42,43,58,63,53,50,76,56,31,25,24,16,6,F,2011
E01018981,Cornwall 057B,1081,49,56,49,51,41,60,43,61,70,78,65,66,91,81,59,53,59,29,20,F,2011
E01018982,Cornwall 057C,1127,89,57,62,51,62,66,61,66,92,89,62,58,83,69,48,45,30,24,13,F,2011
E01018983,Cornwall 057D,840,25,27,38,43,34,30,25,54,65,57,50,49,75,81,53,43,41,25,25,F,2011
E01018984,Cornwall 057E,1074,40,56,80,80,38,42,64,67,96,63,57,70,67,67,50,39,41,35,22,F,2011
E01018985,Cornwall 058A,1220,44,47,49,82,37,45,52,58,78,91,78,98,111,102,74,50,59,38,27,F,2011
E01018986,Cornwall 058B,845,28,26,21,29,30,31,32,35,43,48,57,58,83,79,58,61,44,53,29,F,2011
E01018987,Cornwall 058C,1054,40,33,51,41,30,41,41,53,71,94,98,89,112,91,63,48,27,24,7,F,2011
E01018863,Cornwall 059A,839,51,43,45,54,36,42,53,60,59,71,63,50,74,39,40,28,12,12,7,F,2011
E01018864,Cornwall 059B,833,29,38,44,44,27,40,40,45,67,74,68,72,59,64,33,38,27,18,6,F,2011
E01018921,Cornwall 059C,1052,53,47,54,47,43,36,43,66,96,96,93,78,82,67,49,46,29,19,8,F,2011
E01018922,Cornwall 059D,1200,59,59,69,86,47,38,51,82,100,101,93,91,115,66,56,34,28,21,4,F,2011
E01018834,Cornwall 060A,933,47,44,48,76,73,44,52,60,66,88,48,39,69,65,42,32,16,19,5,F,2011
E01018835,Cornwall 060B,880,39,53,55,45,105,59,64,50,61,65,41,57,44,43,38,31,17,9,4,F,2011
E01018836,Cornwall 060C,827,47,33,39,49,114,62,51,66,56,58,47,39,44,23,27,21,25,17,9,F,2011
E01018837,Cornwall 060D,997,53,41,33,44,120,87,66,55,73,56,43,57,81,63,45,23,34,15,8,F,2011
E01018975,Cornwall 061A,1082,40,54,68,87,31,45,42,56,67,75,79,64,96,82,48,41,37,45,25,F,2011
E01018979,Cornwall 061B,674,36,31,43,29,30,32,32,55,57,54,48,59,52,37,25,23,16,13,2,F,2011
E01018980,Cornwall 061C,719,46,26,42,27,28,36,43,44,54,34,58,50,52,61,34,31,19,16,18,F,2011
E01018990,Cornwall 061D,964,34,32,52,35,23,27,26,39,70,60,63,65,99,94,69,50,45,46,35,F,2011
E01019007,Cornwall 061E,1127,57,68,69,58,54,33,51,62,79,100,78,80,114,77,48,44,35,12,8,F,2011
E01018838,Cornwall 062A,830,32,48,48,55,116,37,40,49,36,49,61,42,41,38,36,35,30,23,14,F,2011
E01018839,Cornwall 062B,619,11,21,18,27,89,43,44,39,32,32,38,40,45,42,33,27,18,15,5,F,2011
E01018840,Cornwall 062C,868,21,20,32,86,272,58,40,36,41,43,32,36,33,34,30,9,17,21,7,F,2011
E01018841,Cornwall 062D,758,38,51,53,53,58,38,56,38,52,57,57,46,40,30,20,27,18,14,12,F,2011
E01018860,Cornwall 062E,1039,47,68,62,80,65,49,45,53,90,78,56,52,60,73,48,50,33,19,11,F,2011
E01018803,Cornwall 063A,906,22,17,20,49,197,59,34,25,35,37,45,43,56,50,37,52,52,47,29,F,2011
E01018804,Cornwall 063B,1003,37,20,34,52,400,79,64,49,41,34,41,34,35,19,18,20,16,5,5,F,2011
E01018805,Cornwall 063C,772,25,22,30,36,63,20,22,31,34,59,45,58,86,69,49,48,42,23,10,F,2011
E01018806,Cornwall 063D,793,22,30,41,37,175,44,49,33,47,42,50,40,42,36,22,21,31,19,12,F,2011
E01018811,Cornwall 064A,775,36,39,43,47,31,34,47,40,59,73,48,58,51,63,34,33,17,15,7,F,2011
E01018812,Cornwall 064B,716,40,44,42,41,47,55,47,39,55,49,54,43,37,32,19,24,23,16,9,F,2011
E01018813,Cornwall 064C,721,50,39,32,49,30,28,32,77,51,62,48,49,54,38,29,21,17,11,4,F,2011
E01018814,Cornwall 064D,744,33,28,43,56,42,49,32,41,58,67,48,53,38,52,43,21,23,12,5,F,2011
E01018859,Cornwall 064E,897,28,31,31,31,75,40,32,43,50,60,57,70,75,64,56,60,51,26,17,F,2011
E01018988,Cornwall 065A,806,26,42,40,32,30,31,34,43,50,67,63,63,78,66,53,31,23,20,14,F,2011
E01018989,Cornwall 065B,921,34,38,52,57,28,35,24,61,64,82,75,64,74,68,48,37,26,34,20,F,2011
E01018991,Cornwall 065C,771,37,27,43,36,27,36,30,39,49,69,59,73,72,53,42,42,23,13,1,F,2011
E01019006,Cornwall 065D,832,21,39,50,39,18,23,19,44,46,66,57,94,85,70,39,36,23,36,27,F,2011
E01018879,Cornwall 066A,928,26,36,36,41,28,33,26,37,43,60,53,83,102,104,59,58,51,28,24,F,2011
E01018880,Cornwall 066B,1078,61,50,66,39,32,34,46,70,78,57,91,73,85,100,60,52,31,30,23,F,2011
E01018899,Cornwall 066C,1349,37,31,35,417,279,36,29,51,38,43,58,56,63,55,29,32,36,16,8,F,2011
E01018900,Cornwall 066D,754,19,32,37,51,37,23,18,44,58,66,56,62,74,53,39,38,24,18,5,F,2011
E01018901,Cornwall 066E,861,42,39,54,68,42,35,37,49,56,42,64,64,71,52,58,29,30,19,10,F,2011
E01018976,Cornwall 067A,1153,36,57,55,45,38,56,48,54,63,95,70,66,113,91,65,75,46,42,38,F,2011
E01018977,Cornwall 067B,766,44,37,68,60,37,33,24,47,71,67,56,49,41,42,25,26,24,10,5,F,2011
E01018994,Cornwall 067C,868,28,39,31,55,34,26,37,31,63,52,59,51,84,65,56,46,58,38,15,F,2011
E01018996,Cornwall 067D,835,43,47,41,49,38,37,58,55,58,58,48,53,58,40,49,35,32,15,21,F,2011
E01018997,Cornwall 067E,793,57,58,74,67,59,45,55,51,56,57,37,36,40,31,18,23,14,8,7,F,2011
E01018995,Cornwall 068A,1077,49,40,44,53,71,63,48,58,77,71,79,80,82,57,55,50,46,31,23,F,2011
E01018998,Cornwall 068B,758,65,27,31,34,47,54,65,52,53,55,54,44,47,32,25,20,19,13,21,F,2011
E01018999,Cornwall 068C,750,40,27,20,50,42,40,47,32,59,49,46,40,65,37,48,38,30,23,17,F,2011
E01019001,Cornwall 068D,915,35,24,39,39,37,48,42,46,55,64,73,48,83,60,53,70,43,32,24,F,2011
E01018992,Cornwall 069A,829,28,29,36,38,29,23,31,37,56,85,84,81,72,60,43,38,26,21,12,F,2011
E01018993,Cornwall 069B,859,30,33,39,44,23,36,27,52,53,83,74,82,72,43,42,41,41,23,21,F,2011
E01019005,Cornwall 069C,1050,50,56,39,56,34,44,52,52,77,77,77,77,98,90,48,39,40,26,18,F,2011
E01019000,Cornwall 070A,749,24,17,27,37,11,19,27,29,42,58,41,43,77,71,55,69,59,28,15,F,2011
E01019002,Cornwall 070B,695,16,21,19,32,21,15,24,28,35,56,46,62,83,75,53,36,35,26,12,F,2011
E01019003,Cornwall 070C,885,21,42,42,40,27,36,30,46,55,64,72,68,94,70,49,51,26,27,25,F,2011
E01019004,Cornwall 070D,836,34,26,63,54,38,42,36,47,69,60,57,60,57,57,46,33,27,23,7,F,2011
E01018882,Cornwall 071A,790,33,35,51,57,43,34,37,45,56,65,63,57,66,47,40,21,20,12,8,F,2011
E01018883,Cornwall 071B,790,28,39,48,51,32,28,41,54,78,63,61,55,59,49,41,19,22,18,4,F,2011
E01018884,Cornwall 071C,869,48,53,44,50,41,49,42,52,74,79,58,42,46,59,41,34,35,16,6,F,2011
E01018885,Cornwall 071D,754,46,30,31,39,40,49,47,53,48,63,44,43,53,39,44,29,27,19,10,F,2011
E01018886,Cornwall 071E,1018,126,71,66,45,63,94,112,79,67,52,45,34,42,37,31,20,13,12,9,F,2011
E01018887,Cornwall 071F,829,66,59,61,55,54,71,48,63,66,62,51,38,34,34,16,22,16,7,6,F,2011
E01018888,Cornwall 071G,1043,75,54,64,46,65,80,63,52,78,56,47,52,67,54,50,58,47,25,10,F,2011
E01018861,Cornwall 072A,732,28,35,31,41,27,18,24,37,47,70,65,62,72,54,42,18,32,16,13,F,2011
E01018862,Cornwall 072B,717,33,23,28,30,15,20,25,24,36,53,54,68,96,73,45,36,30,16,12,F,2011
E01018905,Cornwall 072C,661,23,26,39,36,24,32,29,30,46,54,49,54,54,45,31,38,28,11,12,F,2011
E01018906,Cornwall 072D,639,29,28,27,34,31,19,24,33,53,38,37,36,55,59,43,23,26,30,14,F,2011
E01018907,Cornwall 072E,641,24,34,23,33,36,18,24,37,44,44,46,42,58,44,45,39,20,19,11,F,2011
E01018881,Cornwall 073A,906,21,47,44,44,25,38,25,46,55,57,78,74,103,68,54,49,41,24,13,F,2011
E01018902,Cornwall 073B,600,28,28,28,30,20,26,24,27,35,54,52,49,57,34,29,25,15,24,15,F,2011
E01018903,Cornwall 073C,649,35,25,21,32,62,58,38,32,45,37,39,43,47,50,28,22,17,10,8,F,2011
E01018904,Cornwall 073D,1074,44,47,47,57,20,43,46,52,56,79,66,82,113,99,60,62,50,33,18,F,2011
E01018920,Cornwall 073E,1000,39,38,41,44,46,37,33,48,65,67,68,84,99,94,60,60,38,21,18,F,2011
E06000053,,1111,47,44,65,34,56,71,62,68,100,77,77,68,79,79,55,41,47,22,19,F,2011
E01019077,Isles of Scilly 001A,1111,47,44,65,34,56,71,62,68,100,77,77,68,79,79,55,41,47,22,19,F,2011
E06000024,,104351,5603,5419,5635,5558,4778,5153,5524,6317,7632,7701,6996,6531,7583,6487,5047,4365,3539,2752,1731,F,2011
E01014790,North Somerset 001B,753,25,31,40,37,25,19,26,49,44,71,48,49,74,47,36,38,44,21,29,F,2011
E01014795,North Somerset 001C,684,45,38,37,43,34,46,47,45,49,62,38,20,54,45,35,16,11,11,8,F,2011
E01014797,North Somerset 001D,859,35,55,45,50,50,35,36,45,67,65,62,60,57,54,52,35,30,16,10,F,2011
E01032675,North Somerset 001E,658,51,41,27,24,30,62,79,59,62,57,29,37,39,25,17,10,8,0,1,F,2011
E01032676,North Somerset 001F,667,33,18,31,19,48,74,65,54,47,55,30,31,29,38,35,26,26,3,5,F,2011
E01032681,North Somerset 001G,663,34,28,27,30,22,21,39,27,53,36,33,37,41,38,39,39,47,38,34,F,2011
E01014789,North Somerset 002A,654,10,24,31,19,19,14,24,28,42,50,54,40,70,58,44,53,34,21,19,F,2011
E01014793,North Somerset 002B,793,37,44,49,35,21,38,33,44,72,57,73,50,60,62,43,39,24,6,6,F,2011
E01014794,North Somerset 002C,865,26,37,40,32,18,15,28,38,52,44,86,73,104,80,68,55,34,26,9,F,2011
E01014798,North Somerset 002D,761,34,43,53,51,32,14,24,42,68,58,70,61,63,72,23,12,22,12,7,F,2011
E01014792,North Somerset 003B,973,43,47,47,45,27,31,35,42,65,65,70,71,88,56,57,57,53,55,19,F,2011
E01014796,North Somerset 003C,883,45,50,44,37,21,40,36,46,55,66,57,56,87,66,48,40,33,32,24,F,2011
E01032677,North Somerset 003D,720,100,47,51,27,38,70,105,83,57,37,15,21,20,11,7,3,7,14,7,F,2011
E01032678,North Somerset 003E,788,81,86,57,35,21,57,62,116,86,65,26,20,38,16,9,9,2,1,1,F,2011
E01032682,North Somerset 003F,559,36,44,48,35,16,34,41,52,49,48,33,26,29,23,18,13,5,6,3,F,2011
E01014766,North Somerset 004A,673,16,26,47,33,24,24,20,33,41,52,55,39,65,44,42,27,25,34,26,F,2011
E01014767,North Somerset 004B,647,19,28,32,19,19,16,22,29,50,46,45,44,62,72,49,41,30,21,3,F,2011
E01014786,North Somerset 004C,785,39,49,34,38,40,38,54,48,59,57,47,43,54,52,48,30,25,23,7,F,2011
E01014787,North Somerset 004D,988,44,61,54,49,41,44,50,76,87,82,63,52,67,59,62,41,23,23,10,F,2011
E01014752,North Somerset 005A,765,43,37,35,36,30,36,36,46,60,64,59,66,63,40,41,34,21,13,5,F,2011
E01014754,North Somerset 005B,600,16,20,13,20,27,29,26,30,36,36,46,44,53,48,30,44,30,38,14,F,2011
E01014758,North Somerset 005C,733,20,28,36,39,20,13,26,25,39,56,47,38,67,62,38,37,53,54,35,F,2011
E01014759,North Somerset 005D,702,15,22,37,33,19,13,16,28,39,52,55,48,59,56,54,59,42,33,22,F,2011
E01014849,North Somerset 006B,773,45,30,25,28,18,20,29,53,53,56,54,63,73,80,47,34,34,15,16,F,2011
E01014850,North Somerset 006C,1067,71,75,71,51,28,36,42,81,82,92,87,74,70,53,41,43,27,23,20,F,2011
E01014851,North Somerset 006D,1337,129,93,74,39,38,88,133,145,111,65,63,62,60,56,57,58,27,22,17,F,2011
E01014852,North Somerset 006E,819,46,44,38,51,17,34,19,38,80,95,83,61,58,46,28,24,24,21,12,F,2011
E01032674,North Somerset 006F,1236,146,82,75,39,41,81,141,130,104,83,64,44,72,54,37,24,11,6,2,F,2011
E01032680,North Somerset 006G,925,26,39,33,49,31,21,17,37,76,63,74,76,97,79,75,60,34,22,16,F,2011
E01014750,North Somerset 007A,854,55,43,34,45,40,31,60,60,62,65,61,55,52,43,27,27,34,35,25,F,2011
E01014751,North Somerset 007B,848,36,35,56,48,33,45,47,49,56,56,67,45,52,41,46,36,44,26,30,F,2011
E01014753,North Somerset 007C,926,50,49,54,52,52,47,66,55,75,65,51,52,49,48,58,34,26,26,17,F,2011
E01014755,North Somerset 007D,771,19,19,26,15,20,26,29,31,39,47,42,43,59,57,52,41,62,67,77,F,2011
E01014760,North Somerset 007E,756,29,34,40,42,35,28,29,33,62,63,62,66,50,45,47,30,33,18,10,F,2011
E01014780,North Somerset 008A,807,28,35,46,46,35,39,31,39,65,66,60,44,44,49,57,47,40,27,9,F,2011
E01014781,North Somerset 008B,852,40,41,41,37,33,37,38,43,50,53,49,46,67,56,62,55,47,39,18,F,2011
E01014782,North Somerset 008C,704,32,34,21,26,19,27,34,43,47,45,47,50,68,62,55,41,32,17,4,F,2011
E01014783,North Somerset 008D,783,32,34,41,44,43,40,33,55,49,55,79,66,59,39,29,22,24,30,9,F,2011
E01014784,North Somerset 008E,831,36,31,42,57,30,30,30,31,58,73,45,45,67,66,56,59,42,23,10,F,2011
E01014785,North Somerset 008F,727,17,24,35,35,40,26,16,26,38,56,54,71,85,73,46,46,26,7,6,F,2011
E01014775,North Somerset 009A,620,26,42,36,42,25,19,30,36,38,68,55,46,62,43,15,19,10,4,4,F,2011
E01014776,North Somerset 009B,674,31,46,49,46,25,23,22,35,53,68,59,59,51,47,16,23,9,7,5,F,2011
E01014777,North Somerset 009C,813,46,64,66,49,33,36,34,52,75,69,50,50,48,44,29,32,17,15,4,F,2011
E01014778,North Somerset 009D,649,13,33,30,38,15,10,15,32,37,45,62,65,80,64,36,40,16,15,3,F,2011
E01014779,North Somerset 009E,623,12,31,25,35,25,21,18,25,40,38,58,43,58,49,42,30,26,22,25,F,2011
E01014756,North Somerset 010A,847,54,36,50,46,42,53,56,46,54,63,64,50,65,41,35,36,21,25,10,F,2011
E01014757,North Somerset 010B,748,48,39,42,33,32,54,46,50,48,69,54,56,52,44,32,29,13,5,2,F,2011
E01014761,North Somerset 010C,849,40,44,42,42,38,50,49,58,51,71,66,67,70,40,34,29,29,17,12,F,2011
E01014762,North Somerset 010D,744,44,28,49,41,31,38,38,37,55,63,66,68,57,37,24,32,18,13,5,F,2011
E01014763,North Somerset 010E,936,65,53,69,64,63,68,68,73,70,85,78,58,35,25,21,25,9,7,0,F,2011
E01014737,North Somerset 011A,771,30,38,44,43,27,11,25,33,58,72,61,48,56,57,49,52,35,20,12,F,2011
E01014738,North Somerset 011B,760,41,52,67,52,26,20,31,54,83,65,46,44,41,43,30,27,18,15,5,F,2011
E01014739,North Somerset 011C,764,23,40,47,57,24,16,15,26,50,65,72,60,66,59,49,41,26,21,7,F,2011
E01014740,North Somerset 011D,686,29,45,57,45,16,18,19,41,60,69,45,59,58,44,27,26,21,3,4,F,2011
E01014855,North Somerset 012A,736,27,30,41,44,24,14,25,45,58,62,66,54,59,60,39,34,21,19,14,F,2011
E01014856,North Somerset 012B,770,46,51,47,36,27,27,41,43,75,69,67,46,49,47,38,25,22,10,4,F,2011
E01014857,North Somerset 012C,777,39,47,56,59,29,20,30,53,69,56,58,51,59,40,47,31,16,10,7,F,2011
E01014858,North Somerset 012D,875,52,38,63,46,40,53,73,60,73,73,83,60,62,37,27,19,9,5,2,F,2011
E01014859,North Somerset 012E,804,45,34,51,54,30,22,42,50,55,73,61,49,48,48,37,29,32,25,19,F,2011
E01014860,North Somerset 012F,743,35,28,46,46,34,26,39,46,52,62,43,59,69,39,31,34,32,13,9,F,2011
E01014847,North Somerset 013A,871,43,46,61,55,34,28,28,52,65,88,76,68,58,51,54,32,20,8,4,F,2011
E01014848,North Somerset 013B,633,23,26,35,49,31,18,23,28,56,60,39,53,49,55,34,26,18,7,3,F,2011
E01014853,North Somerset 013C,867,39,61,47,44,35,32,33,53,72,64,58,47,58,49,46,42,43,32,12,F,2011
E01014854,North Somerset 013D,712,26,30,54,58,24,26,19,44,55,45,54,45,59,64,36,30,24,14,5,F,2011
E01014764,North Somerset 014A,868,38,48,47,44,77,27,33,50,59,69,52,53,76,64,41,45,23,11,11,F,2011
E01014765,North Somerset 014B,1031,70,53,68,50,66,30,37,57,70,70,61,65,91,73,52,41,35,27,15,F,2011
E01014773,North Somerset 014C,848,56,64,54,58,32,48,50,64,92,86,63,48,47,32,19,19,7,8,1,F,2011
E01014774,North Somerset 014D,882,26,35,41,47,47,29,42,34,62,80,50,77,92,69,49,43,26,26,7,F,2011
E01014821,North Somerset 015A,657,56,43,43,39,43,67,56,51,45,51,33,33,29,21,9,11,11,14,2,F,2011
E01014822,North Somerset 015B,761,54,43,52,58,32,28,49,55,88,68,59,52,46,19,21,19,11,5,2,F,2011
E01014823,North Somerset 015C,642,33,33,36,45,32,22,51,42,56,51,52,49,38,18,16,23,24,12,9,F,2011
E01014824,North Somerset 015D,759,31,40,36,37,40,43,36,38,57,54,64,66,70,45,28,31,22,14,7,F,2011
E01014825,North Somerset 015E,619,25,36,46,38,31,12,33,39,54,36,54,33,58,41,31,20,19,9,4,F,2011
E01014826,North Somerset 015F,832,59,66,60,55,64,54,67,58,83,60,53,52,26,25,19,11,8,11,1,F,2011
E01014827,North Somerset 015G,670,43,43,50,45,35,51,45,50,43,45,42,46,40,35,18,12,14,10,3,F,2011
E01014817,North Somerset 016A,787,36,37,49,25,21,32,43,46,42,52,49,45,74,79,57,39,30,21,10,F,2011
E01014820,North Somerset 016B,744,24,26,34,22,28,22,29,31,41,31,43,50,57,60,64,68,62,33,19,F,2011
E01014835,North Somerset 016C,759,41,38,40,46,25,33,42,50,60,46,38,51,43,45,42,40,38,26,15,F,2011
E01014836,North Somerset 016D,778,42,36,43,39,45,32,32,41,53,52,55,42,69,48,38,29,40,31,11,F,2011
E01014838,North Somerset 016E,736,39,39,49,52,28,28,31,41,47,59,56,42,55,58,33,31,21,16,11,F,2011
E01014840,North Somerset 016F,738,42,39,50,44,21,43,43,33,39,56,53,49,56,49,39,33,22,16,11,F,2011
E01014812,North Somerset 017A,727,32,32,31,31,28,38,35,34,45,39,48,42,65,53,63,48,35,20,8,F,2011
E01014813,North Somerset 017B,870,45,59,54,38,38,40,38,58,77,63,57,41,62,57,56,34,25,21,7,F,2011
E01014815,North Somerset 017C,664,38,34,44,51,25,28,36,52,61,46,36,47,45,30,37,20,18,7,9,F,2011
E01014816,North Somerset 017D,752,35,31,28,38,29,28,20,47,48,50,44,46,71,64,45,45,40,26,17,F,2011
E01014818,North Somerset 017E,872,23,43,48,46,29,30,28,39,67,58,63,77,78,69,51,43,36,29,15,F,2011
E01014819,North Somerset 017F,800,39,25,26,30,23,28,35,32,40,50,60,57,98,79,58,40,43,25,12,F,2011
E01014841,North Somerset 018A,783,24,10,18,22,54,70,51,34,47,55,54,45,64,63,43,39,36,33,21,F,2011
E01014842,North Somerset 018B,739,39,12,17,23,51,54,48,48,40,41,45,49,48,43,42,33,45,28,33,F,2011
E01014843,North Somerset 018C,779,23,23,23,23,45,40,26,26,51,50,54,42,65,52,43,44,50,57,42,F,2011
E01014844,North Somerset 018D,627,22,17,11,24,41,60,41,36,34,28,45,40,39,42,29,26,34,38,20,F,2011
E01014845,North Somerset 018E,643,30,16,27,20,23,27,30,33,28,45,45,40,65,63,36,38,32,30,15,F,2011
E01014846,North Somerset 018F,781,25,31,28,46,38,49,24,30,45,61,54,47,69,47,36,30,35,47,39,F,2011
E01014799,North Somerset 020A,769,41,50,28,45,67,67,44,44,59,65,39,44,45,46,29,17,19,13,7,F,2011
E01014800,North Somerset 020B,724,45,49,40,38,64,51,66,47,62,53,44,38,34,22,21,16,14,14,6,F,2011
E01014801,North Somerset 020C,771,25,16,16,48,52,46,27,34,27,43,41,29,37,45,35,58,84,66,42,F,2011
E01014802,North Somerset 020D,805,36,26,18,50,46,53,58,42,37,51,48,42,67,39,31,36,40,50,35,F,2011
E01014809,North Somerset 020E,859,58,47,59,59,54,55,56,57,72,64,49,36,42,40,44,25,20,17,5,F,2011
E01014811,North Somerset 020F,837,38,33,39,44,48,38,43,41,66,64,48,52,58,47,49,36,40,34,19,F,2011
E01014829,North Somerset 021A,975,79,54,57,83,88,78,69,53,84,65,50,39,38,38,34,20,17,15,14,F,2011
E01014830,North Somerset 021B,793,49,49,51,61,54,55,56,57,67,60,57,43,41,24,28,20,8,10,3,F,2011
E01014831,North Somerset 021C,652,60,45,41,53,58,45,32,45,51,56,34,34,33,18,16,14,4,8,5,F,2011
E01014832,North Somerset 021D,732,55,40,55,54,42,35,45,29,43,58,48,46,32,39,36,29,21,14,11,F,2011
E01014833,North Somerset 021E,776,51,50,60,54,52,46,34,57,63,52,48,39,42,34,28,27,17,17,5,F,2011
E01014804,North Somerset 022A,709,21,23,25,40,31,13,15,24,50,51,35,54,56,54,36,60,44,29,48,F,2011
E01014806,North Somerset 022B,889,33,38,28,34,48,49,37,35,35,51,41,42,38,56,50,54,56,72,92,F,2011
E01014807,North Somerset 022C,814,46,32,36,56,63,55,52,49,64,69,53,48,48,30,32,34,21,18,8,F,2011
E01014808,North Somerset 022D,738,26,40,34,54,42,34,30,45,53,61,59,46,56,42,38,32,15,27,4,F,2011
E01014744,North Somerset 023A,699,18,39,39,25,24,13,19,28,55,60,49,62,86,69,47,24,20,15,7,F,2011
E01014746,North Somerset 023B,730,38,45,51,41,32,26,24,44,65,57,45,40,55,57,36,31,19,17,7,F,2011
E01014769,North Somerset 023C,1209,92,79,66,68,45,64,86,102,95,102,65,58,78,64,48,42,32,15,8,F,2011
E01014770,North Somerset 023D,698,17,31,17,24,13,13,25,34,34,40,40,63,94,81,57,47,33,24,11,F,2011
E01014771,North Somerset 023E,722,24,34,22,38,19,19,27,30,42,44,55,43,77,72,56,55,29,23,13,F,2011
E01014772,North Somerset 023F,697,22,18,30,33,18,16,27,33,46,56,50,55,75,58,41,59,31,24,5,F,2011
E01014741,North Somerset 024A,782,23,37,47,38,23,21,24,40,52,56,48,49,64,54,44,33,34,46,49,F,2011
E01014742,North Somerset 024B,775,23,27,38,82,24,18,18,26,44,51,56,60,65,80,51,40,32,27,13,F,2011
E01014745,North Somerset 024C,815,26,25,37,42,24,11,27,32,57,45,58,58,73,53,46,49,61,60,31,F,2011
E01014747,North Somerset 024D,696,37,44,28,33,24,28,24,32,49,59,49,52,65,61,34,34,23,15,5,F,2011
E01014748,North Somerset 024E,569,23,24,31,34,57,20,19,18,40,47,43,46,40,35,35,20,16,14,7,F,2011
E01014749,North Somerset 024F,689,35,38,33,40,40,28,19,40,55,59,58,64,54,47,35,12,14,8,10,F,2011
E01014803,North Somerset 025A,768,23,34,34,38,23,26,22,36,61,49,59,52,53,66,51,45,33,29,34,F,2011
E01014805,North Somerset 025B,740,11,23,16,21,12,14,21,20,36,30,59,56,90,98,73,70,48,25,17,F,2011
E01014828,North Somerset 025C,747,52,66,59,45,37,54,43,49,56,42,35,35,46,46,29,23,19,6,5,F,2011
E01014834,North Somerset 025D,777,48,54,54,45,42,51,43,41,35,61,48,55,40,44,34,33,30,16,3,F,2011
E01014839,North Somerset 026A,828,69,56,44,50,43,55,62,78,68,63,45,45,42,34,25,17,17,11,4,F,2011
E01032666,North Somerset 026B,582,42,19,27,34,30,27,44,43,35,41,45,38,38,43,24,22,16,10,4,F,2011
E01032667,North Somerset 026C,535,49,43,30,22,23,50,44,48,48,43,33,26,21,19,12,11,5,5,3,F,2011
E01032668,North Somerset 026D,763,83,59,46,43,54,84,84,79,62,54,39,27,23,17,6,2,0,0,1,F,2011
E01032672,North Somerset 026E,703,79,40,25,24,55,78,85,64,49,31,30,34,37,34,14,15,6,1,2,F,2011
E01032673,North Somerset 026F,682,45,28,35,23,33,46,34,46,42,36,31,35,53,38,30,31,35,36,25,F,2011
E01014810,North Somerset 027A,681,44,31,28,27,40,73,59,51,48,45,42,35,41,44,24,21,15,8,5,F,2011
E01032669,North Somerset 027B,772,114,59,45,32,78,119,88,79,45,33,26,17,12,16,3,2,4,0,0,F,2011
E01032670,North Somerset 027C,859,99,80,73,52,56,88,87,84,84,50,40,25,13,12,11,3,0,1,1,F,2011
E01032671,North Somerset 027D,724,81,71,61,52,40,83,66,75,61,46,27,17,23,9,6,4,0,2,0,F,2011
E01032679,North Somerset 027E,657,72,43,38,29,44,73,65,51,73,45,21,32,28,21,10,5,4,2,1,F,2011
E06000026,,129371,7528,6375,6595,8350,11627,9170,7742,7667,9102,8891,8133,7186,7645,6268,5196,4506,3533,2355,1502,F,2011
E01015025,Plymouth 001A,833,35,24,28,37,23,27,24,33,50,48,67,57,77,71,66,59,47,30,30,F,2011
E01015097,Plymouth 001B,850,13,24,27,27,20,16,15,27,42,60,58,69,102,108,81,69,56,22,14,F,2011
E01015160,Plymouth 001C,779,29,40,47,40,33,31,37,45,46,56,53,62,57,54,64,33,33,15,4,F,2011
E01015164,Plymouth 001D,1028,98,77,65,59,44,96,91,75,77,60,64,65,51,40,26,20,10,7,3,F,2011
E01015027,Plymouth 002A,830,45,45,56,51,37,31,52,48,67,68,67,69,57,37,37,36,16,7,4,F,2011
E01015159,Plymouth 002B,872,46,54,30,48,38,37,30,38,48,56,67,54,68,51,64,74,41,16,12,F,2011
E01015161,Plymouth 002C,776,43,38,53,46,39,56,36,44,79,36,48,32,58,75,40,30,15,7,1,F,2011
E01015162,Plymouth 002D,755,43,25,42,43,54,49,43,35,54,46,49,54,47,41,38,49,29,9,5,F,2011
E01015166,Plymouth 002E,944,73,54,65,51,67,94,82,48,52,59,66,49,34,45,45,45,12,3,0,F,2011
E01015023,Plymouth 003A,846,51,55,49,61,44,41,51,49,64,67,64,46,55,40,26,31,26,18,8,F,2011
E01015026,Plymouth 003B,807,86,35,32,58,69,71,60,40,53,58,46,37,38,38,27,20,19,16,4,F,2011
E01015028,Plymouth 003C,745,62,46,39,45,58,72,49,39,51,51,47,37,34,27,26,29,15,11,7,F,2011
E01015163,Plymouth 003D,748,44,38,34,32,37,32,28,46,60,50,44,44,48,70,54,33,27,12,15,F,2011
E01015165,Plymouth 003E,866,75,58,63,53,49,67,80,83,72,52,55,35,28,32,25,24,11,3,1,F,2011
E01015024,Plymouth 004A,712,39,21,28,40,49,51,57,43,57,66,60,43,57,34,40,12,9,5,1,F,2011
E01015082,Plymouth 004B,829,57,45,54,46,44,60,49,43,56,70,65,44,58,35,30,31,22,14,6,F,2011
E01015083,Plymouth 004C,752,39,35,38,55,54,38,41,46,38,64,60,50,37,46,24,27,27,18,15,F,2011
E01015084,Plymouth 004D,766,37,47,38,58,32,30,37,45,56,57,60,50,58,45,31,36,27,15,7,F,2011
E01015090,Plymouth 005A,687,40,35,28,29,33,37,45,36,47,46,70,72,63,50,21,13,12,8,2,F,2011
E01015091,Plymouth 005B,780,28,30,37,51,31,25,40,37,46,67,73,93,77,53,30,17,16,19,10,F,2011
E01015092,Plymouth 005C,845,35,29,30,140,171,57,33,39,40,31,44,55,50,29,12,15,9,8,18,F,2011
E01015093,Plymouth 005D,701,27,34,26,30,21,35,44,45,40,37,77,83,66,43,34,25,11,18,5,F,2011
E01015094,Plymouth 005E,759,45,40,38,60,35,44,46,44,48,39,55,62,58,38,26,23,22,20,16,F,2011
E01015085,Plymouth 006A,856,39,58,45,52,31,43,50,39,65,60,48,55,54,59,50,51,25,21,11,F,2011
E01015087,Plymouth 006B,796,54,56,63,76,54,35,50,66,57,62,54,46,32,25,18,20,13,12,3,F,2011
E01015088,Plymouth 006C,866,81,64,81,88,55,73,60,54,62,48,47,27,27,37,13,20,10,11,8,F,2011
E01015147,Plymouth 006D,651,26,32,34,33,33,30,31,42,38,56,45,35,47,42,43,28,25,22,9,F,2011
E01015148,Plymouth 006E,768,53,42,42,47,43,70,59,52,51,54,44,52,45,32,25,26,16,8,7,F,2011
E01015030,Plymouth 007A,810,64,32,47,49,65,60,50,34,43,60,56,52,47,35,29,30,29,21,7,F,2011
E01015070,Plymouth 007B,1272,106,73,62,68,81,115,107,88,101,78,93,66,66,56,29,31,28,16,8,F,2011
E01015081,Plymouth 007C,819,51,47,49,62,40,52,49,46,60,64,46,42,60,42,32,20,28,21,8,F,2011
E01015086,Plymouth 007D,739,42,37,36,42,39,47,36,40,47,50,43,43,50,63,34,35,28,19,8,F,2011
E01015089,Plymouth 007E,870,52,44,30,30,47,73,57,53,54,56,43,47,71,50,43,39,36,26,19,F,2011
E01015029,Plymouth 008A,1002,94,73,81,53,51,79,95,83,82,68,50,35,47,27,27,25,16,12,4,F,2011
E01015064,Plymouth 008B,857,42,40,39,37,34,23,27,30,53,69,65,64,67,47,64,54,60,22,20,F,2011
E01015065,Plymouth 008C,769,59,45,46,32,40,45,37,41,45,50,41,39,50,43,40,48,33,24,11,F,2011
E01015071,Plymouth 008D,793,49,33,27,43,36,51,37,43,68,47,47,56,57,47,42,40,26,32,12,F,2011
E01015076,Plymouth 009A,738,44,42,34,42,45,39,46,65,60,59,54,39,39,38,33,24,23,6,6,F,2011
E01015142,Plymouth 009B,661,25,26,33,39,43,45,31,39,43,63,63,53,48,29,26,25,18,10,2,F,2011
E01015143,Plymouth 009C,680,31,33,41,22,41,47,36,39,37,54,54,41,57,51,38,26,17,10,5,F,2011
E01015144,Plymouth 009D,773,61,59,53,44,54,52,59,57,57,49,53,45,25,35,23,16,16,10,5,F,2011
E01015146,Plymouth 009E,928,68,87,84,70,52,81,94,79,66,55,52,46,32,24,14,10,8,3,3,F,2011
E01015149,Plymouth 009F,738,37,40,50,63,40,37,35,41,51,68,50,40,55,34,34,30,19,8,6,F,2011
E01015150,Plymouth 009G,678,25,19,36,35,38,30,24,40,45,39,56,46,46,45,57,42,27,21,7,F,2011
E01015063,Plymouth 010A,765,57,30,40,42,54,70,48,39,56,53,59,43,38,38,36,34,14,12,2,F,2011
E01015068,Plymouth 010B,824,41,48,71,50,37,41,46,64,63,61,59,52,48,38,37,31,22,12,3,F,2011
E01015069,Plymouth 010C,846,50,44,52,57,48,55,52,61,59,59,51,43,52,37,42,33,26,17,8,F,2011
E01015095,Plymouth 010D,711,31,25,34,36,31,45,33,40,40,48,35,52,87,83,40,21,14,14,2,F,2011
E01015096,Plymouth 010E,772,38,44,46,53,22,32,48,58,46,54,47,62,75,53,31,25,18,14,6,F,2011
E01015074,Plymouth 011A,804,50,45,52,42,52,44,48,50,48,60,44,49,50,51,40,28,21,15,15,F,2011
E01015077,Plymouth 011B,885,48,38,37,48,46,60,48,53,56,57,63,51,62,38,40,38,44,35,23,F,2011
E01015079,Plymouth 011C,755,43,39,34,37,25,35,39,48,61,47,55,59,57,46,29,45,35,11,10,F,2011
E01015102,Plymouth 011D,843,58,46,39,38,45,90,72,63,77,54,56,36,47,33,23,25,21,16,4,F,2011
E01015104,Plymouth 011E,786,40,55,65,48,33,25,33,63,78,71,55,35,51,33,27,34,16,15,9,F,2011
E01015035,Plymouth 012A,791,48,36,31,56,42,45,47,46,75,62,57,49,43,50,36,31,24,7,6,F,2011
E01015037,Plymouth 012B,703,30,31,34,35,33,31,36,45,41,68,60,40,49,38,38,38,29,9,18,F,2011
E01015058,Plymouth 012C,783,60,73,72,61,47,49,52,50,71,48,45,33,33,33,18,20,8,8,2,F,2011
E01015066,Plymouth 012D,767,42,44,42,41,34,38,53,45,65,62,57,48,77,40,35,16,14,8,6,F,2011
E01015067,Plymouth 012E,749,25,23,31,42,29,19,16,35,56,54,66,50,61,80,56,47,25,21,13,F,2011
E01015072,Plymouth 013A,816,46,52,61,76,37,50,51,48,62,58,69,47,37,33,35,28,13,9,4,F,2011
E01015073,Plymouth 013B,743,47,41,39,38,46,45,46,33,50,59,73,42,42,37,41,29,16,12,7,F,2011
E01015078,Plymouth 013C,649,43,48,51,63,20,28,39,51,39,52,29,39,33,21,40,18,11,19,5,F,2011
E01015080,Plymouth 013D,709,67,71,73,51,27,62,58,48,52,60,36,22,24,27,13,11,5,0,2,F,2011
E01015106,Plymouth 013E,627,28,41,27,37,32,40,34,40,51,51,39,49,48,24,25,19,22,16,4,F,2011
E01015039,Plymouth 014A,697,42,37,35,48,86,105,66,34,42,39,35,34,29,25,12,12,8,6,2,F,2011
E01015040,Plymouth 014B,748,50,48,56,51,48,52,42,46,66,77,42,42,39,33,24,17,9,4,2,F,2011
E01015041,Plymouth 014C,704,59,35,26,26,67,86,67,40,53,60,45,31,41,17,16,13,10,7,5,F,2011
E01015075,Plymouth 014D,787,44,43,54,50,43,62,37,45,61,64,48,46,43,31,39,34,23,15,5,F,2011
E01015145,Plymouth 014E,948,138,88,64,61,134,108,79,56,64,52,36,29,14,12,5,4,1,2,1,F,2011
E01015120,Plymouth 015A,806,30,45,58,50,28,26,41,45,76,64,58,57,59,59,34,19,23,22,12,F,2011
E01015121,Plymouth 015B,814,31,42,49,50,27,16,35,34,62,68,29,55,68,67,80,47,31,17,6,F,2011
E01015123,Plymouth 015C,923,37,26,34,42,32,45,34,45,48,60,46,51,63,55,67,60,64,52,62,F,2011
E01015124,Plymouth 015D,827,40,30,35,32,28,32,33,36,71,62,56,59,66,55,57,45,43,32,15,F,2011
E01015125,Plymouth 015E,798,39,45,44,52,31,28,39,46,71,65,48,51,73,68,41,27,16,10,4,F,2011
E01015033,Plymouth 016A,782,31,33,55,50,43,21,23,49,62,67,66,56,66,39,32,42,29,11,7,F,2011
E01015034,Plymouth 016B,725,37,32,55,35,38,20,26,53,54,53,52,41,49,42,27,31,29,23,28,F,2011
E01015036,Plymouth 016C,779,53,43,49,32,22,33,35,50,68,57,54,43,42,44,34,42,34,27,17,F,2011
E01015038,Plymouth 016D,854,36,34,50,55,41,49,47,55,69,102,48,54,60,42,30,39,16,16,11,F,2011
E01015101,Plymouth 016E,855,37,51,41,43,17,29,20,45,69,73,52,44,63,48,37,31,53,50,52,F,2011
E01015098,Plymouth 017A,790,53,48,37,38,58,50,54,69,68,61,52,38,34,29,30,25,17,19,10,F,2011
E01015099,Plymouth 017B,789,46,38,40,36,75,60,70,60,79,59,47,40,35,44,10,19,17,9,5,F,2011
E01015100,Plymouth 017C,731,35,43,40,42,65,77,55,54,66,59,46,33,28,20,24,11,20,9,4,F,2011
E01015103,Plymouth 017D,754,41,46,46,47,30,60,66,54,77,61,48,39,29,41,22,16,12,14,5,F,2011
E01015105,Plymouth 017E,773,48,48,32,41,30,51,51,56,79,66,62,43,44,30,17,23,24,13,15,F,2011
E01015107,Plymouth 018A,793,58,57,53,52,48,58,50,68,77,58,58,42,38,30,22,12,7,4,1,F,2011
E01015110,Plymouth 018B,753,30,43,30,58,46,34,34,38,65,90,76,55,58,34,30,16,15,1,0,F,2011
E01015111,Plymouth 018C,867,76,45,50,47,67,87,75,75,71,70,56,38,40,31,10,16,9,4,0,F,2011
E01015119,Plymouth 018D,864,53,59,56,61,40,52,53,91,73,75,60,44,62,33,28,13,6,2,3,F,2011
E01015112,Plymouth 019A,781,48,49,41,54,33,37,54,51,59,55,56,42,48,32,39,29,17,14,23,F,2011
E01015113,Plymouth 019B,762,38,41,42,35,34,33,39,48,57,51,53,47,64,47,45,50,21,13,4,F,2011
E01015114,Plymouth 019C,764,37,35,35,52,39,34,40,44,71,52,50,48,55,43,38,29,26,20,16,F,2011
E01015118,Plymouth 019D,849,52,43,51,49,24,28,50,73,74,64,49,47,61,52,41,33,29,15,14,F,2011
E01015122,Plymouth 019E,827,45,40,46,53,31,25,39,55,67,60,42,46,57,40,51,43,43,28,16,F,2011
E01015042,Plymouth 020A,739,56,41,46,44,59,70,67,59,54,62,44,22,32,19,21,25,9,8,1,F,2011
E01015044,Plymouth 020B,686,39,23,20,37,75,57,50,56,51,57,51,46,28,36,20,17,14,6,3,F,2011
E01015167,Plymouth 020C,745,58,31,27,44,53,67,63,57,74,67,58,34,26,23,22,21,12,6,2,F,2011
E01015168,Plymouth 020D,885,71,48,24,72,77,86,63,63,69,62,61,54,51,26,24,15,11,7,1,F,2011
E01015171,Plymouth 020E,839,48,18,32,37,78,94,57,48,56,57,57,45,48,41,23,24,26,29,21,F,2011
E01015055,Plymouth 021A,738,38,39,55,58,41,42,48,48,52,54,48,59,44,36,26,19,16,9,6,F,2011
E01015056,Plymouth 021B,810,49,28,25,36,53,67,50,39,40,67,54,71,43,52,32,32,29,30,13,F,2011
E01015057,Plymouth 021C,805,61,45,44,72,54,71,56,55,59,62,48,32,36,16,27,18,20,22,7,F,2011
E01015059,Plymouth 021D,766,42,44,63,52,35,64,61,73,61,63,44,40,30,28,22,18,15,7,4,F,2011
E01015060,Plymouth 021E,812,50,56,53,64,47,63,52,57,59,46,52,39,51,42,30,22,11,11,7,F,2011
E01015176,Plymouth 021F,744,33,36,43,41,54,52,45,40,54,56,48,46,50,31,39,29,19,17,11,F,2011
E01015108,Plymouth 022A,994,82,72,67,43,55,88,85,72,71,61,53,46,62,31,39,29,19,11,8,F,2011
E01015109,Plymouth 022B,743,36,31,42,48,54,48,36,53,56,77,76,45,49,34,21,11,13,8,5,F,2011
E01015115,Plymouth 022C,799,29,31,25,42,25,35,29,35,56,47,48,34,56,48,43,56,63,61,36,F,2011
E01015116,Plymouth 022D,760,45,39,40,30,37,40,45,40,72,54,61,36,66,50,38,29,23,7,8,F,2011
E01015117,Plymouth 022E,734,29,30,43,41,46,38,37,45,61,67,57,65,68,38,28,21,8,7,5,F,2011
E01015031,Plymouth 023A,775,34,23,32,31,151,102,56,36,37,42,26,31,33,17,21,21,29,22,31,F,2011
E01015032,Plymouth 023B,835,27,9,28,92,306,100,55,28,27,32,27,16,12,11,12,17,12,15,9,F,2011
E01015049,Plymouth 023C,719,17,18,12,40,278,74,48,37,29,22,28,28,20,18,18,13,9,6,4,F,2011
E01015050,Plymouth 023D,812,25,12,7,57,387,99,36,26,28,14,26,13,13,9,10,12,10,14,14,F,2011
E01015051,Plymouth 023E,913,17,14,19,158,421,49,31,22,25,23,15,23,24,21,11,15,9,7,9,F,2011
E01015169,Plymouth 024A,918,33,26,41,90,164,82,36,38,44,54,59,45,51,25,22,28,29,25,26,F,2011
E01015170,Plymouth 024B,823,52,41,30,47,65,78,40,51,51,54,64,51,43,33,30,27,26,23,17,F,2011
E01015173,Plymouth 024C,858,53,41,41,44,75,92,48,48,76,56,45,45,48,45,30,26,19,13,13,F,2011
E01015174,Plymouth 024D,845,40,52,47,45,46,61,51,65,72,66,64,43,43,43,33,29,23,16,6,F,2011
E01015061,Plymouth 025A,746,53,29,36,45,145,78,56,49,48,33,31,37,23,22,14,16,18,6,7,F,2011
E01015062,Plymouth 025B,997,41,25,20,163,337,104,59,33,40,28,27,23,14,19,21,12,10,13,8,F,2011
E01015175,Plymouth 025C,806,48,33,31,51,126,86,59,59,55,40,43,27,43,20,23,19,14,14,15,F,2011
E01015177,Plymouth 025D,842,54,46,30,48,116,86,69,58,60,51,42,49,40,25,29,14,12,9,4,F,2011
E01015178,Plymouth 025E,948,41,20,33,57,266,130,68,57,47,42,41,32,26,29,16,11,20,6,6,F,2011
E01015043,Plymouth 026A,719,67,47,35,59,91,62,39,46,65,52,40,27,25,20,20,11,8,5,0,F,2011
E01015045,Plymouth 026B,722,63,50,31,32,86,105,54,31,47,32,40,41,30,19,20,15,12,7,7,F,2011
E01015046,Plymouth 026C,955,103,65,56,64,90,84,49,67,53,63,49,32,46,31,36,34,15,11,7,F,2011
E01015047,Plymouth 026D,783,81,53,44,61,58,66,51,63,54,56,48,40,42,20,18,15,9,4,0,F,2011
E01015048,Plymouth 026E,534,56,33,23,40,58,63,45,27,42,25,39,21,21,16,12,5,3,4,1,F,2011
E01015053,Plymouth 027A,669,28,13,12,84,259,62,40,20,26,25,29,19,11,11,7,8,7,3,5,F,2011
E01015054,Plymouth 027B,1084,12,7,8,314,498,59,34,13,24,17,13,18,16,8,8,6,12,10,7,F,2011
E01015152,Plymouth 027C,842,82,32,28,55,117,91,55,39,56,53,47,36,27,39,21,24,21,16,3,F,2011
E01015156,Plymouth 027E,636,17,10,14,68,107,76,33,19,39,39,24,29,40,35,26,27,13,15,5,F,2011
E01032657,Plymouth 027F,760,19,14,19,114,193,85,26,31,22,32,24,30,33,27,27,21,21,13,9,F,2011
E01032658,Plymouth 027G,622,26,18,17,26,98,80,39,22,37,33,30,25,39,29,18,27,21,26,11,F,2011
E01015052,Plymouth 028A,950,30,24,21,53,412,95,50,39,34,32,28,27,25,15,9,11,20,11,14,F,2011
E01015179,Plymouth 028B,813,46,27,25,58,222,86,53,49,32,42,36,27,24,29,8,14,19,3,13,F,2011
E01015180,Plymouth 028C,828,61,35,34,45,79,92,69,54,60,55,42,42,31,35,26,19,25,14,10,F,2011
E01015181,Plymouth 028D,957,50,41,54,57,153,128,90,49,46,60,39,56,40,35,27,15,5,10,2,F,2011
E01015182,Plymouth 028E,909,55,50,50,53,69,90,80,62,67,54,57,58,33,35,33,18,24,14,7,F,2011
E01015151,Plymouth 029A,874,49,32,30,47,203,99,63,42,46,50,47,44,37,19,14,23,17,11,1,F,2011
E01015153,Plymouth 029B,838,73,33,47,49,90,72,69,47,66,44,46,35,36,31,28,26,24,12,10,F,2011
E01015155,Plymouth 029C,801,75,42,42,65,86,67,53,44,60,64,44,33,30,22,21,17,19,13,4,F,2011
E01015157,Plymouth 029D,907,45,22,24,37,108,121,72,55,70,51,70,60,48,38,29,23,18,12,4,F,2011
E01015158,Plymouth 029E,993,33,22,12,26,106,144,81,39,45,46,56,64,59,59,57,50,51,31,12,F,2011
E01015172,Plymouth 029F,868,72,37,34,58,98,95,61,57,78,60,47,28,45,32,22,22,12,8,2,F,2011
E01015126,Plymouth 030A,782,30,31,39,30,20,20,27,34,39,52,47,35,71,60,52,80,59,34,22,F,2011
E01015127,Plymouth 030B,778,17,29,38,58,34,30,27,47,60,75,39,49,70,51,44,39,23,26,22,F,2011
E01015131,Plymouth 030C,766,18,26,37,34,19,13,21,30,48,59,58,50,91,68,62,53,39,19,21,F,2011
E01015132,Plymouth 030D,795,39,37,30,47,26,24,35,39,65,54,56,46,51,51,72,46,39,28,10,F,2011
E01015133,Plymouth 030E,808,22,37,41,47,26,13,25,30,67,63,62,50,73,66,71,50,44,12,9,F,2011
E01015135,Plymouth 031A,782,39,30,63,49,32,32,33,52,67,58,46,61,59,47,31,28,25,21,9,F,2011
E01015136,Plymouth 031B,808,51,45,42,55,41,31,34,42,63,57,61,38,50,39,44,42,42,14,17,F,2011
E01015137,Plymouth 031C,810,40,54,51,41,25,37,43,50,75,66,60,59,60,47,29,22,20,16,15,F,2011
E01015138,Plymouth 031D,737,33,30,35,34,24,18,24,48,52,67,51,56,85,65,55,26,19,10,5,F,2011
E01015139,Plymouth 031E,755,37,33,45,29,41,35,33,37,59,52,44,51,56,46,44,37,34,23,19,F,2011
E01015141,Plymouth 031F,939,51,57,48,47,36,17,32,68,72,75,64,60,74,71,57,52,36,15,7,F,2011
E01015128,Plymouth 032A,863,37,33,33,54,53,36,35,31,45,66,65,44,67,72,61,57,39,25,10,F,2011
E01015129,Plymouth 032B,766,60,38,42,26,48,71,68,48,66,60,51,57,40,30,21,19,11,6,4,F,2011
E01015130,Plymouth 032C,840,62,52,66,59,35,51,58,65,79,61,69,49,44,36,19,20,11,3,1,F,2011
E01015134,Plymouth 032D,814,42,45,43,37,37,38,41,54,59,56,50,43,45,30,42,42,51,31,28,F,2011
E01015140,Plymouth 032E,782,57,38,31,29,34,53,51,36,40,34,29,42,56,57,55,56,54,19,11,F,2011
E06000029,,75630,4088,3724,3949,4220,3969,4401,4386,4585,5271,5623,4851,4484,5037,4199,3405,3256,2872,2038,1272,F,2011
E01015431,Poole 001A,745,21,27,81,159,24,20,22,24,37,42,48,59,72,43,26,11,18,7,4,F,2011
E01015432,Poole 001B,866,34,46,55,38,29,38,30,47,57,57,65,48,73,79,50,45,32,27,16,F,2011
E01015433,Poole 001C,745,19,36,43,30,35,8,18,32,53,64,54,70,81,66,46,33,28,21,8,F,2011
E01015434,Poole 001D,857,19,40,42,53,31,19,25,43,40,59,73,61,69,81,52,36,60,27,27,F,2011
E01015379,Poole 002A,772,48,40,57,64,36,41,52,44,63,52,39,36,32,29,29,17,30,37,26,F,2011
E01015435,Poole 002B,767,53,41,37,37,45,78,71,63,68,76,56,46,34,20,18,10,5,7,2,F,2011
E01015436,Poole 002C,673,34,30,35,36,37,39,30,26,55,64,48,46,50,39,32,24,30,12,6,F,2011
E01015437,Poole 002D,645,19,32,29,48,30,20,32,41,41,55,50,57,60,50,23,24,20,9,5,F,2011
E01015395,Poole 003A,704,18,23,40,45,19,20,19,25,39,64,47,53,48,38,53,47,50,35,21,F,2011
E01015396,Poole 003B,812,23,28,49,49,26,12,29,26,58,60,59,61,70,53,53,64,32,30,30,F,2011
E01015397,Poole 003C,765,34,50,68,69,25,14,32,46,67,100,60,58,38,28,25,19,17,12,3,F,2011
E01015398,Poole 003D,705,30,45,63,40,25,20,19,42,56,62,56,57,62,47,28,24,16,7,6,F,2011
E01015399,Poole 003E,803,16,37,48,48,25,19,12,25,42,62,58,65,66,38,59,52,52,49,30,F,2011
E01015400,Poole 003F,780,28,46,34,45,19,19,20,38,59,72,47,56,61,63,43,55,40,23,12,F,2011
E01015401,Poole 003G,799,27,41,52,44,20,20,17,32,53,57,67,35,78,62,43,53,51,33,14,F,2011
E01015412,Poole 004A,645,26,32,29,41,30,17,23,41,49,70,64,59,69,38,18,22,11,3,3,F,2011
E01015413,Poole 004B,755,39,54,46,37,38,46,61,45,53,73,53,50,50,26,31,18,12,16,7,F,2011
E01015414,Poole 004C,764,54,39,33,36,55,49,30,39,45,69,65,58,59,36,24,29,25,13,6,F,2011
E01015415,Poole 004D,638,39,54,41,36,54,40,51,49,54,51,53,47,20,15,10,7,10,3,4,F,2011
E01015416,Poole 004E,695,43,44,41,44,34,34,36,53,53,70,37,37,43,30,31,32,14,13,6,F,2011
E01015407,Poole 005A,775,25,37,57,41,39,35,37,43,52,65,57,48,57,52,44,42,24,16,4,F,2011
E01015408,Poole 005B,727,51,44,42,51,31,23,52,44,54,45,44,31,44,50,35,24,25,23,14,F,2011
E01015409,Poole 005C,774,64,39,55,62,49,75,66,60,54,78,43,29,28,27,10,13,15,7,0,F,2011
E01015410,Poole 005D,771,60,43,41,45,69,72,56,70,59,66,54,33,49,23,15,11,3,1,1,F,2011
E01015411,Poole 005E,713,36,44,50,49,55,35,43,45,57,64,48,50,38,38,18,20,10,9,4,F,2011
E01015417,Poole 006A,740,46,35,37,44,36,41,40,41,54,46,54,49,63,41,28,35,26,16,8,F,2011
E01015418,Poole 006B,770,45,40,27,38,44,43,52,57,69,50,64,47,39,50,37,31,13,19,5,F,2011
E01015419,Poole 006C,918,67,57,34,32,45,51,59,48,77,59,58,54,72,58,53,40,33,15,6,F,2011
E01015420,Poole 006D,822,47,55,44,52,24,43,57,51,60,52,59,45,45,51,30,50,36,17,4,F,2011
E01015421,Poole 006E,761,39,25,36,35,31,21,31,30,44,50,55,41,57,40,56,58,68,26,18,F,2011
E01015422,Poole 006F,743,52,33,35,43,49,60,58,55,72,70,65,51,35,28,13,13,7,3,1,F,2011
E01015380,Poole 007A,879,30,30,34,45,36,44,30,41,52,62,55,65,85,80,68,40,46,29,7,F,2011
E01015381,Poole 007B,818,43,50,40,50,47,61,52,49,58,56,41,52,57,48,35,16,30,27,6,F,2011
E01015382,Poole 007C,966,88,71,51,58,65,102,86,102,67,57,57,41,41,20,20,20,12,7,1,F,2011
E01015383,Poole 007D,726,19,19,22,15,42,26,19,34,49,40,51,79,62,67,64,48,40,20,10,F,2011
E01015384,Poole 007E,802,60,72,80,75,56,47,65,48,80,56,41,30,26,21,16,8,10,7,4,F,2011
E01015385,Poole 007F,892,53,36,56,54,56,43,40,47,68,53,53,47,70,52,42,43,44,18,17,F,2011
E01015438,Poole 008A,787,47,39,38,45,48,50,47,49,69,66,57,44,53,39,26,30,15,12,13,F,2011
E01015439,Poole 008B,842,45,49,45,60,46,62,64,64,74,68,52,39,44,27,36,21,20,15,11,F,2011
E01015441,Poole 008C,945,68,39,44,69,43,75,72,69,72,71,57,45,43,43,37,36,28,24,10,F,2011
E01015442,Poole 008D,1003,69,60,60,56,57,68,60,69,79,69,54,45,50,46,46,37,32,27,19,F,2011
E01015443,Poole 008E,915,64,49,48,47,67,64,49,48,54,77,55,52,61,54,38,37,27,16,8,F,2011
E01015444,Poole 008F,836,51,44,46,59,48,61,63,70,63,62,52,36,48,43,30,36,14,9,1,F,2011
E01015386,Poole 009A,820,49,27,36,40,68,86,71,46,45,60,38,37,34,37,31,35,26,30,24,F,2011
E01015387,Poole 009B,771,35,30,35,23,53,58,42,50,42,53,58,57,49,56,51,31,28,17,3,F,2011
E01015388,Poole 009C,809,28,45,37,109,150,41,32,36,34,60,55,33,40,33,23,24,18,6,5,F,2011
E01015389,Poole 009D,728,46,30,33,29,48,46,60,52,41,49,43,48,49,44,26,33,23,15,13,F,2011
E01015390,Poole 010A,850,84,33,38,39,76,63,75,64,54,65,55,35,39,50,21,18,20,12,9,F,2011
E01015391,Poole 010B,731,41,28,42,40,37,45,42,50,56,51,52,48,62,45,32,31,15,11,3,F,2011
E01015392,Poole 010C,740,46,28,33,30,40,65,58,45,58,50,53,40,43,31,29,35,35,15,6,F,2011
E01015393,Poole 010D,625,33,38,36,25,32,67,61,51,49,50,37,44,30,26,19,18,4,4,1,F,2011
E01015394,Poole 010E,821,56,32,51,52,56,59,63,49,79,66,54,39,40,42,25,24,16,14,4,F,2011
E01015440,Poole 011A,1009,61,58,48,60,48,70,68,71,85,73,65,61,51,44,40,57,21,17,11,F,2011
E01015447,Poole 011B,850,32,35,49,47,30,21,31,53,58,65,65,63,58,54,45,43,47,26,28,F,2011
E01015449,Poole 011C,913,60,45,63,64,64,61,45,51,83,77,57,47,48,33,34,28,24,16,13,F,2011
E01015456,Poole 011D,947,45,45,43,54,56,57,49,62,72,68,52,57,47,44,51,37,52,29,27,F,2011
E01015457,Poole 011E,837,38,25,35,27,39,51,56,41,55,45,45,51,68,68,47,41,49,35,21,F,2011
E01015445,Poole 012A,1003,42,58,73,60,47,32,56,56,68,88,66,65,86,54,42,42,31,29,8,F,2011
E01015446,Poole 012B,791,24,40,42,56,34,38,36,55,65,56,58,39,61,47,43,32,28,19,18,F,2011
E01015448,Poole 012C,780,41,43,48,56,25,47,51,44,45,59,64,51,51,41,34,35,30,9,6,F,2011
E01015450,Poole 012D,867,36,42,58,70,42,44,34,62,70,74,64,61,48,41,32,41,22,17,9,F,2011
E01015451,Poole 012E,759,31,46,40,42,18,23,31,39,46,58,54,54,68,48,42,44,27,28,20,F,2011
E01015458,Poole 013A,780,39,41,30,36,20,12,30,44,53,52,46,54,68,66,45,54,42,24,24,F,2011
E01015460,Poole 013B,895,79,46,49,51,48,66,75,87,65,69,50,36,34,24,28,24,29,22,13,F,2011
E01015461,Poole 013C,785,51,47,55,50,42,46,66,63,74,64,39,36,46,16,22,18,15,19,16,F,2011
E01015462,Poole 013D,766,63,51,46,29,31,59,57,76,70,63,52,48,37,29,10,16,13,9,7,F,2011
E01015463,Poole 013E,766,36,39,42,40,20,57,51,55,57,64,50,51,49,32,29,36,26,22,10,F,2011
E01015464,Poole 013F,831,36,52,51,35,20,26,35,54,76,74,61,55,69,47,37,25,37,24,17,F,2011
E01015427,Poole 014A,821,88,55,48,48,61,78,74,68,63,57,50,30,42,31,15,9,3,1,0,F,2011
E01015428,Poole 014B,1090,55,61,52,48,38,47,67,66,70,87,66,61,92,83,66,46,47,27,11,F,2011
E01015429,Poole 014C,886,66,54,64,59,50,61,56,55,57,68,44,48,52,40,30,38,26,14,4,F,2011
E01015430,Poole 014D,789,69,59,63,62,42,59,46,56,60,60,47,44,39,30,27,16,7,2,1,F,2011
E01015465,Poole 015A,897,53,39,51,44,60,65,76,55,61,73,61,55,69,34,27,26,25,14,9,F,2011
E01015466,Poole 015B,904,51,39,30,36,70,49,43,56,51,67,49,35,52,49,47,62,54,29,35,F,2011
E01015468,Poole 015D,1122,65,37,38,41,65,110,91,54,57,54,40,43,41,42,45,63,88,72,76,F,2011
E01032659,Poole 015F,559,30,12,12,36,51,69,37,32,29,42,31,32,35,28,19,24,19,15,6,F,2011
E01032660,Poole 015G,863,67,39,23,73,135,138,73,46,49,50,32,26,32,30,21,11,10,6,2,F,2011
E01032661,Poole 015H,650,34,25,28,21,29,49,49,36,34,50,40,43,51,50,36,32,20,16,7,F,2011
E01032662,Poole 015I,588,40,15,18,25,37,43,31,35,25,23,48,35,40,36,33,38,31,23,12,F,2011
E01015423,Poole 016A,975,51,38,43,40,62,86,81,52,62,66,63,67,64,50,34,43,33,23,17,F,2011
E01015424,Poole 016B,695,32,29,32,39,37,48,33,38,44,60,59,54,53,42,29,25,20,12,9,F,2011
E01015425,Poole 016C,675,30,27,35,45,33,29,33,25,50,49,68,39,59,44,28,30,23,24,4,F,2011
E01015426,Poole 016D,713,31,35,46,40,44,32,35,46,66,43,49,43,47,45,24,22,27,23,15,F,2011
E01015452,Poole 017A,936,34,56,53,39,17,15,35,66,63,70,61,47,54,60,59,72,63,46,26,F,2011
E01015453,Poole 017B,950,66,38,29,21,52,86,81,92,66,59,37,54,63,46,28,42,40,34,16,F,2011
E01015454,Poole 017C,913,48,52,44,35,49,71,76,80,64,69,42,33,51,42,31,40,38,25,23,F,2011
E01015455,Poole 017D,969,54,45,35,35,23,27,42,53,63,75,54,60,73,68,77,69,57,41,18,F,2011
E01015459,Poole 017E,897,43,43,35,37,23,23,24,46,51,61,52,56,87,66,60,66,49,42,33,F,2011
E01015402,Poole 018A,856,36,36,21,21,34,56,50,45,51,47,41,51,61,53,42,52,52,59,48,F,2011
E01015403,Poole 018B,967,18,4,5,2,21,42,37,19,23,24,27,33,70,87,87,109,144,137,78,F,2011
E01015404,Poole 018C,841,30,24,23,27,15,18,39,24,34,44,36,52,85,73,72,73,84,56,32,F,2011
E01015405,Poole 018D,908,37,26,38,26,27,37,31,32,60,54,55,64,76,67,71,50,56,53,48,F,2011
E01015406,Poole 018E,832,35,37,25,32,30,48,44,37,39,57,41,57,72,72,68,45,47,28,18,F,2011
E06000025,,132718,7878,7229,7611,8471,7464,7645,8033,8651,10403,10737,8592,7566,7973,6963,5528,4799,3510,2284,1381,F,2011
E01014985,South Gloucestershire 001A,696,21,20,37,50,30,27,27,36,49,62,57,63,74,55,33,21,18,8,8,F,2011
E01014986,South Gloucestershire 001B,851,44,41,56,47,55,26,38,45,70,59,56,42,49,56,32,47,42,29,17,F,2011
E01014987,South Gloucestershire 001C,644,28,34,32,46,22,23,27,40,49,45,37,37,55,51,38,29,21,14,16,F,2011
E01014988,South Gloucestershire 001D,718,27,30,34,60,37,17,22,50,52,55,43,44,54,55,46,30,26,21,15,F,2011
E01014989,South Gloucestershire 001E,736,13,23,19,67,75,59,46,59,54,64,44,52,54,38,26,17,16,7,3,F,2011
E01014990,South Gloucestershire 002A,755,27,39,30,48,36,19,29,29,46,65,46,63,52,65,48,58,31,16,8,F,2011
E01014991,South Gloucestershire 002B,1112,62,68,57,56,55,75,70,71,76,77,59,59,68,50,48,51,39,45,26,F,2011
E01014992,South Gloucestershire 002C,718,35,23,49,60,33,21,33,41,61,71,43,58,70,50,33,16,8,8,5,F,2011
E01014993,South Gloucestershire 002D,706,32,36,43,45,31,22,19,45,63,80,56,39,63,44,38,22,11,13,4,F,2011
E01014884,South Gloucestershire 003A,761,47,53,50,44,31,32,48,40,77,83,54,40,53,34,22,22,13,13,5,F,2011
E01014885,South Gloucestershire 003B,936,40,55,78,62,26,28,54,48,98,103,66,53,82,62,36,21,13,8,3,F,2011
E01014929,South Gloucestershire 003C,1010,52,76,54,69,36,39,38,55,78,99,80,77,66,65,58,31,22,9,6,F,2011
E01014930,South Gloucestershire 003D,1039,45,67,92,100,41,21,43,61,93,119,86,57,59,39,28,21,32,16,19,F,2011
E01014863,South Gloucestershire 004A,757,21,28,39,47,24,18,38,26,56,48,43,46,60,68,54,66,40,18,17,F,2011
E01014864,South Gloucestershire 004B,721,18,22,31,42,35,17,11,30,39,71,51,53,80,67,60,50,28,11,5,F,2011
E01014962,South Gloucestershire 004C,896,37,44,56,41,45,33,29,33,75,69,77,62,72,73,51,36,22,18,23,F,2011
E01014963,South Gloucestershire 004D,958,46,48,54,74,25,24,37,48,84,90,70,63,76,77,47,35,28,24,8,F,2011
E01014861,South Gloucestershire 005A,936,66,51,43,50,39,39,51,58,65,80,66,73,70,61,44,40,31,5,4,F,2011
E01014862,South Gloucestershire 005B,1471,119,93,103,82,63,71,87,83,116,107,99,93,73,89,67,48,42,20,16,F,2011
E01014953,South Gloucestershire 005C,1059,69,78,88,55,38,50,63,73,82,100,81,54,65,55,42,36,16,10,4,F,2011
E01014954,South Gloucestershire 005D,747,57,29,30,28,37,59,53,52,52,47,50,63,51,40,35,28,12,15,9,F,2011
E01015014,South Gloucestershire 006A,712,33,43,51,52,35,16,20,65,73,75,73,54,43,30,23,8,13,5,0,F,2011
E01015015,South Gloucestershire 006B,739,27,40,45,53,64,51,41,57,67,69,52,41,32,17,16,12,12,25,18,F,2011
E01015016,South Gloucestershire 006C,613,25,27,39,51,24,13,21,34,46,57,52,44,63,45,34,19,8,7,4,F,2011
E01015017,South Gloucestershire 006D,757,33,37,49,51,27,22,32,45,58,62,40,56,66,40,43,28,27,22,19,F,2011
E01015018,South Gloucestershire 006E,794,34,47,56,52,42,22,32,47,76,65,47,50,52,47,39,30,23,21,12,F,2011
E01015019,South Gloucestershire 007A,955,73,50,59,79,60,92,57,45,86,92,55,39,47,39,24,30,16,7,5,F,2011
E01015020,South Gloucestershire 007B,793,53,53,60,52,60,53,58,51,66,57,35,39,35,36,31,31,12,10,1,F,2011
E01015021,South Gloucestershire 007C,765,38,33,37,61,42,38,40,45,65,68,60,51,57,45,33,24,16,9,3,F,2011
E01015022,South Gloucestershire 007D,777,52,46,33,57,44,75,58,50,62,55,57,56,46,31,23,14,8,6,4,F,2011
E01014886,South Gloucestershire 008A,942,41,49,45,51,38,36,40,46,59,69,61,47,65,53,64,56,51,49,22,F,2011
E01014887,South Gloucestershire 008B,718,21,39,44,31,17,20,28,46,57,68,62,63,69,59,37,30,16,10,1,F,2011
E01014888,South Gloucestershire 008C,744,18,37,34,42,16,17,36,35,57,59,28,43,59,80,46,44,41,33,19,F,2011
E01014889,South Gloucestershire 008D,798,56,47,50,57,24,30,49,43,59,51,49,55,75,76,29,26,15,3,4,F,2011
E01014872,South Gloucestershire 009A,799,68,59,41,49,79,124,86,65,73,54,33,23,22,14,5,2,2,0,0,F,2011
E01014874,South Gloucestershire 009B,744,45,56,62,54,40,66,68,61,93,55,41,33,34,12,14,5,3,1,1,F,2011
E01014876,South Gloucestershire 009C,867,93,65,47,37,65,113,116,98,77,50,45,18,21,10,6,4,1,1,0,F,2011
E01014877,South Gloucestershire 009D,785,61,64,56,52,32,66,66,81,80,89,45,27,25,23,5,8,2,3,0,F,2011
E01014879,South Gloucestershire 009E,835,48,50,47,36,48,56,54,51,82,80,58,49,55,36,30,31,10,11,3,F,2011
E01014881,South Gloucestershire 009F,1010,83,78,80,77,60,83,113,111,113,96,43,29,18,10,6,7,3,0,0,F,2011
E01015009,South Gloucestershire 010A,710,28,34,45,34,27,26,29,44,59,52,31,39,47,64,52,38,30,21,10,F,2011
E01015010,South Gloucestershire 010B,658,48,31,26,51,37,46,54,45,44,46,47,23,56,55,25,16,7,1,0,F,2011
E01015011,South Gloucestershire 010C,778,30,34,47,45,39,32,38,40,64,55,53,66,64,45,35,26,24,23,18,F,2011
E01015012,South Gloucestershire 010D,640,24,28,44,23,27,19,27,33,29,52,53,51,52,54,58,25,19,14,8,F,2011
E01015013,South Gloucestershire 010E,662,49,42,56,36,35,44,58,55,58,52,43,34,33,27,20,10,4,4,2,F,2011
E01014946,South Gloucestershire 011A,789,57,46,35,50,51,67,55,47,56,69,46,34,47,44,34,23,19,5,4,F,2011
E01014947,South Gloucestershire 011B,718,17,22,32,36,27,28,23,20,56,47,46,52,60,66,66,53,36,20,11,F,2011
E01014948,South Gloucestershire 011C,876,74,42,46,46,70,69,53,65,51,52,41,38,55,54,35,31,22,19,13,F,2011
E01014949,South Gloucestershire 011D,700,50,42,47,47,41,56,65,36,55,62,51,44,30,39,16,11,6,1,1,F,2011
E01014950,South Gloucestershire 011E,702,45,36,35,41,48,75,59,46,41,59,50,45,27,21,19,22,13,14,6,F,2011
E01014951,South Gloucestershire 011F,690,60,42,34,43,45,64,55,37,55,53,45,45,40,26,19,9,14,3,1,F,2011
E01014952,South Gloucestershire 011G,808,34,29,48,43,50,41,40,35,52,70,73,56,65,47,40,39,23,15,8,F,2011
E01014873,South Gloucestershire 012A,759,47,53,56,59,47,43,37,57,74,81,71,43,36,28,9,11,6,1,0,F,2011
E01014875,South Gloucestershire 012B,886,97,51,44,32,68,148,123,84,69,48,33,25,21,18,13,6,4,1,1,F,2011
E01014878,South Gloucestershire 012C,1054,88,93,54,55,60,98,108,114,121,85,54,44,25,18,14,15,7,0,1,F,2011
E01014880,South Gloucestershire 012D,929,93,71,69,41,48,87,103,104,107,77,42,32,19,13,10,3,7,2,1,F,2011
E01014882,South Gloucestershire 012E,1078,110,66,63,83,88,113,128,91,102,77,48,32,25,18,15,9,8,1,1,F,2011
E01014883,South Gloucestershire 012F,616,61,26,24,31,34,45,62,48,59,63,30,24,27,27,27,12,12,4,0,F,2011
E01014911,South Gloucestershire 013A,711,32,34,44,35,11,22,21,36,45,60,54,43,67,63,46,39,28,19,12,F,2011
E01014912,South Gloucestershire 013B,915,53,49,51,62,31,32,38,65,73,94,71,45,58,60,50,38,28,14,3,F,2011
E01014913,South Gloucestershire 013C,804,25,39,48,52,28,22,37,56,50,79,55,49,73,66,47,33,32,11,2,F,2011
E01014914,South Gloucestershire 013D,836,48,37,57,69,40,31,32,58,82,95,44,51,48,38,33,25,14,23,11,F,2011
E01014892,South Gloucestershire 014A,872,91,72,56,50,75,73,67,64,58,62,33,37,46,27,19,9,13,9,11,F,2011
E01014893,South Gloucestershire 014B,742,47,42,48,47,51,63,50,51,52,75,36,32,34,47,22,26,9,8,2,F,2011
E01014894,South Gloucestershire 014C,637,37,35,53,50,34,43,47,41,50,56,31,46,42,34,22,3,4,6,3,F,2011
E01014895,South Gloucestershire 014D,718,46,57,57,47,50,50,54,58,54,54,57,34,49,23,12,9,1,4,2,F,2011
E01014896,South Gloucestershire 014E,670,56,57,52,57,46,55,57,46,61,55,34,24,36,16,9,5,1,2,1,F,2011
E01014979,South Gloucestershire 015A,751,42,39,45,39,37,56,65,45,63,64,61,50,41,28,28,23,15,7,3,F,2011
E01014980,South Gloucestershire 015B,819,40,40,55,57,41,42,40,57,64,91,69,67,45,41,33,17,12,8,0,F,2011
E01014982,South Gloucestershire 015C,763,53,48,40,45,44,44,64,61,54,62,48,43,57,37,26,20,7,7,3,F,2011
E01014983,South Gloucestershire 015D,795,56,50,49,51,46,56,57,65,58,63,40,47,45,33,26,16,17,11,9,F,2011
E01014984,South Gloucestershire 015E,743,47,37,48,40,36,39,48,51,54,54,42,53,41,39,39,28,23,17,7,F,2011
E01014998,South Gloucestershire 016A,835,33,36,54,52,25,27,31,40,53,59,63,41,48,64,62,55,28,40,24,F,2011
E01014999,South Gloucestershire 016B,816,33,53,61,50,26,11,25,39,69,73,45,57,56,55,61,39,28,24,11,F,2011
E01015000,South Gloucestershire 016C,782,30,29,52,60,21,30,38,29,61,72,64,45,51,46,41,47,32,19,15,F,2011
E01015001,South Gloucestershire 016D,829,57,52,46,59,33,15,34,50,59,75,62,58,37,48,51,53,25,9,6,F,2011
E01014978,South Gloucestershire 017A,759,61,43,52,43,30,43,56,72,74,78,61,35,37,26,15,17,5,8,3,F,2011
E01014981,South Gloucestershire 017B,1416,131,75,82,79,91,132,131,118,124,109,92,50,69,28,25,21,19,21,19,F,2011
E01014996,South Gloucestershire 017C,830,48,33,36,37,29,29,39,47,52,54,47,48,64,68,45,46,47,31,30,F,2011
E01033331,South Gloucestershire 017E,1034,51,32,13,291,272,85,60,65,53,40,26,19,14,4,4,2,1,2,0,F,2011
E01033333,South Gloucestershire 017F,1048,44,30,29,272,236,43,30,38,54,52,42,42,37,24,25,16,17,13,4,F,2011
E01014904,South Gloucestershire 018A,726,43,32,40,48,56,49,38,46,45,49,33,43,39,44,34,47,20,12,8,F,2011
E01014905,South Gloucestershire 018B,776,43,40,37,42,73,66,56,49,55,55,51,37,44,35,38,24,15,11,5,F,2011
E01014906,South Gloucestershire 018C,867,47,45,42,61,58,65,54,40,48,59,41,45,36,43,36,39,41,41,26,F,2011
E01014907,South Gloucestershire 018D,727,53,24,29,38,65,68,48,37,52,40,39,35,42,37,21,33,29,21,16,F,2011
E01014908,South Gloucestershire 018E,649,23,36,32,38,46,41,32,39,42,47,42,40,50,40,24,32,20,15,10,F,2011
E01014909,South Gloucestershire 018F,700,47,22,37,40,117,71,57,43,44,39,28,25,39,28,15,14,22,6,6,F,2011
E01014910,South Gloucestershire 018G,723,55,33,44,50,63,66,44,50,48,46,32,38,30,29,27,21,25,12,10,F,2011
E01014867,South Gloucestershire 019A,645,24,29,47,38,27,17,24,27,36,56,41,48,55,59,33,28,36,15,5,F,2011
E01014868,South Gloucestershire 019B,770,47,36,42,47,32,39,65,42,79,67,68,45,43,46,26,23,15,6,2,F,2011
E01014994,South Gloucestershire 019D,857,25,27,41,46,31,25,33,36,66,64,57,64,69,62,58,57,44,36,16,F,2011
E01014995,South Gloucestershire 019E,834,27,37,52,40,37,14,34,38,62,73,54,63,69,60,77,41,30,15,11,F,2011
E01033338,South Gloucestershire 019F,776,61,38,52,46,61,86,61,67,56,68,48,32,22,31,20,14,4,3,6,F,2011
E01033339,South Gloucestershire 019G,748,66,54,46,50,48,64,60,57,58,47,37,37,32,33,18,20,6,10,5,F,2011
E01014901,South Gloucestershire 020A,865,56,56,67,49,30,26,52,51,77,73,61,35,53,54,28,35,33,22,7,F,2011
E01014902,South Gloucestershire 020B,661,33,46,37,33,13,20,29,47,54,43,53,32,46,35,47,51,21,16,5,F,2011
E01014903,South Gloucestershire 020C,759,33,30,49,41,31,23,25,40,57,57,42,42,65,68,39,39,43,23,12,F,2011
E01014965,South Gloucestershire 020D,778,42,50,45,41,32,16,36,38,72,52,64,47,32,56,44,50,35,17,9,F,2011
E01014964,South Gloucestershire 021A,869,52,72,69,49,29,34,50,77,99,66,65,45,48,46,21,19,18,9,1,F,2011
E01014966,South Gloucestershire 021B,817,75,64,48,38,40,61,77,103,91,62,38,39,27,23,12,11,7,0,1,F,2011
E01014967,South Gloucestershire 021C,1077,96,94,71,50,47,54,78,114,108,106,56,46,41,47,30,13,17,6,3,F,2011
E01014969,South Gloucestershire 021D,808,50,63,45,41,29,31,56,80,66,68,45,40,36,51,41,35,16,8,7,F,2011
E01033334,South Gloucestershire 021F,783,115,59,40,23,44,79,82,106,82,62,38,20,13,7,6,5,1,1,0,F,2011
E01033336,South Gloucestershire 021G,905,81,92,74,63,25,50,64,111,99,80,51,40,28,16,12,13,6,0,0,F,2011
E01014897,South Gloucestershire 022A,765,48,39,59,46,28,17,30,55,56,66,51,43,53,35,37,36,34,25,7,F,2011
E01014898,South Gloucestershire 022B,876,46,47,45,49,35,33,44,63,69,63,55,47,45,41,37,41,54,28,34,F,2011
E01014899,South Gloucestershire 022C,852,53,46,44,36,36,47,54,50,58,61,57,53,62,36,39,43,38,28,11,F,2011
E01014900,South Gloucestershire 022D,747,37,37,35,56,34,34,32,44,55,66,61,37,47,39,39,31,24,22,17,F,2011
E01014959,South Gloucestershire 023A,695,36,34,40,44,39,37,46,42,42,59,54,38,45,46,21,31,25,14,2,F,2011
E01014960,South Gloucestershire 023B,816,46,42,45,49,45,55,52,52,65,62,50,48,38,38,31,37,26,26,9,F,2011
E01014961,South Gloucestershire 023C,835,59,51,51,57,45,43,40,59,61,67,48,50,49,41,18,25,34,27,10,F,2011
E01014968,South Gloucestershire 023D,887,53,56,50,46,39,54,45,51,69,54,45,36,53,41,63,50,37,29,16,F,2011
E01014865,South Gloucestershire 024A,957,44,56,63,59,40,50,55,52,79,73,82,67,62,53,43,36,20,19,4,F,2011
E01014869,South Gloucestershire 024B,854,53,56,55,44,21,21,45,50,77,81,67,46,59,45,43,38,29,16,8,F,2011
E01014870,South Gloucestershire 024C,825,33,34,52,68,38,24,33,33,73,79,76,69,58,44,39,33,19,11,9,F,2011
E01014871,South Gloucestershire 024D,624,22,33,35,34,23,28,22,35,38,49,52,35,40,52,35,44,21,14,12,F,2011
E01014890,South Gloucestershire 024E,1058,56,62,56,67,37,24,35,61,100,99,86,84,80,74,44,38,27,16,12,F,2011
E01014891,South Gloucestershire 024F,831,41,31,48,52,40,37,30,39,64,72,77,61,70,59,39,31,24,9,7,F,2011
E01014955,South Gloucestershire 025A,665,35,27,20,41,34,38,24,40,40,47,50,37,51,42,50,44,33,7,5,F,2011
E01014956,South Gloucestershire 025B,789,29,31,48,52,40,39,28,44,58,74,54,44,45,57,60,40,20,20,6,F,2011
E01014957,South Gloucestershire 025C,634,44,27,28,36,30,34,35,40,48,51,42,34,49,37,41,39,12,5,2,F,2011
E01014974,South Gloucestershire 025D,805,54,31,46,37,28,38,63,43,63,49,41,57,47,23,32,58,43,32,20,F,2011
E01014977,South Gloucestershire 025E,674,45,31,25,27,70,48,39,32,38,46,39,42,29,27,26,22,37,31,20,F,2011
E01014922,South Gloucestershire 026A,683,39,47,35,35,35,39,41,47,53,65,44,30,42,38,35,34,12,4,8,F,2011
E01014923,South Gloucestershire 026B,790,52,39,32,46,46,61,53,32,63,55,52,32,39,46,40,34,35,15,18,F,2011
E01014924,South Gloucestershire 026C,909,73,53,33,41,61,103,81,61,56,56,49,46,30,33,32,40,22,18,21,F,2011
E01014973,South Gloucestershire 026D,762,60,37,37,47,36,47,52,38,48,48,51,38,63,48,41,29,22,10,10,F,2011
E01014975,South Gloucestershire 026E,788,49,31,40,27,51,80,76,58,54,49,42,46,36,43,39,32,15,14,6,F,2011
E01014976,South Gloucestershire 026F,730,51,23,30,47,64,60,58,45,43,52,40,39,31,42,30,35,19,14,7,F,2011
E01014925,South Gloucestershire 027A,780,47,37,44,52,46,49,36,40,63,50,47,60,44,53,44,37,19,11,1,F,2011
E01014926,South Gloucestershire 027B,886,42,66,61,61,50,54,41,67,67,75,36,37,43,53,35,34,28,24,12,F,2011
E01014927,South Gloucestershire 027C,876,45,38,24,47,70,51,59,55,48,48,56,44,45,40,44,49,49,37,27,F,2011
E01014928,South Gloucestershire 027D,774,38,51,54,33,43,47,46,51,46,49,46,37,44,49,59,37,24,14,6,F,2011
E01014958,South Gloucestershire 027E,630,53,44,35,39,48,44,34,35,46,49,26,28,38,38,26,20,12,9,6,F,2011
E01014915,South Gloucestershire 028A,801,51,42,37,52,45,47,60,58,59,54,53,46,42,33,28,43,27,17,7,F,2011
E01015003,South Gloucestershire 028B,825,52,47,42,41,44,46,46,43,64,52,55,69,67,48,39,37,22,8,3,F,2011
E01015005,South Gloucestershire 028C,1015,87,53,53,55,86,119,100,86,69,59,47,49,36,31,23,28,20,9,5,F,2011
E01015007,South Gloucestershire 028D,853,72,33,34,50,58,75,50,45,56,77,49,50,45,41,28,41,24,17,8,F,2011
E01015008,South Gloucestershire 028E,872,37,57,52,57,45,56,56,53,57,64,47,41,49,40,47,32,37,27,18,F,2011
E01014943,South Gloucestershire 029A,906,52,51,42,53,64,96,92,86,108,83,64,34,30,16,13,10,6,5,1,F,2011
E01014944,South Gloucestershire 029B,911,63,59,62,51,53,50,58,89,94,100,67,43,38,28,26,14,9,4,3,F,2011
E01014972,South Gloucestershire 029C,909,43,49,52,75,39,33,36,51,74,95,66,51,59,44,42,30,24,28,18,F,2011
E01015002,South Gloucestershire 029D,811,35,46,55,44,72,60,54,49,52,72,66,49,38,33,15,35,15,6,15,F,2011
E01015004,South Gloucestershire 029E,850,60,35,51,52,50,87,56,61,58,72,46,69,58,43,25,14,8,4,1,F,2011
E01015006,South Gloucestershire 029F,777,41,35,35,47,46,38,55,40,44,76,54,44,61,46,34,32,30,14,5,F,2011
E01014936,South Gloucestershire 030A,753,35,50,56,55,39,43,40,49,59,65,56,49,32,36,28,14,23,12,12,F,2011
E01014938,South Gloucestershire 030B,796,52,59,49,42,38,46,52,61,84,76,52,48,52,30,19,21,8,5,2,F,2011
E01014939,South Gloucestershire 030C,596,35,43,34,41,32,49,41,42,51,42,47,32,47,23,17,14,3,3,0,F,2011
E01014940,South Gloucestershire 030D,667,26,42,42,53,40,29,28,37,52,72,60,56,52,27,17,20,9,3,2,F,2011
E01014941,South Gloucestershire 030E,831,44,50,53,56,45,38,50,51,47,53,67,49,37,36,32,31,42,34,16,F,2011
E01014942,South Gloucestershire 030F,756,55,39,38,43,40,37,52,44,67,47,40,46,32,36,36,37,44,18,5,F,2011
E01014945,South Gloucestershire 030G,869,54,34,40,64,45,54,46,61,67,66,56,54,54,39,49,38,28,11,9,F,2011
E01014916,South Gloucestershire 031A,784,45,33,34,46,55,46,52,54,47,67,54,30,45,35,34,33,36,19,19,F,2011
E01014917,South Gloucestershire 031B,755,32,35,30,53,28,21,43,43,40,69,65,43,49,52,33,47,33,20,19,F,2011
E01014918,South Gloucestershire 031C,755,33,29,41,42,28,29,32,44,54,53,50,38,51,51,44,52,46,25,13,F,2011
E01014919,South Gloucestershire 031D,650,34,33,40,38,30,18,22,37,45,59,31,44,37,38,42,51,29,19,3,F,2011
E01014920,South Gloucestershire 031E,654,33,23,28,36,44,20,24,41,41,51,58,48,59,49,30,28,26,11,4,F,2011
E01014921,South Gloucestershire 031F,702,25,24,56,56,36,22,29,31,58,70,55,39,58,44,33,30,15,6,15,F,2011
E01014866,South Gloucestershire 032A,833,35,38,43,43,37,28,42,48,55,60,77,52,56,67,39,35,30,26,22,F,2011
E01014931,South Gloucestershire 032B,728,17,33,37,35,37,28,26,47,35,60,48,57,67,52,40,25,39,24,21,F,2011
E01014932,South Gloucestershire 032C,838,39,27,32,51,46,40,44,47,54,57,60,72,65,59,49,41,25,17,13,F,2011
E01014933,South Gloucestershire 032D,724,37,41,30,40,42,48,44,38,60,62,64,59,53,36,29,24,12,4,1,F,2011
E01014934,South Gloucestershire 032E,615,30,22,40,29,26,12,20,32,53,43,50,50,44,41,45,40,24,10,4,F,2011
E01014935,South Gloucestershire 032F,757,39,29,38,40,49,49,54,47,67,69,58,50,56,24,39,25,17,4,3,F,2011
E01014937,South Gloucestershire 032G,656,27,37,36,37,33,23,29,32,43,58,36,51,54,46,42,35,24,7,6,F,2011
E06000030,,104844,6918,5937,6139,6123,6505,7632,7518,7735,8139,8046,6833,5804,5596,4399,3497,3070,2454,1650,849,F,2011
E01015519,Swindon 001A,777,39,33,47,32,18,21,36,64,48,46,39,48,64,62,46,25,48,38,23,F,2011
E01015520,Swindon 001B,625,26,36,32,31,27,23,29,29,41,42,31,39,54,45,36,43,27,26,8,F,2011
E01015521,Swindon 001C,713,19,31,54,32,19,26,21,53,56,54,55,65,65,57,40,33,21,8,4,F,2011
E01015522,Swindon 001D,772,44,31,35,44,40,45,54,55,58,59,60,71,62,27,31,20,21,14,1,F,2011
E01015523,Swindon 001E,777,22,34,46,46,31,17,27,39,58,62,54,69,84,48,43,26,29,28,14,F,2011
E01015524,Swindon 001F,592,31,38,33,43,23,42,35,42,57,44,50,27,42,33,19,13,14,3,3,F,2011
E01015543,Swindon 003A,701,34,32,32,43,42,36,37,38,51,49,43,38,37,45,42,37,37,20,8,F,2011
E01015544,Swindon 003B,870,73,49,47,57,67,86,55,49,42,54,52,48,53,31,22,35,33,13,4,F,2011
E01015545,Swindon 003C,836,90,54,41,54,103,80,54,51,46,45,48,35,36,19,20,28,13,14,5,F,2011
E01015546,Swindon 003D,908,88,68,71,72,85,83,58,55,61,53,44,30,33,31,23,12,25,10,6,F,2011
E01015513,Swindon 004A,790,51,48,57,39,51,62,66,77,79,72,54,37,38,29,18,8,0,4,0,F,2011
E01015514,Swindon 004B,652,22,32,42,41,27,14,20,48,47,41,40,40,62,70,46,33,13,13,1,F,2011
E01015515,Swindon 004C,701,34,32,44,35,49,41,39,56,48,72,52,70,51,37,22,10,6,1,2,F,2011
E01015516,Swindon 004D,679,21,21,27,31,31,35,35,35,41,56,44,33,51,48,44,35,33,40,18,F,2011
E01015517,Swindon 004E,738,29,36,36,25,18,32,30,32,52,39,46,53,64,81,63,36,37,18,11,F,2011
E01015555,Swindon 005A,762,29,40,28,28,30,32,37,32,65,52,55,43,57,59,49,48,40,26,12,F,2011
E01015556,Swindon 005B,827,52,35,63,48,45,44,46,57,76,59,62,54,47,34,34,33,23,9,6,F,2011
E01015557,Swindon 005C,690,23,18,34,47,35,35,28,54,57,70,65,45,57,44,30,20,17,6,5,F,2011
E01015558,Swindon 005D,807,40,44,57,76,38,37,39,59,53,55,50,43,45,43,41,35,26,17,9,F,2011
E01015559,Swindon 005E,736,33,31,47,56,30,21,39,40,54,54,63,41,63,45,43,37,22,15,2,F,2011
E01015560,Swindon 005F,825,38,54,42,51,39,33,52,66,81,59,56,45,47,41,29,40,26,22,4,F,2011
E01015526,Swindon 006A,723,53,38,47,34,56,64,67,49,65,60,49,34,42,25,16,9,7,8,0,F,2011
E01015528,Swindon 006B,921,71,54,58,59,67,60,61,47,68,66,53,50,33,34,31,30,33,29,17,F,2011
E01015529,Swindon 006C,777,38,38,32,44,45,32,47,43,45,60,45,42,62,59,43,29,36,27,10,F,2011
E01015530,Swindon 006D,859,48,49,60,61,31,44,38,62,57,57,53,58,57,44,29,30,37,34,10,F,2011
E01015506,Swindon 007A,767,48,45,59,62,42,50,43,57,56,53,40,50,48,24,29,23,20,11,7,F,2011
E01015507,Swindon 007B,855,69,85,66,64,61,70,59,60,70,67,45,35,40,22,12,15,6,8,1,F,2011
E01015527,Swindon 007C,909,66,64,83,63,39,55,52,65,55,73,46,52,51,37,31,26,30,10,11,F,2011
E01015580,Swindon 007D,862,47,47,70,59,41,42,56,53,62,81,62,49,47,45,20,27,29,13,12,F,2011
E01015473,Swindon 008A,884,41,44,41,45,37,23,16,58,71,72,74,78,77,64,40,30,25,24,24,F,2011
E01015474,Swindon 008B,817,32,37,41,55,27,25,41,40,64,73,84,66,63,58,50,32,20,7,2,F,2011
E01015547,Swindon 008C,859,34,43,55,59,50,34,32,47,66,91,73,48,57,40,24,29,34,18,25,F,2011
E01015548,Swindon 008D,806,41,51,66,46,22,13,31,66,70,70,88,71,43,54,27,12,18,7,10,F,2011
E01015549,Swindon 009A,897,45,55,56,50,49,34,58,58,73,75,60,50,43,38,56,44,34,10,9,F,2011
E01015550,Swindon 009B,905,34,38,35,45,36,59,48,53,56,64,66,64,70,66,61,42,40,19,9,F,2011
E01015551,Swindon 009C,804,46,36,50,40,26,28,32,46,67,68,49,46,40,53,54,39,25,31,28,F,2011
E01015552,Swindon 009D,1062,68,61,61,75,62,60,69,70,114,88,71,58,46,33,24,32,22,30,18,F,2011
E01015553,Swindon 009E,817,49,54,50,51,62,46,45,52,64,95,51,56,34,25,24,23,11,14,11,F,2011
E01015554,Swindon 009F,735,29,30,52,42,25,26,28,37,55,50,46,45,38,58,68,36,35,24,11,F,2011
E01015508,Swindon 010A,704,38,37,56,49,31,27,49,56,63,57,46,36,46,21,26,24,21,16,5,F,2011
E01015509,Swindon 010B,789,64,39,34,33,62,79,72,67,52,46,48,38,37,39,26,20,18,7,8,F,2011
E01015510,Swindon 010C,930,61,47,60,55,75,90,78,66,59,60,40,43,62,27,25,37,25,15,5,F,2011
E01015511,Swindon 010D,755,66,29,31,38,47,75,76,51,47,49,53,51,31,34,15,26,15,9,12,F,2011
E01015562,Swindon 011A,791,59,42,58,72,46,44,63,71,105,96,47,33,26,9,11,5,3,1,0,F,2011
E01015563,Swindon 011B,759,42,42,56,77,27,40,54,69,76,97,61,42,32,22,9,6,5,2,0,F,2011
E01015565,Swindon 011C,850,55,62,49,58,49,60,55,57,77,94,69,42,33,22,19,18,20,8,3,F,2011
E01015566,Swindon 011D,788,57,36,39,49,60,87,56,76,56,89,58,44,33,15,19,6,7,1,0,F,2011
E01015578,Swindon 012B,788,51,39,34,37,69,87,54,74,47,52,49,41,40,27,29,16,17,15,10,F,2011
E01015579,Swindon 012C,781,66,46,38,29,46,62,84,76,52,52,48,35,40,33,28,9,17,12,8,F,2011
E01015581,Swindon 012D,745,37,44,46,39,39,35,39,49,59,62,57,49,54,32,30,36,14,16,8,F,2011
E01015582,Swindon 012E,937,83,41,35,50,70,80,87,63,78,57,58,56,42,30,29,31,24,15,8,F,2011
E01032708,Swindon 012F,767,86,38,26,35,89,159,107,53,45,31,39,22,18,10,3,3,3,0,0,F,2011
E01032716,Swindon 012G,676,63,38,35,28,45,71,61,67,61,49,41,27,20,23,14,13,13,5,2,F,2011
E01015481,Swindon 013A,905,53,42,67,48,63,75,55,68,72,71,46,45,50,45,37,29,19,15,5,F,2011
E01015482,Swindon 013B,622,25,28,26,42,35,29,30,32,56,48,53,63,42,44,31,29,3,6,0,F,2011
E01015483,Swindon 013C,751,23,25,30,43,31,22,31,26,42,62,49,50,60,54,56,68,43,23,13,F,2011
E01015484,Swindon 013D,717,18,33,32,31,25,30,13,39,69,52,60,53,40,70,51,45,35,17,4,F,2011
E01015485,Swindon 013E,717,36,33,38,39,51,61,59,60,62,63,58,45,28,20,29,14,13,8,0,F,2011
E01015486,Swindon 013F,713,37,30,31,48,45,37,33,40,42,54,55,62,66,45,36,21,19,8,4,F,2011
E01015561,Swindon 014A,709,45,33,38,37,47,63,55,43,58,76,65,43,38,25,8,15,9,10,1,F,2011
E01015564,Swindon 014B,794,46,45,51,62,48,44,44,58,67,87,71,58,37,24,15,12,16,5,4,F,2011
E01015567,Swindon 014C,731,39,43,40,40,45,54,58,68,43,63,76,52,39,26,15,14,9,5,2,F,2011
E01015568,Swindon 014D,719,41,43,47,40,46,60,45,40,49,59,73,57,43,22,20,18,9,2,5,F,2011
E01015475,Swindon 015A,997,88,68,65,61,78,114,75,75,79,73,49,45,32,26,20,16,20,8,5,F,2011
E01015476,Swindon 015B,988,69,34,34,51,131,133,109,70,55,66,49,46,36,33,30,23,9,7,3,F,2011
E01015477,Swindon 015C,724,54,37,33,41,61,88,67,53,63,46,42,22,26,26,25,17,10,9,4,F,2011
E01015480,Swindon 015D,1059,89,81,54,59,91,120,113,85,76,84,49,43,53,15,19,14,8,2,4,F,2011
E01015538,Swindon 016A,923,63,41,64,69,66,76,63,60,60,70,46,39,47,41,33,33,25,24,3,F,2011
E01015572,Swindon 016B,636,41,46,41,55,43,41,40,54,48,50,41,33,31,24,21,15,6,4,2,F,2011
E01015573,Swindon 016C,1075,86,76,83,79,79,100,72,70,90,73,47,41,30,37,31,40,19,19,3,F,2011
E01015575,Swindon 016D,598,42,50,43,54,33,41,33,34,41,43,42,28,27,23,16,23,14,8,3,F,2011
E01015479,Swindon 017A,794,59,49,54,47,60,66,82,52,54,68,51,45,34,23,12,17,16,5,0,F,2011
E01015493,Swindon 017B,848,56,56,48,51,73,73,78,67,60,57,53,40,21,20,20,28,27,12,8,F,2011
E01015574,Swindon 017C,839,59,53,52,43,50,50,51,67,60,68,51,36,42,42,35,31,26,17,6,F,2011
E01015576,Swindon 017D,817,29,27,55,49,38,27,39,39,64,65,39,48,54,37,45,52,59,35,16,F,2011
E01015499,Swindon 018A,610,23,29,32,46,38,29,32,43,57,73,74,57,48,13,6,7,3,0,0,F,2011
E01015500,Swindon 018B,793,61,43,41,48,60,58,66,46,65,71,81,47,35,21,14,19,11,4,2,F,2011
E01015504,Swindon 018C,713,45,47,51,54,39,33,48,51,66,104,59,54,21,18,7,9,3,4,0,F,2011
E01015505,Swindon 018D,758,48,53,48,47,59,71,69,75,66,72,55,28,32,15,7,9,1,2,1,F,2011
E01015494,Swindon 019A,806,56,28,36,34,88,127,105,58,62,48,35,34,19,23,15,17,12,6,3,F,2011
E01015496,Swindon 019C,757,67,24,31,23,74,120,89,64,57,42,40,31,21,27,13,13,10,7,4,F,2011
E01015497,Swindon 019D,757,54,40,41,43,50,63,83,58,75,53,36,38,31,17,18,16,15,19,7,F,2011
E01032714,Swindon 019E,556,51,21,12,18,73,104,68,29,38,31,27,15,14,16,10,8,12,4,5,F,2011
E01032715,Swindon 019F,453,31,13,11,10,38,73,43,37,29,16,24,14,20,7,10,16,23,25,13,F,2011
E01015537,Swindon 020A,943,71,77,67,61,48,78,61,75,68,58,67,39,40,40,34,29,18,9,3,F,2011
E01015539,Swindon 020B,820,60,52,62,63,45,59,55,46,58,60,53,42,39,22,45,37,6,12,4,F,2011
E01015540,Swindon 020C,942,71,54,65,63,61,65,76,47,56,88,62,44,36,34,31,33,29,18,9,F,2011
E01015541,Swindon 020D,927,70,50,46,79,70,73,54,54,71,63,50,48,48,42,34,34,25,16,0,F,2011
E01015542,Swindon 020E,766,42,43,54,52,52,45,44,61,56,53,55,49,37,35,23,30,18,13,4,F,2011
E01015478,Swindon 021A,718,45,39,40,37,42,67,53,64,50,70,52,35,31,23,26,19,9,14,2,F,2011
E01015498,Swindon 021B,834,59,34,47,51,60,66,80,71,80,66,54,42,45,27,19,14,14,2,3,F,2011
E01015532,Swindon 021D,738,54,52,42,45,33,40,53,57,56,62,43,51,29,24,17,20,19,23,18,F,2011
E01032706,Swindon 021E,709,53,24,24,24,122,137,103,55,29,36,20,9,9,10,12,8,19,6,9,F,2011
E01032707,Swindon 021F,925,62,52,44,47,41,49,47,81,79,74,73,55,53,42,31,29,36,15,15,F,2011
E01015501,Swindon 022A,678,35,32,43,38,42,42,38,37,61,60,56,74,50,26,14,10,7,10,3,F,2011
E01015502,Swindon 022B,787,49,46,50,52,54,68,64,53,66,60,55,46,39,26,20,13,10,10,6,F,2011
E01015503,Swindon 022C,685,45,44,31,51,39,48,48,42,40,51,44,46,33,26,24,32,17,17,7,F,2011
E01015569,Swindon 022D,771,56,31,45,73,47,63,54,24,42,62,77,54,41,37,16,21,18,6,4,F,2011
E01015570,Swindon 022E,734,42,44,46,35,65,57,50,45,42,61,45,43,32,29,34,25,16,14,9,F,2011
E01015571,Swindon 022F,783,45,38,41,47,36,44,43,50,58,70,57,63,54,43,33,23,22,13,3,F,2011
E01015487,Swindon 023A,802,26,38,61,52,50,36,30,45,63,68,76,57,66,37,36,31,18,11,1,F,2011
E01015488,Swindon 023B,734,39,38,29,50,47,40,39,44,49,54,60,47,60,35,30,22,21,20,10,F,2011
E01015489,Swindon 023C,719,36,43,56,41,38,27,41,40,58,37,63,57,62,51,31,19,12,3,4,F,2011
E01015490,Swindon 023D,663,44,44,24,44,35,48,50,45,43,57,47,58,45,33,18,11,12,3,2,F,2011
E01015491,Swindon 023E,754,48,35,33,41,54,40,40,49,57,55,55,34,61,43,31,33,18,17,10,F,2011
E01015492,Swindon 023F,739,52,51,63,49,47,42,47,56,63,52,46,48,47,23,15,15,13,4,6,F,2011
E01015533,Swindon 024A,791,33,26,42,45,27,17,25,40,46,56,79,36,53,51,48,61,53,36,17,F,2011
E01015534,Swindon 024B,946,35,34,30,36,50,77,59,63,53,64,58,48,67,54,35,55,63,42,23,F,2011
E01015535,Swindon 024C,761,39,41,46,31,36,28,35,53,54,53,59,55,51,48,39,41,26,20,6,F,2011
E01015536,Swindon 024D,1237,103,77,65,70,84,82,90,67,82,98,66,73,76,41,51,47,30,22,13,F,2011
E01015583,Swindon 025A,1161,80,75,101,88,29,53,86,97,120,103,90,63,61,39,26,20,13,12,5,F,2011
E01015584,Swindon 025B,729,18,27,35,39,27,15,16,28,55,54,44,53,58,68,65,48,39,28,12,F,2011
E01015585,Swindon 025C,837,44,48,44,63,34,27,33,59,75,84,72,51,65,31,36,23,18,14,16,F,2011
E01015586,Swindon 025D,758,25,22,27,36,24,22,25,35,44,57,47,43,82,94,43,45,34,35,18,F,2011
E01015587,Swindon 025E,982,45,57,58,51,36,29,38,51,76,75,69,63,58,48,57,60,44,41,26,F,2011
E01015588,Swindon 025F,938,50,48,53,68,33,30,32,61,71,77,68,70,78,59,50,31,29,15,15,F,2011
E01015525,Swindon 026A,786,63,59,31,39,54,69,62,71,73,67,47,43,49,38,12,6,3,0,0,F,2011
E01032700,Swindon 026B,786,92,75,47,25,36,87,116,112,62,49,33,20,18,6,3,4,1,0,0,F,2011
E01032703,Swindon 026C,756,90,67,46,29,45,86,98,95,62,49,27,27,15,13,5,0,1,0,1,F,2011
E01032705,Swindon 026D,756,84,75,54,37,53,94,98,85,76,46,19,9,12,6,2,2,2,2,0,F,2011
E01032709,Swindon 026E,681,83,49,35,29,60,85,84,82,64,38,23,18,18,5,1,3,0,3,1,F,2011
E01032713,Swindon 026F,870,103,76,68,40,35,79,125,120,84,55,28,26,11,10,5,1,3,1,0,F,2011
E01032701,Swindon 027A,605,65,43,19,15,62,92,101,77,35,19,19,22,12,10,7,4,1,1,1,F,2011
E01032702,Swindon 027B,701,73,47,33,29,39,80,72,111,60,33,29,17,23,19,9,10,14,2,1,F,2011
E01032704,Swindon 027C,702,89,46,31,31,76,100,80,87,56,44,16,24,8,9,3,2,0,0,0,F,2011
E01032711,Swindon 027D,666,67,40,31,21,88,123,99,65,40,21,28,19,12,5,3,1,2,1,0,F,2011
E01032712,Swindon 027E,720,80,40,42,35,93,117,100,56,61,33,22,16,11,2,7,4,1,0,0,F,2011
E01015471,Swindon 028A,821,67,55,66,35,32,49,82,78,88,70,52,37,39,28,14,17,7,4,1,F,2011
E01015472,Swindon 028B,1391,124,132,91,67,66,123,151,183,140,99,67,42,51,29,14,3,7,2,0,F,2011
E01015512,Swindon 028C,867,72,78,80,41,46,52,76,97,99,73,49,36,34,17,7,8,1,1,0,F,2011
E01015518,Swindon 028D,778,60,71,75,52,32,30,67,103,97,67,41,27,21,15,7,9,4,0,0,F,2011
E01032710,Swindon 028E,671,71,51,53,30,41,64,55,68,70,46,43,28,22,15,6,4,2,1,1,F,2011
E06000027,,67987,3356,3055,3413,3648,3297,3410,3267,3545,4526,4927,4539,4312,5328,4496,3590,3188,2627,2068,1395,F,2011
E01015262,Torbay 001A,723,34,39,55,72,38,36,31,33,58,68,41,53,46,30,39,24,15,9,2,F,2011
E01015263,Torbay 001B,806,76,59,55,57,44,70,53,40,57,53,56,36,37,44,21,19,15,4,10,F,2011
E01015264,Torbay 001C,710,39,22,20,27,17,24,30,37,42,40,46,64,67,60,63,63,26,16,7,F,2011
E01015265,Torbay 001D,738,32,20,35,39,43,30,23,32,47,44,53,54,67,67,45,45,37,19,6,F,2011
E01015266,Torbay 001E,797,57,52,58,62,36,37,52,46,56,69,47,36,45,40,25,29,26,14,10,F,2011
E01015236,Torbay 002A,738,28,33,40,34,28,36,29,48,55,58,62,60,55,55,48,24,22,15,8,F,2011
E01015237,Torbay 002B,686,36,51,54,53,24,37,46,31,61,70,44,41,33,43,24,15,13,4,6,F,2011
E01015238,Torbay 002C,771,51,21,33,35,46,46,39,37,58,58,49,36,48,59,38,26,30,32,29,F,2011
E01015239,Torbay 002D,838,35,14,32,42,37,36,25,34,39,46,41,43,58,70,53,46,66,66,55,F,2011
E01015249,Torbay 003A,786,48,48,45,43,36,44,49,38,69,56,46,40,46,45,29,30,37,23,14,F,2011
E01015250,Torbay 003B,765,60,54,41,28,40,59,61,61,45,52,46,46,59,39,20,17,23,8,6,F,2011
E01015251,Torbay 003C,605,24,26,50,39,36,26,30,31,48,68,40,34,44,31,26,22,11,13,6,F,2011
E01015252,Torbay 003D,1236,106,77,67,52,98,121,101,97,73,94,69,62,69,53,36,20,25,11,5,F,2011
E01015253,Torbay 003E,853,58,61,58,57,58,63,68,83,69,69,56,40,39,40,12,13,7,2,0,F,2011
E01015254,Torbay 003F,725,29,28,29,41,22,18,27,38,46,50,51,59,72,55,44,46,35,26,9,F,2011
E01015257,Torbay 004A,699,48,42,54,52,47,31,35,44,54,62,48,48,42,32,22,20,9,8,1,F,2011
E01015258,Torbay 004B,979,54,43,34,55,69,74,47,50,78,72,91,72,71,51,39,27,24,15,13,F,2011
E01015259,Torbay 004C,712,38,44,42,58,58,47,48,38,62,66,46,34,35,25,21,18,20,11,1,F,2011
E01015260,Torbay 004D,738,44,19,27,46,57,48,39,41,46,68,49,51,48,41,33,34,18,15,14,F,2011
E01015240,Torbay 005A,801,29,15,13,28,31,38,31,24,40,33,35,61,71,65,46,55,62,72,52,F,2011
E01015241,Torbay 005B,779,49,39,34,61,41,37,37,44,59,47,45,36,50,41,34,27,34,39,25,F,2011
E01015242,Torbay 005C,647,30,37,43,53,45,23,39,38,62,60,47,40,33,28,22,15,21,10,1,F,2011
E01015243,Torbay 005D,667,27,23,25,40,25,27,22,34,37,42,45,53,65,52,48,53,24,16,9,F,2011
E01015214,Torbay 006A,722,58,17,42,40,67,70,54,41,53,63,53,29,40,25,20,15,15,13,7,F,2011
E01015215,Torbay 006B,749,45,41,42,52,36,42,45,51,51,75,46,37,59,35,35,23,15,10,9,F,2011
E01015216,Torbay 006C,750,58,39,46,41,52,57,51,45,75,57,39,46,50,33,22,17,8,6,8,F,2011
E01015218,Torbay 006D,762,43,42,43,43,31,47,37,39,61,53,44,47,54,31,35,36,32,23,21,F,2011
E01015217,Torbay 008A,756,43,38,55,45,67,62,47,42,52,44,45,47,45,35,18,23,13,20,15,F,2011
E01015255,Torbay 008B,740,59,22,23,47,103,69,51,35,50,42,59,43,43,23,12,18,17,10,14,F,2011
E01015256,Torbay 008C,831,36,26,18,34,84,111,61,46,41,50,68,48,43,37,39,27,29,21,12,F,2011
E01015261,Torbay 008D,999,64,50,41,46,69,100,62,45,63,63,78,52,72,44,45,29,26,28,22,F,2011
E01015267,Torbay 010A,751,29,14,15,25,40,57,44,30,36,45,47,48,77,51,37,51,35,39,31,F,2011
E01015268,Torbay 010B,782,27,13,16,24,32,47,38,40,37,44,51,58,83,67,50,47,43,38,27,F,2011
E01015269,Torbay 010C,843,34,19,23,31,31,42,35,45,46,50,58,52,83,61,50,63,41,45,34,F,2011
E01015270,Torbay 010D,817,25,11,19,21,30,47,49,40,46,51,47,61,72,61,57,40,52,59,29,F,2011
E01015271,Torbay 010E,756,18,18,20,27,16,25,21,21,28,41,41,61,100,78,76,51,46,42,26,F,2011
E01015224,Torbay 011A,763,48,29,47,41,31,28,48,42,52,59,53,42,66,51,39,30,22,19,16,F,2011
E01015225,Torbay 011B,774,34,30,51,45,30,21,26,50,56,57,47,61,47,48,26,38,43,36,28,F,2011
E01015226,Torbay 011C,741,34,37,36,30,16,17,28,34,60,48,59,50,90,59,59,39,28,14,3,F,2011
E01015227,Torbay 011D,789,41,28,40,38,27,30,31,37,66,53,56,62,61,57,37,34,41,20,30,F,2011
E01015228,Torbay 011E,814,41,28,27,38,41,33,34,35,43,46,54,57,49,57,51,56,55,47,22,F,2011
E01015230,Torbay 011F,756,36,24,32,20,14,22,33,35,39,38,40,55,82,68,79,68,36,22,13,F,2011
E01015202,Torbay 012A,770,32,59,48,41,29,34,43,60,54,64,52,48,51,47,32,33,22,11,10,F,2011
E01015203,Torbay 012B,674,34,32,35,34,14,20,22,28,55,60,36,48,57,40,54,34,42,25,4,F,2011
E01015204,Torbay 012C,696,46,29,40,43,45,29,38,40,47,55,47,45,47,38,28,26,24,24,5,F,2011
E01015205,Torbay 012D,794,48,51,43,35,33,31,46,46,64,54,54,61,57,50,44,25,19,25,8,F,2011
E01015206,Torbay 012E,785,46,35,26,34,32,31,49,53,51,53,65,47,48,47,33,43,31,30,31,F,2011
E01015190,Torbay 013A,829,40,34,64,57,23,35,34,59,65,58,61,51,69,71,53,34,13,4,4,F,2011
E01015191,Torbay 013B,877,77,54,72,41,55,58,55,75,62,72,40,45,54,34,26,31,11,12,3,F,2011
E01015192,Torbay 013C,736,46,45,44,49,35,39,49,46,64,64,49,41,39,34,29,25,20,9,9,F,2011
E01015193,Torbay 013D,689,35,31,41,48,27,37,37,34,34,64,49,41,56,45,41,28,15,13,13,F,2011
E01015194,Torbay 013E,722,45,37,34,37,37,45,37,40,44,62,51,56,68,44,30,19,18,5,13,F,2011
E01015195,Torbay 013F,771,38,42,64,42,19,33,29,43,67,65,54,57,63,28,34,36,28,19,10,F,2011
E01015196,Torbay 013G,782,47,62,72,60,40,48,49,50,69,65,49,30,34,33,28,21,13,6,6,F,2011
E01015229,Torbay 014A,739,17,34,28,32,35,27,24,26,43,47,37,39,50,45,31,52,52,57,63,F,2011
E01015231,Torbay 014B,812,52,49,28,56,61,53,60,30,42,70,56,47,39,37,29,26,32,23,22,F,2011
E01015232,Torbay 014C,854,25,27,29,39,61,62,43,36,37,42,77,57,53,44,39,47,48,46,42,F,2011
E01015233,Torbay 014D,738,32,21,38,37,49,54,37,32,50,62,44,35,46,43,42,25,35,36,20,F,2011
E01015234,Torbay 014E,696,37,50,58,46,33,33,39,40,53,55,62,34,41,28,24,24,19,10,10,F,2011
E01015235,Torbay 014F,896,15,21,22,25,29,29,31,28,44,44,53,49,86,91,83,76,63,56,51,F,2011
E01015219,Torbay 015A,759,26,25,29,34,38,34,29,23,39,51,41,42,71,62,47,59,44,43,22,F,2011
E01015220,Torbay 015B,730,27,28,37,42,19,21,28,37,44,57,49,56,70,70,37,52,26,21,9,F,2011
E01015221,Torbay 015C,766,26,31,46,52,36,27,28,46,59,63,62,36,65,47,52,37,28,17,8,F,2011
E01015222,Torbay 015D,756,41,29,44,33,41,22,28,31,47,53,53,46,68,71,44,52,37,10,6,F,2011
E01015223,Torbay 015E,653,15,44,40,42,29,19,29,28,60,70,56,60,49,42,28,18,13,7,4,F,2011
E01015197,Torbay 016A,756,24,27,33,37,17,14,14,29,49,38,58,48,88,80,59,49,41,34,17,F,2011
E01015198,Torbay 016B,837,12,31,32,33,16,15,29,32,47,46,56,57,97,93,67,67,54,41,12,F,2011
E01015199,Torbay 016C,675,6,19,20,20,10,9,8,9,28,33,47,58,93,81,66,51,51,43,23,F,2011
E01015200,Torbay 016D,532,21,30,28,38,22,19,19,34,41,39,27,21,47,45,22,30,20,15,14,F,2011
E01015201,Torbay 016E,681,15,22,33,35,26,24,16,17,33,66,56,54,67,47,59,32,40,21,18,F,2011
E01015183,Torbay 017A,684,22,23,29,33,33,24,25,35,33,51,58,48,79,57,37,36,24,21,16,F,2011
E01015184,Torbay 017B,691,21,16,22,21,15,18,18,23,33,37,42,36,79,89,63,67,42,29,20,F,2011
E01015185,Torbay 017C,692,20,28,23,35,34,26,30,25,34,45,52,43,66,52,49,47,38,27,18,F,2011
E01015186,Torbay 017D,678,33,37,37,37,48,37,31,37,37,55,55,46,53,52,28,27,12,12,4,F,2011
E01015187,Torbay 017E,741,16,14,33,31,17,19,18,19,41,41,53,54,81,80,63,63,47,30,21,F,2011
E01015188,Torbay 017F,794,26,41,30,37,33,23,23,35,41,59,47,53,75,72,59,54,29,38,19,F,2011
E01015189,Torbay 017G,609,27,22,30,34,28,25,21,31,46,49,37,55,65,44,31,24,20,15,5,F,2011
E01015244,Torbay 018A,769,29,24,49,47,22,22,27,38,57,52,48,60,80,75,45,32,25,24,13,F,2011
E01015245,Torbay 018B,669,21,24,28,34,22,25,27,26,39,62,49,39,67,44,59,40,39,16,8,F,2011
E01015246,Torbay 018C,763,23,43,36,36,15,12,24,46,58,45,42,44,68,60,46,27,41,53,44,F,2011
E01015247,Torbay 018D,880,37,52,48,48,40,52,36,50,52,69,66,56,54,58,58,38,41,17,8,F,2011
E01015248,Torbay 018E,756,44,29,41,54,41,47,27,41,56,64,50,46,43,47,43,33,17,21,12,F,2011
E01015209,Torbay 019A,722,28,37,38,33,35,38,33,35,50,45,39,35,54,51,34,41,32,35,29,F,2011
E01015210,Torbay 019B,830,61,57,42,56,47,57,48,42,62,61,48,49,55,39,30,24,20,21,11,F,2011
E01015212,Torbay 019C,701,42,42,35,44,37,35,42,61,47,59,57,43,44,42,21,15,19,9,7,F,2011
E01015213,Torbay 019D,721,47,41,41,43,31,41,33,43,62,55,57,45,48,34,29,30,22,7,12,F,2011
E01015207,Torbay 019E,834,48,46,59,52,42,30,44,69,57,74,61,65,44,38,46,22,23,8,6,F,2011
E01015208,Torbay 019F,975,22,46,41,41,23,19,17,32,61,64,57,69,119,93,73,85,51,44,18,F,2011
E01015211,Torbay 019G,779,59,41,43,48,30,23,36,53,52,44,42,62,65,45,40,38,29,18,11,F,2011
E06000054,,240054,14036,13332,14413,14531,11368,12344,12655,15590,18462,18670,16534,14624,15903,13225,10335,8675,7152,5047,3158,F,2011
E01031887,Wiltshire 001A,901,50,54,59,47,30,32,29,67,70,76,66,71,78,65,26,33,25,13,10,F,2011
E01031934,Wiltshire 001B,882,44,40,63,53,33,23,23,56,74,69,78,75,85,50,43,28,31,7,7,F,2011
E01031935,Wiltshire 001C,907,32,55,74,55,22,28,31,54,92,78,61,69,75,65,45,30,15,16,10,F,2011
E01031936,Wiltshire 001D,743,43,36,46,37,39,42,43,50,62,41,60,45,51,43,33,25,28,13,6,F,2011
E01031885,Wiltshire 002A,772,50,45,56,37,27,21,34,38,72,69,68,68,70,36,31,26,16,4,4,F,2011
E01031947,Wiltshire 002B,851,43,48,55,64,34,42,45,58,69,60,46,40,60,63,42,34,20,21,7,F,2011
E01031948,Wiltshire 002C,1053,84,82,50,60,56,60,77,91,76,108,74,54,41,34,46,21,17,17,5,F,2011
E01031949,Wiltshire 002D,929,48,48,40,41,41,45,46,77,82,85,53,52,72,49,47,28,31,29,15,F,2011
E01031954,Wiltshire 003A,686,32,31,55,42,33,18,32,40,55,66,56,50,55,39,35,19,16,12,0,F,2011
E01031955,Wiltshire 003B,850,26,56,41,48,19,24,28,46,74,72,60,53,54,43,54,41,37,46,28,F,2011
E01031956,Wiltshire 003C,673,45,38,42,42,35,28,29,40,56,53,39,40,38,33,36,20,28,16,15,F,2011
E01031962,Wiltshire 003D,663,23,25,50,48,11,10,16,35,65,69,56,37,64,37,41,34,17,22,3,F,2011
E01031886,Wiltshire 004A,705,30,35,36,40,24,18,22,45,61,62,68,60,78,51,28,22,13,7,5,F,2011
E01031892,Wiltshire 004B,717,24,43,47,36,22,18,20,38,46,69,69,58,67,56,32,23,23,18,8,F,2011
E01031893,Wiltshire 004C,765,32,47,48,29,32,18,32,45,77,72,72,63,63,46,34,19,21,11,4,F,2011
E01031894,Wiltshire 004D,752,29,38,58,41,14,26,16,41,64,77,71,64,70,50,34,25,21,11,2,F,2011
E01031957,Wiltshire 005A,788,56,49,55,37,28,17,41,60,72,73,65,37,45,38,42,20,28,19,6,F,2011
E01031958,Wiltshire 005B,703,41,41,47,37,15,20,25,42,56,64,63,52,47,46,38,26,24,16,3,F,2011
E01031959,Wiltshire 005C,829,40,38,33,42,24,33,33,51,51,52,61,68,56,65,43,44,42,33,20,F,2011
E01031960,Wiltshire 005D,697,71,39,42,34,34,53,77,45,40,53,45,29,39,35,21,16,14,8,2,F,2011
E01031963,Wiltshire 006A,956,42,51,65,62,34,47,48,64,68,62,69,49,73,48,33,43,41,32,25,F,2011
E01031964,Wiltshire 006B,834,29,19,34,61,40,28,28,47,53,99,58,67,80,41,48,45,37,14,6,F,2011
E01031967,Wiltshire 006C,987,55,44,45,63,60,56,45,64,76,78,65,52,40,50,47,43,37,39,28,F,2011
E01031969,Wiltshire 006D,705,33,29,38,63,28,26,28,61,72,78,72,66,43,36,16,5,6,4,1,F,2011
E01031944,Wiltshire 007B,538,26,32,24,31,18,22,41,38,57,49,50,40,37,28,12,20,7,4,2,F,2011
E01031946,Wiltshire 007D,896,131,79,65,39,84,140,118,92,60,49,16,7,8,2,1,4,1,0,0,F,2011
E01031961,Wiltshire 007E,663,40,46,29,35,28,16,31,45,53,62,47,52,55,47,34,20,11,9,3,F,2011
E01031965,Wiltshire 007F,720,32,29,26,39,26,26,28,43,45,51,57,61,92,63,31,30,19,15,7,F,2011
E01031966,Wiltshire 007G,784,29,37,47,53,23,19,35,49,59,82,62,48,63,54,43,30,34,12,5,F,2011
E01031968,Wiltshire 007H,814,35,39,43,59,35,31,38,61,62,67,62,67,68,51,28,26,24,9,9,F,2011
E01032699,Wiltshire 007I,1196,87,54,59,55,61,109,69,82,81,81,70,64,77,84,54,44,38,22,5,F,2011
E01031939,Wiltshire 008A,1120,50,69,90,90,30,18,36,79,112,97,90,82,80,72,54,27,28,10,6,F,2011
E01031940,Wiltshire 008B,1130,55,62,73,68,26,31,40,87,91,117,91,70,79,72,58,35,40,23,12,F,2011
E01031950,Wiltshire 008C,718,40,41,49,52,16,17,38,44,66,59,69,52,54,48,28,16,16,8,5,F,2011
E01031951,Wiltshire 008D,623,38,34,44,32,24,25,30,62,52,52,43,41,45,31,20,22,13,11,4,F,2011
E01031907,Wiltshire 009A,1292,69,80,103,88,66,62,68,107,160,140,97,66,47,28,35,25,20,18,13,F,2011
E01031910,Wiltshire 009B,734,40,33,56,62,41,44,48,60,59,60,50,38,37,28,25,24,12,12,5,F,2011
E01031914,Wiltshire 009C,692,43,64,71,63,34,39,40,58,48,50,29,41,32,21,19,15,6,13,6,F,2011
E01031915,Wiltshire 009D,709,42,41,41,32,28,21,41,53,61,61,45,39,42,33,29,26,33,22,19,F,2011
E01031919,Wiltshire 009E,818,47,63,65,58,23,19,44,52,69,67,56,39,48,52,38,29,24,16,9,F,2011
E01031920,Wiltshire 009F,627,47,35,39,44,40,33,45,41,65,56,42,33,27,19,22,16,12,8,3,F,2011
E01031905,Wiltshire 010A,739,40,50,71,71,27,22,28,48,88,85,71,56,39,18,13,8,0,3,1,F,2011
E01031906,Wiltshire 010B,730,54,36,59,33,50,60,50,71,72,67,50,37,35,16,17,13,7,3,0,F,2011
E01031908,Wiltshire 010C,835,46,56,51,53,50,77,48,59,64,69,63,38,39,39,25,26,16,14,2,F,2011
E01031909,Wiltshire 010D,654,28,25,40,36,20,24,37,27,51,60,58,39,61,47,33,31,15,14,8,F,2011
E01031925,Wiltshire 010E,614,40,37,37,46,45,27,28,33,34,39,29,45,31,25,39,28,18,19,14,F,2011
E01031926,Wiltshire 010F,766,42,31,56,40,43,47,46,52,60,70,46,51,38,40,33,21,26,15,9,F,2011
E01031927,Wiltshire 010G,655,19,37,44,48,29,28,21,43,51,58,55,54,39,48,38,19,14,8,2,F,2011
E01031911,Wiltshire 011A,718,44,52,54,56,55,44,60,48,52,48,40,32,25,27,25,20,17,8,11,F,2011
E01031912,Wiltshire 011B,686,51,28,19,36,68,82,43,49,61,35,34,21,27,20,22,22,25,32,11,F,2011
E01031913,Wiltshire 011C,703,39,47,40,31,24,39,36,41,75,51,38,52,48,37,20,32,11,19,23,F,2011
E01031917,Wiltshire 011D,711,47,23,35,61,60,60,55,34,44,54,39,29,30,32,17,17,18,28,28,F,2011
E01031918,Wiltshire 011E,1260,58,49,69,52,72,72,71,70,64,83,60,51,67,86,105,78,81,40,32,F,2011
E01031928,Wiltshire 011F,712,40,41,49,50,48,40,41,38,53,40,47,45,44,31,34,21,28,16,6,F,2011
E01031841,Wiltshire 012A,928,44,58,66,45,27,16,37,61,79,74,83,61,73,55,39,43,24,24,19,F,2011
E01031868,Wiltshire 012B,880,39,56,59,52,24,28,38,50,77,93,76,72,80,47,32,28,15,11,3,F,2011
E01031873,Wiltshire 012C,971,47,60,41,48,47,37,38,65,67,93,79,68,66,58,50,40,24,18,25,F,2011
E01031874,Wiltshire 012D,793,33,48,43,47,27,27,24,41,56,68,63,57,79,43,43,31,27,20,16,F,2011
E01031884,Wiltshire 012E,822,39,55,41,51,20,21,30,42,74,86,56,75,66,54,37,28,23,15,9,F,2011
E01031891,Wiltshire 013A,1178,37,53,95,76,40,21,26,66,101,124,102,85,100,75,51,48,34,27,17,F,2011
E01031904,Wiltshire 013B,1126,56,68,85,72,39,30,39,71,105,100,81,76,89,67,45,27,25,20,31,F,2011
E01031937,Wiltshire 013C,572,13,20,47,36,18,18,13,29,56,42,50,44,53,29,31,20,31,17,5,F,2011
E01031938,Wiltshire 013D,710,33,50,53,27,22,23,27,63,72,68,51,48,58,45,22,18,14,8,8,F,2011
E01031916,Wiltshire 014A,663,34,32,48,45,35,27,37,38,51,59,45,46,34,30,28,25,24,15,10,F,2011
E01031921,Wiltshire 014B,722,39,65,62,47,33,36,41,51,89,67,79,28,28,7,10,19,12,5,4,F,2011
E01031922,Wiltshire 014C,609,33,29,33,33,44,51,61,43,53,64,43,35,38,15,17,6,10,1,0,F,2011
E01031923,Wiltshire 014D,680,37,37,48,51,42,38,39,54,60,77,43,42,41,26,19,12,9,5,0,F,2011
E01031924,Wiltshire 014E,855,67,69,52,62,51,65,76,80,84,76,61,45,19,16,12,12,5,2,1,F,2011
E01031895,Wiltshire 015A,800,45,50,66,40,44,26,58,57,63,53,54,53,42,34,30,30,32,14,9,F,2011
E01031896,Wiltshire 015B,668,37,29,38,38,47,53,30,38,39,52,40,42,40,37,23,29,19,23,14,F,2011
E01031897,Wiltshire 015C,1088,90,77,71,68,37,71,60,115,106,83,64,51,71,55,35,18,12,3,1,F,2011
E01031898,Wiltshire 015D,1081,64,53,124,203,54,66,46,72,73,43,44,48,42,39,30,24,21,22,13,F,2011
E01032690,Wiltshire 015F,898,92,105,66,46,51,68,101,89,85,75,34,27,20,12,11,10,3,3,0,F,2011
E01032691,Wiltshire 015G,771,77,59,53,46,34,44,56,85,81,50,39,25,26,37,25,18,9,4,3,F,2011
E01031900,Wiltshire 016A,1167,55,41,51,65,40,38,51,59,84,109,83,74,77,67,67,73,57,47,29,F,2011
E01031901,Wiltshire 016B,771,61,41,43,53,46,50,45,58,60,63,43,44,41,38,31,23,14,14,3,F,2011
E01031902,Wiltshire 016C,564,38,27,32,50,21,36,27,47,55,55,40,34,41,20,16,10,9,5,1,F,2011
E01031903,Wiltshire 016D,1184,62,55,64,65,46,52,53,68,83,116,89,86,93,78,66,51,33,18,6,F,2011
E01031888,Wiltshire 017A,691,25,42,45,34,14,17,21,37,59,50,60,51,62,54,32,26,26,20,16,F,2011
E01031889,Wiltshire 017B,939,76,65,51,52,67,76,61,95,68,69,60,47,42,35,27,20,9,10,9,F,2011
E01031890,Wiltshire 017C,756,42,41,48,36,13,23,21,57,57,56,47,62,73,55,39,31,23,21,11,F,2011
E01031929,Wiltshire 017D,674,35,34,40,34,17,16,23,45,51,55,43,58,59,46,36,32,25,15,10,F,2011
E01031930,Wiltshire 017E,726,95,49,38,41,52,88,78,66,59,42,42,29,14,11,10,4,5,3,0,F,2011
E01031931,Wiltshire 018A,853,46,34,47,43,25,19,37,51,60,59,64,48,67,63,67,51,29,24,19,F,2011
E01031932,Wiltshire 018B,763,22,19,28,30,28,24,23,46,56,47,54,53,77,43,50,56,51,25,31,F,2011
E01031933,Wiltshire 018C,829,62,56,51,52,37,38,41,56,70,62,53,45,46,42,23,28,18,28,21,F,2011
E01031941,Wiltshire 018D,831,72,70,44,47,30,22,42,65,74,70,62,55,58,34,35,18,12,17,4,F,2011
E01031942,Wiltshire 018E,706,36,37,40,46,32,27,29,47,46,67,46,56,50,45,35,31,15,14,7,F,2011
E01031952,Wiltshire 018F,1301,73,69,82,78,61,86,70,76,89,107,80,88,74,71,53,43,43,36,22,F,2011
E01031953,Wiltshire 018G,1516,133,78,83,96,71,97,142,145,122,116,91,85,88,62,47,28,17,8,7,F,2011
E01031861,Wiltshire 019A,1282,59,49,61,86,50,52,47,71,103,88,99,79,81,82,57,60,68,58,32,F,2011
E01031862,Wiltshire 019B,807,50,42,44,48,32,51,61,59,81,56,61,52,29,43,26,26,22,18,6,F,2011
E01031863,Wiltshire 019C,618,37,24,23,29,28,43,29,32,49,42,39,31,44,38,39,24,20,27,20,F,2011
E01031864,Wiltshire 019D,690,33,46,41,54,16,15,21,31,55,70,62,48,64,48,29,26,23,3,5,F,2011
E01031865,Wiltshire 019E,964,25,35,75,263,38,17,31,26,67,57,31,32,43,53,36,41,45,26,23,F,2011
E01032063,Wiltshire 020A,958,49,64,69,63,58,49,42,84,82,66,50,52,55,63,39,37,21,13,2,F,2011
E01032064,Wiltshire 020B,689,47,51,47,72,32,39,36,58,54,46,49,40,36,23,17,15,12,11,4,F,2011
E01032065,Wiltshire 020C,800,47,50,48,52,42,47,42,53,74,65,51,41,37,38,43,31,21,13,5,F,2011
E01032073,Wiltshire 020D,713,53,50,47,40,43,69,56,64,54,52,47,32,32,33,15,15,9,2,0,F,2011
E01032074,Wiltshire 020E,574,24,12,17,25,22,19,19,17,35,38,32,35,93,72,41,32,20,15,6,F,2011
E01032043,Wiltshire 021A,747,25,39,72,110,18,18,20,47,44,53,51,51,45,44,37,35,16,15,7,F,2011
E01032044,Wiltshire 021B,707,29,42,29,35,22,18,24,35,41,51,49,51,59,53,44,45,33,27,20,F,2011
E01032057,Wiltshire 021C,600,20,29,29,30,18,18,24,34,40,52,55,39,67,41,26,34,18,13,13,F,2011
E01032070,Wiltshire 021D,742,32,27,28,39,34,52,21,32,53,52,57,71,61,69,37,28,25,16,8,F,2011
E01032071,Wiltshire 021E,1150,62,64,63,83,46,42,66,84,93,100,87,88,64,82,48,35,21,19,3,F,2011
E01032072,Wiltshire 021F,1032,72,65,81,70,62,75,70,74,95,103,70,59,57,29,20,16,12,1,1,F,2011
E01032062,Wiltshire 022A,843,59,31,41,40,59,43,43,66,58,45,35,43,45,30,30,30,49,54,42,F,2011
E01032066,Wiltshire 022B,791,61,52,52,47,35,44,55,67,61,54,42,44,58,34,30,21,20,11,3,F,2011
E01032067,Wiltshire 022C,759,37,39,43,39,29,36,38,53,45,49,57,43,64,60,42,41,22,13,9,F,2011
E01032068,Wiltshire 022D,705,36,28,31,33,38,25,37,41,45,53,33,44,36,29,42,42,56,33,23,F,2011
E01032069,Wiltshire 022E,644,32,24,40,52,29,33,24,31,58,58,64,42,36,28,33,23,26,7,4,F,2011
E01032058,Wiltshire 023A,716,44,28,47,43,17,28,43,43,58,51,56,49,52,33,38,26,27,20,13,F,2011
E01032059,Wiltshire 023B,945,38,51,71,53,26,13,32,48,64,83,70,64,92,67,53,42,39,23,16,F,2011
E01032060,Wiltshire 023C,810,34,34,32,41,17,23,20,36,53,54,58,67,63,61,46,46,56,37,32,F,2011
E01032061,Wiltshire 023D,624,36,25,32,42,11,12,25,45,38,44,44,48,57,56,37,28,20,16,8,F,2011
E01031866,Wiltshire 024A,790,38,40,43,45,29,27,29,51,54,70,74,68,68,55,35,26,18,11,9,F,2011
E01031869,Wiltshire 024B,994,49,58,56,52,58,49,38,70,66,68,63,59,63,67,42,47,38,34,17,F,2011
E01031870,Wiltshire 024C,910,45,49,38,45,32,35,38,64,54,78,67,67,62,61,52,46,33,22,22,F,2011
E01031871,Wiltshire 024D,864,46,50,51,52,24,29,26,38,77,99,63,65,61,53,45,42,21,14,8,F,2011
E01031850,Wiltshire 025A,999,44,28,36,44,68,54,65,56,55,70,57,62,77,67,48,64,38,34,32,F,2011
E01031851,Wiltshire 025B,781,45,58,56,52,44,45,44,50,65,80,52,49,39,22,26,26,15,7,6,F,2011
E01031852,Wiltshire 025C,1059,67,64,57,71,59,39,64,72,77,79,72,41,63,51,68,41,46,17,11,F,2011
E01032688,Wiltshire 025E,684,56,60,54,42,41,40,52,55,72,50,39,27,35,22,12,17,9,0,1,F,2011
E01032689,Wiltshire 025F,710,56,56,42,53,29,31,47,56,60,53,39,33,45,39,29,23,14,3,2,F,2011
E01032692,Wiltshire 025G,636,52,35,32,30,33,52,45,48,52,42,44,34,32,23,11,19,18,16,18,F,2011
E01032693,Wiltshire 025H,693,73,41,41,36,50,72,63,52,54,39,33,27,26,27,19,17,16,3,4,F,2011
E01031853,Wiltshire 026A,723,39,27,34,46,48,34,38,33,43,59,60,34,63,69,39,34,14,8,1,F,2011
E01031854,Wiltshire 026B,924,37,37,37,48,73,51,40,52,47,54,65,43,64,41,46,46,58,58,27,F,2011
E01031855,Wiltshire 026C,787,39,38,49,39,22,25,18,39,52,67,58,54,67,65,36,44,37,29,9,F,2011
E01031856,Wiltshire 026D,806,34,39,46,54,28,30,38,45,52,46,45,51,53,48,61,48,51,26,11,F,2011
E01032045,Wiltshire 027A,784,37,48,40,43,26,18,19,40,62,59,67,59,75,53,48,28,31,14,17,F,2011
E01032046,Wiltshire 027B,822,47,41,33,49,37,38,42,40,54,71,61,45,49,55,39,39,31,30,21,F,2011
E01032047,Wiltshire 027C,726,29,36,29,43,22,14,26,39,53,45,47,59,54,65,47,42,30,31,15,F,2011
E01032048,Wiltshire 027D,881,51,50,48,41,37,33,32,57,64,68,50,72,61,64,53,39,29,17,15,F,2011
E01032049,Wiltshire 027E,825,41,32,37,53,20,29,37,46,46,60,59,78,74,48,39,43,38,32,13,F,2011
E01032050,Wiltshire 027F,942,42,30,22,41,32,40,44,57,57,70,60,71,81,76,61,45,49,41,23,F,2011
E01031845,Wiltshire 028A,790,25,41,29,46,28,24,24,39,59,76,65,73,70,66,42,34,29,12,8,F,2011
E01031846,Wiltshire 028B,845,41,54,46,47,38,34,34,51,76,63,79,62,53,55,38,30,21,16,7,F,2011
E01031848,Wiltshire 028C,903,33,54,60,59,29,26,27,34,74,97,81,58,87,71,40,25,28,16,4,F,2011
E01031872,Wiltshire 028D,850,32,51,48,52,30,43,33,53,62,50,80,55,74,67,48,27,29,9,7,F,2011
E01031876,Wiltshire 028E,784,46,39,45,47,23,23,32,51,53,54,52,57,68,68,46,25,26,19,10,F,2011
E01031843,Wiltshire 029A,922,32,60,69,51,18,30,31,71,77,88,70,69,58,52,53,37,33,14,9,F,2011
E01031847,Wiltshire 029B,906,51,60,55,44,30,24,51,49,84,77,68,68,67,47,46,34,19,13,19,F,2011
E01031849,Wiltshire 029C,823,56,43,45,35,30,41,49,62,67,64,64,69,55,46,35,35,13,10,4,F,2011
E01031877,Wiltshire 029D,925,57,49,67,36,24,22,38,52,79,85,88,65,78,72,45,31,22,10,5,F,2011
E01032077,Wiltshire 030A,836,33,41,53,46,31,19,33,46,72,91,76,65,68,56,37,22,20,21,6,F,2011
E01032078,Wiltshire 030B,1480,142,89,95,68,129,108,135,123,119,91,92,71,68,53,24,25,17,8,23,F,2011
E01032079,Wiltshire 030C,752,31,36,47,41,18,28,39,46,62,53,56,47,55,52,47,38,32,17,7,F,2011
E01032080,Wiltshire 030D,898,61,86,85,56,26,30,48,92,102,74,61,38,40,29,32,17,10,10,1,F,2011
E01032085,Wiltshire 031A,860,60,41,40,54,58,71,70,50,78,58,62,61,39,33,20,26,21,14,4,F,2011
E01032086,Wiltshire 031B,1175,85,65,56,69,135,142,95,85,81,76,53,48,45,31,28,19,28,21,13,F,2011
E01032087,Wiltshire 031C,1084,58,45,50,63,53,76,52,61,78,72,81,64,73,62,77,47,47,18,7,F,2011
E01032099,Wiltshire 032A,1575,136,131,115,82,87,98,111,147,124,102,77,62,83,61,36,50,31,20,22,F,2011
E01032100,Wiltshire 032B,774,52,28,43,25,36,53,51,43,55,51,52,41,53,58,37,34,21,25,16,F,2011
E01032101,Wiltshire 032C,843,52,43,35,42,64,61,57,49,57,55,54,49,52,28,29,35,36,24,21,F,2011
E01032102,Wiltshire 032D,814,30,38,46,42,24,24,34,55,58,58,35,54,78,56,44,44,41,28,25,F,2011
E01032096,Wiltshire 033A,984,80,69,94,89,65,56,53,69,75,58,39,43,44,35,36,25,27,14,13,F,2011
E01032097,Wiltshire 033B,960,43,36,74,56,34,27,37,52,76,69,89,68,94,50,42,48,30,27,8,F,2011
E01032098,Wiltshire 033C,888,39,29,64,62,41,33,36,48,69,72,75,47,61,54,36,42,32,26,22,F,2011
E01031844,Wiltshire 034A,1004,57,62,71,55,48,44,57,72,90,90,78,58,68,66,35,25,15,7,6,F,2011
E01031857,Wiltshire 034B,827,33,38,62,41,27,30,36,48,58,83,74,47,42,34,38,38,27,26,45,F,2011
E01031858,Wiltshire 034C,1052,48,53,93,187,31,21,27,56,73,90,80,56,79,46,31,30,23,20,8,F,2011
E01031883,Wiltshire 034D,924,35,43,48,30,33,30,23,42,66,70,73,81,90,72,57,51,41,30,9,F,2011
E01032092,Wiltshire 035A,713,34,36,28,40,47,40,46,43,66,66,68,59,52,36,20,14,10,6,2,F,2011
E01032093,Wiltshire 035B,987,78,66,79,85,55,67,61,89,73,79,67,38,42,40,27,21,9,7,4,F,2011
E01032094,Wiltshire 035C,1192,109,61,79,81,78,103,127,88,72,79,66,63,40,32,38,34,23,12,7,F,2011
E01032095,Wiltshire 035D,856,60,50,56,47,58,48,53,60,69,57,53,70,59,50,18,21,15,5,7,F,2011
E01032088,Wiltshire 036A,792,45,45,54,30,39,46,37,44,55,46,60,55,62,43,45,28,29,21,8,F,2011
E01032089,Wiltshire 036B,728,67,37,39,37,49,80,82,68,65,36,40,32,23,23,15,14,6,12,3,F,2011
E01032090,Wiltshire 036C,750,49,38,41,41,46,45,46,50,56,52,45,30,61,46,33,24,25,11,11,F,2011
E01032091,Wiltshire 036D,622,45,29,40,35,42,29,43,43,48,48,41,43,34,29,31,21,15,4,2,F,2011
E01032053,Wiltshire 037A,717,48,21,36,42,38,22,42,41,53,48,55,48,58,65,34,33,14,14,5,F,2011
E01032083,Wiltshire 037B,1165,68,64,77,59,55,35,66,62,79,97,74,90,100,101,41,41,28,24,4,F,2011
E01032084,Wiltshire 037C,1372,73,74,97,68,49,41,40,81,99,114,98,84,133,115,88,58,32,16,12,F,2011
E01031842,Wiltshire 038A,991,34,66,69,63,37,30,28,51,82,93,96,82,84,64,30,42,22,12,6,F,2011
E01031867,Wiltshire 038B,924,46,48,44,53,52,26,49,49,80,101,79,74,62,51,38,32,21,13,6,F,2011
E01031882,Wiltshire 038C,1036,82,72,42,37,45,43,59,76,78,92,65,70,85,66,33,38,28,13,12,F,2011
E01032052,Wiltshire 039A,646,27,25,32,27,27,23,17,27,47,55,58,46,79,55,34,25,15,20,7,F,2011
E01032054,Wiltshire 039B,658,41,38,49,32,32,39,34,42,43,38,46,49,42,47,32,22,11,15,6,F,2011
E01032055,Wiltshire 039C,633,18,26,37,30,12,17,14,30,44,47,55,59,68,53,45,24,20,21,13,F,2011
E01032056,Wiltshire 039D,693,40,43,53,37,24,22,25,45,55,58,56,44,55,49,27,30,17,6,7,F,2011
E01032121,Wiltshire 039E,794,38,48,39,38,36,44,42,44,50,69,44,42,72,55,42,30,30,25,6,F,2011
E01032115,Wiltshire 040A,898,46,36,44,62,52,50,52,56,65,53,47,48,47,35,41,48,41,39,36,F,2011
E01032116,Wiltshire 040B,1324,79,81,90,77,79,92,75,93,107,96,76,61,91,59,57,48,29,22,12,F,2011
E01032117,Wiltshire 040C,1393,98,110,115,77,80,87,87,121,115,124,71,75,59,54,27,24,34,21,14,F,2011
E01032118,Wiltshire 040D,815,62,62,69,77,39,54,45,65,55,61,46,35,34,29,29,18,12,17,6,F,2011
E01032119,Wiltshire 040E,979,84,54,49,63,76,73,62,78,82,60,56,35,55,39,36,29,22,10,16,F,2011
E01032694,Wiltshire 040G,858,68,84,80,53,50,70,84,81,83,69,45,32,27,18,4,3,3,4,0,F,2011
E01032695,Wiltshire 040H,744,31,33,42,39,23,37,23,42,43,60,52,60,62,59,42,31,32,9,24,F,2011
E01031859,Wiltshire 041A,937,61,59,53,60,53,62,64,61,59,64,62,39,42,27,39,40,47,25,20,F,2011
E01031860,Wiltshire 041B,771,37,54,50,41,39,49,49,52,59,47,59,58,66,34,29,20,14,10,4,F,2011
E01031878,Wiltshire 041C,1099,122,96,68,65,59,118,94,103,111,68,57,43,38,23,13,5,9,5,2,F,2011
E01031879,Wiltshire 041D,888,154,67,38,29,144,209,106,53,34,21,9,7,4,2,2,4,4,1,0,F,2011
E01031880,Wiltshire 041E,1099,140,103,79,88,102,123,128,110,81,63,29,25,9,5,6,3,2,2,1,F,2011
E01032697,Wiltshire 041G,744,105,61,40,55,89,83,78,69,56,42,20,22,11,3,7,2,1,0,0,F,2011
E01032698,Wiltshire 041H,853,75,67,58,69,36,64,61,57,83,58,50,41,42,34,24,12,15,5,2,F,2011
E01032104,Wiltshire 042A,660,33,37,57,47,39,36,27,36,52,57,39,44,32,22,25,23,29,16,9,F,2011
E01032105,Wiltshire 042B,760,15,29,35,35,28,21,23,21,59,56,64,64,69,57,44,56,36,37,11,F,2011
E01032107,Wiltshire 042C,779,141,85,37,45,64,93,101,84,58,39,9,5,7,3,3,2,1,1,1,F,2011
E01032108,Wiltshire 042D,723,28,40,33,33,22,28,26,38,49,40,42,43,46,52,37,48,47,38,33,F,2011
E01032110,Wiltshire 043A,814,32,37,45,43,25,33,39,48,45,65,61,60,74,62,52,40,30,14,9,F,2011
E01032111,Wiltshire 043B,651,34,35,42,36,43,36,30,24,51,48,58,27,42,46,36,23,24,9,7,F,2011
E01032112,Wiltshire 043C,780,45,48,45,47,41,49,60,60,67,65,64,43,41,37,16,22,14,6,10,F,2011
E01032113,Wiltshire 043D,714,43,31,43,36,34,42,44,41,48,52,49,56,57,48,28,32,13,11,6,F,2011
E01032103,Wiltshire 044A,868,34,26,40,55,57,71,45,43,48,52,55,40,63,50,45,42,43,44,15,F,2011
E01032106,Wiltshire 044B,746,27,24,44,36,18,29,21,28,52,53,58,40,65,77,53,37,32,34,18,F,2011
E01032109,Wiltshire 044C,765,38,35,43,54,45,38,34,51,60,69,56,45,55,37,36,31,22,9,7,F,2011
E01032114,Wiltshire 044D,772,32,40,56,86,33,35,30,51,56,47,57,42,43,34,32,30,29,29,10,F,2011
E01031988,Wiltshire 045B,814,141,60,24,30,108,163,112,68,42,37,13,8,4,1,2,0,0,1,0,F,2011
E01031998,Wiltshire 045C,1250,207,127,82,57,130,196,169,137,78,41,8,4,7,3,2,1,0,1,0,F,2011
E01032026,Wiltshire 045D,806,49,38,43,44,17,29,33,41,77,82,68,47,66,64,36,33,21,6,12,F,2011
E01032696,Wiltshire 045F,1207,72,61,79,54,101,79,67,84,104,94,84,58,59,56,48,36,42,23,6,F,2011
E01031989,Wiltshire 046A,769,60,62,52,43,33,60,51,57,61,51,41,36,40,37,30,27,14,11,3,F,2011
E01031996,Wiltshire 046B,718,33,42,38,58,43,41,41,47,44,58,58,37,33,38,30,25,25,13,14,F,2011
E01031997,Wiltshire 046C,715,37,33,37,48,45,34,48,44,52,63,57,59,58,37,24,17,9,9,4,F,2011
E01031999,Wiltshire 046D,774,26,36,51,42,34,31,36,43,57,72,71,55,69,40,40,35,21,13,2,F,2011
E01032051,Wiltshire 047A,682,28,34,32,38,20,14,17,34,56,60,53,54,78,59,40,24,21,12,8,F,2011
E01032075,Wiltshire 047B,692,44,37,32,37,28,25,26,28,48,67,50,42,54,68,38,34,22,6,6,F,2011
E01032076,Wiltshire 047C,645,23,36,46,32,24,22,21,33,55,43,48,43,57,51,36,29,24,10,12,F,2011
E01032081,Wiltshire 047D,650,25,21,38,40,24,22,24,28,35,60,55,47,53,60,28,30,31,17,12,F,2011
E01032082,Wiltshire 047E,635,15,30,26,39,27,21,19,36,44,72,54,48,55,44,30,29,21,13,12,F,2011
E01031974,Wiltshire 048A,645,14,29,26,30,26,23,11,29,39,60,50,31,53,44,53,51,46,17,13,F,2011
E01031975,Wiltshire 048B,668,29,39,41,55,23,30,26,36,48,51,45,30,53,48,35,29,27,12,11,F,2011
E01031976,Wiltshire 048C,720,87,65,53,41,39,58,67,67,79,58,32,29,12,10,9,11,2,1,0,F,2011
E01031977,Wiltshire 048D,1506,127,136,113,81,80,93,121,156,155,114,88,65,49,42,39,24,13,8,2,F,2011
E01031978,Wiltshire 048E,899,64,71,55,57,57,77,73,80,71,87,65,45,38,24,13,6,7,8,1,F,2011
E01031979,Wiltshire 048F,1071,44,40,49,48,54,68,52,58,60,90,94,63,73,51,53,32,51,42,49,F,2011
E01032013,Wiltshire 049A,1047,52,48,66,53,32,39,48,65,83,75,85,75,76,76,58,35,37,25,19,F,2011
E01032032,Wiltshire 049B,826,28,38,44,68,28,24,18,38,68,78,59,58,78,64,45,38,26,19,7,F,2011
E01032033,Wiltshire 049C,710,42,34,34,37,26,19,35,43,64,64,63,52,63,45,34,26,15,11,3,F,2011
E01032034,Wiltshire 049D,729,45,46,42,38,26,34,28,39,61,53,49,53,44,46,38,39,27,15,6,F,2011
E01032010,Wiltshire 050A,1078,36,46,65,52,35,24,28,48,72,97,83,97,93,80,68,48,45,33,28,F,2011
E01032035,Wiltshire 050B,786,23,38,32,30,18,23,14,40,40,50,57,59,77,72,72,46,47,30,18,F,2011
E01032036,Wiltshire 050C,741,31,38,37,37,21,24,16,45,61,69,61,66,59,62,33,29,21,20,11,F,2011
E01032037,Wiltshire 050D,757,35,42,32,24,33,41,26,40,35,61,52,52,61,46,48,36,36,38,19,F,2011
E01031984,Wiltshire 051A,840,59,63,74,56,30,27,38,64,83,91,65,41,51,34,28,17,13,5,1,F,2011
E01031985,Wiltshire 051B,689,50,37,39,37,21,38,38,47,54,58,49,35,34,23,36,35,28,12,18,F,2011
E01031986,Wiltshire 051C,656,30,34,23,26,29,32,44,41,43,46,36,42,32,48,41,44,29,31,5,F,2011
E01032017,Wiltshire 051D,796,33,40,51,49,20,23,26,40,71,66,63,50,61,39,42,44,40,26,12,F,2011
E01031980,Wiltshire 052A,778,54,54,54,60,49,52,60,53,78,67,45,42,34,28,17,14,9,6,2,F,2011
E01031981,Wiltshire 052B,874,52,63,65,84,53,49,55,60,79,62,53,44,51,26,24,17,27,9,1,F,2011
E01031982,Wiltshire 052C,738,34,52,41,64,37,39,40,51,62,55,52,49,43,36,30,18,15,18,2,F,2011
E01031983,Wiltshire 052D,928,85,59,72,56,77,89,62,72,74,61,35,48,36,29,26,16,22,7,2,F,2011
E01032018,Wiltshire 053A,818,36,36,43,48,22,26,35,45,51,58,69,55,78,72,45,38,23,21,17,F,2011
E01032019,Wiltshire 053B,820,50,31,40,44,32,39,39,50,51,57,48,43,37,37,36,34,34,60,58,F,2011
E01032020,Wiltshire 053C,771,28,48,42,47,31,34,39,39,60,57,58,57,51,49,41,37,24,20,9,F,2011
E01032025,Wiltshire 053D,725,38,32,27,45,41,28,38,49,54,59,57,55,59,47,35,23,22,11,5,F,2011
E01031990,Wiltshire 054A,1028,48,58,73,63,30,24,33,57,77,91,98,72,76,58,49,42,35,30,14,F,2011
E01032004,Wiltshire 054B,1170,55,63,75,64,32,35,36,72,97,98,86,65,104,95,64,47,46,25,11,F,2011
E01032027,Wiltshire 054C,685,26,36,27,23,19,20,20,23,67,56,64,49,65,67,41,31,31,14,6,F,2011
E01032038,Wiltshire 054D,701,26,28,19,25,19,19,27,31,54,52,49,45,51,69,42,67,45,20,13,F,2011
E01032039,Wiltshire 054E,743,58,35,23,20,48,51,51,60,58,31,47,49,38,35,36,34,20,24,25,F,2011
E01032040,Wiltshire 054F,777,58,41,37,40,38,37,42,48,63,61,54,45,49,42,41,23,30,18,10,F,2011
E01032001,Wiltshire 055A,743,46,44,32,47,39,33,43,47,58,61,75,53,54,25,31,21,17,10,7,F,2011
E01032002,Wiltshire 055B,718,64,32,19,31,47,50,63,40,50,50,44,45,33,32,22,17,33,23,23,F,2011
E01032003,Wiltshire 055C,727,46,25,18,28,64,76,54,48,46,39,39,40,39,23,37,37,20,27,21,F,2011
E01032024,Wiltshire 055D,1211,86,52,43,41,116,161,127,98,89,68,71,45,59,44,32,27,22,19,11,F,2011
E01032014,Wiltshire 056A,883,38,31,40,30,78,83,48,55,44,52,37,33,52,44,33,53,57,46,29,F,2011
E01032015,Wiltshire 056B,747,31,32,55,51,40,59,44,46,44,58,63,50,42,38,16,26,17,16,19,F,2011
E01032016,Wiltshire 056C,713,36,34,33,41,38,43,51,53,49,62,57,49,46,41,27,22,19,4,8,F,2011
E01032021,Wiltshire 056D,870,33,33,41,113,50,71,61,56,46,47,44,35,48,41,35,34,25,33,24,F,2011
E01032000,Wiltshire 057A,1227,71,67,71,75,72,73,65,79,100,80,67,77,93,65,50,56,36,19,11,F,2011
E01032011,Wiltshire 057B,1344,111,108,84,68,84,118,87,88,92,101,83,54,72,52,48,36,34,14,10,F,2011
E01032012,Wiltshire 057C,981,32,37,41,52,22,27,32,43,52,59,63,58,80,81,83,76,58,48,37,F,2011
E01032008,Wiltshire 058A,765,34,43,52,44,23,30,23,47,63,47,49,46,57,49,46,37,40,22,13,F,2011
E01032009,Wiltshire 058B,957,37,34,40,37,30,25,49,38,58,51,62,69,92,74,81,67,48,39,26,F,2011
E01032022,Wiltshire 058C,929,33,35,49,27,60,93,52,39,38,44,38,42,43,56,47,50,69,74,40,F,2011
E01032005,Wiltshire 059A,693,38,31,44,40,24,32,33,39,45,62,55,51,32,31,29,30,33,26,18,F,2011
E01032006,Wiltshire 059B,684,46,48,48,39,27,25,43,52,52,50,55,47,42,37,19,25,19,8,2,F,2011
E01032007,Wiltshire 059C,692,55,34,53,39,32,56,55,52,51,60,64,28,42,19,17,13,16,5,1,F,2011
E01032023,Wiltshire 059D,968,56,50,30,70,91,76,57,47,52,58,40,47,41,47,40,42,62,40,22,F,2011
E01031970,Wiltshire 060A,852,36,35,62,59,34,27,31,43,61,71,79,58,58,51,41,41,33,22,10,F,2011
E01031971,Wiltshire 060B,627,30,28,43,30,28,48,37,45,38,52,43,26,56,39,35,21,17,8,3,F,2011
E01031972,Wiltshire 060C,759,42,46,46,39,22,26,24,43,70,61,53,55,67,47,43,38,19,13,5,F,2011
E01032041,Wiltshire 060D,986,29,52,60,65,29,16,28,35,77,77,73,96,83,74,65,50,40,29,8,F,2011
E01032042,Wiltshire 060E,898,49,55,67,55,24,21,41,45,65,94,73,54,78,55,49,25,15,18,15,F,2011
E01031991,Wiltshire 061A,1171,36,44,137,156,31,31,24,43,75,85,90,88,76,79,60,55,37,21,3,F,2011
E01032029,Wiltshire 061B,724,23,41,48,47,17,20,22,38,54,63,48,53,68,51,50,27,23,21,10,F,2011
E01032030,Wiltshire 061C,809,39,34,38,39,39,34,35,36,58,53,57,54,63,51,49,45,39,22,24,F,2011
E01032031,Wiltshire 061D,554,26,26,18,24,14,11,15,34,29,38,45,40,55,47,41,33,30,15,13,F,2011
E01031973,Wiltshire 062A,969,52,57,54,49,36,27,32,51,64,67,75,69,77,77,49,39,39,29,26,F,2011
E01031992,Wiltshire 062B,756,24,34,44,33,22,17,20,33,59,51,63,67,83,65,37,47,27,24,6,F,2011
E01031993,Wiltshire 062C,752,45,29,37,43,28,32,34,47,49,49,46,54,59,62,46,41,29,13,9,F,2011
E01031994,Wiltshire 062D,726,33,25,52,44,36,32,21,31,57,48,68,47,42,52,28,28,26,31,25,F,2011
E01031995,Wiltshire 062E,820,30,44,50,41,31,27,28,48,64,65,64,56,58,45,48,45,39,28,9,F,2011
E07000040,,69317,2842,2921,3406,3564,2553,2583,2722,3452,4520,4825,4576,4646,5633,5239,4371,3783,3489,2518,1674,F,2011
E01019902,East Devon 001A,1015,40,38,54,45,33,40,37,35,77,76,56,56,82,104,64,61,65,33,19,F,2011
E01019938,East Devon 001B,1095,39,42,50,45,39,46,34,48,78,89,87,100,106,89,81,48,27,29,18,F,2011
E01019967,East Devon 001C,652,29,29,33,39,16,14,19,27,40,43,59,57,79,54,40,28,19,21,6,F,2011
E01019927,East Devon 002A,672,29,33,30,41,47,41,38,30,40,40,36,40,40,27,30,35,41,28,26,F,2011
E01019932,East Devon 002B,856,44,20,31,51,62,41,41,48,49,72,45,36,65,53,66,30,43,43,16,F,2011
E01019933,East Devon 002C,636,32,22,30,21,40,31,31,33,50,39,44,42,40,47,34,28,30,28,14,F,2011
E01019934,East Devon 002D,987,26,40,44,45,27,30,29,57,48,50,71,62,104,77,71,63,69,43,31,F,2011
E01019928,East Devon 003A,769,44,51,38,51,40,37,48,48,56,55,53,51,52,35,25,26,34,18,7,F,2011
E01019929,East Devon 003B,764,47,36,38,44,40,41,56,61,75,57,37,48,43,36,34,28,23,12,8,F,2011
E01019930,East Devon 003C,743,35,30,26,29,33,31,36,45,37,41,54,39,54,51,51,53,61,28,9,F,2011
E01019931,East Devon 003D,671,25,28,30,52,33,23,23,38,44,54,52,37,50,46,45,35,22,20,14,F,2011
E01019925,East Devon 004A,644,42,27,34,35,27,23,49,56,49,59,33,37,45,40,34,23,9,18,4,F,2011
E01019959,East Devon 004D,583,23,33,30,29,21,20,28,34,51,39,42,35,52,38,36,33,23,7,9,F,2011
E01019960,East Devon 004E,694,39,42,42,45,26,17,32,49,47,44,71,59,59,44,27,27,9,10,5,F,2011
E01019962,East Devon 004F,1257,58,52,88,91,38,46,53,55,112,120,97,97,93,93,58,46,29,22,9,F,2011
E01032628,East Devon 004G,1056,36,49,63,60,24,31,40,43,78,88,88,95,103,82,52,36,54,19,15,F,2011
E01019886,East Devon 005A,1365,69,81,79,75,56,52,54,87,86,103,79,99,121,98,93,50,43,26,14,F,2011
E01019887,East Devon 005B,752,30,46,39,34,45,38,51,39,56,48,37,48,44,47,35,29,50,17,19,F,2011
E01019888,East Devon 005C,864,21,31,27,39,46,43,24,39,62,42,46,54,58,56,63,60,56,58,39,F,2011
E01019889,East Devon 005D,762,26,39,42,37,21,28,23,43,44,58,47,48,57,62,57,41,47,29,13,F,2011
E01019966,East Devon 005E,541,11,26,29,30,16,14,11,25,36,37,39,39,56,56,46,28,24,11,7,F,2011
E01019891,East Devon 006A,730,32,38,44,40,24,30,28,42,59,70,70,59,45,31,37,40,18,14,9,F,2011
E01019892,East Devon 006B,788,30,44,49,37,26,36,35,66,68,74,55,48,53,34,39,28,27,27,12,F,2011
E01019893,East Devon 006C,968,49,65,60,62,22,31,40,63,76,79,85,62,71,70,37,32,36,11,17,F,2011
E01019903,East Devon 006D,1059,48,56,46,61,26,32,36,67,88,81,72,75,89,89,68,48,42,24,11,F,2011
E01019899,East Devon 007A,712,29,23,40,50,33,17,13,28,60,54,44,50,55,52,49,31,46,25,13,F,2011
E01019900,East Devon 007B,956,28,34,34,50,25,29,15,33,45,57,67,51,102,107,71,65,59,50,34,F,2011
E01019935,East Devon 007C,649,17,29,28,26,14,18,9,26,33,44,54,61,60,63,44,42,36,28,17,F,2011
E01019936,East Devon 007D,573,19,16,25,39,9,16,17,16,37,40,35,50,66,60,45,24,33,16,10,F,2011
E01019961,East Devon 007E,1310,40,52,73,73,28,22,36,45,86,107,97,113,134,122,80,64,67,38,33,F,2011
E01019939,East Devon 008A,780,28,43,50,50,22,14,11,35,49,71,55,48,63,65,55,48,42,20,11,F,2011
E01019940,East Devon 008B,835,18,39,54,48,17,11,13,29,61,63,47,60,89,73,66,55,41,28,23,F,2011
E01019942,East Devon 008C,918,43,51,52,51,28,40,40,63,69,79,62,53,58,55,56,42,42,26,8,F,2011
E01019943,East Devon 008D,805,21,38,63,52,17,20,26,40,62,74,60,60,67,50,64,39,23,23,6,F,2011
E01019944,East Devon 008E,823,46,46,65,38,33,42,46,40,59,56,55,46,53,45,39,39,34,27,14,F,2011
E01019890,East Devon 009A,930,42,34,42,42,29,34,36,33,56,80,59,82,97,90,51,37,36,30,20,F,2011
E01019901,East Devon 009B,676,22,19,32,51,23,16,22,29,38,52,55,43,76,70,59,24,19,14,12,F,2011
E01019951,East Devon 009C,1172,22,40,43,65,20,36,16,34,58,84,67,91,137,112,98,76,85,46,42,F,2011
E01019946,East Devon 010A,731,12,19,22,22,16,6,22,15,37,31,33,50,94,84,74,59,50,45,40,F,2011
E01019947,East Devon 010B,987,38,26,29,33,50,47,25,46,45,50,50,62,81,62,66,76,75,65,61,F,2011
E01019948,East Devon 010C,672,14,20,26,33,9,12,12,28,34,43,35,39,70,60,58,69,55,31,24,F,2011
E01019949,East Devon 010D,771,24,16,29,25,24,18,26,29,32,45,47,45,61,80,56,64,72,52,26,F,2011
E01019950,East Devon 010E,649,17,21,46,30,14,17,16,32,39,38,43,46,48,70,53,43,36,26,14,F,2011
E01019952,East Devon 011A,951,31,31,41,34,24,27,25,40,56,51,57,57,77,104,61,78,71,54,32,F,2011
E01019953,East Devon 011B,795,30,23,23,29,21,14,17,24,54,36,48,50,84,89,76,63,58,41,15,F,2011
E01019954,East Devon 011C,815,35,41,38,46,31,44,34,48,59,73,53,50,54,48,47,41,43,12,18,F,2011
E01019955,East Devon 011D,863,28,26,64,36,21,20,24,38,53,65,46,53,68,72,71,60,61,37,20,F,2011
E01019956,East Devon 012A,921,23,16,27,32,29,41,25,29,49,59,53,64,62,57,66,69,81,73,66,F,2011
E01019957,East Devon 012B,958,9,9,25,27,22,26,16,8,20,34,36,56,97,95,89,115,121,97,56,F,2011
E01019958,East Devon 012C,962,30,39,42,43,22,21,18,40,48,60,62,68,79,64,76,89,69,57,35,F,2011
E01019937,East Devon 013A,1107,37,38,71,63,39,28,38,48,75,85,72,87,98,94,65,71,48,34,16,F,2011
E01019945,East Devon 013B,1081,43,44,61,95,29,41,51,54,63,89,78,95,105,63,61,45,27,22,15,F,2011
E01019963,East Devon 013C,844,37,61,39,37,20,31,45,59,67,76,58,51,56,55,51,39,25,24,13,F,2011
E01019898,East Devon 014A,1163,38,43,47,56,26,38,46,53,86,79,95,95,104,113,79,58,57,34,16,F,2011
E01019964,East Devon 014B,553,23,21,36,31,29,18,12,19,38,44,41,49,49,36,26,42,15,12,12,F,2011
E01019965,East Devon 014C,915,49,44,55,30,21,30,66,74,61,56,51,65,60,74,55,47,44,20,13,F,2011
E01019904,East Devon 015A,732,33,48,33,50,18,30,27,39,51,48,62,47,48,44,47,38,25,29,15,F,2011
E01019905,East Devon 015B,1034,42,52,69,72,38,30,43,58,79,103,100,78,73,74,37,25,32,18,11,F,2011
E01019906,East Devon 015C,791,50,32,34,29,37,45,57,43,50,59,57,49,65,40,33,36,41,25,9,F,2011
E01019907,East Devon 015D,769,26,33,29,35,22,32,26,37,59,49,48,46,59,66,70,56,39,20,17,F,2011
E01019908,East Devon 016A,942,68,62,62,67,51,70,67,95,86,71,63,53,36,40,17,17,11,6,0,F,2011
E01019909,East Devon 016B,938,47,31,41,47,29,20,26,44,62,62,57,76,83,79,61,57,61,34,21,F,2011
E01019910,East Devon 016C,823,45,49,27,44,34,25,27,41,72,52,63,68,70,67,41,43,23,21,11,F,2011
E01019911,East Devon 016D,842,30,24,20,18,15,29,21,25,33,45,48,55,96,84,78,67,64,57,33,F,2011
E01019894,East Devon 017A,778,12,9,23,20,9,13,7,15,33,26,41,43,83,94,82,80,79,69,40,F,2011
E01019895,East Devon 017B,737,18,26,36,28,11,18,13,21,38,45,46,56,61,87,69,56,42,37,29,F,2011
E01019896,East Devon 017C,909,23,34,45,26,15,14,20,25,48,44,39,52,75,100,81,67,67,66,68,F,2011
E01019897,East Devon 017D,825,49,56,37,38,33,35,49,64,63,45,57,33,59,57,37,23,45,27,18,F,2011
E01019920,East Devon 018A,791,45,33,54,43,41,37,59,44,49,67,55,47,66,35,36,19,27,18,16,F,2011
E01019921,East Devon 018B,833,51,31,54,54,34,30,38,46,76,57,48,52,75,43,42,39,21,19,23,F,2011
E01019922,East Devon 018C,796,33,35,47,68,33,29,26,49,56,62,46,45,53,49,54,39,33,20,19,F,2011
E01019923,East Devon 018D,631,30,27,39,35,15,20,35,47,46,42,31,45,58,53,36,35,21,9,7,F,2011
E01019924,East Devon 018E,813,55,50,49,62,46,49,58,49,68,70,69,54,47,28,21,21,9,5,3,F,2011
E01019916,East Devon 019A,981,81,47,31,38,118,103,98,68,61,48,53,42,43,35,23,30,21,26,15,F,2011
E01019917,East Devon 019B,826,52,44,42,51,50,44,53,59,56,59,61,54,50,32,35,21,27,20,16,F,2011
E01019918,East Devon 019C,977,55,28,29,38,91,93,67,43,65,50,67,74,58,36,60,41,32,25,25,F,2011
E01019919,East Devon 019D,899,64,45,39,56,80,73,66,68,49,72,56,54,31,33,35,25,20,20,13,F,2011
E01019912,East Devon 020A,928,40,26,26,38,41,45,39,37,43,52,57,54,66,64,66,70,60,53,51,F,2011
E01019913,East Devon 020B,868,13,17,20,23,21,12,16,21,24,33,39,44,70,95,65,81,103,106,65,F,2011
E01019914,East Devon 020C,1150,57,48,72,61,65,52,51,62,76,79,85,60,74,76,58,62,52,33,27,F,2011
E01019915,East Devon 020D,904,26,34,50,48,33,25,19,39,42,52,58,52,69,85,57,65,62,52,36,F,2011
E07000041,,60075,3281,2644,2635,4315,7171,4478,3980,3530,3744,3917,3370,3083,3190,2525,2196,1937,1889,1356,834,F,2011
E01019998,Exeter 001C,728,46,37,36,29,35,48,51,43,44,59,60,60,58,34,18,24,24,17,5,F,2011
E01019999,Exeter 001D,652,29,23,28,31,121,26,21,33,33,40,46,40,49,23,35,26,23,18,7,F,2011
E01020001,Exeter 001E,685,27,23,36,36,32,40,35,30,48,46,59,52,74,55,33,21,21,12,5,F,2011
E01033233,Exeter 001F,2543,30,32,37,873,657,78,62,44,48,79,79,81,85,87,84,67,65,40,15,F,2011
E01019990,Exeter 002A,707,40,38,49,40,61,58,49,41,46,58,45,48,26,40,21,28,12,7,0,F,2011
E01019991,Exeter 002B,770,59,55,42,48,48,82,61,37,65,57,48,38,27,29,19,28,17,10,0,F,2011
E01019993,Exeter 002C,574,19,20,21,34,38,34,35,32,51,61,43,49,36,28,16,18,23,12,4,F,2011
E01020000,Exeter 002D,699,39,41,38,33,47,44,47,45,46,31,45,41,40,44,25,28,40,20,5,F,2011
E01020007,Exeter 002E,699,27,15,13,38,340,52,40,28,28,19,27,26,12,10,8,5,0,9,2,F,2011
E01019992,Exeter 003A,796,48,37,46,41,41,52,50,39,52,68,54,59,43,37,27,35,31,16,20,F,2011
E01020002,Exeter 003B,803,60,41,45,44,54,35,49,50,67,49,47,31,66,35,42,32,38,12,6,F,2011
E01020003,Exeter 003C,859,41,50,52,37,36,32,48,42,54,52,45,50,67,59,58,55,47,26,8,F,2011
E01020004,Exeter 003D,777,41,38,42,38,24,41,52,49,60,70,45,55,56,32,33,42,33,18,8,F,2011
E01020005,Exeter 003E,937,73,58,66,71,43,50,54,66,74,64,56,37,53,35,39,36,33,19,10,F,2011
E01019997,Exeter 004A,766,28,14,14,33,308,70,49,47,36,37,23,21,26,17,9,6,14,10,4,F,2011
E01020019,Exeter 004B,1005,14,10,8,62,605,32,28,11,13,18,18,16,16,16,16,23,35,29,35,F,2011
E01020020,Exeter 004C,901,13,21,23,137,389,68,42,26,24,31,26,24,18,17,9,8,10,6,9,F,2011
E01020021,Exeter 004D,711,24,17,13,39,239,42,32,34,27,28,35,42,33,22,24,13,20,14,13,F,2011
E01020022,Exeter 004E,834,34,24,12,37,388,81,42,36,31,24,21,19,21,12,12,10,13,11,6,F,2011
E01019980,Exeter 005A,830,83,51,40,41,70,110,90,60,63,43,37,34,42,26,13,7,7,10,3,F,2011
E01019982,Exeter 005B,820,68,53,48,38,65,102,97,74,51,55,51,37,41,15,6,9,2,4,4,F,2011
E01019983,Exeter 005C,761,49,33,36,39,20,50,50,39,55,48,49,50,75,63,48,28,14,9,6,F,2011
E01019984,Exeter 005D,670,36,45,34,43,30,47,55,52,48,58,50,53,39,33,17,16,9,5,0,F,2011
E01019985,Exeter 005E,740,68,52,46,41,45,59,58,39,68,65,42,44,31,18,28,13,11,10,2,F,2011
E01019987,Exeter 006A,882,43,20,27,145,124,75,58,48,47,46,39,38,27,25,26,27,27,18,22,F,2011
E01019989,Exeter 006B,630,43,33,26,31,26,70,62,50,60,49,30,17,25,22,16,14,23,24,9,F,2011
E01020006,Exeter 006C,995,49,43,61,73,135,85,77,63,83,67,48,61,40,28,26,23,16,6,11,F,2011
E01020008,Exeter 006D,829,39,21,18,40,352,87,50,43,32,28,26,23,16,17,9,10,8,5,5,F,2011
E01020009,Exeter 006E,712,34,36,37,30,69,73,48,52,48,67,53,29,46,21,14,15,21,8,11,F,2011
E01019986,Exeter 007A,786,52,42,29,36,34,54,59,44,58,61,47,40,53,40,29,39,30,22,17,F,2011
E01020036,Exeter 007B,764,39,35,49,43,33,34,45,38,51,59,45,47,49,47,31,26,43,39,11,F,2011
E01020037,Exeter 007C,743,55,38,39,47,43,57,43,42,44,63,33,38,33,42,32,22,30,18,24,F,2011
E01020039,Exeter 007D,970,68,48,45,57,71,76,56,54,59,68,57,52,44,40,43,36,44,33,19,F,2011
E01020040,Exeter 007E,669,46,22,28,38,37,36,31,54,34,48,59,45,56,32,33,23,22,18,7,F,2011
E01019994,Exeter 008A,763,35,25,24,53,188,81,58,32,32,41,43,32,32,19,21,17,12,14,4,F,2011
E01019995,Exeter 008B,688,39,9,20,21,110,55,49,41,31,41,28,31,32,27,25,33,37,39,20,F,2011
E01020016,Exeter 008C,986,42,18,15,92,195,123,85,53,37,41,55,49,38,35,36,18,22,19,13,F,2011
E01020017,Exeter 008D,1178,55,45,24,183,320,169,84,64,32,43,26,29,22,21,16,10,12,18,5,F,2011
E01020018,Exeter 008E,985,38,21,15,51,186,141,86,43,57,49,38,35,42,34,30,39,32,22,26,F,2011
E01019996,Exeter 009A,724,22,26,28,78,115,75,70,40,18,28,23,23,31,24,18,13,24,38,30,F,2011
E01020023,Exeter 009B,1147,61,57,64,64,27,69,72,77,98,100,79,74,76,44,55,42,42,31,15,F,2011
E01020024,Exeter 009C,836,46,37,53,31,22,55,64,49,56,52,59,39,47,43,36,32,44,39,32,F,2011
E01020025,Exeter 009D,781,56,29,22,36,63,108,97,52,55,55,39,33,41,23,18,11,13,18,12,F,2011
E01019975,Exeter 010A,697,41,51,56,55,33,36,44,68,50,51,50,24,37,20,21,28,11,12,9,F,2011
E01020029,Exeter 010B,786,43,37,41,47,33,61,77,57,65,63,55,45,35,32,28,30,16,9,12,F,2011
E01020030,Exeter 010C,930,71,42,30,29,90,101,115,61,68,63,54,38,32,22,27,15,20,33,19,F,2011
E01020031,Exeter 010D,836,62,46,36,42,50,71,70,72,71,53,54,49,34,30,26,23,21,12,14,F,2011
E01020032,Exeter 010E,705,33,30,24,46,48,73,54,49,41,61,58,44,33,30,18,28,17,15,3,F,2011
E01020026,Exeter 011A,881,41,21,57,52,33,49,40,57,56,73,51,65,68,78,58,29,33,16,4,F,2011
E01020027,Exeter 011B,789,41,36,36,45,44,58,39,50,57,70,63,45,64,50,30,28,24,7,2,F,2011
E01020035,Exeter 011D,835,64,39,40,46,52,70,57,53,63,59,43,38,58,38,48,30,17,9,11,F,2011
E01020038,Exeter 011E,735,34,30,44,43,34,30,42,49,62,54,66,59,50,41,31,23,23,15,5,F,2011
E01033232,Exeter 011F,709,66,48,32,21,49,105,86,64,55,44,34,33,28,9,8,13,8,1,5,F,2011
E01033234,Exeter 011G,726,60,47,42,32,47,57,48,68,59,54,54,40,42,32,14,16,9,2,3,F,2011
E01019973,Exeter 012A,750,33,37,34,51,28,44,26,29,64,52,62,44,40,52,42,48,28,28,8,F,2011
E01019974,Exeter 012B,745,37,39,32,39,38,36,40,35,44,63,46,46,57,45,55,31,34,21,7,F,2011
E01019976,Exeter 012C,748,39,28,30,29,30,18,30,40,42,45,30,50,53,53,51,35,47,55,43,F,2011
E01019977,Exeter 012D,763,47,36,30,46,38,23,57,45,50,71,47,35,58,33,48,40,33,18,8,F,2011
E01019981,Exeter 012E,718,44,41,51,42,48,36,40,61,61,55,51,50,36,35,19,22,16,7,3,F,2011
E01019988,Exeter 013A,767,29,37,49,36,41,34,43,46,52,54,46,42,41,32,44,34,57,36,14,F,2011
E01020010,Exeter 013B,957,84,71,61,57,52,74,74,85,60,61,51,50,43,31,21,23,33,21,5,F,2011
E01020013,Exeter 013C,676,34,28,29,34,46,55,61,49,51,51,39,34,31,31,27,32,22,13,9,F,2011
E01020014,Exeter 013D,802,57,50,57,51,58,63,45,46,53,65,60,45,38,20,30,28,20,9,7,F,2011
E01020015,Exeter 013E,922,79,79,57,72,61,71,73,65,69,80,58,37,46,18,21,18,11,4,3,F,2011
E01019968,Exeter 014A,818,36,30,36,43,28,34,38,51,58,55,35,53,57,62,62,42,46,28,24,F,2011
E01019969,Exeter 014B,649,17,32,24,30,32,40,43,43,39,56,47,36,46,40,32,38,29,13,12,F,2011
E01019970,Exeter 014C,719,47,39,40,38,26,44,36,41,58,63,51,39,43,40,24,27,23,17,23,F,2011
E01019971,Exeter 014D,782,50,27,18,30,65,108,83,61,46,47,45,36,37,17,22,19,26,27,18,F,2011
E01019972,Exeter 014E,723,56,39,35,49,52,80,58,64,45,57,43,42,29,20,15,11,15,8,5,F,2011
E01020011,Exeter 015A,626,27,27,24,32,26,35,27,29,40,47,41,51,51,55,33,35,25,17,4,F,2011
E01020012,Exeter 015B,791,58,48,54,52,51,41,56,51,67,54,48,45,38,33,29,24,17,18,7,F,2011
E01020033,Exeter 015C,881,47,48,50,42,19,20,29,45,56,53,48,50,69,64,67,47,68,30,29,F,2011
E01033235,Exeter 015E,711,24,27,21,20,16,34,36,35,41,47,36,34,53,49,41,47,67,53,30,F,2011
E01033236,Exeter 015F,563,22,21,16,12,17,21,22,25,37,30,26,42,59,42,50,45,29,29,18,F,2011
E07000042,,39816,2206,2035,2277,2289,1841,1906,1962,2263,2941,3087,2793,2636,2934,2416,1916,1546,1303,913,552,F,2011
E01020046,Mid Devon 001A,792,31,43,55,52,32,21,35,35,62,93,52,66,75,43,34,24,25,12,2,F,2011
E01020049,Mid Devon 001B,647,34,17,32,33,22,15,16,34,45,62,49,62,63,60,35,35,19,13,1,F,2011
E01020050,Mid Devon 001C,1111,51,38,59,29,49,40,37,53,56,82,101,85,99,96,75,50,44,46,21,F,2011
E01020077,Mid Devon 001D,801,32,46,49,52,24,30,21,57,61,69,78,54,62,58,42,28,21,11,6,F,2011
E01020047,Mid Devon 002A,1127,59,46,51,33,34,65,61,58,68,67,68,66,93,84,66,75,50,46,37,F,2011
E01020051,Mid Devon 002B,936,27,23,44,51,33,34,31,35,56,67,63,60,105,93,67,56,45,37,9,F,2011
E01020066,Mid Devon 002C,1463,97,100,104,87,80,106,89,111,127,116,84,85,68,68,54,47,30,9,1,F,2011
E01020080,Mid Devon 002D,642,21,39,33,28,17,21,22,34,40,48,42,54,62,53,45,38,24,14,7,F,2011
E01020063,Mid Devon 003A,1251,77,47,74,58,63,63,61,55,89,97,104,76,80,80,65,52,48,38,24,F,2011
E01020074,Mid Devon 003B,1082,40,49,73,64,45,33,38,62,99,93,105,74,79,70,60,37,34,15,12,F,2011
E01020075,Mid Devon 003C,969,47,49,69,66,25,38,43,64,68,77,68,66,85,51,50,34,32,29,8,F,2011
E01020052,Mid Devon 004A,927,56,55,39,47,54,58,60,66,51,71,56,47,65,41,47,32,30,33,19,F,2011
E01020053,Mid Devon 004B,763,55,47,50,50,41,43,46,43,49,34,43,43,66,50,40,30,21,9,3,F,2011
E01020065,Mid Devon 004C,994,74,50,93,106,65,60,55,53,59,76,57,57,46,42,38,23,24,8,8,F,2011
E01020067,Mid Devon 004D,1039,90,86,71,75,56,78,73,90,89,68,44,37,46,34,25,30,19,21,7,F,2011
E01020048,Mid Devon 005A,1034,80,54,54,64,90,79,67,56,66,76,59,49,62,44,36,33,30,25,10,F,2011
E01020078,Mid Devon 005B,703,42,33,47,43,34,40,41,32,53,44,44,40,40,23,28,27,38,36,18,F,2011
E01020079,Mid Devon 005C,705,52,41,43,28,26,43,35,43,46,47,36,52,46,45,33,31,23,25,10,F,2011
E01020081,Mid Devon 005D,656,45,42,33,31,34,45,36,33,42,43,38,36,54,37,51,23,13,10,10,F,2011
E01020045,Mid Devon 006A,831,31,42,63,41,33,20,30,52,59,75,71,58,74,40,45,29,32,25,11,F,2011
E01020059,Mid Devon 006B,1059,49,68,75,64,34,36,39,63,93,84,89,79,85,70,52,34,21,13,11,F,2011
E01020062,Mid Devon 006C,786,30,38,44,40,26,33,40,33,68,78,67,44,54,53,36,30,36,20,16,F,2011
E01020064,Mid Devon 006D,932,70,49,53,64,43,44,61,68,79,70,56,41,47,50,34,45,32,14,12,F,2011
E01020054,Mid Devon 007A,1058,74,55,45,63,65,70,72,70,81,90,61,71,62,53,40,38,25,18,5,F,2011
E01020055,Mid Devon 007B,1018,67,51,43,62,71,74,55,61,67,50,61,56,64,45,36,45,38,31,41,F,2011
E01020057,Mid Devon 007C,900,61,47,52,55,47,63,59,51,65,72,61,54,61,38,39,20,24,20,11,F,2011
E01020058,Mid Devon 007D,970,44,35,45,51,51,55,61,59,73,75,71,59,70,51,51,48,35,24,12,F,2011
E01020043,Mid Devon 008A,1070,89,58,71,57,31,45,48,64,100,80,65,70,78,66,41,43,31,15,18,F,2011
E01020044,Mid Devon 008B,817,33,53,41,51,18,21,37,48,61,62,59,80,70,53,37,39,27,16,11,F,2011
E01020056,Mid Devon 008C,1035,47,50,81,60,40,38,50,57,78,96,81,72,78,73,42,41,29,16,6,F,2011
E01020071,Mid Devon 008D,986,47,47,49,54,41,42,51,68,76,75,58,65,72,65,53,33,42,36,12,F,2011
E01020072,Mid Devon 009A,868,38,47,55,50,39,25,30,36,74,86,66,76,82,62,34,25,24,10,9,F,2011
E01020073,Mid Devon 009B,820,30,27,31,54,34,19,30,34,53,70,61,63,73,60,56,47,45,18,15,F,2011
E01020076,Mid Devon 009C,878,54,50,52,47,39,40,35,50,75,67,79,67,69,64,31,28,14,10,7,F,2011
E01020082,Mid Devon 009D,574,26,27,30,27,14,22,30,27,38,56,63,33,56,47,26,17,20,11,4,F,2011
E01020068,Mid Devon 010A,784,34,44,44,39,26,22,33,40,55,55,66,62,56,58,50,31,34,28,7,F,2011
E01020069,Mid Devon 010B,788,39,53,52,49,27,19,32,45,67,70,62,64,65,44,37,26,16,13,8,F,2011
E01020070,Mid Devon 010C,953,46,49,46,44,35,27,32,55,67,77,73,86,89,73,48,36,26,25,19,F,2011
E01020083,Mid Devon 010D,1144,74,69,61,58,52,53,69,61,109,82,96,88,82,62,49,44,18,9,8,F,2011
E01020041,Mid Devon 011A,1102,66,51,59,82,87,93,73,67,78,79,68,79,56,49,36,17,23,16,23,F,2011
E01020042,Mid Devon 011B,826,46,32,36,45,37,33,41,41,65,59,54,55,65,52,52,41,43,16,13,F,2011
E01020060,Mid Devon 011C,871,50,27,28,41,70,53,39,36,42,65,46,45,49,53,48,47,57,44,31,F,2011
E01020061,Mid Devon 011D,1104,51,61,48,94,57,47,48,63,92,84,68,60,81,63,52,37,41,28,29,F,2011
E07000043,,48185,2475,2346,2563,2670,2271,2319,2295,2628,3332,3499,3361,3121,3705,3239,2485,2086,1733,1232,825,F,2011
E01020111,North Devon 001A,787,42,52,43,61,48,31,34,39,56,56,52,52,54,30,30,38,32,22,15,F,2011
E01020112,North Devon 001B,794,46,43,33,41,69,52,40,43,55,46,52,48,51,57,39,18,29,24,8,F,2011
E01020114,North Devon 001C,622,42,28,44,39,28,27,32,45,44,44,45,51,43,26,30,23,12,14,5,F,2011
E01020115,North Devon 001D,612,29,27,29,25,21,17,39,34,38,47,44,41,58,43,38,25,25,22,10,F,2011
E01020099,North Devon 002A,712,31,27,30,31,21,22,14,24,46,51,61,59,91,63,41,39,31,14,16,F,2011
E01020100,North Devon 002B,548,20,22,33,29,17,10,8,21,34,51,49,49,42,53,42,22,34,7,5,F,2011
E01020101,North Devon 002C,763,31,37,47,40,28,32,40,39,58,38,51,47,73,63,42,32,30,22,13,F,2011
E01020126,North Devon 002D,860,30,25,38,27,35,46,36,33,48,62,71,81,83,73,49,41,45,17,20,F,2011
E01020113,North Devon 003A,739,41,51,32,41,49,47,39,48,40,51,40,34,61,45,24,27,32,16,21,F,2011
E01020116,North Devon 003B,836,51,44,40,59,31,39,33,38,61,66,64,63,68,47,43,28,23,22,16,F,2011
E01020117,North Devon 003C,785,27,26,39,51,14,27,33,42,34,68,73,62,85,71,44,30,34,20,5,F,2011
E01020118,North Devon 003D,726,45,40,51,49,46,37,51,50,51,42,45,59,41,45,19,17,15,15,8,F,2011
E01020090,North Devon 004A,872,39,29,35,59,24,24,29,44,51,78,70,68,77,63,58,36,28,37,23,F,2011
E01020108,North Devon 004B,1183,57,54,61,54,47,49,52,68,88,76,92,93,124,96,60,48,35,16,13,F,2011
E01020109,North Devon 004C,746,33,40,37,49,26,31,26,44,57,64,48,38,66,57,36,41,20,21,12,F,2011
E01020089,North Devon 005A,1212,60,60,65,63,52,52,87,73,79,97,75,70,83,76,68,53,38,38,23,F,2011
E01020091,North Devon 005B,653,29,33,27,36,24,16,32,26,60,46,38,44,64,59,38,35,19,15,12,F,2011
E01020092,North Devon 005C,738,22,23,26,40,22,15,29,40,46,42,41,37,65,74,67,51,45,37,16,F,2011
E01020093,North Devon 005D,740,42,29,40,33,26,45,46,48,51,46,30,40,41,54,40,33,49,35,12,F,2011
E01020110,North Devon 005E,1148,117,69,69,43,85,93,85,94,60,69,57,52,52,56,40,32,43,16,16,F,2011
E01020088,North Devon 006A,1085,56,56,69,54,38,36,46,52,89,76,81,93,89,90,51,41,35,20,13,F,2011
E01020120,North Devon 006B,995,49,65,55,48,41,25,47,54,77,81,68,81,73,69,47,40,37,17,21,F,2011
E01020127,North Devon 006C,948,42,56,49,46,37,24,24,55,78,70,89,81,89,64,54,30,27,21,12,F,2011
E01020132,North Devon 007A,952,49,34,51,41,53,55,50,58,61,51,64,52,80,52,58,55,33,38,17,F,2011
E01020133,North Devon 007B,763,44,46,43,37,35,40,49,40,43,60,60,57,64,39,37,32,18,11,8,F,2011
E01020134,North Devon 007C,608,38,30,34,41,22,38,37,42,47,54,38,28,39,26,14,19,24,21,16,F,2011
E01020139,North Devon 007D,727,35,33,26,52,41,45,36,41,62,62,51,36,46,35,29,35,34,18,10,F,2011
E01020094,North Devon 008A,855,34,26,25,56,88,70,34,34,43,50,39,35,51,42,49,46,47,41,45,F,2011
E01020095,North Devon 008B,775,51,50,46,47,45,67,57,40,60,59,48,41,27,30,31,29,16,19,12,F,2011
E01020140,North Devon 008C,617,28,23,26,37,33,30,33,21,39,34,42,44,44,56,44,34,28,16,5,F,2011
E01020141,North Devon 008D,942,82,63,67,55,61,69,86,59,87,54,54,54,54,37,19,18,12,4,7,F,2011
E01020096,North Devon 009A,857,44,25,41,38,69,80,44,50,47,51,46,37,46,56,36,39,43,34,31,F,2011
E01020123,North Devon 009B,775,42,42,30,60,32,25,27,48,54,56,44,45,67,51,46,35,27,28,16,F,2011
E01020124,North Devon 009C,692,19,29,42,34,33,29,25,28,42,48,49,38,58,47,46,37,38,30,20,F,2011
E01020125,North Devon 009D,669,23,22,19,26,27,22,24,26,47,39,40,53,70,54,50,48,40,22,17,F,2011
E01020102,North Devon 010A,879,69,56,69,54,48,63,58,61,88,79,55,44,47,25,20,17,19,3,4,F,2011
E01020103,North Devon 010B,779,61,52,55,70,46,49,57,46,58,61,63,26,41,28,22,20,8,11,5,F,2011
E01020104,North Devon 010C,747,77,56,43,44,79,84,41,57,62,48,50,25,28,27,11,6,4,3,2,F,2011
E01020128,North Devon 010D,685,18,37,50,37,18,24,21,31,60,60,37,57,55,48,33,35,28,22,14,F,2011
E01020129,North Devon 010E,616,40,25,36,47,35,31,30,25,54,50,40,35,43,28,28,28,19,14,8,F,2011
E01020130,North Devon 010F,814,52,51,64,52,63,69,68,58,49,60,51,42,41,19,20,14,18,17,6,F,2011
E01020105,North Devon 011A,788,46,41,52,45,41,46,36,51,42,66,41,38,50,60,37,33,28,26,9,F,2011
E01020106,North Devon 011B,599,16,14,17,22,19,13,21,22,29,38,52,30,66,73,56,44,29,29,9,F,2011
E01020107,North Devon 011C,891,24,42,46,32,35,28,24,32,38,60,65,49,81,75,53,68,60,43,36,F,2011
E01020119,North Devon 011D,759,24,21,31,45,22,20,27,31,48,76,63,56,67,68,57,45,28,15,15,F,2011
E01020084,North Devon 012A,796,45,44,48,33,30,28,48,51,57,45,54,48,48,59,46,53,29,20,10,F,2011
E01020085,North Devon 012B,815,71,59,43,43,40,57,56,74,66,76,48,40,40,42,20,20,11,7,2,F,2011
E01020086,North Devon 012C,781,39,37,45,28,26,37,40,41,47,54,57,51,65,67,60,34,31,15,7,F,2011
E01020121,North Devon 012D,1006,50,63,59,68,34,42,34,73,63,88,72,77,77,69,42,41,22,20,12,F,2011
E01020122,North Devon 012E,867,31,30,49,54,38,29,35,36,69,74,62,78,70,79,39,33,35,14,12,F,2011
E01020097,North Devon 013A,1167,59,51,69,51,43,46,31,58,79,93,95,91,112,95,70,62,34,20,8,F,2011
E01020131,North Devon 013B,1080,44,44,57,93,42,31,41,53,83,93,115,81,87,76,50,32,29,18,11,F,2011
E01020135,North Devon 013C,812,43,46,39,42,39,55,45,44,77,41,45,51,53,55,40,36,31,17,13,F,2011
E01020136,North Devon 013D,917,48,30,43,44,49,52,30,55,65,56,61,49,65,57,59,54,32,35,33,F,2011
E01020137,North Devon 013E,820,41,26,38,52,58,50,39,51,40,59,67,44,43,29,42,33,34,39,35,F,2011
E01020087,North Devon 014A,976,29,47,49,50,23,27,30,41,62,68,85,76,96,89,76,45,43,21,19,F,2011
E01020098,North Devon 014B,1074,35,49,53,74,33,30,35,41,67,79,90,86,106,89,74,64,35,23,11,F,2011
E01020138,North Devon 014C,1181,43,66,66,48,42,41,44,55,96,90,82,84,105,83,71,62,48,30,25,F,2011
E07000044,,43106,1788,1937,2208,2284,1637,1720,1689,2061,2940,3469,3375,3235,3849,3237,2252,2016,1553,1174,682,F,2011
E01020144,South Hams 001A,776,53,42,55,44,40,52,47,66,91,78,68,52,36,28,9,9,1,5,0,F,2011
E01020145,South Hams 001B,921,44,48,38,49,61,40,37,49,75,77,79,81,80,56,35,40,18,10,4,F,2011
E01020146,South Hams 001C,610,29,25,22,31,47,56,41,44,52,53,44,27,33,35,16,15,11,19,10,F,2011
E01020149,South Hams 001D,617,30,24,32,35,32,33,26,36,52,51,43,49,45,41,27,34,14,6,7,F,2011
E01020148,South Hams 002A,580,24,27,33,43,24,18,22,29,34,54,50,44,64,39,34,16,11,8,6,F,2011
E01020157,South Hams 002B,1215,51,75,72,75,39,41,37,56,80,121,100,99,111,96,57,45,34,20,6,F,2011
E01020160,South Hams 002C,956,40,50,74,64,27,42,30,49,94,100,83,76,68,54,42,28,25,7,3,F,2011
E01020176,South Hams 002D,627,17,25,34,40,16,22,16,25,48,54,47,47,55,45,28,25,39,26,18,F,2011
E01020177,South Hams 002E,745,29,30,44,45,21,26,36,34,48,52,50,46,68,32,39,40,46,33,26,F,2011
E01020180,South Hams 003A,1036,47,63,57,76,29,54,41,48,81,95,85,60,74,60,44,49,38,28,7,F,2011
E01020181,South Hams 003B,887,32,43,46,47,24,32,28,40,56,63,71,71,69,61,55,56,39,35,19,F,2011
E01020182,South Hams 003C,789,43,44,59,44,37,35,44,55,65,76,62,53,50,46,19,24,15,10,8,F,2011
E01020183,South Hams 003D,744,24,27,31,28,39,58,44,39,45,50,56,40,65,48,25,46,36,29,14,F,2011
E01020184,South Hams 003E,865,25,25,41,48,28,33,39,41,68,66,76,69,78,59,54,31,43,28,13,F,2011
E01020153,South Hams 004A,623,15,22,25,23,13,11,18,25,32,34,59,80,68,68,45,34,29,18,4,F,2011
E01020156,South Hams 004B,965,29,50,43,38,19,22,29,60,59,84,70,76,99,87,70,57,43,26,4,F,2011
E01020170,South Hams 004C,1082,36,53,50,49,26,33,32,48,73,101,90,76,120,86,79,45,46,26,13,F,2011
E01020188,South Hams 004D,1013,41,36,55,64,32,21,25,35,72,92,93,89,125,82,51,43,28,19,10,F,2011
E01020161,South Hams 005A,1340,86,53,80,67,52,77,57,71,80,94,90,56,83,92,60,70,60,71,41,F,2011
E01020162,South Hams 005B,872,47,65,50,74,35,47,47,51,72,101,71,58,60,50,13,16,9,2,4,F,2011
E01020163,South Hams 005C,920,34,59,66,68,42,33,30,69,86,90,79,55,61,47,34,28,17,16,6,F,2011
E01020164,South Hams 005D,786,40,33,45,58,35,51,44,43,57,65,69,55,55,40,21,23,22,18,12,F,2011
E01020165,South Hams 005E,780,41,45,57,50,59,47,43,58,75,70,59,47,40,34,24,13,5,8,5,F,2011
E01020166,South Hams 005F,737,32,32,46,50,27,22,28,47,67,67,56,60,58,48,36,35,12,11,3,F,2011
E01020167,South Hams 005G,719,32,44,61,56,49,18,25,31,78,68,72,48,50,26,16,19,17,6,3,F,2011
E01020142,South Hams 006A,1190,73,75,61,60,45,60,62,51,90,92,97,84,87,71,63,46,37,18,18,F,2011
E01020143,South Hams 006B,1143,51,58,57,74,50,30,52,65,64,95,111,114,108,81,42,39,31,17,4,F,2011
E01020150,South Hams 006C,928,27,35,47,39,25,24,27,35,66,67,84,79,107,61,48,50,32,34,41,F,2011
E01020151,South Hams 007A,821,29,21,19,21,22,27,20,28,38,47,59,74,102,101,55,50,45,38,25,F,2011
E01020152,South Hams 007B,741,16,16,15,21,18,24,21,22,40,51,52,65,83,69,55,43,53,51,26,F,2011
E01020154,South Hams 007C,695,33,44,44,53,65,44,37,44,67,62,52,42,23,41,13,15,13,3,0,F,2011
E01020155,South Hams 007D,521,29,35,26,30,26,39,34,32,34,37,29,28,34,30,28,18,15,12,5,F,2011
E01020147,South Hams 008A,1005,37,29,36,52,41,38,28,30,58,93,97,99,105,72,62,58,24,28,18,F,2011
E01020158,South Hams 008B,879,48,36,50,57,34,28,25,35,56,93,74,58,80,62,36,40,34,24,9,F,2011
E01020159,South Hams 008C,726,28,39,48,33,21,31,35,40,48,62,64,60,63,45,31,24,16,19,19,F,2011
E01020190,South Hams 008D,1093,46,59,51,47,25,21,40,66,77,81,65,86,106,104,77,50,36,38,18,F,2011
E01020171,South Hams 009A,921,27,31,38,40,22,20,27,34,47,58,72,86,99,105,72,57,40,29,17,F,2011
E01020185,South Hams 009B,681,21,29,32,28,18,9,24,31,46,58,49,56,74,70,50,35,26,19,6,F,2011
E01020186,South Hams 009C,747,14,14,30,25,5,14,30,20,39,57,55,69,86,105,69,49,33,21,12,F,2011
E01020187,South Hams 009D,902,45,49,42,45,36,55,50,56,65,57,62,56,78,61,35,42,28,26,14,F,2011
E01020168,South Hams 010A,1087,64,43,44,41,49,38,48,41,50,63,75,61,96,97,58,65,56,57,41,F,2011
E01020169,South Hams 010B,1221,68,61,80,69,77,60,58,58,77,103,91,77,94,61,39,51,45,36,16,F,2011
E01020189,South Hams 010C,1093,41,50,47,62,40,62,36,48,79,86,82,71,97,67,51,63,48,36,27,F,2011
E01020174,South Hams 011A,786,28,24,42,39,15,21,21,24,39,59,56,75,87,79,66,41,35,21,14,F,2011
E01020175,South Hams 011B,1003,25,36,33,45,27,24,29,37,39,66,63,83,120,116,87,86,44,26,17,F,2011
E01020178,South Hams 011C,986,38,33,37,41,24,19,23,33,48,67,72,70,107,118,79,63,61,37,16,F,2011
E01020172,South Hams 012A,947,41,40,33,40,41,43,39,29,39,66,65,67,110,89,58,55,41,27,24,F,2011
E01020173,South Hams 012B,808,18,15,32,27,24,36,28,27,33,39,47,80,75,93,61,51,57,39,26,F,2011
E01020179,South Hams 012C,977,20,25,48,29,34,29,29,26,61,54,80,81,113,79,84,84,45,33,23,F,2011
E07000045,,64095,2841,2941,3279,3481,2698,2691,2849,3463,4491,4984,4524,4475,5107,4396,3341,2900,2556,1876,1202,F,2011
E01020243,Teignbridge 001A,631,32,36,31,28,24,16,35,44,48,42,50,61,48,37,35,18,30,9,7,F,2011
E01020262,Teignbridge 001B,648,11,20,29,30,20,23,22,26,45,50,50,61,67,66,34,22,20,34,18,F,2011
E01020263,Teignbridge 001C,743,24,24,32,31,20,18,19,28,43,40,43,59,76,91,61,52,45,29,8,F,2011
E01020274,Teignbridge 001D,650,20,30,42,30,28,11,27,46,37,59,59,60,69,53,30,21,12,12,4,F,2011
E01020240,Teignbridge 002A,814,44,44,38,21,32,42,50,46,58,59,47,39,56,60,46,43,29,37,23,F,2011
E01020241,Teignbridge 002B,880,44,59,47,42,23,49,57,64,75,75,59,61,72,54,31,30,20,13,5,F,2011
E01020242,Teignbridge 002C,742,40,51,50,34,20,27,41,58,67,70,56,47,43,47,35,28,16,10,2,F,2011
E01020244,Teignbridge 002D,743,38,43,49,37,26,46,37,44,50,48,51,46,56,46,37,33,33,11,12,F,2011
E01020245,Teignbridge 002E,828,33,39,41,47,15,40,33,43,65,67,72,74,78,59,32,34,23,26,7,F,2011
E01020205,Teignbridge 003A,740,22,27,26,39,23,11,15,23,54,66,58,63,83,58,52,36,31,27,26,F,2011
E01020258,Teignbridge 003B,863,32,37,40,49,30,34,37,43,59,73,68,64,77,54,39,37,40,29,21,F,2011
E01020259,Teignbridge 003C,573,11,28,35,25,13,14,19,23,40,60,47,53,59,43,35,33,20,10,5,F,2011
E01020273,Teignbridge 003D,705,26,44,41,42,16,15,28,24,56,62,51,49,76,51,46,33,26,11,8,F,2011
E01020203,Teignbridge 004A,862,29,37,42,23,15,16,21,46,62,49,45,57,69,82,68,83,54,50,14,F,2011
E01020206,Teignbridge 004B,784,34,29,38,40,28,27,37,65,63,65,51,58,48,53,34,43,41,20,10,F,2011
E01020220,Teignbridge 004C,696,31,36,42,49,36,14,34,49,49,68,60,48,47,43,22,27,22,9,10,F,2011
E01020221,Teignbridge 004D,881,54,44,54,57,25,35,50,62,71,75,73,65,56,47,50,25,16,16,6,F,2011
E01020222,Teignbridge 004E,647,23,51,39,33,19,28,33,49,50,72,48,50,42,31,16,22,23,13,5,F,2011
E01020223,Teignbridge 004F,876,28,34,62,51,28,32,39,58,76,81,60,74,64,66,54,27,23,10,9,F,2011
E01020229,Teignbridge 005A,810,23,24,29,36,37,24,26,27,51,63,67,55,87,76,59,56,41,21,8,F,2011
E01020230,Teignbridge 005B,903,31,48,35,49,37,41,33,48,54,69,75,81,71,72,60,33,30,22,14,F,2011
E01020231,Teignbridge 005C,785,35,37,49,47,23,26,39,41,51,50,48,59,52,45,50,41,52,22,18,F,2011
E01020232,Teignbridge 005D,869,39,60,67,59,52,35,46,57,70,77,56,52,46,50,41,26,18,10,8,F,2011
E01020228,Teignbridge 006A,937,39,29,21,29,34,35,33,28,46,57,60,64,80,71,84,54,74,56,43,F,2011
E01020233,Teignbridge 006B,906,30,14,32,28,32,32,22,34,39,60,55,66,119,91,73,66,49,42,22,F,2011
E01020234,Teignbridge 006C,767,42,46,44,38,52,40,39,36,52,56,46,61,50,46,26,30,40,19,4,F,2011
E01020235,Teignbridge 006D,967,48,40,37,45,40,33,34,35,40,66,63,55,78,85,72,53,53,47,43,F,2011
E01020202,Teignbridge 007A,811,26,31,41,33,17,13,18,28,44,53,44,50,73,90,63,68,70,34,15,F,2011
E01020204,Teignbridge 007B,796,57,60,52,52,55,67,64,67,60,70,49,35,41,27,14,13,6,6,1,F,2011
E01020236,Teignbridge 007C,645,13,36,36,46,18,10,17,32,55,52,58,39,52,52,36,46,28,14,5,F,2011
E01020237,Teignbridge 007D,837,41,37,51,52,33,28,35,49,58,85,62,60,65,62,35,35,23,15,11,F,2011
E01020265,Teignbridge 008A,890,38,38,44,35,35,44,40,45,43,50,53,85,100,62,52,50,39,22,15,F,2011
E01020266,Teignbridge 008B,837,38,30,42,70,34,27,30,48,58,74,67,65,74,55,46,26,30,14,9,F,2011
E01020267,Teignbridge 008C,769,41,30,34,44,26,24,21,40,52,59,50,60,73,53,43,43,24,34,18,F,2011
E01020268,Teignbridge 008D,774,16,20,26,28,25,21,11,28,35,47,61,58,77,83,57,53,50,41,37,F,2011
E01020270,Teignbridge 008E,830,37,41,36,40,39,45,34,54,56,70,63,55,79,57,51,31,21,13,8,F,2011
E01020250,Teignbridge 009A,829,28,28,43,45,36,29,26,42,71,67,58,47,72,66,48,44,39,31,9,F,2011
E01020252,Teignbridge 009B,740,40,27,30,38,43,45,47,49,47,48,53,34,44,36,36,33,32,26,32,F,2011
E01020253,Teignbridge 009C,795,49,58,60,56,51,42,44,74,82,76,56,26,41,29,16,18,8,5,4,F,2011
E01020254,Teignbridge 009D,649,27,39,36,33,30,29,37,49,43,56,46,41,42,42,33,21,28,10,7,F,2011
E01020255,Teignbridge 009E,672,30,29,47,28,28,20,31,37,58,52,52,39,58,46,37,38,22,14,6,F,2011
E01020257,Teignbridge 009F,635,36,21,40,42,28,17,27,26,55,55,49,34,67,33,36,27,21,12,9,F,2011
E01020264,Teignbridge 010A,840,24,18,30,39,55,36,35,26,38,47,55,50,56,60,52,39,57,58,65,F,2011
E01020269,Teignbridge 010B,1009,40,19,18,36,59,59,39,36,41,52,61,64,90,67,64,75,82,66,41,F,2011
E01020271,Teignbridge 010C,807,37,39,48,57,38,54,43,40,68,65,56,59,36,38,26,21,28,31,23,F,2011
E01020272,Teignbridge 010D,971,69,61,73,65,65,58,62,72,68,69,62,54,63,49,21,19,20,17,4,F,2011
E01020200,Teignbridge 011A,565,20,15,14,13,14,13,17,25,32,40,49,58,69,46,44,36,28,21,11,F,2011
E01020201,Teignbridge 011B,813,31,32,26,17,18,19,19,28,33,44,58,80,110,76,38,52,44,52,36,F,2011
E01020251,Teignbridge 011C,751,34,39,36,45,27,37,41,50,62,63,61,57,54,37,29,29,27,10,13,F,2011
E01020260,Teignbridge 011D,674,22,32,21,26,18,16,23,26,25,32,39,59,70,65,54,44,59,21,22,F,2011
E01020261,Teignbridge 011E,598,25,26,23,37,11,18,18,31,39,50,47,53,62,51,41,27,18,12,9,F,2011
E01020208,Teignbridge 012A,658,32,39,48,38,32,28,40,43,55,49,36,35,30,32,31,27,25,22,16,F,2011
E01020209,Teignbridge 012B,751,55,36,33,36,48,55,34,52,43,60,54,40,51,55,35,27,19,14,4,F,2011
E01020210,Teignbridge 012C,598,15,21,15,33,28,17,19,18,44,57,51,49,66,51,27,34,29,18,6,F,2011
E01020219,Teignbridge 012D,1065,51,58,67,85,67,67,64,64,94,77,75,71,61,48,33,34,27,12,10,F,2011
E01020191,Teignbridge 013A,509,27,13,17,21,22,22,31,22,39,41,37,39,54,36,25,16,19,18,10,F,2011
E01020194,Teignbridge 013B,728,32,27,36,47,38,26,38,45,60,83,50,56,56,40,31,22,23,15,3,F,2011
E01020207,Teignbridge 013C,611,30,30,28,38,29,29,31,35,49,49,39,31,45,28,14,28,25,37,16,F,2011
E01020256,Teignbridge 013D,736,38,38,40,76,22,36,45,42,47,52,45,46,51,42,35,23,26,22,10,F,2011
E01020211,Teignbridge 014A,795,65,43,44,49,48,63,58,52,65,51,38,46,43,38,25,20,20,25,2,F,2011
E01020217,Teignbridge 014B,854,43,37,27,41,63,70,58,39,55,55,54,38,41,47,41,30,40,52,23,F,2011
E01020218,Teignbridge 014C,737,50,30,23,29,67,70,50,41,50,53,69,40,31,25,15,27,26,22,19,F,2011
E01020224,Teignbridge 014D,664,51,36,47,47,50,59,65,43,51,51,30,30,21,28,22,11,12,10,0,F,2011
E01020216,Teignbridge 015A,854,46,53,78,67,63,44,63,53,54,66,53,38,44,34,29,24,24,11,10,F,2011
E01020225,Teignbridge 015B,651,50,28,36,38,50,56,33,47,36,58,45,44,31,27,15,24,15,13,5,F,2011
E01020226,Teignbridge 015C,651,11,29,35,31,23,20,28,26,39,46,40,50,65,44,31,27,30,39,37,F,2011
E01020227,Teignbridge 015D,785,39,28,34,46,34,38,24,35,48,64,49,32,59,50,37,32,49,38,49,F,2011
E01020212,Teignbridge 016A,620,27,32,43,43,34,24,36,40,54,49,39,45,32,31,31,27,16,14,3,F,2011
E01020213,Teignbridge 016B,740,36,35,31,44,35,39,31,34,47,58,54,54,49,68,44,30,31,14,6,F,2011
E01020214,Teignbridge 016C,775,20,31,41,36,21,45,27,34,60,54,59,57,62,49,46,61,36,23,13,F,2011
E01020215,Teignbridge 016D,690,24,23,26,51,25,15,16,32,34,68,59,52,63,59,44,44,32,15,8,F,2011
E01020195,Teignbridge 017A,895,40,38,70,49,37,33,34,51,78,76,63,71,67,63,40,29,24,21,11,F,2011
E01020196,Teignbridge 017B,911,38,45,40,53,35,45,39,53,62,75,59,62,74,66,44,28,30,33,30,F,2011
E01020197,Teignbridge 017C,647,23,27,24,25,19,17,13,36,37,45,55,61,74,47,42,39,31,17,15,F,2011
E01020198,Teignbridge 017D,732,40,38,45,45,34,31,42,56,65,48,53,62,51,30,27,29,16,9,11,F,2011
E01020199,Teignbridge 017E,835,45,43,47,42,31,42,48,49,72,64,50,53,66,50,28,33,35,18,19,F,2011
E01020246,Teignbridge 018A,544,22,22,25,29,24,26,17,26,46,55,57,51,53,35,21,18,5,9,3,F,2011
E01020247,Teignbridge 018B,857,40,45,38,74,39,34,36,38,74,69,53,48,56,46,53,45,34,18,17,F,2011
E01020248,Teignbridge 018C,817,26,37,40,43,24,27,31,31,70,64,67,57,91,64,53,38,26,17,11,F,2011
E01020249,Teignbridge 018D,701,24,28,27,39,21,14,14,35,41,64,49,46,60,61,65,45,33,25,10,F,2011
E01020192,Teignbridge 019A,824,27,44,44,40,27,19,23,43,67,52,60,70,75,72,56,38,28,25,14,F,2011
E01020193,Teignbridge 019B,747,32,33,62,46,28,12,33,36,67,64,67,57,51,54,35,21,25,13,11,F,2011
E01020238,Teignbridge 019C,654,30,32,35,39,19,14,28,33,41,56,50,47,53,54,31,37,23,18,14,F,2011
E01020239,Teignbridge 019D,672,30,25,34,45,10,19,15,30,53,56,38,53,44,63,41,38,37,25,16,F,2011
E07000046,,32713,1517,1533,1651,1750,1490,1323,1467,1718,2203,2342,2416,2323,2877,2383,1770,1488,1137,810,515,F,2011
E01020275,Torridge 001A,665,32,20,21,22,27,30,32,35,39,46,63,63,52,58,46,29,25,14,11,F,2011
E01020276,Torridge 001B,788,29,41,30,27,28,23,36,44,48,62,46,51,70,80,56,53,37,22,5,F,2011
E01020297,Torridge 001C,824,38,34,41,31,43,37,51,43,53,59,54,52,52,67,54,42,36,20,17,F,2011
E01020299,Torridge 001D,941,30,31,29,29,28,32,39,43,50,63,55,83,103,77,72,73,53,24,27,F,2011
E01020298,Torridge 002A,1111,45,41,41,35,26,35,51,61,58,63,59,63,100,113,93,81,58,50,38,F,2011
E01020300,Torridge 002B,912,30,38,35,27,32,23,30,45,51,51,68,73,92,69,63,55,50,50,30,F,2011
E01020310,Torridge 002C,1074,33,31,30,49,36,37,45,37,44,52,74,85,130,104,82,67,64,41,33,F,2011
E01020280,Torridge 003A,1062,75,45,44,48,97,89,74,76,73,72,77,65,65,50,35,22,26,23,6,F,2011
E01020281,Torridge 003B,962,37,39,58,60,29,26,39,63,83,71,74,80,84,67,40,43,39,21,9,F,2011
E01020282,Torridge 003C,867,43,30,34,45,42,37,32,46,62,68,54,41,67,50,56,51,41,39,29,F,2011
E01020277,Torridge 004A,1058,88,72,67,69,55,67,61,67,59,82,57,63,64,51,44,31,33,18,10,F,2011
E01020278,Torridge 004B,838,41,47,47,67,42,28,35,54,54,77,65,65,89,42,36,21,12,12,4,F,2011
E01020279,Torridge 004C,1179,91,69,58,68,95,98,82,66,68,81,84,76,83,54,47,22,27,6,4,F,2011
E01020283,Torridge 004D,713,22,30,35,41,29,29,25,35,45,52,67,40,65,56,41,51,25,15,10,F,2011
E01020284,Torridge 004E,1008,69,57,59,58,76,67,69,75,74,76,68,48,52,52,35,28,14,16,15,F,2011
E01020285,Torridge 004F,1058,76,63,73,78,85,57,71,69,87,69,66,49,55,50,27,36,19,23,5,F,2011
E01020288,Torridge 005A,804,24,42,39,41,29,28,39,33,63,71,58,71,90,60,42,33,21,15,5,F,2011
E01020292,Torridge 005B,726,32,35,33,41,22,29,22,46,41,60,53,56,58,56,44,38,35,16,9,F,2011
E01020295,Torridge 005C,882,40,40,48,44,25,23,30,35,55,70,53,69,79,72,50,37,47,33,32,F,2011
E01020296,Torridge 005D,761,30,33,44,52,21,19,26,35,48,64,66,62,86,69,43,29,19,8,7,F,2011
E01020304,Torridge 006A,912,57,43,29,64,55,43,45,42,89,54,49,53,62,56,48,44,37,29,13,F,2011
E01020305,Torridge 006B,556,32,22,31,35,24,39,28,28,36,31,39,38,42,32,23,29,13,17,17,F,2011
E01020306,Torridge 006C,679,47,47,41,34,31,24,36,48,52,48,42,39,51,37,34,22,22,13,11,F,2011
E01020307,Torridge 006D,854,65,56,56,64,42,46,43,49,72,59,44,48,53,35,40,30,27,16,9,F,2011
E01020287,Torridge 007A,760,7,27,44,47,30,12,22,28,38,73,72,68,85,70,34,46,26,14,17,F,2011
E01020303,Torridge 007B,837,32,22,35,41,21,25,30,33,42,62,76,72,90,74,63,44,35,23,17,F,2011
E01020308,Torridge 007C,830,32,30,34,34,44,30,31,38,73,58,72,77,73,79,44,43,14,17,7,F,2011
E01020311,Torridge 007D,1044,51,54,32,38,46,27,50,66,59,64,77,89,119,91,64,46,36,19,16,F,2011
E01020291,Torridge 008A,772,23,51,41,50,30,29,24,45,68,55,54,62,76,65,36,19,13,22,9,F,2011
E01020293,Torridge 008B,1148,46,69,89,69,65,54,50,54,79,86,98,78,89,73,57,35,26,20,11,F,2011
E01020294,Torridge 008C,914,42,36,49,43,46,25,42,38,60,60,64,42,62,61,50,64,60,45,25,F,2011
E01020302,Torridge 008D,852,28,47,54,49,36,22,27,38,72,62,68,65,84,74,48,32,18,15,13,F,2011
E01020309,Torridge 008E,829,23,27,51,47,34,27,30,33,62,75,86,71,88,68,31,35,19,17,5,F,2011
E01020286,Torridge 009A,839,33,55,54,50,27,23,35,50,57,70,64,61,77,66,40,36,19,20,2,F,2011
E01020289,Torridge 009B,775,27,26,38,38,25,15,18,40,51,59,86,50,90,72,57,42,24,9,8,F,2011
E01020290,Torridge 009C,877,33,36,38,43,37,25,30,39,64,47,74,78,88,62,49,44,36,32,22,F,2011
E01020301,Torridge 009D,1002,34,47,69,72,30,43,37,41,74,70,90,77,112,71,46,35,31,16,7,F,2011
E07000047,,27483,1276,1253,1483,1411,1134,1118,1198,1435,1813,2195,2059,1984,2323,1947,1462,1166,1017,730,479,F,2011
E01020320,West Devon 001A,831,29,36,35,44,21,27,30,45,42,77,62,64,95,69,63,33,34,16,9,F,2011
E01020321,West Devon 001B,1150,62,41,59,70,50,54,62,62,87,64,96,85,93,79,58,45,36,29,18,F,2011
E01020322,West Devon 001C,1031,43,45,45,57,55,36,39,52,72,86,73,77,91,83,55,43,39,27,13,F,2011
E01020326,West Devon 001D,1004,52,37,59,52,51,53,65,65,57,102,63,69,73,51,50,37,30,20,18,F,2011
E01020327,West Devon 002A,929,58,40,46,36,43,53,65,62,55,60,53,56,70,69,49,48,41,16,9,F,2011
E01020328,West Devon 002B,1187,106,81,64,71,87,88,108,79,102,78,55,45,59,47,38,30,22,19,8,F,2011
E01020329,West Devon 002C,785,22,33,35,42,36,29,14,35,45,67,65,72,72,57,50,41,30,22,18,F,2011
E01020330,West Devon 002D,945,54,46,48,44,42,48,57,52,74,53,50,54,63,55,37,43,49,40,36,F,2011
E01020318,West Devon 003A,755,30,35,25,38,18,18,28,38,54,64,50,45,65,77,51,41,36,24,18,F,2011
E01020319,West Devon 003B,875,32,32,55,43,37,43,29,42,65,81,71,78,73,64,48,26,31,15,10,F,2011
E01020323,West Devon 003C,820,44,34,49,50,27,41,30,50,71,75,75,64,59,45,37,29,19,19,2,F,2011
E01020339,West Devon 003D,863,36,38,46,48,38,24,36,44,50,80,93,60,78,57,38,34,23,25,15,F,2011
E01020314,West Devon 004A,812,27,38,50,31,18,16,23,53,61,68,75,59,79,72,43,29,37,16,17,F,2011
E01020325,West Devon 004B,817,35,44,51,47,32,29,35,34,55,87,68,63,86,55,35,30,15,10,6,F,2011
E01020331,West Devon 004C,847,34,44,51,42,19,27,21,56,55,69,56,66,82,61,44,37,27,30,26,F,2011
E01020340,West Devon 004D,850,34,42,45,48,32,31,37,48,58,66,83,60,63,69,38,39,34,17,6,F,2011
E01020332,West Devon 005A,916,30,40,46,45,63,54,38,40,56,83,60,73,69,65,40,41,35,30,8,F,2011
E01020333,West Devon 005B,967,47,44,47,42,37,40,36,57,77,77,71,77,87,68,53,49,31,22,5,F,2011
E01020334,West Devon 005C,1049,50,45,58,61,67,47,60,60,83,66,79,63,67,54,58,41,36,28,26,F,2011
E01020335,West Devon 005D,823,27,40,37,47,23,15,24,32,38,61,59,50,69,60,74,50,49,42,26,F,2011
E01020336,West Devon 005E,722,21,25,38,35,12,10,11,30,37,43,62,52,82,71,59,45,49,26,14,F,2011
E01020337,West Devon 005F,736,33,43,73,53,31,32,30,36,34,45,41,54,56,47,33,29,28,26,12,F,2011
E01020338,West Devon 005G,1253,81,79,62,56,85,83,85,71,84,86,84,73,82,73,37,39,39,35,19,F,2011
E01020317,West Devon 006A,752,28,30,41,27,22,26,37,24,48,56,61,60,78,65,47,34,29,22,17,F,2011
E01020324,West Devon 006B,814,25,30,41,40,19,17,21,34,42,78,78,75,74,53,55,45,39,26,22,F,2011
E01020341,West Devon 006C,842,25,35,38,39,31,17,22,34,48,66,73,75,86,82,58,31,38,18,26,F,2011
E01020342,West Devon 006D,782,45,38,50,48,35,43,37,50,43,71,62,58,57,51,34,25,23,9,3,F,2011
E01020312,West Devon 007A,804,14,18,55,38,20,24,21,27,49,67,63,76,111,74,53,43,22,15,14,F,2011
E01020313,West Devon 007B,728,47,36,33,34,34,34,32,45,56,56,49,52,61,39,28,30,26,24,12,F,2011
E01020315,West Devon 007C,815,48,34,40,37,27,32,30,32,57,63,57,54,65,51,46,46,38,32,26,F,2011
E01020316,West Devon 007D,979,57,50,61,46,22,27,35,46,58,100,72,75,78,84,53,33,32,30,20,F,2011
E07000048,,24984,1055,1051,1181,1251,957,967,1028,1223,1619,1638,1549,1467,1984,1901,1615,1537,1382,974,605,F,2011
E01020343,Christchurch 001A,776,33,21,38,50,25,26,31,30,45,48,59,67,92,62,43,37,38,20,11,F,2011
E01020344,Christchurch 001B,753,51,49,45,56,47,51,56,51,71,57,36,48,54,34,18,10,10,5,4,F,2011
E01020345,Christchurch 001C,653,22,24,18,38,34,31,25,22,45,45,57,48,55,48,40,39,31,15,16,F,2011
E01020365,Christchurch 001D,804,25,30,30,36,24,25,23,29,52,49,50,55,78,81,58,68,43,30,18,F,2011
E01020351,Christchurch 002A,664,32,38,39,37,29,24,35,28,56,59,37,45,53,49,34,28,24,10,7,F,2011
E01020352,Christchurch 002B,730,32,39,57,40,29,26,28,42,47,65,58,30,50,39,31,27,29,35,26,F,2011
E01020353,Christchurch 002C,893,47,52,47,63,29,35,42,56,69,72,48,40,51,46,41,48,52,26,29,F,2011
E01020359,Christchurch 002D,669,45,39,47,50,30,25,32,50,75,58,50,35,28,29,21,27,15,7,6,F,2011
E01020366,Christchurch 002E,1068,25,56,56,57,24,24,29,43,77,70,62,89,99,95,77,66,58,46,15,F,2011
E01020349,Christchurch 003A,983,13,12,18,18,26,35,23,26,23,30,29,27,86,77,85,113,139,128,75,F,2011
E01020350,Christchurch 003B,927,9,14,34,21,16,10,17,20,29,27,41,40,94,102,97,127,106,78,45,F,2011
E01020357,Christchurch 003C,1100,38,54,65,73,47,39,34,58,82,96,72,68,93,79,81,41,37,26,17,F,2011
E01020358,Christchurch 003D,799,19,31,45,33,21,10,22,35,37,54,39,49,70,78,76,80,48,33,19,F,2011
E01020369,Christchurch 004A,698,26,13,16,30,21,15,17,25,34,35,46,44,61,61,68,60,51,45,30,F,2011
E01020370,Christchurch 004B,776,37,32,41,38,36,38,29,50,60,49,63,62,63,52,36,43,25,16,6,F,2011
E01020371,Christchurch 004C,811,18,23,39,29,19,12,8,26,40,38,38,46,79,105,89,68,54,57,23,F,2011
E01020372,Christchurch 004D,645,23,21,23,25,18,24,14,28,34,45,38,40,53,70,57,60,44,20,8,F,2011
E01020346,Christchurch 005A,830,38,44,47,41,40,33,49,41,60,65,56,53,54,64,43,30,36,18,18,F,2011
E01020347,Christchurch 005B,820,72,44,43,50,60,65,50,42,71,52,41,40,59,27,27,24,28,21,4,F,2011
E01020348,Christchurch 005C,822,42,63,57,58,49,40,46,52,67,75,53,32,43,37,40,18,25,17,8,F,2011
E01020363,Christchurch 005D,625,34,33,46,36,22,33,50,50,65,56,40,43,33,30,25,11,9,8,1,F,2011
E01020360,Christchurch 006A,808,55,56,48,45,30,43,57,59,58,47,53,42,40,36,27,36,41,18,17,F,2011
E01020361,Christchurch 006B,832,62,42,47,47,44,59,45,64,79,41,54,36,46,36,36,36,31,12,15,F,2011
E01020364,Christchurch 006C,880,62,36,30,32,41,49,46,65,50,52,57,48,69,68,46,45,44,28,12,F,2011
E01020367,Christchurch 006D,983,37,36,32,58,32,44,54,49,46,75,72,57,76,69,68,68,56,39,15,F,2011
E01020368,Christchurch 006E,1214,55,58,51,66,70,61,60,58,68,88,72,67,87,65,64,80,49,53,42,F,2011
E01020354,Christchurch 007A,786,38,22,32,28,38,43,43,35,38,50,60,53,65,68,53,47,38,24,11,F,2011
E01020355,Christchurch 007B,1016,23,25,28,27,18,14,21,27,46,51,58,62,118,124,102,84,83,61,44,F,2011
E01020356,Christchurch 007C,848,20,24,28,30,18,16,23,37,39,44,52,53,74,93,68,62,92,38,37,F,2011
E01020362,Christchurch 007D,771,22,20,34,39,20,17,19,25,56,45,58,48,61,77,64,54,46,40,26,F,2011
E07000049,,45324,1856,1983,2263,2373,1667,1517,1656,2175,2986,3322,3213,2994,3873,3359,2897,2582,2146,1550,912,F,2011
E01020373,East Dorset 001A,663,38,57,39,48,27,30,36,61,71,47,48,28,43,31,11,18,16,13,1,F,2011
E01020374,East Dorset 001B,789,31,38,38,33,17,21,27,41,52,76,57,63,78,56,51,44,29,26,11,F,2011
E01020389,East Dorset 001C,1108,51,53,69,72,46,44,39,54,87,99,112,79,100,67,48,33,26,18,11,F,2011
E01020397,East Dorset 001D,737,35,40,27,44,19,31,21,44,57,55,89,58,56,47,41,28,18,21,6,F,2011
E01020416,East Dorset 002A,794,44,56,54,43,40,53,58,44,66,79,63,39,45,30,30,22,10,12,6,F,2011
E01020417,East Dorset 002B,559,31,33,33,28,27,22,28,23,47,44,42,30,39,37,32,20,22,19,2,F,2011
E01020418,East Dorset 002C,782,26,22,38,27,26,15,19,26,43,52,43,46,70,79,61,65,61,47,16,F,2011
E01020419,East Dorset 002D,965,49,42,57,58,26,35,59,61,82,74,52,48,67,55,58,52,54,28,8,F,2011
E01020420,East Dorset 002E,684,28,38,47,39,23,16,22,48,65,52,43,32,49,55,44,35,26,15,7,F,2011
E01020411,East Dorset 003A,621,51,38,26,31,36,29,29,38,32,38,38,36,44,30,26,25,22,33,19,F,2011
E01020412,East Dorset 003B,782,80,49,52,48,39,43,49,61,55,49,58,43,53,21,23,20,21,13,5,F,2011
E01020413,East Dorset 003C,737,45,53,41,21,21,19,39,56,70,64,36,40,52,61,42,37,18,16,6,F,2011
E01020414,East Dorset 003D,1044,59,58,70,60,56,40,41,65,83,85,55,38,68,60,57,58,52,26,13,F,2011
E01020415,East Dorset 003E,744,22,38,41,46,27,12,16,42,63,65,67,46,72,62,52,29,25,16,3,F,2011
E01020403,East Dorset 004A,798,23,24,36,53,34,14,23,25,48,54,74,62,81,67,55,56,34,23,12,F,2011
E01020404,East Dorset 004B,815,17,30,25,35,14,6,25,24,54,59,43,69,78,82,88,57,43,38,28,F,2011
E01020405,East Dorset 004C,742,19,12,25,27,23,19,15,31,32,51,70,61,95,91,59,52,32,14,14,F,2011
E01020406,East Dorset 004D,1181,22,21,30,42,16,33,19,23,63,58,79,101,155,142,108,115,84,40,30,F,2011
E01020396,East Dorset 005A,536,19,27,27,31,18,10,28,28,47,50,35,50,52,39,22,28,8,12,5,F,2011
E01020398,East Dorset 005B,1203,35,66,64,74,36,41,32,49,95,88,112,100,120,96,69,34,40,34,18,F,2011
E01020409,East Dorset 005C,644,23,35,42,40,19,16,20,37,56,59,56,51,66,36,28,12,15,22,11,F,2011
E01020410,East Dorset 005D,637,27,26,36,47,32,25,24,36,55,51,66,44,47,30,27,27,16,15,6,F,2011
E01020421,East Dorset 006A,732,36,40,34,36,26,38,28,32,45,57,49,43,57,48,40,37,31,29,26,F,2011
E01020422,East Dorset 006B,905,21,24,20,23,33,29,26,22,24,38,44,42,59,90,102,89,74,87,58,F,2011
E01020423,East Dorset 006C,764,15,31,25,39,36,19,17,28,49,49,48,58,79,80,58,49,45,22,17,F,2011
E01020424,East Dorset 006D,719,15,16,33,33,24,17,18,29,55,52,48,66,55,65,59,49,39,33,13,F,2011
E01020425,East Dorset 006E,871,33,27,42,18,14,22,21,41,43,45,34,51,100,102,77,74,65,38,24,F,2011
E01020377,East Dorset 007A,830,32,44,54,44,39,25,28,52,64,65,78,61,82,47,44,36,15,15,5,F,2011
E01020379,East Dorset 007B,741,28,28,34,39,27,23,18,35,53,51,56,69,66,72,46,41,33,16,6,F,2011
E01020380,East Dorset 007C,547,13,27,38,33,19,18,18,24,38,43,40,50,64,32,29,33,19,5,4,F,2011
E01020381,East Dorset 007D,624,24,36,29,30,19,10,17,28,48,39,55,61,61,52,50,23,23,12,7,F,2011
E01020390,East Dorset 008A,739,19,15,19,22,17,30,13,18,18,34,37,48,82,77,70,90,70,38,22,F,2011
E01020391,East Dorset 008B,739,16,17,31,34,23,19,17,20,35,48,52,45,90,60,61,68,49,41,13,F,2011
E01020392,East Dorset 008C,851,31,17,23,38,33,26,25,18,31,40,36,37,70,67,63,79,82,85,50,F,2011
E01020393,East Dorset 008D,828,85,74,60,73,47,62,56,61,65,70,60,39,26,24,9,9,5,1,2,F,2011
E01020394,East Dorset 008E,879,32,27,38,33,28,34,18,24,39,53,52,51,83,65,83,66,72,51,30,F,2011
E01020375,East Dorset 009A,746,37,18,34,34,30,35,19,35,48,50,62,49,76,52,40,44,43,25,15,F,2011
E01020376,East Dorset 009B,554,15,22,17,40,18,16,17,20,38,62,40,27,48,38,35,47,31,13,10,F,2011
E01020378,East Dorset 009C,795,32,45,53,42,32,30,35,40,64,74,43,55,73,50,41,30,40,9,7,F,2011
E01020407,East Dorset 009D,633,26,22,29,28,19,11,24,33,37,41,36,45,51,65,48,39,31,27,21,F,2011
E01020408,East Dorset 009E,608,13,23,28,37,28,14,21,23,39,46,45,48,50,48,35,42,30,24,14,F,2011
E01020426,East Dorset 010A,1002,40,33,48,57,31,27,45,38,51,60,67,55,78,57,76,73,64,56,46,F,2011
E01020427,East Dorset 010B,854,58,38,54,43,42,39,42,51,56,74,40,51,51,53,49,38,31,29,15,F,2011
E01020428,East Dorset 010C,1043,38,35,35,34,45,44,51,42,44,55,76,48,83,60,75,73,90,76,39,F,2011
E01020429,East Dorset 010D,872,50,49,52,56,41,45,49,57,59,59,52,47,56,56,30,37,35,21,21,F,2011
E01020395,East Dorset 011A,992,8,10,15,35,26,19,14,28,30,51,57,55,74,108,94,106,112,79,71,F,2011
E01020399,East Dorset 011B,1295,60,63,67,67,36,36,53,90,92,103,95,89,110,96,53,72,58,32,23,F,2011
E01020400,East Dorset 011C,836,26,22,43,45,26,19,26,25,49,71,51,64,66,74,76,60,43,29,21,F,2011
E01020401,East Dorset 011D,799,24,20,28,38,17,13,13,12,35,52,51,49,63,85,89,74,68,44,24,F,2011
E01020402,East Dorset 011E,768,29,34,31,36,23,21,27,41,32,66,64,64,74,52,65,39,38,27,5,F,2011
E01020382,East Dorset 012A,780,32,36,50,57,50,32,40,46,58,57,68,67,62,37,27,32,15,9,5,F,2011
E01020383,East Dorset 012B,889,21,35,50,48,28,29,25,34,56,78,79,52,93,77,60,51,25,26,22,F,2011
E01020384,East Dorset 012C,933,70,46,83,75,43,46,55,69,78,71,74,52,61,36,25,20,15,11,3,F,2011
E01020385,East Dorset 012D,634,29,41,46,48,35,17,30,38,44,63,48,47,46,36,32,15,12,5,2,F,2011
E01020386,East Dorset 012E,611,27,26,34,33,30,21,22,34,50,53,50,52,42,32,41,25,20,10,9,F,2011
E01020387,East Dorset 012F,561,14,27,32,31,22,6,15,21,44,41,42,37,51,44,45,31,36,12,10,F,2011
E01020388,East Dorset 012G,785,32,59,37,47,38,51,44,49,52,62,46,56,61,48,38,24,15,12,14,F,2011
E07000050,,34531,1769,1704,2003,2071,1454,1574,1611,2028,2353,2499,2388,2214,2684,2257,1753,1479,1255,884,551,F,2011
E01020443,North Dorset 001A,1275,87,73,74,78,90,116,73,84,100,80,80,72,50,35,53,29,45,37,19,F,2011
E01020447,North Dorset 001B,945,32,40,37,47,28,25,34,36,60,55,52,52,80,81,72,70,65,45,34,F,2011
E01020463,North Dorset 001C,869,40,38,48,57,26,31,29,46,64,80,70,45,56,57,48,40,53,28,13,F,2011
E01020464,North Dorset 001D,781,28,31,44,26,33,27,32,37,51,51,51,39,53,47,60,53,47,43,28,F,2011
E01020440,North Dorset 002A,972,34,40,39,43,40,29,22,49,62,87,71,79,113,98,47,46,36,31,6,F,2011
E01020450,North Dorset 002B,1167,74,63,67,68,51,68,76,82,80,93,84,66,65,76,52,47,33,15,7,F,2011
E01020462,North Dorset 002D,935,30,43,60,60,30,25,28,37,65,87,70,68,96,73,61,48,29,14,11,F,2011
E01033156,North Dorset 002E,869,60,73,55,50,38,62,71,78,77,58,37,48,52,30,28,22,12,11,7,F,2011
E01033158,North Dorset 002F,745,38,34,102,44,22,22,22,38,41,61,64,42,48,49,33,26,26,21,12,F,2011
E01020454,North Dorset 003A,1113,52,49,52,73,55,58,49,59,63,77,71,44,68,59,60,48,74,57,45,F,2011
E01020455,North Dorset 003B,1023,78,47,55,67,55,65,66,72,88,67,64,52,48,42,41,39,29,25,23,F,2011
E01020456,North Dorset 003C,902,62,60,53,53,56,60,50,71,68,63,62,53,65,40,27,29,11,12,7,F,2011
E01020457,North Dorset 003D,800,19,31,28,56,20,15,23,40,40,49,63,57,76,68,62,57,31,43,22,F,2011
E01020433,North Dorset 004A,900,44,44,47,45,41,28,38,52,70,58,65,44,115,77,45,38,28,14,7,F,2011
E01020434,North Dorset 004B,925,37,48,45,27,28,32,23,59,53,66,64,62,91,71,65,61,37,33,23,F,2011
E01020449,North Dorset 004C,1034,32,44,51,48,32,27,19,42,57,75,84,76,93,92,85,59,63,38,17,F,2011
E01020458,North Dorset 004D,1117,45,35,77,60,46,39,39,69,74,70,74,73,110,73,64,69,39,32,29,F,2011
E01020459,North Dorset 004E,1300,86,74,67,67,62,76,72,89,80,79,88,66,87,77,65,50,64,34,17,F,2011
E01020444,North Dorset 005A,949,45,47,83,50,29,39,40,55,54,66,78,82,74,70,45,35,24,19,14,F,2011
E01020445,North Dorset 005B,787,23,56,126,93,19,23,15,39,36,49,48,45,42,52,36,37,23,20,5,F,2011
E01020446,North Dorset 005C,768,29,36,37,34,16,17,23,30,46,53,65,56,60,68,53,48,37,38,22,F,2011
E01020460,North Dorset 005D,1015,39,50,45,55,38,23,28,45,76,81,71,79,111,100,62,47,34,16,15,F,2011
E01020442,North Dorset 006A,1014,36,47,52,47,32,27,42,61,73,75,92,99,78,85,65,39,38,16,10,F,2011
E01020452,North Dorset 006B,1197,46,53,92,240,41,55,57,56,65,88,78,72,73,58,44,39,21,14,5,F,2011
E01020453,North Dorset 006C,882,50,42,39,37,21,27,30,63,67,66,70,70,82,76,42,30,31,23,16,F,2011
E01033154,North Dorset 006E,839,120,81,57,49,71,99,117,92,57,34,16,11,9,9,6,5,1,3,2,F,2011
E01033159,North Dorset 006F,549,62,33,29,25,17,42,46,40,25,34,22,39,44,32,23,14,13,6,3,F,2011
E01020435,North Dorset 007A,884,49,35,40,34,51,56,69,47,64,75,64,88,61,54,35,23,18,13,8,F,2011
E01020436,North Dorset 007B,1023,73,52,67,63,62,72,87,64,84,95,67,52,59,46,35,23,17,4,1,F,2011
E01020437,North Dorset 007C,961,51,45,41,63,41,42,49,53,74,67,67,65,89,61,46,37,47,15,8,F,2011
E01020438,North Dorset 007D,1023,43,15,27,43,70,69,60,52,62,59,55,44,71,48,49,64,67,67,58,F,2011
E01020439,North Dorset 007E,1138,68,68,46,71,72,70,61,75,73,82,65,63,67,61,46,50,43,32,25,F,2011
E01020430,North Dorset 008A,733,27,31,48,30,19,25,29,32,56,62,56,58,84,62,44,35,21,7,7,F,2011
E01020431,North Dorset 008B,550,24,32,34,50,16,11,13,38,36,43,44,38,58,39,17,23,18,12,4,F,2011
E01020432,North Dorset 008C,599,22,17,36,30,13,19,23,28,62,54,44,42,70,44,38,19,22,10,6,F,2011
E01020441,North Dorset 008D,959,44,38,51,41,42,25,25,57,76,86,75,89,99,69,48,37,32,18,7,F,2011
E01020448,North Dorset 008E,989,40,59,52,47,31,28,31,61,74,74,97,84,87,78,51,43,26,18,8,F,2011
E07000051,,22998,1068,1083,1191,1142,1003,999,988,1177,1557,1665,1668,1539,1945,1668,1263,1158,896,640,348,F,2011
E01020465,Purbeck 001A,979,47,39,50,45,46,39,41,46,74,97,65,81,92,56,51,53,31,18,8,F,2011
E01020469,Purbeck 001B,979,50,60,55,43,50,51,44,67,75,60,90,60,73,47,34,43,35,30,12,F,2011
E01020470,Purbeck 001C,968,34,41,55,46,43,30,26,38,78,75,97,74,85,89,52,37,33,22,13,F,2011
E01020471,Purbeck 002A,719,57,44,49,63,43,58,46,49,64,49,48,31,30,26,28,20,8,3,3,F,2011
E01020472,Purbeck 002B,728,33,49,41,38,41,39,40,39,52,62,47,41,43,44,38,24,29,16,12,F,2011
E01020473,Purbeck 002C,785,50,34,34,39,53,45,36,36,45,65,46,62,71,51,37,34,29,12,6,F,2011
E01020474,Purbeck 002D,881,29,41,44,46,25,40,33,36,57,68,73,50,89,79,49,53,30,28,11,F,2011
E01020475,Purbeck 002E,1040,44,54,53,56,45,55,52,66,67,84,93,63,86,60,53,37,35,29,8,F,2011
E01020476,Purbeck 003A,617,27,21,28,29,24,25,17,28,36,48,50,47,60,50,45,38,24,16,4,F,2011
E01020477,Purbeck 003B,761,38,40,47,46,28,31,36,49,70,62,50,53,53,50,31,33,26,13,5,F,2011
E01020485,Purbeck 003C,773,20,25,17,27,43,32,28,35,40,52,48,39,61,64,56,59,60,36,31,F,2011
E01020486,Purbeck 003D,716,28,22,32,32,37,22,17,26,35,46,58,51,70,47,58,43,51,30,11,F,2011
E01020487,Purbeck 003E,674,47,32,33,54,28,28,27,36,33,56,54,50,63,50,27,31,14,9,2,F,2011
E01020488,Purbeck 003F,770,49,38,32,36,31,30,44,41,46,54,49,54,74,55,38,40,32,18,9,F,2011
E01020489,Purbeck 004A,709,44,44,40,34,19,36,45,37,51,52,49,52,61,48,37,30,15,11,4,F,2011
E01020490,Purbeck 004B,805,36,35,36,27,28,21,38,37,56,51,76,59,88,79,38,34,31,21,14,F,2011
E01020491,Purbeck 004C,803,38,47,46,38,38,50,45,52,55,43,66,56,48,51,49,35,19,13,14,F,2011
E01020492,Purbeck 004D,614,15,19,37,31,21,22,22,26,46,41,40,42,41,53,43,40,40,24,11,F,2011
E01020493,Purbeck 004E,1170,135,121,91,61,62,89,102,123,119,79,53,32,30,36,19,6,3,6,3,F,2011
E01020466,Purbeck 005A,911,27,43,39,38,25,27,24,42,63,57,77,66,87,91,57,44,48,30,26,F,2011
E01020467,Purbeck 005B,878,21,43,54,47,25,28,26,38,61,62,63,71,109,76,49,47,28,20,10,F,2011
E01020468,Purbeck 005C,752,22,28,35,25,23,17,25,18,46,55,45,69,84,65,56,56,39,29,15,F,2011
E01020478,Purbeck 006A,564,29,24,24,33,17,17,22,29,34,46,43,35,48,41,25,36,24,22,15,F,2011
E01020479,Purbeck 006B,632,19,14,20,14,25,22,22,26,23,25,35,39,51,49,49,56,51,59,33,F,2011
E01020480,Purbeck 006C,776,9,17,19,26,27,21,14,21,37,44,45,48,88,104,76,65,46,42,27,F,2011
E01020481,Purbeck 006D,743,21,18,27,28,45,29,21,27,32,61,74,61,81,58,44,48,34,19,15,F,2011
E01020482,Purbeck 006E,848,40,23,42,43,51,54,36,38,43,63,52,56,65,68,43,51,31,35,14,F,2011
E01020483,Purbeck 006F,643,33,27,52,54,31,19,30,29,62,59,38,52,51,27,28,27,8,10,6,F,2011
E01020484,Purbeck 006G,760,26,40,59,43,29,22,29,42,57,49,44,45,63,54,53,38,42,19,6,F,2011
E07000052,,51559,2130,2176,2748,2862,1924,1852,1961,2454,3328,3857,3623,3627,4315,3955,3015,2695,2286,1610,1141,F,2011
E01020542,West Dorset 001A,699,21,15,27,40,24,19,28,32,33,39,41,46,70,68,47,59,47,28,15,F,2011
E01020543,West Dorset 001B,773,50,55,58,37,49,44,47,55,41,52,43,36,35,52,42,35,25,13,4,F,2011
E01020544,West Dorset 001C,941,32,18,45,74,23,28,30,22,46,42,37,41,66,63,67,68,83,76,80,F,2011
E01020546,West Dorset 001E,867,16,21,107,228,29,20,24,24,28,35,28,32,38,46,30,36,41,44,40,F,2011
E01020547,West Dorset 001F,595,32,27,39,33,31,34,29,26,47,50,38,38,44,38,34,24,14,11,6,F,2011
E01032642,West Dorset 001H,1130,47,34,53,56,36,38,33,47,58,74,69,73,103,100,76,87,71,47,28,F,2011
E01020497,West Dorset 002A,1005,30,43,73,66,35,18,23,45,78,90,73,56,90,75,65,54,50,27,14,F,2011
E01020508,West Dorset 002B,1060,18,31,78,104,27,31,21,38,57,79,92,89,106,80,62,46,48,30,23,F,2011
E01020541,West Dorset 002C,1010,34,52,58,63,39,22,25,47,63,90,88,83,84,75,66,53,41,19,8,F,2011
E01020550,West Dorset 002D,812,35,29,33,45,22,13,22,27,57,61,57,70,80,85,54,37,42,29,14,F,2011
E01020494,West Dorset 003A,581,21,31,43,32,16,15,17,29,54,45,41,43,38,39,41,33,26,9,8,F,2011
E01020495,West Dorset 003B,739,31,20,33,34,35,20,25,29,57,43,48,43,71,55,49,53,43,32,18,F,2011
E01020496,West Dorset 003C,829,26,28,38,37,38,24,18,39,47,41,51,52,63,92,66,71,39,38,21,F,2011
E01020506,West Dorset 003D,868,33,36,32,48,23,24,25,27,48,61,71,70,106,79,64,41,35,21,24,F,2011
E01020530,West Dorset 003E,916,31,46,44,34,30,25,26,42,44,85,90,76,84,95,52,47,35,18,12,F,2011
E01020534,West Dorset 003F,1077,57,56,54,42,46,50,54,48,96,69,96,100,92,71,48,41,27,20,10,F,2011
E01020509,West Dorset 004A,1440,46,78,106,79,35,36,54,76,136,101,91,106,123,106,94,67,48,34,24,F,2011
E01020510,West Dorset 004B,1046,55,46,55,57,51,43,39,59,68,95,62,56,79,88,53,51,46,27,16,F,2011
E01020529,West Dorset 004C,1128,58,44,56,49,28,34,39,65,86,103,95,87,117,92,67,40,38,18,12,F,2011
E01020539,West Dorset 004D,1003,35,48,50,49,39,21,43,46,76,117,83,78,104,62,54,37,26,24,11,F,2011
E01020540,West Dorset 004E,1254,55,66,70,63,32,43,50,78,116,102,93,104,96,85,64,57,48,20,12,F,2011
E01020511,West Dorset 005A,887,22,24,35,33,13,20,22,19,46,72,51,72,86,93,83,68,56,42,30,F,2011
E01020532,West Dorset 005B,879,18,24,26,32,19,22,16,22,35,51,50,70,127,100,70,56,54,47,40,F,2011
E01020533,West Dorset 005C,1148,51,39,81,67,30,44,38,57,62,86,70,65,89,91,60,73,48,54,43,F,2011
E01020535,West Dorset 005D,872,25,41,42,31,9,22,32,38,54,70,63,77,109,90,61,40,37,20,11,F,2011
E01020498,West Dorset 006A,1059,46,47,58,48,29,34,48,53,64,71,68,70,89,83,65,64,55,45,22,F,2011
E01020499,West Dorset 006B,726,41,47,46,54,26,36,42,41,52,53,49,53,43,41,23,27,22,17,13,F,2011
E01020500,West Dorset 006C,846,25,33,29,39,44,40,35,30,43,72,58,57,80,57,37,47,64,39,17,F,2011
E01020501,West Dorset 006D,739,25,24,53,32,25,16,16,41,52,63,53,45,61,63,44,43,33,32,18,F,2011
E01020507,West Dorset 007A,984,16,23,47,35,37,12,23,26,54,74,80,80,100,118,77,61,65,29,27,F,2011
E01020517,West Dorset 007B,894,27,34,33,46,17,25,25,29,49,58,65,76,126,87,59,59,31,31,17,F,2011
E01020531,West Dorset 007C,893,28,39,42,44,33,20,26,35,66,72,76,68,91,70,59,43,32,26,23,F,2011
E01020536,West Dorset 007D,1102,77,58,64,53,36,61,48,51,61,71,93,100,86,85,56,40,35,17,10,F,2011
E01020502,West Dorset 008A,875,69,36,28,53,59,44,34,44,52,62,62,74,55,49,43,43,40,19,9,F,2011
E01020503,West Dorset 008B,967,48,50,28,72,58,36,37,44,50,55,62,55,65,65,47,63,57,44,31,F,2011
E01020504,West Dorset 008C,1183,24,32,30,36,40,23,28,34,59,67,74,99,131,138,96,85,70,54,63,F,2011
E01020526,West Dorset 009C,700,37,37,48,37,20,28,30,39,36,59,50,42,50,43,39,29,29,24,23,F,2011
E01020527,West Dorset 009D,765,45,38,51,48,51,37,39,64,61,50,50,46,36,30,25,30,16,14,34,F,2011
E01020528,West Dorset 009E,974,47,55,57,53,53,58,47,62,70,95,55,55,56,46,55,46,33,19,12,F,2011
E01032641,West Dorset 009F,848,38,59,58,46,50,51,49,52,55,71,52,41,48,48,31,32,21,24,22,F,2011
E01032643,West Dorset 009G,789,39,46,46,38,45,50,68,53,58,61,58,36,49,46,38,20,20,8,10,F,2011
E01032644,West Dorset 009H,581,15,8,10,16,31,34,30,21,20,30,28,24,38,24,35,45,53,61,58,F,2011
E01032645,West Dorset 009I,610,20,12,24,30,35,34,16,34,32,37,32,28,30,34,27,40,45,58,42,F,2011
E01020518,West Dorset 010A,807,58,24,44,40,35,38,46,46,69,59,56,38,67,44,31,42,31,30,9,F,2011
E01020519,West Dorset 010B,977,70,57,48,60,41,47,52,63,73,73,57,54,62,53,38,46,42,31,10,F,2011
E01020520,West Dorset 010C,699,22,23,31,31,26,28,25,41,38,65,51,59,52,57,53,38,30,16,13,F,2011
E01020523,West Dorset 010D,658,29,35,46,50,31,30,26,41,50,68,66,55,26,33,25,20,20,7,0,F,2011
E01020524,West Dorset 010E,740,22,22,41,36,33,25,25,44,48,49,56,53,69,72,53,33,32,17,10,F,2011
E01020525,West Dorset 010F,686,21,34,57,48,17,13,20,31,47,72,53,45,55,42,39,32,32,17,11,F,2011
E01020505,West Dorset 011A,964,32,49,40,55,27,25,29,41,78,75,89,82,84,77,53,42,49,23,14,F,2011
E01020537,West Dorset 011B,968,37,44,46,39,52,39,41,43,64,67,75,76,86,77,69,46,31,22,14,F,2011
E01020538,West Dorset 011C,976,62,39,46,59,45,34,59,48,60,65,60,89,89,62,53,47,32,22,5,F,2011
E01020549,West Dorset 011D,1111,42,37,49,48,35,52,45,58,78,87,95,83,108,69,54,42,40,46,43,F,2011
E01020512,West Dorset 012A,1060,38,41,61,46,26,28,32,47,74,86,81,103,101,99,61,66,39,18,13,F,2011
E01020513,West Dorset 012B,783,39,40,50,38,33,37,45,48,43,57,49,40,42,66,46,46,40,14,10,F,2011
E01020514,West Dorset 012C,635,37,34,34,31,21,24,31,42,43,62,48,60,41,49,33,22,17,5,1,F,2011
E01020515,West Dorset 012D,618,37,34,28,33,20,51,31,40,47,44,36,25,35,43,33,31,24,16,10,F,2011
E01020516,West Dorset 012E,783,38,33,39,35,34,32,33,31,49,54,65,53,64,65,49,51,38,17,3,F,2011
E07000053,,32705,1663,1567,1797,1821,1744,1609,1645,1751,2226,2373,2356,2159,2520,2090,1586,1383,1138,804,473,F,2011
E01020551,Weymouth and Portland 001A,944,67,49,46,58,71,66,65,63,84,66,76,50,50,49,42,22,14,5,1,F,2011
E01020552,Weymouth and Portland 001B,950,85,66,73,59,62,68,72,58,67,66,62,54,49,43,29,17,11,6,3,F,2011
E01020570,Weymouth and Portland 001C,800,29,29,42,38,29,24,36,42,52,56,70,57,82,69,44,38,37,11,15,F,2011
E01020571,Weymouth and Portland 001D,1054,65,43,70,60,56,75,73,78,71,88,89,54,62,55,37,28,29,10,11,F,2011
E01020557,Weymouth and Portland 002A,801,21,22,29,18,23,19,17,26,44,48,38,56,78,93,77,69,60,39,24,F,2011
E01020558,Weymouth and Portland 002B,875,34,27,40,41,19,15,23,45,60,49,67,76,107,80,65,60,36,23,8,F,2011
E01020559,Weymouth and Portland 002C,820,17,33,23,29,14,16,19,25,39,42,44,68,125,86,67,72,52,32,17,F,2011
E01020560,Weymouth and Portland 002D,985,36,44,55,45,43,29,43,53,83,66,85,58,112,76,52,50,28,15,12,F,2011
E01020561,Weymouth and Portland 002E,1030,66,36,61,46,50,54,61,45,54,63,64,58,57,44,37,62,61,67,44,F,2011
E01020574,Weymouth and Portland 003A,986,53,61,56,66,48,52,54,54,68,86,71,60,62,56,51,32,29,17,10,F,2011
E01020575,Weymouth and Portland 003B,824,49,43,62,46,49,38,56,43,63,61,46,53,58,41,47,31,11,16,11,F,2011
E01020576,Weymouth and Portland 003C,862,33,29,41,41,20,39,27,37,47,60,57,55,83,96,68,50,49,22,8,F,2011
E01020579,Weymouth and Portland 003D,990,31,45,46,52,31,36,30,43,64,75,78,75,98,72,48,57,49,42,18,F,2011
E01020580,Weymouth and Portland 003E,742,28,30,38,45,28,29,27,36,51,50,76,50,55,60,36,33,32,24,14,F,2011
E01020553,Weymouth and Portland 004A,629,38,21,22,46,57,55,44,21,40,36,47,41,43,29,23,25,22,11,8,F,2011
E01020554,Weymouth and Portland 004B,850,55,25,24,41,123,81,50,33,44,67,46,53,44,40,32,23,31,23,15,F,2011
E01020555,Weymouth and Portland 004C,651,47,31,21,41,65,57,36,30,52,43,40,42,41,28,21,21,15,16,4,F,2011
E01020556,Weymouth and Portland 004D,718,30,18,21,34,48,43,34,30,44,45,38,46,64,44,37,37,49,38,18,F,2011
E01020581,Weymouth and Portland 004E,1007,34,43,38,43,57,30,37,41,62,65,63,84,92,106,56,52,48,39,17,F,2011
E01020582,Weymouth and Portland 004F,811,49,44,48,48,41,51,48,48,42,52,61,36,64,51,32,35,28,20,13,F,2011
E01020572,Weymouth and Portland 005A,973,69,51,53,62,84,71,69,59,83,77,56,46,59,40,34,23,16,12,9,F,2011
E01020573,Weymouth and Portland 005B,933,40,37,55,58,56,53,52,48,61,78,57,59,65,44,47,39,43,28,13,F,2011
E01020577,Weymouth and Portland 005C,794,26,46,59,57,58,27,34,48,69,70,65,52,42,44,30,24,24,12,7,F,2011
E01020578,Weymouth and Portland 005D,1135,51,54,51,71,46,37,46,52,74,77,61,73,90,81,59,52,46,61,53,F,2011
E01020583,Weymouth and Portland 006A,958,36,57,48,51,45,33,40,47,68,76,77,67,84,48,68,47,32,19,15,F,2011
E01020584,Weymouth and Portland 006B,881,59,37,51,60,48,48,46,56,84,56,79,62,50,48,26,24,19,16,12,F,2011
E01020585,Weymouth and Portland 006C,782,47,54,56,53,23,38,40,61,58,65,62,52,43,29,34,25,24,11,7,F,2011
E01020586,Weymouth and Portland 007A,651,30,31,35,41,32,18,25,40,53,48,53,37,51,43,41,32,21,10,10,F,2011
E01020587,Weymouth and Portland 007B,780,49,40,53,36,22,40,50,58,56,57,42,41,63,47,39,29,28,21,9,F,2011
E01020588,Weymouth and Portland 007C,675,30,27,43,41,27,23,35,41,40,57,46,48,61,48,33,24,27,15,9,F,2011
E01020589,Weymouth and Portland 007D,766,26,33,64,48,34,26,31,50,60,58,65,50,65,41,47,22,28,10,8,F,2011
E01020563,Weymouth and Portland 008A,596,20,38,45,31,23,30,32,43,37,44,54,43,49,41,21,19,10,11,5,F,2011
E01020569,Weymouth and Portland 008D,745,56,59,46,49,52,49,41,40,41,53,55,46,38,30,22,26,11,26,5,F,2011
E01033200,Weymouth and Portland 008E,1020,50,48,70,60,59,52,55,55,78,103,93,67,52,53,43,32,22,24,4,F,2011
E01020562,Weymouth and Portland 009A,1038,59,51,66,64,51,42,51,55,75,79,81,86,78,42,34,47,40,20,17,F,2011
E01020564,Weymouth and Portland 009B,836,63,67,58,49,65,67,54,58,43,55,50,55,45,44,21,22,11,8,1,F,2011
E01020565,Weymouth and Portland 009C,749,44,35,36,40,44,47,44,28,37,61,52,61,60,49,32,38,24,10,7,F,2011
E01020566,Weymouth and Portland 009D,1064,41,63,52,53,41,31,48,61,78,75,90,88,99,100,54,44,21,14,11,F,2011
E07000078,,59126,3231,2814,3047,3908,4780,4560,3922,3735,3832,4219,3537,3140,3315,2727,2275,2098,1745,1381,860,F,2011
E01022163,Cheltenham 001A,752,43,38,52,32,49,66,65,49,41,64,60,64,42,33,30,5,9,7,3,F,2011
E01022164,Cheltenham 001B,713,63,24,47,43,80,67,59,36,39,47,47,42,37,23,13,21,15,5,5,F,2011
E01022165,Cheltenham 001C,742,43,29,34,33,45,53,61,42,57,49,44,60,58,30,40,29,20,11,4,F,2011
E01022166,Cheltenham 001D,668,31,36,44,34,33,47,36,46,45,58,50,46,62,39,14,27,10,8,2,F,2011
E01022143,Cheltenham 002A,767,35,32,29,31,17,32,41,37,50,52,56,60,64,66,54,52,33,21,5,F,2011
E01022144,Cheltenham 002B,588,24,19,21,34,18,27,13,36,32,43,36,40,51,43,39,30,46,22,14,F,2011
E01022145,Cheltenham 002C,640,36,36,34,36,27,26,28,40,51,52,42,47,38,44,27,27,21,18,10,F,2011
E01022146,Cheltenham 002D,732,29,20,25,27,17,14,30,43,42,61,50,38,72,60,50,51,32,39,32,F,2011
E01022122,Cheltenham 003A,746,64,47,59,47,52,58,45,42,41,58,38,39,31,29,16,25,26,14,15,F,2011
E01022160,Cheltenham 003B,1138,109,75,59,44,103,148,108,76,63,80,53,51,28,22,28,24,21,20,26,F,2011
E01022161,Cheltenham 003C,738,49,47,42,44,49,99,54,50,47,54,48,34,37,38,13,18,6,6,3,F,2011
E01022162,Cheltenham 003D,800,43,31,23,44,39,55,31,54,41,57,66,45,77,63,43,32,33,17,6,F,2011
E01022139,Cheltenham 004A,652,17,15,11,89,57,18,19,18,33,40,51,40,60,40,45,34,39,13,13,F,2011
E01022151,Cheltenham 004B,889,40,21,8,124,281,73,62,36,38,32,45,28,35,20,15,10,13,7,1,F,2011
E01022152,Cheltenham 004C,605,37,28,32,74,129,41,31,41,27,25,30,21,22,13,16,14,15,7,2,F,2011
E01022153,Cheltenham 004D,818,39,21,22,60,272,110,65,44,33,35,31,19,21,5,6,8,9,8,10,F,2011
E01022154,Cheltenham 004E,1024,30,25,29,77,447,113,67,39,34,36,35,16,23,19,8,8,11,3,4,F,2011
E01022120,Cheltenham 005A,743,55,50,44,51,59,73,63,40,65,47,47,30,27,19,18,28,15,11,1,F,2011
E01022121,Cheltenham 005B,924,105,62,45,54,98,104,92,63,62,46,42,32,28,23,18,18,17,11,4,F,2011
E01022147,Cheltenham 005C,840,75,52,74,44,69,75,62,55,56,65,52,41,26,34,12,17,10,17,4,F,2011
E01022157,Cheltenham 005D,798,87,61,34,35,70,78,67,41,39,59,42,59,32,23,27,16,17,8,3,F,2011
E01022159,Cheltenham 005E,773,60,53,53,47,37,58,51,48,51,57,46,53,34,35,28,24,21,9,8,F,2011
E01022131,Cheltenham 006A,650,45,32,28,48,50,39,41,36,29,50,41,38,42,39,23,27,19,15,8,F,2011
E01022132,Cheltenham 006B,749,44,45,52,49,43,49,49,47,48,69,41,40,47,38,26,19,15,20,8,F,2011
E01022133,Cheltenham 006C,767,73,58,65,69,60,53,53,51,61,64,48,26,25,23,19,9,6,2,2,F,2011
E01022134,Cheltenham 006D,775,49,42,21,29,49,75,49,60,39,51,49,51,43,35,36,34,28,22,13,F,2011
E01022148,Cheltenham 007A,775,47,27,38,39,40,54,48,50,62,54,50,54,54,27,29,37,30,22,13,F,2011
E01022149,Cheltenham 007B,670,38,40,42,52,46,34,42,55,58,63,36,38,38,22,23,24,4,9,6,F,2011
E01022150,Cheltenham 007C,780,46,30,45,41,64,74,66,55,48,50,50,46,26,36,24,26,27,17,9,F,2011
E01022155,Cheltenham 007D,732,41,35,38,37,80,51,52,43,45,42,49,34,49,31,38,26,18,15,8,F,2011
E01022156,Cheltenham 007E,778,69,49,27,42,85,81,82,54,40,54,38,35,20,22,14,13,17,19,17,F,2011
E01022158,Cheltenham 007F,1021,50,28,19,38,215,175,121,67,52,54,51,30,36,24,20,19,9,6,7,F,2011
E01022100,Cheltenham 008A,866,67,42,27,42,65,71,70,68,54,66,39,59,53,37,21,28,22,24,11,F,2011
E01022101,Cheltenham 008B,912,44,47,36,31,86,95,93,79,69,60,42,49,45,27,25,31,19,22,12,F,2011
E01022102,Cheltenham 008C,794,29,18,10,24,163,166,85,58,35,46,39,30,33,18,8,10,6,9,7,F,2011
E01022140,Cheltenham 008D,635,34,22,24,21,29,32,48,43,34,40,40,36,41,35,43,51,26,17,19,F,2011
E01022141,Cheltenham 008E,670,17,19,22,14,66,101,68,41,38,43,39,42,48,34,24,18,14,18,4,F,2011
E01022142,Cheltenham 008F,709,37,19,19,34,104,98,75,44,44,47,33,24,23,22,25,17,18,22,4,F,2011
E01022116,Cheltenham 009A,695,36,22,54,121,41,89,46,29,36,32,28,27,28,29,19,21,17,12,8,F,2011
E01022117,Cheltenham 009B,767,18,7,8,40,81,128,71,45,36,44,34,34,30,29,32,26,35,37,32,F,2011
E01022119,Cheltenham 009C,681,38,40,29,26,49,55,66,67,59,51,43,34,35,21,22,22,9,7,8,F,2011
E01022124,Cheltenham 009D,605,8,6,9,10,61,88,60,32,38,30,27,19,32,20,19,27,39,32,48,F,2011
E01022125,Cheltenham 009E,666,23,33,23,21,40,61,31,45,32,46,46,45,37,23,26,32,31,39,32,F,2011
E01022126,Cheltenham 009F,649,10,5,9,15,81,130,65,51,26,37,38,29,39,28,10,25,17,25,9,F,2011
E01022127,Cheltenham 009G,1277,16,16,217,492,120,118,61,42,25,18,23,21,25,19,14,20,16,8,6,F,2011
E01022106,Cheltenham 010A,891,38,48,52,51,42,46,49,56,81,65,53,47,60,63,43,34,30,23,10,F,2011
E01022107,Cheltenham 010B,769,26,42,40,49,33,26,49,57,58,60,67,48,44,53,42,35,18,12,10,F,2011
E01022108,Cheltenham 010C,911,33,49,59,50,45,30,41,56,66,77,76,59,88,67,49,25,22,12,7,F,2011
E01022123,Cheltenham 010D,1061,57,47,59,64,89,105,94,70,77,71,60,56,52,47,54,28,17,10,4,F,2011
E01022135,Cheltenham 011A,894,56,44,83,114,25,26,35,62,57,51,46,42,47,48,43,27,34,39,15,F,2011
E01022136,Cheltenham 011B,815,22,36,28,66,50,63,49,43,57,46,40,24,55,35,43,44,42,50,22,F,2011
E01022137,Cheltenham 011C,852,37,34,27,27,66,86,66,52,73,54,51,30,55,43,37,32,33,28,21,F,2011
E01022138,Cheltenham 011D,881,32,46,35,103,73,42,47,53,50,74,48,50,56,50,40,35,27,17,3,F,2011
E01022174,Cheltenham 011E,698,34,35,28,42,33,28,35,47,50,52,45,32,56,48,42,31,33,17,10,F,2011
E01022103,Cheltenham 012A,1196,87,73,61,65,72,121,92,80,84,87,69,66,61,50,41,41,28,11,7,F,2011
E01022104,Cheltenham 012B,841,58,39,43,56,38,57,53,67,76,58,59,56,40,34,33,28,18,23,5,F,2011
E01022105,Cheltenham 012C,738,29,49,58,40,14,30,23,44,60,64,54,44,62,38,42,33,26,17,11,F,2011
E01022109,Cheltenham 012D,757,34,47,50,46,20,20,27,42,57,69,49,49,47,45,41,48,35,25,6,F,2011
E01022110,Cheltenham 012E,736,38,42,63,39,22,36,34,58,52,83,40,31,37,33,25,30,28,21,24,F,2011
E01022111,Cheltenham 012F,773,31,48,66,50,18,24,37,44,62,74,51,48,46,30,29,29,37,31,18,F,2011
E01022112,Cheltenham 012G,713,47,33,50,56,17,22,28,42,55,68,55,47,33,37,23,26,26,22,26,F,2011
E01022167,Cheltenham 013A,627,33,27,46,31,12,17,33,36,40,43,53,49,57,48,35,25,21,15,6,F,2011
E01022168,Cheltenham 013B,573,36,25,38,26,23,26,29,37,37,42,33,30,34,49,37,27,17,20,7,F,2011
E01022169,Cheltenham 013C,776,48,51,33,35,27,46,61,59,73,55,49,37,59,31,24,36,22,14,16,F,2011
E01022170,Cheltenham 013D,769,37,57,43,52,31,42,50,56,63,90,49,44,32,35,35,25,15,9,4,F,2011
E01022171,Cheltenham 013E,674,48,34,33,43,27,47,41,65,71,84,56,38,35,16,15,12,5,0,4,F,2011
E01022172,Cheltenham 013F,742,20,26,30,24,12,27,41,37,45,59,51,39,56,52,66,63,44,29,21,F,2011
E01022173,Cheltenham 013G,712,41,41,32,31,43,48,48,45,53,43,31,43,43,47,34,28,36,16,9,F,2011
E01022113,Cheltenham 014A,888,21,46,53,53,17,9,23,31,52,80,64,62,67,71,62,45,59,48,25,F,2011
E01022114,Cheltenham 014B,844,44,46,44,42,18,10,33,53,50,74,59,42,70,49,57,47,39,36,31,F,2011
E01022115,Cheltenham 014C,831,32,36,33,42,43,48,34,45,75,68,62,59,58,63,42,25,28,24,14,F,2011
E01022118,Cheltenham 014D,722,47,44,39,49,26,19,32,57,62,77,44,48,42,37,23,28,24,19,5,F,2011
E01022128,Cheltenham 015A,832,71,38,40,38,14,17,38,63,53,69,71,52,59,58,40,39,35,28,9,F,2011
E01022129,Cheltenham 015B,1055,52,73,57,53,27,36,42,75,83,93,69,70,74,54,50,56,38,36,17,F,2011
E01022130,Cheltenham 015C,842,49,54,41,32,37,54,66,65,65,61,48,52,36,36,28,36,27,28,27,F,2011
E07000079,,42956,1928,2022,2283,2393,1920,1670,1817,2483,3166,3432,3270,2957,3245,2783,2176,1892,1632,1171,716,F,2011
E01022179,Cotswold 001A,1059,43,63,59,57,20,19,37,59,102,97,86,79,78,84,69,44,33,20,10,F,2011
E01022182,Cotswold 001B,783,28,30,34,30,31,20,31,42,68,46,56,64,55,68,59,43,37,31,10,F,2011
E01022183,Cotswold 001C,798,24,31,42,36,28,29,20,29,57,55,54,45,57,74,55,52,42,36,32,F,2011
E01022184,Cotswold 001D,773,13,32,49,38,21,22,20,25,47,74,62,62,68,76,48,49,29,25,13,F,2011
E01022185,Cotswold 001E,746,29,27,42,31,18,16,27,39,53,52,43,60,67,58,49,43,44,28,20,F,2011
E01022177,Cotswold 002A,1085,33,41,42,55,43,42,43,44,67,77,70,73,86,65,69,75,58,53,49,F,2011
E01022178,Cotswold 002B,677,32,38,46,29,13,29,26,42,41,66,55,46,51,56,41,23,24,13,6,F,2011
E01022205,Cotswold 002C,940,39,34,51,45,21,36,31,49,63,83,79,79,76,72,59,38,50,25,10,F,2011
E01022211,Cotswold 002D,999,51,46,46,36,40,48,49,58,75,53,81,44,65,59,46,72,42,58,30,F,2011
E01022212,Cotswold 002E,859,34,37,46,48,32,34,41,43,66,73,60,53,71,63,52,47,30,17,12,F,2011
E01022180,Cotswold 003A,1105,54,49,60,56,54,51,69,76,66,78,70,71,58,66,72,44,53,33,25,F,2011
E01022181,Cotswold 003B,827,23,20,27,34,22,27,23,25,42,68,59,57,96,62,59,57,67,40,19,F,2011
E01022214,Cotswold 003C,1090,61,67,76,71,33,39,47,93,103,109,94,65,79,55,34,32,15,9,8,F,2011
E01022222,Cotswold 003D,987,42,33,48,45,42,27,39,59,58,97,83,86,88,91,52,28,37,20,12,F,2011
E01022186,Cotswold 004A,870,33,47,55,34,35,29,36,54,67,69,81,69,75,67,30,32,33,17,7,F,2011
E01022187,Cotswold 004B,975,41,48,48,99,55,33,28,49,70,83,94,66,70,51,50,39,28,13,10,F,2011
E01022201,Cotswold 004C,910,27,52,49,49,39,31,35,45,56,95,89,82,78,55,45,23,32,24,4,F,2011
E01022216,Cotswold 004D,908,41,40,44,44,24,30,39,77,69,82,88,86,79,53,38,28,28,13,5,F,2011
E01022175,Cotswold 005A,963,41,37,48,60,35,42,36,46,66,71,93,88,91,69,44,34,30,24,8,F,2011
E01022207,Cotswold 005B,910,41,52,55,40,26,15,35,45,71,81,94,70,79,60,54,45,28,11,8,F,2011
E01022213,Cotswold 005C,1003,65,41,55,48,28,47,49,70,75,79,73,41,63,69,60,45,41,37,17,F,2011
E01022215,Cotswold 005D,894,37,46,37,41,24,27,31,63,75,86,96,62,76,69,48,36,25,10,5,F,2011
E01022188,Cotswold 006A,690,42,36,49,48,46,43,27,52,55,40,52,46,43,24,26,22,13,21,5,F,2011
E01022189,Cotswold 006B,660,28,41,37,47,16,23,27,49,49,57,63,58,50,37,16,23,19,14,6,F,2011
E01022190,Cotswold 006C,688,30,30,46,58,69,39,37,34,64,75,59,46,29,21,15,21,4,10,1,F,2011
E01022196,Cotswold 006D,923,53,38,61,64,30,42,43,63,71,73,68,70,40,56,43,38,41,21,8,F,2011
E01022197,Cotswold 006E,971,45,51,48,52,62,32,47,58,70,74,80,69,87,57,42,35,35,17,10,F,2011
E01022194,Cotswold 007A,907,22,22,29,43,78,54,52,31,37,61,35,28,43,42,49,64,75,85,57,F,2011
E01022195,Cotswold 007B,866,24,29,30,95,111,31,32,36,40,54,43,50,46,51,38,53,42,33,28,F,2011
E01022199,Cotswold 007C,902,48,26,25,41,83,49,50,65,70,49,51,59,54,60,43,52,26,40,11,F,2011
E01022200,Cotswold 007D,666,49,26,38,28,47,50,30,30,48,48,28,33,37,30,25,30,33,30,26,F,2011
E01022191,Cotswold 008A,738,31,33,49,32,63,63,58,52,65,47,46,42,34,34,31,26,15,11,6,F,2011
E01022192,Cotswold 008B,681,32,41,48,50,61,21,35,44,56,44,50,55,37,38,10,18,22,12,7,F,2011
E01022193,Cotswold 008C,554,21,25,31,40,25,12,16,23,36,52,33,39,48,46,28,20,22,20,17,F,2011
E01022198,Cotswold 008D,651,31,32,37,56,45,45,42,40,53,53,36,44,35,36,18,22,17,6,3,F,2011
E01022225,Cotswold 008E,912,62,45,42,48,74,57,75,53,46,40,46,40,57,52,43,42,35,28,27,F,2011
E01022202,Cotswold 009A,555,40,32,28,32,16,11,21,37,46,34,55,45,49,31,24,20,16,10,8,F,2011
E01022203,Cotswold 009B,769,25,31,36,37,27,18,18,38,44,61,37,43,64,55,45,56,60,42,32,F,2011
E01022204,Cotswold 009C,767,35,38,56,59,24,29,30,48,66,64,56,58,56,49,28,25,17,19,10,F,2011
E01022208,Cotswold 009D,831,42,56,53,47,23,19,24,44,59,82,66,46,68,40,52,52,28,22,8,F,2011
E01022209,Cotswold 009E,560,21,29,38,48,14,22,25,27,55,48,52,46,61,20,18,13,13,6,4,F,2011
E01022210,Cotswold 009F,658,20,21,25,32,13,27,13,29,49,54,31,55,52,82,45,41,35,16,18,F,2011
E01022221,Cotswold 010A,1004,55,68,62,56,32,35,38,60,102,90,75,62,80,55,36,36,37,17,8,F,2011
E01022223,Cotswold 010B,1231,57,67,72,82,42,52,68,87,81,120,115,76,80,69,59,39,35,16,14,F,2011
E01022224,Cotswold 010C,807,31,31,48,38,46,17,22,32,57,89,58,63,71,66,54,36,25,14,9,F,2011
E01022176,Cotswold 011A,955,46,50,48,49,34,31,30,69,93,94,80,82,86,55,39,27,24,15,3,F,2011
E01022206,Cotswold 011B,974,52,48,55,54,34,42,29,53,77,79,91,76,90,63,57,28,18,17,11,F,2011
E01022217,Cotswold 011C,673,34,40,36,35,26,33,38,44,54,34,54,41,65,42,29,21,28,9,10,F,2011
E01022218,Cotswold 011D,674,44,44,47,32,38,38,31,57,61,47,33,33,45,26,32,26,25,9,6,F,2011
E01022219,Cotswold 011E,660,37,38,24,34,25,12,29,44,53,39,63,51,51,48,35,23,21,16,17,F,2011
E01022220,Cotswold 011F,868,39,43,26,30,32,30,38,52,52,56,54,53,81,56,63,54,45,38,26,F,2011
E07000080,,41755,2029,2011,2335,2622,1981,1781,1791,2364,3080,3214,3040,2907,3244,2747,2070,1685,1318,960,576,F,2011
E01022233,Forest of Dean 001A,953,33,48,46,47,31,36,32,45,80,73,82,74,93,68,58,47,26,17,17,F,2011
E01022235,Forest of Dean 001B,914,39,52,43,49,31,31,33,47,48,68,74,65,67,91,53,47,36,25,15,F,2011
E01022247,Forest of Dean 001C,1298,34,34,44,385,147,45,39,33,60,71,75,72,59,60,57,44,20,11,8,F,2011
E01022270,Forest of Dean 001D,955,42,40,59,49,49,35,41,46,61,99,88,66,65,69,53,35,30,21,7,F,2011
E01022271,Forest of Dean 001E,831,27,38,49,42,29,15,19,35,50,70,61,88,113,65,47,32,30,8,13,F,2011
E01022261,Forest of Dean 002A,1000,50,59,73,55,55,30,49,63,77,74,55,54,76,59,51,45,34,23,18,F,2011
E01022262,Forest of Dean 002B,944,43,33,53,54,53,47,45,52,69,82,67,71,61,61,40,29,42,30,12,F,2011
E01022267,Forest of Dean 002C,823,27,31,38,49,40,39,18,40,52,52,53,71,90,58,56,44,26,21,18,F,2011
E01022251,Forest of Dean 003A,706,33,37,34,43,21,31,42,39,56,57,47,51,50,48,25,40,32,11,9,F,2011
E01022252,Forest of Dean 003B,840,22,43,48,42,29,25,28,53,87,72,62,60,74,76,41,33,23,15,7,F,2011
E01022258,Forest of Dean 003C,594,32,35,25,36,27,30,36,39,42,33,42,39,30,22,21,29,33,26,17,F,2011
E01022259,Forest of Dean 003D,824,42,39,50,50,26,38,43,56,62,62,72,51,76,56,35,31,10,18,7,F,2011
E01022260,Forest of Dean 003E,915,54,49,44,57,54,44,43,55,70,58,69,54,74,58,38,28,29,19,18,F,2011
E01022236,Forest of Dean 004A,1046,69,52,47,53,69,66,68,56,63,79,84,72,63,64,46,44,22,21,8,F,2011
E01022237,Forest of Dean 004B,759,51,33,53,49,51,32,41,62,59,58,36,59,33,38,28,35,19,15,7,F,2011
E01022238,Forest of Dean 004C,678,50,30,34,33,37,47,36,47,28,49,37,36,52,36,38,33,20,25,10,F,2011
E01022239,Forest of Dean 004D,813,42,38,48,47,39,37,43,48,63,65,56,65,61,40,41,26,24,25,5,F,2011
E01022240,Forest of Dean 004E,1039,83,45,52,67,86,86,57,72,64,70,67,50,56,48,49,26,29,24,8,F,2011
E01022249,Forest of Dean 004F,970,46,60,39,41,36,41,40,54,95,70,74,76,76,89,52,30,29,17,5,F,2011
E01022250,Forest of Dean 004G,916,57,47,53,38,54,44,49,42,70,58,84,59,81,56,43,31,24,18,8,F,2011
E01022228,Forest of Dean 005A,872,36,40,59,52,27,32,40,55,58,78,70,63,81,55,40,29,35,11,11,F,2011
E01022230,Forest of Dean 005B,915,35,57,50,38,31,23,39,55,55,86,58,63,73,65,54,47,25,38,23,F,2011
E01022265,Forest of Dean 005C,829,34,39,45,50,30,24,27,50,72,64,63,57,84,66,37,32,30,18,7,F,2011
E01022266,Forest of Dean 005D,716,32,26,36,36,31,38,21,32,53,44,58,62,48,54,33,21,35,21,35,F,2011
E01022234,Forest of Dean 006A,763,20,27,44,44,18,12,9,39,56,65,66,68,78,69,47,38,26,19,18,F,2011
E01022253,Forest of Dean 006B,848,43,47,52,40,20,15,23,65,81,71,74,63,81,60,46,28,23,7,9,F,2011
E01022263,Forest of Dean 006C,924,31,48,44,55,23,30,27,47,63,93,91,73,98,71,52,29,24,17,8,F,2011
E01022229,Forest of Dean 007A,858,50,38,64,42,27,44,52,48,51,59,72,60,57,49,46,41,30,23,5,F,2011
E01022241,Forest of Dean 007B,819,30,31,27,44,47,41,36,42,48,46,52,49,59,52,49,63,40,27,36,F,2011
E01022242,Forest of Dean 007C,775,37,39,56,51,29,31,32,38,64,53,39,59,59,61,36,21,25,23,22,F,2011
E01022243,Forest of Dean 007D,626,43,30,41,37,34,22,49,35,38,49,31,47,43,34,32,24,19,14,4,F,2011
E01022244,Forest of Dean 007E,749,50,37,49,39,30,44,35,50,62,50,63,48,55,38,32,27,17,18,5,F,2011
E01022245,Forest of Dean 007F,656,41,29,29,32,57,36,46,28,43,67,53,38,38,39,25,21,17,10,7,F,2011
E01022246,Forest of Dean 007G,650,38,35,36,25,19,19,30,40,56,50,47,65,41,39,42,34,20,9,5,F,2011
E01022231,Forest of Dean 008A,837,46,47,52,54,38,42,45,57,58,62,68,56,57,47,26,27,23,19,13,F,2011
E01022232,Forest of Dean 008B,763,30,39,61,40,37,31,35,43,63,70,56,42,57,47,37,34,16,21,4,F,2011
E01022264,Forest of Dean 008C,760,32,32,52,40,37,29,24,48,51,57,63,74,69,48,42,19,27,12,4,F,2011
E01022268,Forest of Dean 008D,806,31,43,40,36,31,20,34,44,63,54,82,63,76,56,42,44,27,9,11,F,2011
E01022269,Forest of Dean 008E,989,47,43,63,61,30,31,35,67,90,81,81,66,93,83,43,35,13,21,6,F,2011
E01022226,Forest of Dean 009A,801,41,49,45,50,47,46,41,50,60,58,51,35,45,45,39,37,32,18,12,F,2011
E01022227,Forest of Dean 009B,799,31,45,48,28,42,24,28,43,64,82,54,58,59,53,54,31,29,18,8,F,2011
E01022254,Forest of Dean 009C,986,65,51,59,75,60,52,53,60,76,68,58,63,59,41,37,31,33,27,18,F,2011
E01022255,Forest of Dean 009D,787,44,38,50,66,50,35,25,46,75,77,54,49,44,43,32,22,21,12,4,F,2011
E01022256,Forest of Dean 009E,818,39,41,44,55,50,38,29,43,55,52,41,57,49,48,42,51,41,28,15,F,2011
E01022257,Forest of Dean 009F,949,42,42,58,61,30,51,33,52,76,75,71,67,85,68,48,34,28,17,11,F,2011
E01022248,Forest of Dean 010A,870,31,37,48,42,27,28,30,30,75,77,60,77,103,72,38,34,31,18,12,F,2011
E01022272,Forest of Dean 010B,714,30,24,37,37,35,34,19,35,51,59,50,32,46,49,38,37,32,44,25,F,2011
E01022273,Forest of Dean 010C,635,77,45,31,24,45,59,49,47,47,27,24,21,31,37,20,23,16,8,4,F,2011
E01022274,Forest of Dean 010D,584,16,19,32,33,16,26,11,38,52,61,48,50,60,39,38,20,13,11,1,F,2011
E01022275,Forest of Dean 010E,839,31,50,51,49,19,25,32,53,68,59,57,49,66,57,51,42,32,32,16,F,2011
E07000081,,61774,4119,3529,3529,3767,4280,4424,4090,3968,4545,4695,4025,3257,3383,2850,2127,1858,1589,1132,607,F,2011
E01022313,Gloucester 001A,854,60,54,47,42,49,59,55,63,60,75,60,49,47,52,31,27,11,11,2,F,2011
E01022315,Gloucester 001B,752,31,22,47,42,23,33,28,42,68,72,53,40,64,51,34,33,34,27,8,F,2011
E01022316,Gloucester 001C,822,45,48,44,43,50,47,58,60,61,73,67,44,48,37,26,26,28,16,1,F,2011
E01022317,Gloucester 001D,771,41,40,43,62,26,26,38,54,68,72,59,47,44,41,30,34,21,14,11,F,2011
E01022318,Gloucester 001E,867,31,37,38,90,69,21,34,36,60,65,53,54,69,51,48,45,35,25,6,F,2011
E01022309,Gloucester 002A,776,45,36,43,54,58,41,45,55,59,61,47,46,55,27,27,31,19,21,6,F,2011
E01022310,Gloucester 002B,904,47,34,40,61,108,54,62,50,55,58,63,45,53,45,29,29,29,24,18,F,2011
E01022311,Gloucester 002C,847,45,21,25,43,96,112,56,55,32,48,34,34,25,26,29,42,46,31,47,F,2011
E01022312,Gloucester 002D,1149,60,42,30,51,177,112,101,73,59,57,55,43,57,44,35,30,31,53,39,F,2011
E01022314,Gloucester 002E,747,39,27,29,29,31,26,32,31,48,56,64,43,63,51,52,53,40,21,12,F,2011
E01022295,Gloucester 003A,734,47,37,42,35,31,33,36,43,54,56,49,29,47,45,47,38,36,23,6,F,2011
E01022296,Gloucester 003B,742,55,52,49,41,44,50,52,45,74,53,38,37,41,32,21,16,17,14,11,F,2011
E01022297,Gloucester 003C,632,20,29,41,55,21,22,22,41,49,57,50,51,50,32,20,25,21,20,6,F,2011
E01022298,Gloucester 003D,862,50,48,49,64,54,38,45,57,69,81,61,42,51,24,22,29,25,29,24,F,2011
E01022332,Gloucester 004A,789,45,39,40,37,89,87,68,50,47,61,54,35,28,26,23,19,16,7,18,F,2011
E01022347,Gloucester 004B,717,44,14,20,37,136,102,77,43,35,51,39,34,30,13,10,11,8,11,2,F,2011
E01022348,Gloucester 004C,1293,93,69,75,69,133,120,106,86,82,95,63,60,65,53,43,36,23,17,5,F,2011
E01032932,Gloucester 004E,532,24,11,10,15,39,41,25,21,23,21,20,20,41,39,45,36,52,34,15,F,2011
E01032937,Gloucester 004F,499,14,6,11,67,88,69,30,25,28,30,23,30,17,20,6,13,7,10,5,F,2011
E01022288,Gloucester 005A,903,104,69,58,52,58,91,88,62,76,53,46,33,30,30,12,14,15,5,7,F,2011
E01022289,Gloucester 005B,776,60,48,44,53,90,60,62,47,44,49,46,29,33,25,23,24,18,15,6,F,2011
E01022290,Gloucester 005C,698,61,63,57,45,40,47,50,55,52,50,48,20,24,25,21,17,11,5,7,F,2011
E01022291,Gloucester 005D,872,97,68,68,72,74,87,70,68,57,63,38,18,22,22,17,14,12,3,2,F,2011
E01022292,Gloucester 005E,687,53,63,42,48,59,66,50,46,39,42,46,32,22,21,20,14,13,10,1,F,2011
E01022283,Gloucester 006A,796,29,32,49,45,29,19,24,38,65,71,59,54,70,59,38,20,46,29,20,F,2011
E01022303,Gloucester 006B,743,51,28,35,47,28,36,37,35,45,52,48,62,42,57,37,34,41,22,6,F,2011
E01022304,Gloucester 006C,823,28,36,32,36,31,31,31,49,45,57,52,42,66,75,60,51,48,31,22,F,2011
E01022305,Gloucester 006D,731,24,34,46,52,33,19,21,38,52,64,42,44,56,65,53,36,24,22,6,F,2011
E01022308,Gloucester 006E,704,19,26,28,34,28,28,39,31,55,44,47,42,54,62,49,54,31,23,10,F,2011
E01022278,Gloucester 007A,812,45,56,37,49,42,50,56,45,63,59,76,58,67,46,25,13,12,12,1,F,2011
E01022279,Gloucester 007B,774,48,52,53,52,38,31,57,46,63,76,47,50,53,41,20,23,14,8,2,F,2011
E01022282,Gloucester 007C,1472,100,119,109,120,69,68,112,148,161,136,111,69,46,44,22,19,11,3,5,F,2011
E01022284,Gloucester 007D,648,42,39,43,41,41,57,42,45,47,48,41,37,42,29,22,12,10,7,3,F,2011
E01022285,Gloucester 007E,726,44,56,61,67,37,34,41,41,66,63,42,27,36,35,19,25,16,11,5,F,2011
E01022286,Gloucester 007F,808,73,52,46,63,65,59,56,52,53,63,48,45,43,32,20,19,12,6,1,F,2011
E01022287,Gloucester 007G,821,47,41,43,44,49,44,35,52,78,54,62,51,50,44,24,42,30,19,12,F,2011
E01022293,Gloucester 008A,782,47,37,49,52,95,65,62,36,60,57,60,30,29,20,24,26,15,7,11,F,2011
E01022294,Gloucester 008B,780,58,50,51,46,69,66,56,65,55,57,54,36,33,21,25,13,10,9,6,F,2011
E01022323,Gloucester 008C,952,71,76,85,79,58,76,78,57,82,86,52,36,37,28,17,14,7,9,4,F,2011
E01022328,Gloucester 008D,680,35,47,44,41,51,40,29,41,60,50,56,45,31,29,26,24,16,9,6,F,2011
E01022329,Gloucester 008E,823,83,68,54,60,58,66,56,56,54,58,53,42,37,22,21,16,11,4,4,F,2011
E01022326,Gloucester 009A,688,74,46,30,32,53,78,54,49,50,53,38,34,27,24,15,12,8,8,3,F,2011
E01022327,Gloucester 009B,807,54,47,39,48,66,67,56,59,41,69,60,56,34,28,23,19,17,18,6,F,2011
E01022330,Gloucester 009C,718,55,49,43,35,62,59,57,51,60,62,41,39,32,25,17,13,9,6,3,F,2011
E01022331,Gloucester 009D,679,43,37,46,58,33,38,52,40,54,57,56,36,24,26,17,23,25,11,3,F,2011
E01022333,Gloucester 009E,728,53,62,41,42,52,55,44,31,47,57,54,41,36,28,30,19,16,16,4,F,2011
E01022334,Gloucester 009F,811,54,44,42,43,30,43,39,42,47,72,59,55,54,43,47,45,29,12,11,F,2011
E01022276,Gloucester 010A,830,39,39,34,37,47,47,55,60,47,44,68,61,72,59,33,38,31,15,4,F,2011
E01022277,Gloucester 010B,761,38,42,36,28,42,31,47,43,45,49,63,61,71,43,43,26,30,15,8,F,2011
E01022280,Gloucester 010C,782,60,36,32,31,87,86,57,78,64,81,49,44,32,16,10,9,9,1,0,F,2011
E01022281,Gloucester 010D,915,42,59,61,70,31,52,48,63,103,89,79,52,52,43,25,19,16,7,4,F,2011
E01022306,Gloucester 010E,716,51,29,55,35,38,44,49,50,58,81,54,37,39,35,21,16,15,8,1,F,2011
E01022307,Gloucester 010F,845,55,52,68,56,54,48,52,69,95,88,74,36,33,25,12,12,11,3,2,F,2011
E01022319,Gloucester 011A,736,82,55,32,33,65,87,62,36,39,43,36,32,26,22,24,22,17,14,9,F,2011
E01022320,Gloucester 011B,718,51,25,40,43,59,41,45,31,43,61,68,43,54,38,23,22,15,9,7,F,2011
E01022321,Gloucester 011C,775,53,42,53,43,43,45,51,44,57,56,56,59,48,34,33,23,24,8,3,F,2011
E01022322,Gloucester 011D,673,53,28,24,34,43,41,33,25,49,45,32,46,52,52,27,33,33,17,6,F,2011
E01022324,Gloucester 011E,744,44,43,42,29,51,67,34,51,41,51,62,45,47,40,27,32,18,14,6,F,2011
E01022325,Gloucester 011F,675,40,26,35,33,35,36,30,38,48,52,52,43,56,47,32,23,23,16,10,F,2011
E01022343,Gloucester 012A,724,33,24,40,35,26,31,21,25,36,52,47,46,58,49,41,28,44,51,37,F,2011
E01022344,Gloucester 012B,770,47,45,42,53,37,34,27,42,58,56,50,45,60,50,50,32,15,18,9,F,2011
E01022345,Gloucester 012C,758,31,45,42,38,30,23,20,34,55,45,68,62,64,67,44,33,29,21,7,F,2011
E01022346,Gloucester 012D,809,65,55,51,62,44,56,56,47,58,50,54,60,37,29,24,18,23,14,6,F,2011
E01022299,Gloucester 013A,731,28,34,36,37,39,46,28,25,56,52,58,43,76,65,38,31,24,8,7,F,2011
E01022300,Gloucester 013B,690,28,19,19,31,25,32,33,30,43,40,40,39,73,79,52,49,27,21,10,F,2011
E01022301,Gloucester 013C,788,60,69,43,42,37,61,59,50,44,44,45,44,43,51,37,30,14,12,3,F,2011
E01022302,Gloucester 013D,792,33,45,49,46,41,39,39,51,55,58,52,39,61,59,45,27,33,16,4,F,2011
E01022339,Gloucester 014A,892,61,61,76,49,45,60,65,71,95,94,58,41,42,25,15,16,9,6,3,F,2011
E01022340,Gloucester 014B,759,67,46,36,52,51,87,83,53,66,68,42,44,28,19,8,5,1,3,0,F,2011
E01022341,Gloucester 014C,1184,76,61,93,92,78,104,79,72,97,120,63,46,36,37,28,19,23,33,27,F,2011
E01022342,Gloucester 014D,861,74,64,60,40,56,83,85,105,87,67,49,33,25,14,10,4,2,3,0,F,2011
E01022335,Gloucester 015A,775,45,44,36,54,48,54,40,55,52,59,63,48,42,34,32,17,33,17,2,F,2011
E01022336,Gloucester 015B,598,30,36,35,38,26,29,28,38,49,48,42,40,27,41,29,24,20,15,3,F,2011
E01022338,Gloucester 015D,698,70,35,35,42,76,94,73,45,58,44,29,24,23,11,18,8,4,6,3,F,2011
E01032933,Gloucester 015E,757,80,68,55,42,74,92,106,63,60,44,28,21,11,7,2,1,0,3,0,F,2011
E01032934,Gloucester 015F,716,45,25,46,48,45,57,37,44,58,75,52,39,52,29,18,12,18,9,7,F,2011
E01032935,Gloucester 015G,784,99,70,47,43,46,100,108,81,65,44,31,22,14,11,1,1,0,1,0,F,2011
E01032936,Gloucester 015H,987,151,96,78,58,101,144,116,94,62,31,27,16,4,4,3,0,2,0,0,F,2011
E07000082,,57415,2982,2985,3273,3299,2535,2422,2724,3562,4460,4662,4212,3809,4253,3420,2639,2291,1806,1272,809,F,2011
E01022378,Stroud 001A,916,60,54,51,51,45,73,68,87,70,87,58,52,68,29,16,24,16,6,1,F,2011
E01022379,Stroud 001B,734,57,40,33,34,69,73,70,40,50,51,42,42,33,17,26,22,21,11,3,F,2011
E01022380,Stroud 001C,773,26,52,54,53,26,16,21,52,58,75,62,58,65,47,37,27,19,19,6,F,2011
E01022412,Stroud 001D,1475,99,64,75,91,94,106,62,90,101,95,83,79,112,90,78,54,39,43,20,F,2011
E01022354,Stroud 002A,1085,29,51,62,38,28,27,22,64,83,94,77,94,104,98,65,55,42,41,11,F,2011
E01022390,Stroud 002B,635,22,36,38,23,11,11,21,41,42,42,30,38,48,50,64,34,34,33,17,F,2011
E01022391,Stroud 002C,743,36,29,39,32,18,14,13,33,43,54,59,55,79,77,53,39,35,25,10,F,2011
E01022392,Stroud 002D,794,35,34,45,36,29,16,20,34,56,61,70,74,77,71,42,49,21,13,11,F,2011
E01022376,Stroud 003A,918,48,44,49,63,48,35,44,49,64,71,71,65,80,46,42,36,30,18,15,F,2011
E01022396,Stroud 003B,854,44,30,57,42,29,29,45,55,76,69,78,64,65,55,34,43,18,15,6,F,2011
E01022397,Stroud 003C,980,61,66,70,52,36,32,36,55,81,87,79,61,84,52,33,28,28,22,17,F,2011
E01022398,Stroud 003D,553,18,28,32,37,29,18,24,28,37,53,54,36,43,42,31,15,16,10,2,F,2011
E01022355,Stroud 004A,829,42,55,60,37,35,43,37,61,83,70,50,48,69,46,21,27,22,12,11,F,2011
E01022356,Stroud 004B,1161,80,63,76,54,83,78,73,88,102,84,79,63,56,43,34,29,27,23,26,F,2011
E01022357,Stroud 004C,900,49,50,42,48,34,47,49,54,79,62,70,64,59,45,43,55,31,14,5,F,2011
E01022358,Stroud 004D,823,39,53,42,49,36,38,55,46,59,58,50,44,49,48,36,33,41,32,15,F,2011
E01022377,Stroud 004E,1120,41,60,58,77,63,42,44,60,103,77,79,54,96,83,52,45,42,21,23,F,2011
E01022389,Stroud 004F,892,31,35,69,70,13,20,33,52,78,92,62,62,89,54,37,48,31,12,4,F,2011
E01022400,Stroud 005A,914,46,48,37,53,44,57,45,64,79,72,66,55,54,47,42,28,39,30,8,F,2011
E01022401,Stroud 005B,710,34,38,43,38,36,35,45,40,71,64,47,44,53,27,25,21,20,12,17,F,2011
E01022402,Stroud 005C,820,50,51,44,53,43,56,63,54,73,65,52,70,45,26,28,20,12,11,4,F,2011
E01022403,Stroud 005D,698,36,46,39,47,36,37,37,37,41,32,40,46,43,37,48,24,22,24,26,F,2011
E01022404,Stroud 005E,732,27,47,65,84,38,20,38,37,42,55,59,52,47,32,29,16,28,9,7,F,2011
E01022365,Stroud 006A,1050,71,38,41,60,80,81,77,65,64,62,61,65,72,39,50,31,33,33,27,F,2011
E01022399,Stroud 006B,1058,55,66,72,72,61,54,65,80,86,117,60,59,61,39,47,31,18,10,5,F,2011
E01022410,Stroud 006C,1135,64,49,49,67,58,59,53,78,79,105,89,87,73,49,47,44,35,28,22,F,2011
E01022411,Stroud 006D,1157,65,61,54,70,57,59,71,71,101,93,94,74,46,60,53,46,34,34,14,F,2011
E01022414,Stroud 006E,1228,64,58,63,87,82,71,71,95,113,110,104,82,69,46,37,30,26,13,7,F,2011
E01022393,Stroud 007A,755,52,39,35,36,18,22,24,46,67,50,53,50,60,64,52,43,26,13,5,F,2011
E01022394,Stroud 007B,779,64,41,42,56,42,42,59,81,49,76,51,53,37,29,16,18,18,3,2,F,2011
E01022395,Stroud 007C,776,41,32,41,50,32,26,36,45,62,75,64,50,48,56,39,36,26,10,7,F,2011
E01022408,Stroud 007D,514,19,31,34,18,13,15,18,33,39,55,53,39,54,33,25,13,13,7,2,F,2011
E01022409,Stroud 007E,616,24,40,45,45,15,17,29,44,55,57,62,37,48,39,18,21,9,8,3,F,2011
E01022366,Stroud 008A,913,46,72,83,53,19,19,28,72,94,94,61,48,68,49,37,36,16,10,8,F,2011
E01022367,Stroud 008B,855,40,48,53,59,22,23,31,50,69,85,55,67,64,62,42,40,24,14,7,F,2011
E01022368,Stroud 008C,702,22,29,41,41,22,17,15,35,53,72,64,55,66,50,38,31,25,19,7,F,2011
E01022369,Stroud 008D,866,79,48,54,53,53,77,53,86,93,54,63,29,35,25,12,23,17,7,5,F,2011
E01022370,Stroud 009A,627,24,32,39,29,23,21,24,28,43,54,52,59,47,47,32,33,19,14,7,F,2011
E01022371,Stroud 009B,533,11,19,37,45,12,11,10,23,43,55,49,39,49,36,34,32,12,10,6,F,2011
E01022405,Stroud 009C,751,40,39,46,46,30,23,37,35,49,57,42,53,64,65,39,31,21,18,16,F,2011
E01022406,Stroud 009D,591,23,25,29,23,23,14,21,23,45,44,57,56,68,48,34,24,22,7,5,F,2011
E01022407,Stroud 009E,671,23,26,36,35,19,24,37,32,40,61,59,48,69,44,48,25,18,16,11,F,2011
E01022350,Stroud 010A,1092,49,55,49,54,27,25,30,48,78,86,83,93,109,81,65,78,30,34,18,F,2011
E01022382,Stroud 010B,874,24,54,47,54,15,13,24,43,68,54,62,37,82,63,53,54,53,42,32,F,2011
E01022383,Stroud 010C,688,24,36,41,28,24,16,22,38,53,42,40,44,43,58,37,36,50,33,23,F,2011
E01022384,Stroud 010D,724,31,37,30,23,19,22,29,36,47,62,58,53,68,57,47,44,29,20,12,F,2011
E01022359,Stroud 011A,763,38,32,39,50,26,37,28,38,70,65,56,40,49,46,36,41,46,16,10,F,2011
E01022360,Stroud 011B,689,22,37,36,41,24,24,24,43,65,54,61,54,62,44,39,23,22,8,6,F,2011
E01022361,Stroud 011C,630,28,26,32,20,28,31,26,25,46,45,44,31,66,52,26,33,30,25,16,F,2011
E01022362,Stroud 011D,591,22,26,30,33,18,16,20,34,40,53,42,39,45,60,38,33,20,13,9,F,2011
E01022363,Stroud 011E,879,48,42,40,47,46,32,46,56,59,70,73,74,71,47,44,32,29,12,11,F,2011
E01022364,Stroud 011F,575,29,29,38,33,33,34,25,37,53,43,34,20,42,30,23,31,13,17,11,F,2011
E01022351,Stroud 012A,689,46,33,40,37,34,26,36,45,43,55,70,55,49,28,36,26,19,6,5,F,2011
E01022352,Stroud 012B,689,39,26,40,41,34,20,28,41,49,50,49,53,49,43,38,38,24,25,2,F,2011
E01022353,Stroud 012C,738,34,38,33,27,34,34,40,57,58,58,55,44,56,37,35,38,33,15,12,F,2011
E01022413,Stroud 012D,928,35,41,51,53,40,27,35,42,72,94,78,67,75,79,36,27,34,26,16,F,2011
E01022385,Stroud 013A,841,49,33,68,61,23,22,33,40,65,72,79,69,76,50,35,21,19,17,9,F,2011
E01022386,Stroud 013B,864,41,29,33,55,31,36,25,43,55,73,63,73,53,54,47,39,44,36,34,F,2011
E01022387,Stroud 013C,834,49,45,41,49,53,41,58,60,52,81,67,52,55,37,28,23,17,20,6,F,2011
E01022388,Stroud 013D,913,72,50,65,52,43,41,52,57,90,50,53,51,81,50,21,31,25,18,11,F,2011
E01022372,Stroud 014A,893,58,57,50,43,32,39,53,62,72,61,63,52,57,57,40,28,33,16,20,F,2011
E01022373,Stroud 014B,871,47,49,44,48,50,47,55,81,65,66,55,49,59,48,38,36,18,10,6,F,2011
E01022374,Stroud 014C,991,66,48,49,44,69,63,76,61,70,54,42,52,47,57,44,54,37,25,33,F,2011
E01022375,Stroud 014D,657,71,43,47,52,50,43,50,55,46,53,46,29,22,20,13,8,5,2,2,F,2011
E01022381,Stroud 015A,1032,51,74,78,52,48,25,46,66,85,112,77,84,52,66,49,16,18,19,14,F,2011
E01022415,Stroud 015B,833,37,40,55,52,28,13,26,45,64,68,67,62,73,57,41,32,33,22,18,F,2011
E01022416,Stroud 015C,723,36,48,40,59,30,28,34,53,56,60,44,54,59,38,32,20,17,7,8,F,2011
E01022417,Stroud 015D,908,50,45,44,42,41,39,33,64,57,75,76,64,73,65,47,38,21,18,16,F,2011
E01022418,Stroud 015E,870,49,45,39,42,31,30,46,49,67,60,65,44,64,54,35,51,41,40,18,F,2011
E07000083,,41949,2212,2095,2240,2176,2059,2048,2296,2587,3147,3303,2983,2705,2931,2569,2039,1683,1343,962,571,F,2011
E01022450,Tewkesbury 001B,1039,76,58,61,48,71,84,91,81,79,69,64,47,33,38,37,21,20,28,33,F,2011
E01022451,Tewkesbury 001C,783,36,50,44,49,32,38,44,67,65,69,51,72,50,36,28,19,18,9,6,F,2011
E01022452,Tewkesbury 001D,699,47,45,52,45,38,44,60,51,61,52,45,42,44,33,17,13,7,0,3,F,2011
E01022455,Tewkesbury 001E,945,33,36,48,55,31,31,39,42,86,74,78,95,95,70,47,46,21,13,5,F,2011
E01032938,Tewkesbury 001F,731,44,37,56,34,45,60,64,70,65,63,42,39,35,31,22,10,5,5,4,F,2011
E01032939,Tewkesbury 001G,823,72,78,58,58,41,32,72,94,87,68,42,40,22,20,18,10,4,6,1,F,2011
E01032940,Tewkesbury 001H,742,84,54,44,39,38,79,99,84,66,54,31,28,17,14,7,1,1,1,1,F,2011
E01022456,Tewkesbury 002A,662,31,38,42,31,23,33,33,44,60,67,50,44,59,35,23,25,15,7,2,F,2011
E01022457,Tewkesbury 002B,715,43,28,36,35,54,47,41,36,48,54,45,43,53,43,32,34,12,20,11,F,2011
E01022458,Tewkesbury 002C,729,67,45,44,37,66,64,50,31,49,45,36,38,38,20,24,24,23,23,5,F,2011
E01022459,Tewkesbury 002D,727,23,19,9,34,76,55,49,33,44,44,54,28,52,42,34,37,37,32,25,F,2011
E01022460,Tewkesbury 002E,848,40,34,30,31,39,61,49,49,75,57,58,60,50,48,42,44,32,31,18,F,2011
E01022461,Tewkesbury 002F,719,23,31,40,34,31,26,24,40,38,45,43,45,49,80,66,30,40,26,8,F,2011
E01022462,Tewkesbury 002G,838,29,40,44,34,36,20,29,40,53,79,67,70,85,68,58,41,19,14,12,F,2011
E01022449,Tewkesbury 003A,1007,24,53,50,54,27,18,35,51,66,88,88,92,103,95,52,46,31,23,11,F,2011
E01022463,Tewkesbury 003B,762,31,26,30,41,21,34,22,34,43,54,60,63,62,63,49,55,28,32,14,F,2011
E01022464,Tewkesbury 003C,820,36,38,37,40,27,30,33,49,42,58,47,40,70,74,52,52,46,31,18,F,2011
E01022465,Tewkesbury 003D,760,36,27,49,43,18,11,27,38,51,72,74,59,81,58,44,32,22,10,8,F,2011
E01022466,Tewkesbury 003E,868,46,47,45,34,23,36,37,42,66,72,51,57,88,65,54,47,27,22,9,F,2011
E01022434,Tewkesbury 004A,1094,59,41,53,45,44,29,30,65,83,78,68,97,84,87,72,47,42,41,29,F,2011
E01022441,Tewkesbury 004B,784,34,30,31,32,56,59,48,34,52,63,64,71,63,45,25,28,20,15,14,F,2011
E01022445,Tewkesbury 004C,680,24,30,43,41,30,25,19,43,43,59,65,50,64,48,46,27,14,6,3,F,2011
E01022453,Tewkesbury 004D,824,27,27,47,54,32,18,24,33,56,60,83,52,78,66,54,51,33,22,7,F,2011
E01022432,Tewkesbury 005A,1033,43,44,58,52,45,40,44,49,76,82,65,69,69,79,60,41,61,40,16,F,2011
E01022433,Tewkesbury 005B,1089,55,56,76,37,30,32,57,70,81,69,82,65,112,80,60,57,38,22,10,F,2011
E01022435,Tewkesbury 005C,1234,84,72,68,69,68,49,65,83,91,90,69,58,63,82,76,61,50,23,13,F,2011
E01022436,Tewkesbury 005D,1033,53,49,53,43,48,49,45,60,75,69,63,49,54,70,73,40,67,45,28,F,2011
E01022437,Tewkesbury 005E,758,35,45,51,49,33,26,47,51,58,65,63,34,37,31,28,23,25,28,29,F,2011
E01022438,Tewkesbury 005F,715,47,41,35,34,28,38,49,63,61,71,63,54,36,29,28,18,15,3,2,F,2011
E01022439,Tewkesbury 005G,800,49,43,54,29,32,52,70,68,93,86,58,36,31,30,13,30,10,12,4,F,2011
E01022440,Tewkesbury 006A,747,25,36,31,33,36,50,44,47,60,51,73,47,53,48,49,22,17,13,12,F,2011
E01022442,Tewkesbury 006B,751,17,28,45,53,36,27,21,36,56,79,69,57,73,47,43,27,18,16,3,F,2011
E01022443,Tewkesbury 006C,703,30,43,36,34,28,13,33,32,46,52,56,82,79,48,35,18,17,12,9,F,2011
E01022444,Tewkesbury 006D,776,27,43,40,37,37,18,20,38,63,57,63,68,84,49,34,37,31,14,16,F,2011
E01022425,Tewkesbury 007A,635,32,37,38,43,26,17,27,32,66,45,55,45,39,37,34,25,24,9,4,F,2011
E01022426,Tewkesbury 007B,717,16,21,31,44,16,14,12,21,44,57,44,51,77,62,55,64,47,29,12,F,2011
E01022427,Tewkesbury 007C,750,26,31,39,32,41,26,23,44,56,65,61,46,51,38,48,26,44,32,21,F,2011
E01022428,Tewkesbury 007D,970,74,55,59,75,74,63,72,62,69,77,52,44,38,42,30,33,22,18,11,F,2011
E01022429,Tewkesbury 007E,767,42,37,38,53,34,28,44,47,69,81,61,43,51,45,32,31,13,13,5,F,2011
E01022430,Tewkesbury 007F,741,23,35,36,44,33,26,32,42,53,52,67,49,48,68,40,39,26,19,9,F,2011
E01022431,Tewkesbury 007G,1069,65,55,59,70,62,81,88,85,82,109,80,55,48,45,23,25,19,10,8,F,2011
E01022447,Tewkesbury 007H,699,87,60,39,28,46,78,100,72,63,39,27,13,18,8,9,1,5,5,1,F,2011
E01022420,Tewkesbury 008A,1079,31,45,41,61,39,28,29,51,71,95,78,87,97,93,76,62,50,25,20,F,2011
E01022448,Tewkesbury 008B,722,40,39,37,32,34,36,29,32,54,50,42,46,50,59,51,42,28,17,4,F,2011
E01022454,Tewkesbury 008C,1019,51,36,60,43,40,47,37,53,61,78,60,65,78,70,60,60,53,37,30,F,2011
E01022421,Tewkesbury 009A,946,66,57,36,45,73,59,66,61,65,73,45,50,48,39,38,30,43,30,22,F,2011
E01022422,Tewkesbury 009B,815,59,41,42,48,56,55,49,61,48,62,74,60,63,31,15,24,14,10,3,F,2011
E01022423,Tewkesbury 009C,1009,50,46,36,51,69,54,49,54,79,78,75,70,64,69,50,44,35,26,10,F,2011
E01022424,Tewkesbury 009D,860,61,40,51,48,47,42,59,57,46,69,66,43,49,35,44,44,25,20,14,F,2011
E01022446,Tewkesbury 009E,913,59,48,58,41,49,66,66,65,83,58,66,47,46,56,32,19,29,17,8,F,2011
E07000187,,55985,2899,2841,3315,3663,2678,2571,2666,3255,4215,4369,4011,3616,4028,3282,2490,2164,1781,1329,812,F,2011
E01029022,Mendip 001A,696,36,40,37,40,13,18,29,38,61,59,50,56,66,56,42,21,20,8,6,F,2011
E01029023,Mendip 001B,590,25,27,40,34,21,15,11,34,61,57,38,36,60,59,24,14,14,14,6,F,2011
E01029044,Mendip 001C,671,44,40,41,41,48,47,46,50,60,58,39,43,37,20,24,15,11,4,3,F,2011
E01029053,Mendip 001D,1132,56,56,74,59,31,37,46,68,89,89,73,86,127,77,64,44,37,9,10,F,2011
E01029057,Mendip 001E,1017,49,61,75,53,37,25,45,48,87,90,79,79,82,72,45,32,29,17,12,F,2011
E01029024,Mendip 002A,1036,59,42,62,67,48,39,45,59,90,90,72,78,76,69,43,36,31,19,11,F,2011
E01029025,Mendip 002B,658,42,24,46,44,39,30,32,47,46,45,47,43,52,36,19,28,19,13,6,F,2011
E01029026,Mendip 002C,509,23,15,36,43,25,25,18,29,35,46,45,42,38,39,18,8,12,6,6,F,2011
E01029068,Mendip 002D,731,33,43,65,121,27,13,23,45,57,44,36,40,53,32,24,26,17,17,15,F,2011
E01029069,Mendip 002E,531,26,26,30,29,25,13,14,28,39,44,54,45,51,39,29,18,11,8,2,F,2011
E01029030,Mendip 003A,991,43,52,80,58,52,42,57,66,82,97,76,69,80,46,21,25,24,15,6,F,2011
E01029031,Mendip 003B,885,40,46,53,48,45,32,43,51,70,52,65,53,64,44,53,46,35,23,22,F,2011
E01029032,Mendip 003C,553,14,17,24,17,19,10,11,20,21,35,37,42,61,62,40,46,33,31,13,F,2011
E01029033,Mendip 003D,718,48,43,38,37,48,51,51,38,47,48,62,46,40,37,24,19,20,15,6,F,2011
E01029034,Mendip 003E,683,43,35,29,32,49,48,32,49,43,60,52,48,54,25,26,22,22,11,3,F,2011
E01029036,Mendip 004A,810,57,54,38,61,61,47,56,59,62,66,55,53,43,30,20,20,19,7,2,F,2011
E01029041,Mendip 004B,1036,61,48,66,55,66,61,54,82,79,74,64,50,51,49,37,39,42,33,25,F,2011
E01029042,Mendip 004C,801,54,46,40,61,50,51,47,54,60,58,53,41,47,35,30,20,17,18,19,F,2011
E01029043,Mendip 004D,803,45,52,46,52,45,47,62,46,78,66,45,37,54,31,25,22,17,17,16,F,2011
E01029045,Mendip 004E,817,43,49,39,64,51,39,36,58,64,65,65,59,45,45,37,21,12,19,6,F,2011
E01029052,Mendip 005A,1060,39,46,58,61,30,25,36,52,68,93,86,84,99,86,61,49,41,26,20,F,2011
E01029060,Mendip 005B,1023,66,58,69,47,35,32,38,52,74,78,87,55,93,59,59,45,30,26,20,F,2011
E01029061,Mendip 005C,1164,65,72,84,66,37,44,51,62,97,91,81,80,79,75,62,53,29,27,9,F,2011
E01029083,Mendip 005D,720,15,26,48,106,18,18,12,26,33,39,57,38,51,44,50,48,47,29,15,F,2011
E01029018,Mendip 006A,1205,51,68,72,66,34,31,45,82,104,96,105,93,98,77,55,34,28,32,34,F,2011
E01029056,Mendip 006B,1196,61,60,70,61,55,42,42,60,95,102,111,85,92,67,52,44,44,29,24,F,2011
E01029064,Mendip 006C,700,42,24,36,34,39,46,36,42,60,54,50,43,57,47,26,26,13,16,9,F,2011
E01029084,Mendip 006D,814,51,41,38,60,42,25,27,45,53,63,52,48,55,71,33,42,28,27,13,F,2011
E01029029,Mendip 007A,873,58,51,39,67,50,56,47,58,65,64,47,47,50,43,41,41,23,19,7,F,2011
E01029035,Mendip 007B,789,62,56,38,41,34,57,61,57,63,76,46,47,39,35,28,25,10,7,7,F,2011
E01029037,Mendip 007C,696,43,35,43,39,32,51,32,47,64,60,50,50,50,36,22,26,12,3,1,F,2011
E01029038,Mendip 007D,740,51,54,43,66,44,60,48,58,63,51,45,39,33,33,19,18,9,2,4,F,2011
E01029039,Mendip 007E,817,24,38,42,36,41,21,40,53,49,55,55,48,68,67,35,38,34,40,33,F,2011
E01029040,Mendip 007F,821,49,54,43,39,38,57,53,48,67,63,48,50,61,38,37,30,27,13,6,F,2011
E01029078,Mendip 008A,975,33,31,34,39,53,43,40,39,59,62,52,45,67,56,80,71,80,66,25,F,2011
E01029079,Mendip 008B,789,47,31,24,35,34,44,42,50,68,48,64,58,56,41,46,34,33,16,18,F,2011
E01029080,Mendip 008C,755,26,39,47,46,46,20,22,41,56,69,65,43,49,49,37,46,26,19,9,F,2011
E01029081,Mendip 008D,856,27,39,45,46,49,35,41,36,57,66,52,49,61,54,31,44,43,37,44,F,2011
E01029082,Mendip 008E,740,25,45,31,43,25,17,19,33,46,37,52,43,63,59,53,52,48,38,11,F,2011
E01029062,Mendip 009A,686,75,29,33,41,79,77,67,45,40,57,50,22,22,12,15,11,6,1,4,F,2011
E01029063,Mendip 009B,1290,99,76,82,79,104,100,101,96,112,85,68,61,68,46,37,32,12,20,12,F,2011
E01029065,Mendip 009C,840,40,45,56,64,44,53,49,51,66,89,67,48,58,27,35,14,16,13,5,F,2011
E01029066,Mendip 009D,886,54,36,42,62,61,56,52,45,70,68,67,51,61,49,34,30,28,15,5,F,2011
E01029067,Mendip 009E,758,38,34,38,56,33,30,39,45,50,56,48,44,46,52,35,42,32,28,12,F,2011
E01029020,Mendip 010A,742,32,43,69,42,34,31,42,48,59,61,48,36,65,49,25,20,19,13,6,F,2011
E01029021,Mendip 010B,631,26,42,46,35,18,21,27,42,55,46,52,58,51,43,27,14,15,10,3,F,2011
E01029027,Mendip 010C,616,19,32,37,39,18,20,25,22,39,62,41,39,42,50,36,22,28,24,21,F,2011
E01029028,Mendip 010D,591,34,24,26,20,22,20,45,34,45,43,37,32,44,37,29,31,41,20,7,F,2011
E01029058,Mendip 010E,1180,56,67,66,64,34,44,43,68,106,101,102,81,85,80,72,30,29,33,19,F,2011
E01029046,Mendip 011A,720,44,27,23,32,38,47,45,39,48,59,46,42,44,26,23,33,26,51,27,F,2011
E01029050,Mendip 011D,1149,57,42,49,83,62,62,50,63,82,108,90,92,85,66,36,38,45,28,11,F,2011
E01029051,Mendip 011E,795,29,23,39,47,41,26,25,38,59,61,71,71,68,68,42,34,31,14,8,F,2011
E01032627,Mendip 011F,1167,56,49,111,59,46,34,54,56,94,89,81,104,93,83,54,33,36,22,13,F,2011
E01029047,Mendip 012A,785,37,42,43,58,59,43,29,50,74,55,56,39,52,26,26,29,19,29,19,F,2011
E01029054,Mendip 012B,783,38,51,60,39,21,20,32,58,59,63,67,56,67,43,33,41,14,14,7,F,2011
E01029055,Mendip 012C,607,22,35,54,31,17,25,31,41,39,57,47,43,45,34,31,27,20,4,4,F,2011
E01029074,Mendip 012D,996,47,32,84,288,27,44,32,37,43,50,57,51,44,49,33,35,23,13,7,F,2011
E01029076,Mendip 012E,1065,59,65,76,57,42,53,40,66,72,73,85,77,81,70,56,42,30,15,6,F,2011
E01029019,Mendip 013A,1219,39,62,61,69,45,32,32,48,76,122,104,116,106,77,58,53,56,30,33,F,2011
E01029059,Mendip 013B,1047,42,42,70,53,25,25,38,47,89,84,88,98,103,73,51,52,38,21,8,F,2011
E01029077,Mendip 013C,1028,33,58,59,77,35,19,38,50,92,97,92,64,95,92,50,34,20,18,5,F,2011
E01029070,Mendip 014A,926,62,44,51,67,65,89,62,58,70,65,53,45,42,35,19,41,27,22,9,F,2011
E01029071,Mendip 014B,795,65,44,43,43,55,56,70,46,53,61,46,38,38,35,31,33,20,9,9,F,2011
E01029072,Mendip 014C,894,58,49,58,58,50,66,50,63,61,72,46,42,34,42,36,34,36,25,14,F,2011
E01029073,Mendip 014D,658,39,29,40,40,34,32,37,49,50,40,40,32,37,24,40,35,27,24,9,F,2011
E01029075,Mendip 014E,730,23,35,36,46,33,32,21,40,40,35,50,43,50,54,54,36,40,37,25,F,2011
E07000188,,58677,3157,2918,3320,3478,3084,2825,2837,3223,4241,4449,4100,3830,4284,3590,2848,2316,1932,1422,823,F,2011
E01029085,Sedgemoor 001A,1073,52,64,64,54,59,35,48,60,104,88,93,81,74,65,31,43,22,19,17,F,2011
E01029126,Sedgemoor 001B,776,27,42,39,39,39,31,41,35,59,59,52,72,72,54,41,21,26,16,11,F,2011
E01029127,Sedgemoor 001C,822,29,28,38,30,25,46,28,34,51,50,40,51,61,58,46,58,59,54,36,F,2011
E01029128,Sedgemoor 001D,952,41,48,67,58,37,24,30,55,88,81,91,62,83,65,48,29,28,12,5,F,2011
E01029129,Sedgemoor 001E,990,45,64,62,79,37,20,31,69,74,101,76,61,73,58,36,37,31,19,17,F,2011
E01029089,Sedgemoor 002C,1162,44,70,87,93,44,30,40,60,99,112,90,87,104,59,65,28,32,10,8,F,2011
E01029113,Sedgemoor 002D,863,27,32,34,36,38,15,30,29,56,41,54,51,64,80,70,52,61,52,41,F,2011
E01029115,Sedgemoor 002E,870,41,31,50,47,37,18,34,48,57,80,62,50,53,69,54,51,45,33,10,F,2011
E01029140,Sedgemoor 002F,1520,99,81,76,98,97,69,74,95,102,126,99,99,114,86,88,47,35,21,14,F,2011
E01032633,Sedgemoor 002G,1082,41,44,33,44,45,39,34,47,57,71,86,100,120,107,88,61,27,28,10,F,2011
E01029086,Sedgemoor 003A,1104,42,49,70,76,35,22,27,61,89,107,90,88,107,95,62,38,20,19,7,F,2011
E01029147,Sedgemoor 003B,861,36,42,61,52,29,19,27,36,54,87,70,66,82,65,51,29,29,16,10,F,2011
E01029148,Sedgemoor 003C,826,35,40,76,58,18,17,34,45,54,75,63,47,77,55,50,28,23,18,13,F,2011
E01029149,Sedgemoor 003D,730,19,47,66,55,24,11,18,36,79,63,59,45,59,45,28,33,27,9,7,F,2011
E01029114,Sedgemoor 004A,827,23,18,29,27,20,15,19,25,39,45,42,54,99,68,69,78,53,48,56,F,2011
E01029116,Sedgemoor 004B,808,36,25,18,33,63,37,23,38,37,55,51,44,54,58,44,53,55,54,30,F,2011
E01029117,Sedgemoor 004C,814,25,20,35,36,33,37,40,37,44,58,51,51,63,61,38,51,46,49,39,F,2011
E01029119,Sedgemoor 004D,882,40,40,37,37,32,44,43,41,55,47,51,47,57,46,58,59,52,52,44,F,2011
E01029120,Sedgemoor 004E,808,47,49,47,47,49,45,40,50,58,60,57,46,55,51,38,30,15,15,9,F,2011
E01029118,Sedgemoor 005A,938,55,56,66,53,39,36,48,50,100,74,56,55,68,59,45,34,25,15,4,F,2011
E01029131,Sedgemoor 005B,1020,98,60,65,68,91,81,79,71,73,72,52,53,50,35,17,29,13,9,4,F,2011
E01029132,Sedgemoor 005C,759,44,46,45,51,49,42,42,42,52,48,47,49,41,44,29,29,32,15,12,F,2011
E01029133,Sedgemoor 005D,658,17,28,27,28,22,16,28,29,45,42,44,62,56,65,45,45,22,26,11,F,2011
E01029134,Sedgemoor 005E,965,37,41,46,46,46,46,38,60,48,51,72,78,86,97,60,48,31,23,11,F,2011
E01029135,Sedgemoor 006A,827,22,37,40,27,33,25,28,41,43,73,73,80,80,72,47,40,28,26,12,F,2011
E01029136,Sedgemoor 006B,983,42,52,66,51,42,35,42,50,75,74,77,77,83,88,48,31,30,14,6,F,2011
E01029145,Sedgemoor 006C,1025,44,55,55,51,34,43,47,59,78,74,70,80,86,77,54,41,35,27,15,F,2011
E01029152,Sedgemoor 006D,1131,49,54,52,67,55,34,33,63,83,87,81,79,93,85,66,58,48,30,14,F,2011
E01029121,Sedgemoor 007A,672,13,23,49,46,16,11,27,39,48,50,67,67,60,53,35,21,17,19,11,F,2011
E01029122,Sedgemoor 007B,719,20,29,43,47,20,26,26,33,61,70,65,45,54,49,35,41,30,19,6,F,2011
E01029123,Sedgemoor 007C,575,34,29,27,46,27,26,27,32,34,34,37,29,33,36,39,37,20,13,15,F,2011
E01029124,Sedgemoor 007D,913,42,42,45,34,32,24,29,37,59,68,56,75,93,72,60,44,49,33,19,F,2011
E01029125,Sedgemoor 007E,686,30,29,47,38,29,12,23,24,51,55,64,66,61,52,44,21,18,12,10,F,2011
E01029093,Sedgemoor 008A,809,65,41,40,57,80,68,73,64,63,49,42,22,48,19,26,22,19,11,0,F,2011
E01029096,Sedgemoor 008B,710,52,51,38,47,55,52,62,50,52,52,40,36,38,25,21,20,9,6,4,F,2011
E01029106,Sedgemoor 008C,824,63,53,58,77,54,53,46,44,55,52,46,36,45,37,35,16,19,16,19,F,2011
E01029107,Sedgemoor 008D,774,45,32,58,52,46,33,41,48,63,51,40,44,46,50,49,35,25,14,2,F,2011
E01029109,Sedgemoor 008E,712,54,43,67,66,39,40,37,48,54,47,41,40,42,28,20,11,17,14,4,F,2011
E01029094,Sedgemoor 009A,824,80,43,37,40,82,96,42,47,65,62,57,41,31,26,29,16,18,9,3,F,2011
E01029095,Sedgemoor 009B,770,60,36,34,50,92,83,56,47,46,42,35,30,34,26,26,19,20,20,14,F,2011
E01029110,Sedgemoor 009C,1126,87,47,73,72,90,96,98,72,89,74,70,51,60,41,34,24,25,16,7,F,2011
E01029111,Sedgemoor 009D,1310,141,87,81,105,96,117,121,92,95,82,75,48,52,29,35,23,16,12,3,F,2011
E01029112,Sedgemoor 009E,879,49,17,18,54,88,67,50,40,43,48,66,55,51,40,36,49,54,40,14,F,2011
E01029090,Sedgemoor 010A,780,39,48,36,45,38,46,44,46,56,58,53,55,54,42,35,32,30,11,12,F,2011
E01029091,Sedgemoor 010B,850,80,47,32,27,94,73,71,55,62,69,67,38,50,42,23,8,5,6,1,F,2011
E01029092,Sedgemoor 010C,797,47,45,54,67,64,48,55,49,82,75,54,49,35,21,17,12,14,7,2,F,2011
E01029108,Sedgemoor 010D,1055,52,50,51,52,58,62,49,65,70,66,71,73,92,80,63,45,33,16,7,F,2011
E01029102,Sedgemoor 011A,806,45,50,51,52,50,37,40,43,60,64,53,50,52,47,33,30,20,19,10,F,2011
E01029103,Sedgemoor 011B,842,25,40,46,41,23,26,30,43,62,54,51,55,53,56,61,53,53,40,30,F,2011
E01029104,Sedgemoor 011C,794,33,39,50,60,30,27,31,47,62,65,62,43,64,37,27,34,48,22,13,F,2011
E01032631,Sedgemoor 011E,684,70,51,37,40,45,97,71,60,38,44,32,18,22,25,15,9,4,5,1,F,2011
E01032632,Sedgemoor 011F,626,47,29,35,35,26,37,40,39,51,55,48,33,43,30,23,28,19,5,3,F,2011
E01032634,Sedgemoor 011G,614,19,28,39,37,16,20,14,38,44,51,46,44,63,41,36,23,27,16,12,F,2011
E01029130,Sedgemoor 012A,1063,35,52,41,75,36,30,26,46,86,95,86,91,111,81,54,39,45,24,10,F,2011
E01029137,Sedgemoor 012B,778,29,23,45,51,22,20,20,33,59,81,84,77,67,49,44,35,16,18,5,F,2011
E01029138,Sedgemoor 012C,725,38,39,42,39,41,29,23,47,62,53,53,51,52,48,37,24,26,18,3,F,2011
E01029139,Sedgemoor 012D,749,26,32,70,51,19,14,18,39,53,73,67,53,66,63,45,23,17,16,4,F,2011
E01029150,Sedgemoor 012E,670,29,33,37,36,27,8,20,26,49,59,55,55,77,42,38,24,27,18,10,F,2011
E01029151,Sedgemoor 012F,645,22,33,28,23,15,19,27,23,52,46,58,57,44,56,48,41,33,13,7,F,2011
E01029097,Sedgemoor 013A,741,65,40,58,55,46,65,54,48,61,46,49,34,35,27,19,13,13,10,3,F,2011
E01029098,Sedgemoor 013B,673,40,31,37,54,58,46,36,36,55,56,39,35,39,31,25,19,17,11,8,F,2011
E01029099,Sedgemoor 013C,688,37,37,40,52,28,40,27,35,59,45,44,44,47,31,26,25,20,29,22,F,2011
E01029100,Sedgemoor 013D,680,66,40,56,50,45,58,39,48,44,49,41,43,32,21,11,12,11,9,5,F,2011
E01029105,Sedgemoor 013E,768,44,28,32,40,47,34,43,28,39,50,50,47,46,35,35,46,43,58,23,F,2011
E01029101,Sedgemoor 014A,606,49,43,37,41,27,38,35,38,46,41,36,41,33,33,30,20,10,6,2,F,2011
E01029142,Sedgemoor 014C,744,32,28,39,39,28,35,28,52,53,56,46,45,62,55,46,52,25,20,3,F,2011
E01029143,Sedgemoor 014D,739,35,42,34,38,41,27,38,38,42,49,59,51,37,54,49,43,35,19,8,F,2011
E01029144,Sedgemoor 014E,626,24,34,43,40,23,20,24,29,53,64,55,48,58,33,28,21,17,8,4,F,2011
E01032629,Sedgemoor 014F,740,49,40,33,27,54,38,51,35,52,73,57,58,61,41,30,14,8,11,8,F,2011
E01032630,Sedgemoor 014G,815,88,51,51,39,65,95,79,54,58,75,34,42,27,19,10,11,10,4,3,F,2011
E07000189,,82506,4351,4182,4603,4739,4094,3910,3966,4724,5675,5966,5436,5242,6197,5299,4141,3499,3017,2143,1322,F,2011
E01029157,South Somerset 001A,662,36,35,36,78,24,19,23,41,46,45,33,41,42,31,28,38,23,26,17,F,2011
E01029158,South Somerset 001B,779,37,39,123,101,15,23,31,55,54,69,43,38,44,37,23,19,13,14,1,F,2011
E01029221,South Somerset 001C,1354,58,72,110,140,37,30,45,63,90,97,120,91,118,99,71,41,34,30,8,F,2011
E01029166,South Somerset 002A,1154,43,71,66,74,37,34,28,66,73,109,99,85,91,94,68,53,41,14,8,F,2011
E01029167,South Somerset 002B,874,43,38,35,50,50,38,42,48,52,58,49,50,58,42,52,41,50,47,31,F,2011
E01029168,South Somerset 002C,852,33,42,52,32,25,27,34,47,51,63,56,37,80,70,64,41,54,29,15,F,2011
E01029210,South Somerset 002D,838,37,40,45,48,34,20,29,39,57,81,76,64,74,42,37,34,34,23,24,F,2011
E01029211,South Somerset 002E,703,20,36,39,28,29,19,22,24,51,70,63,65,60,59,44,33,18,18,5,F,2011
E01029224,South Somerset 003A,843,41,39,35,48,37,21,21,40,56,58,75,57,81,81,54,29,28,25,17,F,2011
E01029225,South Somerset 003B,1090,44,41,67,62,38,42,49,60,84,82,77,86,79,82,68,58,36,21,14,F,2011
E01029226,South Somerset 003C,926,47,37,46,54,33,34,33,43,48,64,55,49,73,51,70,58,54,41,36,F,2011
E01029200,South Somerset 004A,737,39,20,30,45,38,25,31,38,58,54,52,52,53,43,35,29,31,27,37,F,2011
E01029201,South Somerset 004B,751,32,30,45,46,39,28,38,32,45,45,50,61,57,47,39,50,34,22,11,F,2011
E01029222,South Somerset 004C,827,43,46,55,48,31,25,35,47,59,72,45,72,76,54,34,32,30,15,8,F,2011
E01029223,South Somerset 004D,626,16,31,38,28,22,17,11,25,47,55,47,56,61,55,46,34,20,9,8,F,2011
E01029155,South Somerset 005A,899,23,25,44,36,27,24,22,25,58,73,73,88,88,88,74,50,43,18,20,F,2011
E01029227,South Somerset 005B,843,41,60,49,40,33,39,32,46,46,70,51,75,55,43,33,36,38,32,24,F,2011
E01029228,South Somerset 005C,869,53,55,48,38,46,51,40,50,50,55,73,53,60,40,56,39,33,16,13,F,2011
E01029229,South Somerset 005D,1013,77,34,55,43,96,74,50,52,62,76,66,52,53,41,43,45,42,29,23,F,2011
E01029164,South Somerset 006A,783,29,44,74,54,34,19,28,37,48,65,47,44,50,65,40,41,30,23,11,F,2011
E01029165,South Somerset 006B,602,15,23,40,27,14,20,17,19,30,56,37,48,77,54,43,31,19,23,9,F,2011
E01029198,South Somerset 006C,670,98,57,36,26,37,77,69,61,62,37,28,13,14,11,12,14,7,5,6,F,2011
E01029199,South Somerset 006D,1153,39,58,64,57,107,67,54,62,73,95,82,79,80,75,51,41,27,20,22,F,2011
E01029187,South Somerset 007A,529,34,28,29,22,23,18,25,27,35,36,38,38,39,36,25,24,32,13,7,F,2011
E01029188,South Somerset 007B,773,31,31,50,36,17,18,20,38,51,67,44,54,78,71,61,39,32,27,8,F,2011
E01029196,South Somerset 007C,783,37,52,48,45,31,27,31,43,43,62,61,62,65,47,36,26,22,33,12,F,2011
E01029197,South Somerset 007D,664,36,34,39,32,25,19,23,33,51,44,49,67,63,49,29,25,19,20,7,F,2011
E01029154,South Somerset 008A,928,59,39,40,47,63,36,40,53,59,72,59,68,105,79,45,22,24,11,7,F,2011
E01029156,South Somerset 008B,944,47,51,57,54,50,35,52,65,68,57,62,57,92,62,38,33,33,21,10,F,2011
E01029206,South Somerset 008C,767,34,37,50,47,29,20,41,41,55,64,60,56,54,48,35,35,29,18,14,F,2011
E01029207,South Somerset 008D,663,26,28,38,34,29,21,32,32,50,45,51,50,73,54,27,25,19,18,11,F,2011
E01029202,South Somerset 009A,624,28,22,26,51,28,31,27,37,39,37,45,41,52,35,31,36,26,23,9,F,2011
E01029203,South Somerset 009B,754,24,38,47,40,24,20,25,41,55,76,69,46,89,59,43,25,17,8,8,F,2011
E01029204,South Somerset 009C,661,34,32,31,31,22,21,24,32,48,50,39,46,55,46,40,32,32,31,15,F,2011
E01029205,South Somerset 009D,909,49,47,67,50,51,53,53,53,77,75,60,40,58,54,43,30,22,15,12,F,2011
E01029163,South Somerset 010A,1147,46,63,58,78,42,25,36,46,96,105,96,106,87,79,67,43,41,25,8,F,2011
E01029216,South Somerset 010B,754,35,38,25,35,27,30,28,40,41,48,54,51,64,77,52,38,33,23,15,F,2011
E01029217,South Somerset 010C,792,29,27,50,42,24,16,25,39,66,65,68,56,75,62,41,48,28,25,6,F,2011
E01029218,South Somerset 010D,1018,57,67,41,39,29,51,65,57,58,58,44,60,73,56,60,65,61,51,26,F,2011
E01029238,South Somerset 011A,810,52,56,55,53,40,73,52,42,56,54,43,44,61,37,32,28,17,9,6,F,2011
E01029252,South Somerset 011B,729,50,28,44,41,42,50,49,43,39,59,43,50,69,40,36,22,16,5,3,F,2011
E01029253,South Somerset 011C,802,56,37,40,40,48,46,60,48,59,61,60,55,45,51,28,26,27,8,7,F,2011
E01029254,South Somerset 011D,690,27,29,34,32,22,14,27,30,43,47,43,51,59,63,53,43,41,18,14,F,2011
E01029160,South Somerset 012A,1305,98,118,88,90,67,78,113,130,137,117,66,53,59,40,19,17,9,4,2,F,2011
E01029248,South Somerset 012B,836,54,51,64,70,47,55,32,59,76,60,43,54,37,33,32,21,20,16,12,F,2011
E01029250,South Somerset 012C,683,33,40,32,35,26,25,30,32,38,48,38,47,64,46,25,47,25,31,21,F,2011
E01029251,South Somerset 012D,656,21,32,33,33,30,19,34,26,52,52,35,41,52,57,51,36,22,18,12,F,2011
E01029161,South Somerset 013A,809,68,27,49,57,82,85,71,72,59,56,48,39,36,22,14,9,7,5,3,F,2011
E01029162,South Somerset 013B,806,58,31,22,36,70,77,52,53,57,40,50,36,32,32,29,35,36,27,33,F,2011
E01029247,South Somerset 013C,885,88,74,80,76,64,84,50,68,54,52,46,36,26,37,16,9,13,7,5,F,2011
E01029255,South Somerset 013D,697,51,27,32,27,48,58,52,35,51,36,39,31,49,32,53,35,27,9,5,F,2011
E01029231,South Somerset 014A,781,38,44,60,50,40,43,42,59,66,53,39,50,43,43,33,25,26,16,11,F,2011
E01029233,South Somerset 014B,702,47,40,56,55,37,48,42,60,49,51,39,43,31,29,16,29,17,10,3,F,2011
E01029235,South Somerset 014C,695,36,43,44,44,33,46,28,47,46,50,43,34,39,32,33,47,26,18,6,F,2011
E01029236,South Somerset 014D,792,62,66,64,48,66,47,52,39,51,59,55,33,25,33,19,37,21,14,1,F,2011
E01029237,South Somerset 014E,774,49,31,43,59,74,47,43,55,50,56,37,35,47,26,32,31,25,21,13,F,2011
E01029232,South Somerset 015A,777,56,48,41,38,75,65,67,50,66,54,46,45,29,24,16,18,12,10,17,F,2011
E01029234,South Somerset 015B,885,55,18,25,57,92,108,82,41,43,45,42,30,42,35,38,33,51,31,17,F,2011
E01029239,South Somerset 015C,757,50,50,28,57,57,53,46,51,50,55,44,39,29,27,22,23,33,25,18,F,2011
E01029240,South Somerset 015D,762,56,40,47,44,50,57,68,42,59,58,56,43,34,24,16,11,28,13,16,F,2011
E01029241,South Somerset 016A,986,74,73,63,63,72,82,87,86,74,62,64,39,40,27,22,23,12,16,7,F,2011
E01029245,South Somerset 016B,1168,76,69,65,85,61,79,71,91,90,83,68,60,65,61,38,29,32,27,18,F,2011
E01029246,South Somerset 016C,804,32,38,32,40,42,30,32,49,45,57,46,55,54,43,41,33,29,55,51,F,2011
E01029249,South Somerset 016D,726,50,19,25,43,44,44,38,34,47,54,39,44,55,47,44,38,25,22,14,F,2011
E01029189,South Somerset 017A,591,25,41,48,35,24,15,23,42,49,46,29,44,44,35,30,14,26,17,4,F,2011
E01029190,South Somerset 017B,659,31,33,22,20,15,22,22,26,51,44,48,50,67,58,46,30,35,22,17,F,2011
E01029191,South Somerset 017C,633,27,34,46,31,15,16,25,37,52,54,36,38,48,51,36,28,25,17,17,F,2011
E01029192,South Somerset 017D,744,28,42,52,53,36,31,38,51,54,50,55,51,61,44,29,26,24,12,7,F,2011
E01029212,South Somerset 017E,547,14,22,25,28,18,12,16,26,43,37,50,48,49,50,35,32,26,11,5,F,2011
E01029213,South Somerset 017F,656,29,33,30,34,18,21,28,33,56,46,41,41,56,64,40,30,31,20,5,F,2011
E01029214,South Somerset 017G,570,22,32,29,30,17,27,16,32,38,45,49,43,54,53,28,26,16,10,3,F,2011
E01029215,South Somerset 017H,574,23,34,23,31,25,16,27,38,38,34,46,42,37,38,35,26,26,27,8,F,2011
E01029159,South Somerset 018A,777,49,50,55,53,46,54,55,69,67,69,55,34,51,26,16,16,4,6,2,F,2011
E01029242,South Somerset 018B,728,41,39,40,50,48,47,43,58,65,50,44,50,56,39,18,17,12,10,1,F,2011
E01029243,South Somerset 018C,886,18,29,37,47,34,24,27,24,39,57,57,65,91,84,57,56,64,47,29,F,2011
E01029244,South Somerset 018D,732,31,35,46,38,15,25,33,49,59,50,62,67,77,50,31,36,19,6,3,F,2011
E01029193,South Somerset 019A,1020,50,55,62,68,62,44,45,62,72,60,72,56,68,69,41,48,37,35,14,F,2011
E01029194,South Somerset 019B,1281,90,77,52,54,66,64,78,93,88,70,74,56,103,96,72,56,56,21,15,F,2011
E01029195,South Somerset 019C,845,52,34,44,55,41,31,36,40,49,58,42,46,66,41,47,35,43,43,42,F,2011
E01029208,South Somerset 019D,579,27,29,30,22,15,27,19,35,32,40,39,34,56,44,35,25,28,26,16,F,2011
E01029209,South Somerset 019E,659,23,27,32,35,19,22,30,22,40,60,44,48,70,61,44,39,16,17,10,F,2011
E01029178,South Somerset 020A,743,32,33,36,29,25,17,16,39,56,49,58,64,62,60,60,39,37,23,8,F,2011
E01029179,South Somerset 020B,576,33,26,30,26,30,31,33,39,38,35,39,30,53,34,40,28,19,10,2,F,2011
E01029180,South Somerset 020C,717,35,29,31,42,35,38,24,37,38,59,64,47,67,58,36,35,20,16,6,F,2011
E01029181,South Somerset 020D,661,26,27,23,32,27,16,25,49,42,53,47,43,57,52,48,33,37,13,11,F,2011
E01029182,South Somerset 021A,757,41,41,38,43,35,18,23,45,54,51,56,66,60,61,42,31,28,10,14,F,2011
E01029183,South Somerset 021B,770,55,54,51,51,37,24,44,58,46,43,53,50,45,49,35,29,22,18,6,F,2011
E01029184,South Somerset 021C,927,46,40,32,36,38,37,38,51,62,59,58,62,87,77,62,59,43,27,13,F,2011
E01029185,South Somerset 021D,860,62,42,39,37,46,48,54,48,56,63,45,51,79,66,32,37,27,19,9,F,2011
E01029186,South Somerset 021E,775,25,26,36,35,44,41,33,28,50,46,46,38,51,50,47,46,55,40,38,F,2011
E01029169,South Somerset 022A,782,49,37,47,49,49,60,42,42,59,44,56,40,51,55,39,28,25,7,3,F,2011
E01029172,South Somerset 022B,779,35,29,49,49,21,30,38,38,66,63,57,45,61,50,51,40,37,18,2,F,2011
E01029173,South Somerset 022C,620,50,33,43,40,48,50,38,41,46,39,35,33,35,21,30,12,16,8,2,F,2011
E01029176,South Somerset 022D,641,20,24,29,27,36,34,19,33,43,49,45,40,54,51,28,34,30,26,19,F,2011
E01029177,South Somerset 022E,600,48,40,24,28,37,41,39,33,24,40,37,33,34,39,20,26,22,27,8,F,2011
E01029170,South Somerset 023A,529,32,33,29,29,41,28,33,32,43,32,29,24,27,20,29,29,9,16,14,F,2011
E01029171,South Somerset 023B,1078,53,42,39,55,79,48,55,39,58,77,65,59,78,64,69,50,63,53,32,F,2011
E01029174,South Somerset 023C,562,21,15,23,31,20,23,32,28,30,35,30,27,48,51,46,40,32,19,11,F,2011
E01029175,South Somerset 023D,1049,81,55,60,65,74,84,48,79,77,53,42,46,56,35,44,52,47,34,17,F,2011
E01029153,South Somerset 024A,1194,54,46,47,50,41,37,44,57,82,81,89,106,121,115,75,65,43,24,17,F,2011
E01029219,South Somerset 024B,726,23,31,39,50,30,23,14,40,50,57,50,43,73,75,46,26,30,20,6,F,2011
E01029220,South Somerset 024C,624,25,33,37,33,26,16,26,46,32,44,32,35,60,52,38,32,29,15,13,F,2011
E01029230,South Somerset 024D,1180,38,64,54,59,35,41,36,46,82,95,92,106,116,102,68,50,52,29,15,F,2011
E07000190,,56999,3090,2852,3135,3432,3134,2960,3055,3445,3968,4204,3850,3586,3790,3220,2532,2243,2075,1454,974,F,2011
E01029258,Taunton Deane 001A,753,24,52,43,42,38,27,37,51,52,66,54,59,67,48,25,24,21,16,7,F,2011
E01029259,Taunton Deane 001B,783,45,46,46,41,29,32,31,42,60,48,66,47,47,48,35,42,35,21,22,F,2011
E01029260,Taunton Deane 001C,1200,109,118,92,69,38,64,108,121,112,85,70,53,54,38,28,17,15,7,2,F,2011
E01029268,Taunton Deane 001D,823,34,45,56,52,21,13,30,38,73,69,66,66,83,71,38,33,17,9,9,F,2011
E01029276,Taunton Deane 002A,785,29,25,54,110,32,33,32,36,50,42,48,56,45,50,39,26,32,29,17,F,2011
E01029278,Taunton Deane 002B,697,25,36,53,42,22,16,20,23,49,53,63,41,74,44,45,28,34,21,8,F,2011
E01029290,Taunton Deane 002C,719,37,34,27,40,49,57,56,55,49,43,54,36,41,46,29,30,23,12,1,F,2011
E01029306,Taunton Deane 002D,825,42,38,31,49,30,24,37,47,50,69,48,49,63,64,39,41,44,45,15,F,2011
E01029319,Taunton Deane 002E,776,68,55,37,58,44,72,71,70,64,73,48,33,34,22,8,10,6,2,1,F,2011
E01029267,Taunton Deane 003A,874,36,50,53,48,36,22,28,42,64,78,71,64,54,72,46,45,34,15,16,F,2011
E01029320,Taunton Deane 003B,830,35,25,40,54,39,37,37,45,58,70,60,57,59,52,31,40,31,30,30,F,2011
E01029321,Taunton Deane 003C,1198,53,67,83,68,40,26,45,78,87,98,91,87,104,83,66,54,33,27,8,F,2011
E01029297,Taunton Deane 004A,664,26,46,29,31,39,44,45,25,47,49,48,47,38,38,28,29,28,19,8,F,2011
E01029298,Taunton Deane 004B,783,67,58,57,36,51,41,54,52,52,45,38,47,35,35,32,34,27,15,7,F,2011
E01029304,Taunton Deane 004C,833,54,44,60,70,65,34,36,46,52,62,54,45,42,33,31,34,38,21,12,F,2011
E01029305,Taunton Deane 004D,722,38,46,33,49,35,34,33,43,54,63,42,39,49,55,29,34,27,14,5,F,2011
E01029307,Taunton Deane 004E,775,56,44,42,57,39,43,46,48,57,60,43,44,35,41,35,34,30,17,4,F,2011
E01029271,Taunton Deane 005A,908,31,46,53,45,33,27,34,38,75,64,63,79,98,68,39,45,29,27,14,F,2011
E01029273,Taunton Deane 005B,661,44,45,47,26,22,17,32,62,42,48,33,36,50,45,36,31,24,13,8,F,2011
E01029274,Taunton Deane 005C,758,22,35,36,49,27,10,22,46,53,54,55,55,71,69,41,35,43,28,7,F,2011
E01029275,Taunton Deane 005D,672,14,28,38,30,22,16,16,40,40,53,47,53,55,58,43,49,37,22,11,F,2011
E01029279,Taunton Deane 005E,741,38,44,48,38,24,17,21,48,73,53,54,68,60,63,29,27,15,14,7,F,2011
E01029282,Taunton Deane 006A,732,45,34,38,28,80,69,72,59,65,47,50,46,34,19,24,6,10,4,2,F,2011
E01029291,Taunton Deane 006B,827,58,34,44,45,55,61,56,51,49,43,50,56,52,51,34,32,31,19,6,F,2011
E01029294,Taunton Deane 006C,936,69,45,60,57,64,55,66,81,82,83,63,54,49,33,25,19,16,7,8,F,2011
E01029317,Taunton Deane 006D,647,30,39,44,42,36,29,31,46,51,56,51,32,40,34,32,23,16,8,7,F,2011
E01029318,Taunton Deane 006E,798,25,31,46,51,28,19,15,44,47,71,72,47,68,65,42,46,35,22,24,F,2011
E01029285,Taunton Deane 007A,1171,96,40,35,57,179,170,136,84,50,60,58,53,37,21,25,25,24,14,7,F,2011
E01029287,Taunton Deane 007B,780,55,44,38,41,75,108,78,63,57,51,50,36,29,20,10,9,8,5,3,F,2011
E01029288,Taunton Deane 007C,815,62,41,47,58,48,56,69,58,59,54,47,50,41,32,36,33,10,9,5,F,2011
E01029289,Taunton Deane 007D,984,67,47,39,45,93,104,79,66,50,61,45,61,35,32,36,24,34,41,25,F,2011
E01029299,Taunton Deane 007E,769,47,26,35,29,69,51,67,37,41,48,40,42,45,31,43,24,30,38,26,F,2011
E01029300,Taunton Deane 007F,795,70,29,43,51,70,69,52,66,72,62,35,42,41,26,25,19,18,4,1,F,2011
E01029256,Taunton Deane 008A,775,21,23,47,34,19,30,23,28,39,58,55,64,54,61,47,46,43,39,44,F,2011
E01029257,Taunton Deane 008B,1172,70,57,52,80,42,58,53,68,93,102,81,58,71,67,65,38,37,40,40,F,2011
E01029277,Taunton Deane 008D,558,40,30,24,31,39,32,33,55,44,37,45,38,26,21,21,11,15,11,5,F,2011
E01032651,Taunton Deane 008E,675,39,31,25,30,62,58,48,33,53,64,50,44,40,37,21,17,15,6,2,F,2011
E01032652,Taunton Deane 008F,597,46,37,34,26,32,49,49,34,34,46,41,34,33,40,18,21,15,5,3,F,2011
E01029280,Taunton Deane 009A,839,50,47,58,71,48,47,49,50,58,65,43,49,50,36,32,30,18,27,11,F,2011
E01029281,Taunton Deane 009B,895,48,34,49,44,42,50,63,56,68,71,63,56,70,48,40,38,23,14,18,F,2011
E01029283,Taunton Deane 009C,931,45,51,47,63,47,49,44,61,69,77,93,80,66,41,34,24,24,12,4,F,2011
E01029292,Taunton Deane 009D,752,60,45,43,54,54,46,51,51,51,54,39,34,42,35,20,25,17,16,15,F,2011
E01029293,Taunton Deane 009E,912,121,103,64,41,103,94,67,61,48,52,37,37,23,15,13,6,18,8,1,F,2011
E01029266,Taunton Deane 010A,709,23,26,45,66,39,22,26,30,42,44,40,38,46,43,43,30,57,30,19,F,2011
E01029284,Taunton Deane 010B,847,24,9,32,99,107,87,52,35,40,45,33,37,41,39,30,33,45,39,20,F,2011
E01029286,Taunton Deane 010C,801,56,37,30,39,91,95,78,70,61,49,37,31,29,27,20,15,13,14,9,F,2011
E01029301,Taunton Deane 010D,1029,46,36,24,40,62,57,50,54,63,51,52,46,85,60,51,70,78,58,46,F,2011
E01029303,Taunton Deane 010E,1014,41,37,47,60,31,28,35,41,59,71,61,62,67,59,71,76,66,59,43,F,2011
E01029263,Taunton Deane 011A,732,53,37,33,46,32,47,43,44,74,51,51,43,59,34,28,24,19,12,2,F,2011
E01029264,Taunton Deane 011B,685,30,26,34,39,24,15,17,27,50,55,47,45,47,53,50,44,42,28,12,F,2011
E01029265,Taunton Deane 011C,720,16,40,34,41,26,16,21,37,51,51,65,55,65,60,50,37,31,18,6,F,2011
E01029302,Taunton Deane 011D,897,38,43,50,57,38,30,31,42,61,62,58,47,56,68,56,57,50,38,15,F,2011
E01029308,Taunton Deane 011E,1081,44,46,73,59,85,22,26,50,66,84,71,73,73,73,69,50,59,34,24,F,2011
E01029309,Taunton Deane 012A,1039,79,56,59,52,61,73,73,72,68,77,74,57,56,42,40,36,39,15,10,F,2011
E01029311,Taunton Deane 012B,781,41,36,53,51,42,54,36,54,51,53,46,41,47,29,40,30,27,35,15,F,2011
E01029312,Taunton Deane 012C,729,27,45,53,62,30,24,36,41,61,64,50,50,42,33,29,32,30,11,9,F,2011
E01029313,Taunton Deane 012D,677,44,46,45,50,34,47,42,51,68,50,37,39,38,26,22,15,11,8,4,F,2011
E01029316,Taunton Deane 012E,869,43,24,41,36,40,43,52,46,66,54,61,55,48,65,47,40,39,34,35,F,2011
E01029262,Taunton Deane 013A,1179,46,60,52,68,37,26,43,63,81,106,96,100,124,88,67,41,39,21,21,F,2011
E01029269,Taunton Deane 013B,1117,36,47,41,64,47,38,46,71,62,84,94,94,91,64,56,54,51,41,36,F,2011
E01029310,Taunton Deane 013C,952,43,33,45,77,46,32,35,35,52,57,58,60,78,84,52,58,61,28,18,F,2011
E01029314,Taunton Deane 013D,1349,87,77,102,81,54,55,89,95,94,100,102,96,79,67,50,43,36,24,18,F,2011
E01029315,Taunton Deane 013E,792,25,36,62,37,18,14,22,42,52,59,44,52,75,67,59,41,42,28,17,F,2011
E01029261,Taunton Deane 014A,1044,32,39,75,69,35,34,21,47,72,111,113,85,91,69,50,36,35,19,11,F,2011
E01029270,Taunton Deane 014B,1123,41,40,53,63,25,30,36,55,76,93,108,81,116,81,63,48,36,28,50,F,2011
E01029295,Taunton Deane 014C,848,53,45,36,52,48,42,40,56,58,61,75,63,80,37,32,26,27,13,4,F,2011
E01029296,Taunton Deane 014D,845,31,36,46,42,22,19,33,39,47,65,53,62,53,44,42,49,62,46,54,F,2011
E07000191,,18076,733,675,801,866,869,774,622,746,1006,1231,1243,1301,1598,1497,1152,1070,831,665,396,F,2011
E01029324,West Somerset 001B,833,50,39,62,46,36,34,41,56,57,59,62,44,44,57,42,50,23,24,7,F,2011
E01029329,West Somerset 001C,966,37,37,46,61,66,50,28,32,55,60,55,36,60,44,39,69,55,68,68,F,2011
E01029330,West Somerset 001D,1057,26,22,25,31,74,42,46,38,40,55,54,68,103,97,74,72,70,79,41,F,2011
E01032636,West Somerset 001F,1041,48,55,50,57,50,48,40,56,57,55,69,66,68,75,55,61,58,45,28,F,2011
E01029322,West Somerset 002A,997,44,38,34,54,143,121,51,51,40,44,53,44,41,54,44,47,38,27,29,F,2011
E01029331,West Somerset 002B,793,25,19,27,16,15,19,20,23,39,29,35,52,95,92,80,69,56,55,27,F,2011
E01029333,West Somerset 002C,631,28,34,43,34,30,20,25,32,37,42,40,46,47,33,37,46,28,17,12,F,2011
E01029336,West Somerset 002D,1087,48,29,55,48,32,44,26,30,36,81,87,81,114,96,80,75,60,41,24,F,2011
E01029326,West Somerset 003A,610,25,14,18,37,34,20,19,21,29,47,48,49,60,59,41,41,23,17,8,F,2011
E01029334,West Somerset 003B,598,21,28,27,26,25,31,18,26,24,40,36,46,56,58,35,45,29,17,10,F,2011
E01029339,West Somerset 003C,775,40,36,43,53,42,41,36,40,53,56,61,50,54,50,39,35,28,15,3,F,2011
E01029341,West Somerset 003E,653,45,26,29,30,28,25,32,26,34,33,47,59,58,50,40,35,30,16,10,F,2011
E01032635,West Somerset 003G,1107,42,42,61,88,46,37,30,60,73,86,82,75,86,72,81,51,40,36,19,F,2011
E01029327,West Somerset 004A,1016,41,49,38,34,23,37,23,40,83,80,87,110,112,94,55,37,30,22,21,F,2011
E01029335,West Somerset 004B,564,23,21,24,26,20,20,15,17,37,50,44,57,65,60,35,27,15,6,2,F,2011
E01029337,West Somerset 004C,1091,53,49,49,50,42,35,40,58,75,84,69,98,113,87,72,44,32,32,9,F,2011
E01029342,West Somerset 004D,550,14,14,19,13,12,14,15,14,30,32,43,43,62,78,49,42,31,17,8,F,2011
E01029343,West Somerset 004E,793,28,31,44,38,34,35,35,29,41,66,45,49,70,74,39,32,45,32,26,F,2011
E01029325,West Somerset 005A,1003,24,29,38,35,35,29,26,36,55,79,79,74,109,104,94,65,40,41,11,F,2011
E01029328,West Somerset 005B,1008,42,31,30,40,42,33,28,37,55,68,73,84,80,83,62,84,69,41,26,F,2011
E01029338,West Somerset 005C,903,29,32,39,49,40,39,28,24,56,85,74,70,101,80,59,43,31,17,7,F,2011
W06000001,,35547,1866,1685,1846,1877,1808,1803,1742,1893,2378,2446,2372,2334,2827,2442,1931,1583,1310,797,607,F,2011
W01000003,Isle of Anglesey 001A,1279,83,51,74,92,62,71,76,64,94,77,85,83,84,67,65,63,36,27,25,F,2011
W01000004,Isle of Anglesey 001B,659,34,31,37,45,21,26,23,26,45,40,38,44,62,66,47,29,27,14,4,F,2011
W01000018,Isle of Anglesey 001C,685,30,32,37,31,31,25,36,39,42,41,44,47,55,54,49,34,25,22,11,F,2011
W01000028,Isle of Anglesey 001D,963,70,44,42,59,49,68,47,45,73,51,85,76,65,69,38,31,31,13,7,F,2011
W01000031,Isle of Anglesey 001E,771,42,39,44,36,32,25,30,39,66,60,64,57,73,59,42,29,12,14,8,F,2011
W01000010,Isle of Anglesey 002A,974,37,43,41,41,29,28,38,34,46,72,69,60,95,90,79,69,47,30,26,F,2011
W01000020,Isle of Anglesey 002B,669,25,27,38,40,26,29,26,24,46,48,52,45,66,58,43,25,30,10,11,F,2011
W01000021,Isle of Anglesey 002C,1104,48,44,38,71,47,41,43,42,66,87,81,83,112,101,57,54,50,18,21,F,2011
W01000032,Isle of Anglesey 002D,557,24,25,28,30,22,20,13,22,30,35,36,33,60,58,44,30,25,15,7,F,2011
W01000016,Isle of Anglesey 003A,576,41,31,35,39,55,34,32,46,38,45,35,33,35,30,17,17,9,1,3,F,2011
W01000017,Isle of Anglesey 003B,774,49,50,48,57,39,48,44,44,55,59,57,45,54,32,28,20,24,16,5,F,2011
W01000029,Isle of Anglesey 003C,780,63,52,42,47,45,58,49,50,40,44,41,44,40,49,29,30,36,14,7,F,2011
W01000030,Isle of Anglesey 003D,1202,88,78,70,67,75,109,80,70,68,65,69,76,75,59,44,37,33,16,23,F,2011
W01000033,Isle of Anglesey 003E,749,47,40,51,52,33,43,37,44,49,51,56,39,63,40,30,24,27,12,11,F,2011
W01000036,Isle of Anglesey 003F,547,41,23,39,50,37,38,29,32,46,35,25,24,30,29,20,21,17,6,5,F,2011
W01000037,Isle of Anglesey 003G,553,29,23,29,33,22,32,25,36,43,42,38,23,44,29,30,20,30,17,8,F,2011
W01000022,Isle of Anglesey 004A,818,41,39,46,34,33,29,44,49,52,57,55,58,75,78,41,34,29,12,12,F,2011
W01000034,Isle of Anglesey 004B,590,23,22,34,33,27,19,29,50,39,36,40,45,55,49,32,22,17,11,7,F,2011
W01000039,Isle of Anglesey 004C,531,14,27,21,16,17,10,16,30,31,39,38,30,58,45,38,26,35,20,20,F,2011
W01000040,Isle of Anglesey 004D,623,14,22,33,31,26,20,16,20,37,38,40,38,54,68,60,40,23,21,22,F,2011
W01000043,Isle of Anglesey 004E,640,37,34,38,39,37,31,28,31,47,34,54,29,49,47,32,20,22,13,18,F,2011
W01000044,Isle of Anglesey 004F,564,23,30,18,27,17,28,26,33,45,40,37,34,53,50,41,21,20,16,5,F,2011
W01000005,Isle of Anglesey 005A,1004,36,50,37,33,40,46,60,50,50,75,58,59,90,76,79,58,59,24,24,F,2011
W01000013,Isle of Anglesey 005B,1167,47,54,67,58,50,40,49,54,95,76,86,97,98,93,65,52,44,27,15,F,2011
W01000019,Isle of Anglesey 005C,768,15,18,35,34,26,19,16,29,38,46,53,50,81,64,77,59,39,36,33,F,2011
W01000026,Isle of Anglesey 005D,648,19,19,31,26,29,18,27,20,49,44,35,44,64,78,35,46,27,19,18,F,2011
W01000035,Isle of Anglesey 005E,957,67,39,50,39,35,46,46,48,65,74,67,75,94,55,45,43,31,18,20,F,2011
W01000006,Isle of Anglesey 006A,757,28,37,41,42,28,27,33,48,54,60,66,49,78,49,39,34,25,9,10,F,2011
W01000012,Isle of Anglesey 006B,804,39,40,41,41,36,24,38,37,54,60,59,49,60,47,49,44,49,19,18,F,2011
W01000014,Isle of Anglesey 006C,1071,85,53,41,56,66,69,71,67,82,70,79,69,58,56,46,40,37,20,6,F,2011
W01000041,Isle of Anglesey 006D,812,67,48,65,47,59,68,45,55,49,52,36,39,46,32,29,17,19,27,12,F,2011
W01000001,Isle of Anglesey 007A,571,19,13,15,23,28,23,14,13,32,42,40,43,56,46,46,33,38,33,14,F,2011
W01000002,Isle of Anglesey 007B,639,27,29,33,27,40,25,30,40,42,35,55,40,59,52,35,33,19,12,6,F,2011
W01000009,Isle of Anglesey 007C,979,52,64,62,45,51,59,48,51,69,74,54,61,74,62,56,29,32,12,24,F,2011
W01000023,Isle of Anglesey 007D,711,31,35,38,33,43,41,32,48,54,59,45,49,57,36,40,29,20,16,5,F,2011
W01000024,Isle of Anglesey 007E,722,97,52,49,32,62,75,79,58,49,38,27,31,25,19,11,9,4,4,1,F,2011
W01000008,Isle of Anglesey 008A,802,36,39,39,50,37,35,41,49,60,48,45,57,65,51,33,31,30,31,25,F,2011
W01000011,Isle of Anglesey 008B,636,19,19,19,33,70,43,41,30,30,45,31,48,36,30,38,42,30,21,11,F,2011
W01000015,Isle of Anglesey 008C,813,26,32,42,30,41,43,32,43,49,62,56,65,59,57,47,49,30,30,20,F,2011
W01000042,Isle of Anglesey 008D,1100,64,48,57,48,77,89,69,60,86,67,77,72,58,59,47,46,36,21,19,F,2011
W01000007,Isle of Anglesey 009A,881,32,47,40,54,36,32,28,48,65,71,58,75,78,63,42,40,31,21,20,F,2011
W01000025,Isle of Anglesey 009B,1011,48,45,54,62,63,48,60,63,71,92,71,62,68,50,44,50,33,19,8,F,2011
W01000027,Isle of Anglesey 009C,931,55,37,54,39,54,45,49,56,61,69,53,68,70,64,45,39,25,28,20,F,2011
W01000038,Isle of Anglesey 009D,1155,54,60,53,55,55,56,47,56,76,91,82,86,96,76,77,64,47,12,12,F,2011
W06000002,,61783,3318,3014,3241,4048,4842,3008,2921,3322,4022,4125,3951,3735,4185,3781,2949,2638,2268,1467,948,F,2011
W01000062,Gwynedd 001A,883,25,28,10,41,467,75,40,34,22,22,22,13,16,14,9,9,19,8,9,F,2011
W01000076,Gwynedd 001B,635,22,16,20,113,147,32,15,22,23,23,26,28,26,28,22,17,21,20,14,F,2011
W01000077,Gwynedd 001C,702,37,18,23,47,232,47,32,24,25,35,20,23,20,29,22,34,15,11,8,F,2011
W01000091,Gwynedd 001D,569,43,40,29,35,78,36,27,31,46,45,38,26,26,18,24,8,12,5,2,F,2011
W01000092,Gwynedd 001E,2085,18,18,17,620,1033,83,40,30,25,20,23,20,23,19,19,16,13,24,24,F,2011
W01000064,Gwynedd 002A,931,60,64,57,65,94,52,51,68,61,59,57,43,51,44,27,29,22,18,9,F,2011
W01000072,Gwynedd 002B,935,44,44,61,51,126,40,37,61,62,58,46,52,48,52,42,42,40,20,9,F,2011
W01000075,Gwynedd 002C,752,41,31,39,34,148,63,46,36,46,45,46,29,40,24,25,24,22,5,8,F,2011
W01000090,Gwynedd 002D,774,62,48,62,52,42,55,47,49,59,62,46,42,31,36,22,20,21,13,5,F,2011
W01000102,Gwynedd 002E,602,30,32,33,29,33,31,35,35,50,40,46,28,36,38,27,23,23,22,11,F,2011
W01000050,Gwynedd 003A,704,41,42,51,35,29,27,42,38,59,57,42,49,56,35,36,24,23,10,8,F,2011
W01000071,Gwynedd 003B,1190,94,69,84,68,61,85,81,93,104,102,68,65,65,47,32,29,21,16,6,F,2011
W01000096,Gwynedd 003C,638,40,46,37,28,32,44,43,56,50,37,35,37,34,32,20,18,29,11,9,F,2011
W01000097,Gwynedd 003D,572,44,23,21,28,52,46,37,34,40,31,40,41,34,24,24,27,11,8,7,F,2011
W01000115,Gwynedd 003E,1118,64,63,69,58,48,56,70,63,84,98,99,65,81,65,38,37,33,18,9,F,2011
W01000052,Gwynedd 004A,599,30,40,39,37,32,38,36,30,58,31,49,29,47,36,21,23,12,5,6,F,2011
W01000053,Gwynedd 004B,595,35,38,37,40,34,39,25,47,54,41,38,42,28,32,23,18,15,4,5,F,2011
W01000087,Gwynedd 004C,989,69,71,71,56,48,50,57,78,71,58,53,59,66,49,34,36,24,20,19,F,2011
W01000119,Gwynedd 004D,1128,78,48,55,59,66,79,80,71,80,77,90,57,68,55,45,40,39,24,17,F,2011
W01000063,Gwynedd 005A,974,74,62,66,70,50,50,53,51,86,83,58,44,67,44,34,30,28,18,6,F,2011
W01000081,Gwynedd 005B,1029,49,44,49,44,45,64,66,72,84,91,48,55,61,50,65,39,43,34,26,F,2011
W01000099,Gwynedd 005C,881,53,47,60,61,33,46,43,57,76,73,61,58,68,48,40,18,25,11,3,F,2011
W01000103,Gwynedd 005D,639,35,25,40,48,37,25,32,35,52,46,48,43,40,48,19,26,21,9,10,F,2011
W01000059,Gwynedd 006A,1029,68,44,54,72,64,57,49,69,82,63,52,57,69,55,45,50,40,21,18,F,2011
W01000093,Gwynedd 006B,1145,42,37,54,50,58,80,55,56,63,64,79,71,81,81,72,57,60,47,38,F,2011
W01000098,Gwynedd 006C,1180,119,79,83,74,90,89,80,73,75,92,76,49,52,45,34,31,23,7,9,F,2011
W01000110,Gwynedd 006D,794,54,50,48,56,39,40,60,43,64,65,57,48,58,40,27,29,5,6,5,F,2011
W01000054,Gwynedd 007A,590,28,27,30,25,35,22,30,31,38,44,44,34,35,42,34,28,21,22,20,F,2011
W01000088,Gwynedd 007B,1018,68,53,61,47,47,37,55,68,79,74,76,70,60,62,40,46,33,29,13,F,2011
W01000111,Gwynedd 007C,770,55,24,36,33,55,57,48,49,50,43,53,44,52,36,35,36,23,27,14,F,2011
W01000118,Gwynedd 007D,850,46,48,61,53,36,32,51,47,66,71,56,61,56,44,41,21,33,20,7,F,2011
W01000073,Gwynedd 008A,853,42,50,58,56,32,31,35,56,65,61,52,68,64,63,28,45,27,13,7,F,2011
W01000086,Gwynedd 008B,1145,70,59,75,65,56,41,65,68,91,75,69,78,87,71,56,42,46,19,12,F,2011
W01000104,Gwynedd 008C,948,54,48,50,78,46,43,44,59,64,78,50,59,49,66,52,33,31,24,20,F,2011
W01000112,Gwynedd 008D,977,60,57,64,69,43,39,61,65,75,61,47,77,90,55,31,30,32,10,11,F,2011
W01000056,Gwynedd 009A,921,64,50,45,66,52,47,47,65,64,66,67,58,58,43,41,27,27,26,8,F,2011
W01000065,Gwynedd 009B,583,34,17,36,35,37,34,22,26,35,43,60,37,39,35,24,29,22,15,3,F,2011
W01000113,Gwynedd 009C,972,55,69,60,48,52,33,47,49,69,66,73,60,58,59,46,43,45,26,14,F,2011
W01000114,Gwynedd 009D,810,41,46,46,50,31,29,33,39,44,57,64,62,61,72,48,38,28,12,9,F,2011
W01000066,Gwynedd 010A,606,24,30,36,38,24,17,25,35,41,38,38,46,56,40,34,35,26,16,7,F,2011
W01000100,Gwynedd 010B,536,32,27,36,34,16,23,27,28,31,42,34,35,40,41,37,14,20,13,6,F,2011
W01000105,Gwynedd 010C,876,56,59,48,44,49,47,39,53,57,58,58,46,48,44,38,46,43,19,24,F,2011
W01000106,Gwynedd 010D,888,29,27,38,35,23,26,18,39,43,60,59,55,86,91,73,63,41,48,34,F,2011
W01000107,Gwynedd 010E,661,27,31,35,46,32,24,25,29,53,45,38,50,51,57,37,28,32,14,7,F,2011
W01000047,Gwynedd 011A,708,31,38,41,51,31,24,41,39,42,47,50,45,52,44,43,36,31,15,7,F,2011
W01000061,Gwynedd 011B,925,31,47,37,59,32,30,34,41,52,54,58,63,72,82,61,53,56,33,30,F,2011
W01000078,Gwynedd 011C,842,53,48,44,56,42,30,40,48,60,70,64,51,47,61,33,39,30,15,11,F,2011
W01000089,Gwynedd 011D,1063,56,69,74,54,45,49,38,58,76,81,69,65,91,65,58,39,42,25,9,F,2011
W01000070,Gwynedd 012A,625,33,27,31,36,27,27,24,42,44,42,49,42,52,44,34,25,22,20,4,F,2011
W01000094,Gwynedd 012B,624,31,32,27,33,28,18,22,43,30,44,38,46,46,42,44,46,25,13,16,F,2011
W01000095,Gwynedd 012C,702,37,38,41,53,26,26,35,37,54,42,32,39,50,53,34,39,30,18,18,F,2011
W01000108,Gwynedd 012D,1126,69,63,67,54,62,54,68,77,80,75,77,62,74,55,63,52,35,28,11,F,2011
W01000109,Gwynedd 012E,921,45,39,54,44,37,53,39,44,63,71,60,56,53,52,62,43,48,38,20,F,2011
W01000069,Gwynedd 013A,795,34,21,25,33,35,32,20,30,48,35,54,58,75,80,61,66,40,29,19,F,2011
W01000074,Gwynedd 013B,1008,45,41,45,41,40,40,36,46,52,87,65,84,101,89,60,60,34,22,20,F,2011
W01000079,Gwynedd 013C,557,19,20,31,18,27,16,16,20,31,40,30,47,42,51,43,36,33,30,7,F,2011
W01000101,Gwynedd 013D,776,52,58,46,48,45,29,42,49,47,43,54,44,52,47,33,36,23,15,13,F,2011
W01000080,Gwynedd 014C,906,21,23,32,45,32,28,36,38,49,55,60,60,70,83,67,56,77,52,22,F,2011
W01000084,Gwynedd 014D,603,34,23,35,28,18,18,26,21,37,51,32,41,56,45,36,44,34,13,11,F,2011
W01001932,Gwynedd 014E,1444,94,78,84,91,53,66,62,50,101,102,114,92,120,110,65,73,48,31,10,F,2011
W01000051,Gwynedd 015A,1019,58,46,48,65,51,59,61,56,71,59,68,56,54,60,57,49,54,30,17,F,2011
W01000060,Gwynedd 015B,670,41,36,35,31,24,29,22,37,56,65,45,48,60,46,26,31,19,15,4,F,2011
W01000082,Gwynedd 015C,543,28,32,28,34,22,26,29,29,31,42,50,49,37,43,16,14,22,5,6,F,2011
W01000083,Gwynedd 015D,624,35,34,32,34,31,31,28,41,38,46,43,41,51,47,37,16,16,12,11,F,2011
W01000048,Gwynedd 016A,729,32,36,32,40,36,35,24,38,37,45,54,52,69,53,41,38,36,19,12,F,2011
W01000049,Gwynedd 016B,553,41,34,14,39,34,34,20,27,31,40,53,35,45,25,22,23,14,16,6,F,2011
W01000057,Gwynedd 016C,691,26,32,35,37,21,24,23,29,47,44,50,56,79,61,40,33,24,20,10,F,2011
W01000067,Gwynedd 016D,599,27,26,19,25,25,37,23,32,38,45,38,46,52,41,36,24,27,22,16,F,2011
W01000068,Gwynedd 016E,797,37,38,50,40,31,43,43,27,46,63,61,45,52,46,39,44,46,23,23,F,2011
W01000085,Gwynedd 017C,978,28,37,37,35,29,35,27,45,43,58,92,80,107,92,75,65,47,25,21,F,2011
W01000116,Gwynedd 017D,906,33,29,27,36,16,26,19,31,41,41,47,57,98,86,77,88,73,45,36,F,2011
W01000117,Gwynedd 017E,847,55,41,37,54,30,41,34,41,52,55,55,78,37,60,54,41,28,30,24,F,2011
W01001933,Gwynedd 017F,1126,36,39,49,41,28,37,38,44,59,83,88,84,109,109,89,71,64,40,18,F,2011
W06000003,,59536,2855,2629,3107,3214,2773,2702,2629,2990,3987,4340,4113,3818,4499,3878,3409,3065,2597,1741,1190,F,2011
W01000132,Conwy 001A,806,33,32,27,27,56,48,37,45,45,56,49,48,48,52,37,34,49,43,40,F,2011
W01000146,Conwy 001B,1116,57,23,45,62,101,85,63,67,61,76,87,82,80,68,39,36,29,26,29,F,2011
W01000147,Conwy 001C,794,26,26,24,29,34,33,30,30,41,49,57,47,56,57,76,66,52,39,22,F,2011
W01000169,Conwy 001D,927,36,32,25,33,45,51,53,42,57,60,74,75,74,68,49,45,57,33,18,F,2011
W01000186,Conwy 001E,904,43,35,46,56,49,65,39,40,53,58,57,51,64,46,35,54,45,45,23,F,2011
W01000133,Conwy 002A,1015,34,26,34,42,16,25,19,39,54,56,63,53,105,71,100,85,76,53,64,F,2011
W01000168,Conwy 002B,959,52,37,76,70,53,50,54,44,67,66,81,59,59,46,45,33,30,22,15,F,2011
W01000187,Conwy 002C,851,71,87,68,74,54,46,70,48,65,58,54,37,38,28,19,12,8,11,3,F,2011
W01000188,Conwy 002D,915,43,32,53,42,38,35,23,41,74,78,55,62,64,67,68,58,54,23,5,F,2011
W01000154,Conwy 003A,807,25,27,39,42,22,22,19,32,46,59,53,50,64,57,58,55,37,49,51,F,2011
W01000173,Conwy 003B,743,40,38,47,46,18,32,41,55,55,67,55,51,46,36,23,26,29,28,10,F,2011
W01000174,Conwy 003C,894,29,34,60,52,29,37,40,53,72,59,42,50,74,66,48,51,57,23,18,F,2011
W01000175,Conwy 003D,867,26,27,24,28,17,12,16,38,41,47,65,47,95,80,82,86,70,46,20,F,2011
W01000155,Conwy 004A,862,33,31,42,36,24,24,25,23,50,58,48,51,50,62,47,60,73,69,56,F,2011
W01000156,Conwy 004B,829,19,25,23,18,23,37,24,23,40,47,49,47,69,66,92,64,70,54,39,F,2011
W01000157,Conwy 004C,769,51,46,35,39,41,61,46,42,40,53,43,49,31,41,31,44,54,16,6,F,2011
W01000158,Conwy 004D,860,24,26,34,17,22,23,19,33,38,45,50,48,79,95,79,83,72,44,29,F,2011
W01000149,Conwy 005A,773,41,28,36,37,38,33,22,26,40,53,41,56,75,62,48,45,44,35,13,F,2011
W01000150,Conwy 005B,750,35,37,40,44,24,35,32,36,64,66,46,56,63,46,53,36,27,8,2,F,2011
W01000151,Conwy 005C,825,54,65,54,52,41,49,64,80,53,64,45,45,44,41,31,22,17,4,0,F,2011
W01000152,Conwy 005D,798,45,37,54,50,48,30,29,52,53,53,56,39,48,45,44,33,35,27,20,F,2011
W01000184,Conwy 005E,1270,54,45,58,61,77,43,55,49,86,79,88,78,120,115,98,78,42,15,29,F,2011
W01000135,Conwy 006A,1124,29,39,48,40,27,29,22,37,65,72,69,71,107,121,85,92,81,53,37,F,2011
W01000136,Conwy 006B,932,40,32,54,31,42,32,45,41,62,64,74,65,58,68,66,50,55,32,21,F,2011
W01000165,Conwy 006C,974,30,28,46,49,42,28,34,34,67,89,62,63,90,78,78,65,43,32,16,F,2011
W01000166,Conwy 006D,1047,70,47,76,64,58,62,58,60,74,68,66,58,64,48,53,46,40,22,13,F,2011
W01000139,Conwy 007A,860,44,51,60,54,28,32,36,55,73,62,66,34,48,43,49,38,33,33,21,F,2011
W01000143,Conwy 007B,765,52,46,40,61,47,66,43,35,50,66,61,43,37,34,33,20,20,6,5,F,2011
W01000144,Conwy 007C,714,50,49,45,54,63,51,47,42,55,55,47,45,28,20,21,19,11,5,7,F,2011
W01000182,Conwy 007D,988,49,21,39,41,44,41,36,47,51,74,57,65,55,59,63,67,65,62,52,F,2011
W01000138,Conwy 008A,962,48,46,57,60,32,35,38,48,59,51,71,62,96,71,63,53,35,22,15,F,2011
W01000145,Conwy 008B,682,45,35,31,43,38,44,29,30,54,63,46,43,43,33,24,26,25,15,15,F,2011
W01000180,Conwy 008C,839,42,48,44,62,40,21,25,47,79,61,78,60,66,54,41,28,17,15,11,F,2011
W01000181,Conwy 008D,789,56,50,53,54,35,52,55,53,76,70,61,42,43,25,24,20,12,5,3,F,2011
W01000183,Conwy 008E,727,18,20,37,61,27,22,26,20,42,50,56,47,49,41,40,38,52,40,41,F,2011
W01000126,Conwy 009A,838,36,53,39,45,37,54,31,44,60,83,71,56,56,42,42,34,24,18,13,F,2011
W01000127,Conwy 009B,700,53,32,36,35,39,39,32,34,47,60,47,43,49,34,45,28,28,10,9,F,2011
W01000128,Conwy 009C,775,27,35,33,40,50,35,35,22,62,51,44,61,61,48,38,42,42,19,30,F,2011
W01000153,Conwy 009D,776,21,32,40,31,23,30,35,43,65,57,60,60,81,57,51,42,25,16,7,F,2011
W01000163,Conwy 009E,702,49,62,55,55,36,44,45,50,52,59,29,50,42,31,17,14,10,1,1,F,2011
W01000164,Conwy 009F,732,55,50,54,54,41,51,48,36,61,57,54,42,35,36,22,16,11,7,2,F,2011
W01000140,Conwy 010B,768,29,36,51,39,42,30,44,34,55,54,51,50,76,46,40,37,26,13,15,F,2011
W01000141,Conwy 010C,840,33,17,27,22,24,18,29,19,45,35,34,52,72,88,93,86,74,49,23,F,2011
W01000142,Conwy 010D,832,31,29,31,39,30,15,25,28,48,48,61,61,70,72,78,75,38,31,22,F,2011
W01000178,Conwy 010E,1015,50,50,66,62,49,66,65,53,68,74,53,40,60,56,34,48,42,42,37,F,2011
W01000179,Conwy 010F,864,23,22,25,33,38,29,23,32,47,49,39,63,108,76,63,68,55,40,31,F,2011
W01001927,Conwy 010G,706,38,38,42,25,24,31,41,31,50,43,42,44,49,60,52,42,39,7,8,F,2011
W01001928,Conwy 010H,534,24,14,25,23,25,25,15,20,26,28,51,43,52,46,50,29,17,14,7,F,2011
W01000167,Conwy 011C,982,52,66,51,43,48,62,58,55,61,71,75,69,65,54,43,48,32,22,7,F,2011
W01000176,Conwy 011D,819,60,48,47,56,44,56,59,49,64,58,58,34,38,40,34,31,21,15,7,F,2011
W01000177,Conwy 011E,640,24,29,32,51,31,25,30,28,59,47,46,37,45,41,30,41,21,15,8,F,2011
W01001926,Conwy 011F,1141,53,33,61,78,50,44,44,57,67,71,98,84,109,88,71,59,44,21,9,F,2011
W01000124,Conwy 012A,1040,30,50,55,59,35,29,34,52,74,91,75,87,93,70,63,65,49,20,9,F,2011
W01000129,Conwy 012B,558,24,29,31,37,19,27,19,44,42,37,40,32,55,35,22,30,21,9,5,F,2011
W01000130,Conwy 012C,775,33,31,28,30,40,32,48,34,58,62,63,45,77,60,46,29,31,21,7,F,2011
W01000131,Conwy 012D,771,34,40,52,46,42,33,34,43,73,56,65,35,55,50,31,33,28,15,6,F,2011
W01000123,Conwy 013A,907,47,47,45,52,46,32,49,57,61,87,50,63,56,49,45,37,35,26,23,F,2011
W01000125,Conwy 013B,766,34,26,34,36,31,37,27,38,40,64,57,57,77,58,41,44,34,22,9,F,2011
W01000170,Conwy 013C,937,52,43,41,55,52,43,34,62,62,81,59,65,78,70,42,35,41,18,4,F,2011
W01000171,Conwy 013D,819,28,39,48,64,50,24,34,50,51,64,63,49,54,52,40,29,37,26,17,F,2011
W01000172,Conwy 013E,676,51,39,36,37,41,53,49,46,40,51,43,53,41,21,24,23,17,9,2,F,2011
W01000122,Conwy 014A,1089,50,47,67,64,63,47,38,55,87,92,90,100,75,73,51,32,27,21,10,F,2011
W01000159,Conwy 014B,718,53,33,30,38,38,27,32,35,40,67,59,50,49,43,36,29,28,12,19,F,2011
W01000162,Conwy 014C,913,43,44,80,41,38,32,42,46,88,73,83,70,57,53,47,34,18,15,9,F,2011
W01000190,Conwy 014D,717,39,26,38,41,36,34,26,44,43,56,61,59,58,37,36,28,21,22,12,F,2011
W01000121,Conwy 015A,607,39,17,29,31,16,26,32,25,34,53,52,44,59,43,36,28,24,12,7,F,2011
W01000134,Conwy 015B,1117,54,45,52,56,69,53,48,62,58,79,65,60,75,67,69,65,56,56,28,F,2011
W01000137,Conwy 015C,771,29,33,46,42,34,27,30,51,51,60,69,51,66,56,42,45,18,14,7,F,2011
W01000148,Conwy 015D,644,52,37,44,41,47,41,32,47,40,42,40,37,50,23,22,22,15,8,4,F,2011
W01000185,Conwy 015E,608,33,26,27,37,22,27,19,38,53,57,36,43,54,48,32,26,14,11,5,F,2011
W01000189,Conwy 015F,702,28,23,35,45,30,33,29,39,53,71,58,50,72,45,39,23,18,9,2,F,2011
W06000004,,47848,2638,2317,2626,2957,2547,2184,2367,2790,3313,3569,3126,3035,3581,3034,2505,1970,1576,1055,658,F,2011
W01000218,Denbighshire 001A,808,28,31,39,65,47,33,36,34,61,61,55,45,54,44,58,42,29,25,21,F,2011
W01000219,Denbighshire 001B,1329,93,81,89,61,64,85,86,80,93,111,67,73,92,72,81,41,28,14,18,F,2011
W01000220,Denbighshire 001C,829,16,13,18,19,24,24,26,28,34,35,42,49,87,110,103,86,60,37,18,F,2011
W01000213,Denbighshire 002A,717,42,41,47,55,53,34,36,32,44,48,47,43,33,40,32,26,32,21,11,F,2011
W01000214,Denbighshire 002B,613,49,34,48,40,40,29,34,34,50,44,34,38,30,40,28,17,9,10,5,F,2011
W01000215,Denbighshire 002C,744,27,33,40,40,37,16,30,40,39,66,43,54,55,51,56,29,50,19,19,F,2011
W01000216,Denbighshire 002D,731,40,30,47,69,48,37,42,45,59,64,41,44,42,36,14,26,18,16,13,F,2011
W01000212,Denbighshire 003A,1143,47,45,59,77,48,35,32,63,57,85,92,80,100,84,72,57,48,41,21,F,2011
W01000221,Denbighshire 003B,704,34,27,29,30,36,41,40,44,32,46,40,40,56,58,59,31,33,17,11,F,2011
W01000222,Denbighshire 003C,885,43,28,42,40,34,24,36,43,44,57,51,64,86,82,68,51,49,26,17,F,2011
W01000226,Denbighshire 004A,762,19,26,28,33,34,35,18,40,47,48,52,45,84,75,64,44,40,21,9,F,2011
W01000227,Denbighshire 004B,818,37,36,32,42,38,23,30,49,51,43,29,47,78,80,60,50,47,29,17,F,2011
W01000228,Denbighshire 004C,560,32,22,33,28,41,29,24,31,38,30,41,41,26,42,24,22,34,21,1,F,2011
W01000239,Denbighshire 004D,842,95,40,35,59,95,47,49,46,39,62,44,48,54,40,32,20,15,14,8,F,2011
W01000240,Denbighshire 004E,565,55,22,22,50,49,37,33,36,37,41,36,41,35,14,21,13,13,8,2,F,2011
W01000241,Denbighshire 004F,661,49,47,43,53,45,40,51,56,49,48,47,36,23,23,12,14,16,8,1,F,2011
W01000236,Denbighshire 006A,986,85,62,66,62,78,54,56,97,65,60,54,44,62,46,27,30,13,15,10,F,2011
W01000237,Denbighshire 006B,945,90,100,70,88,52,53,63,65,69,55,43,52,32,31,25,30,17,6,4,F,2011
W01000238,Denbighshire 006C,883,68,58,56,60,62,59,56,48,75,66,56,40,55,34,37,27,11,12,3,F,2011
W01000200,Denbighshire 008A,653,31,32,51,38,18,27,34,43,49,61,44,47,49,46,26,18,22,12,5,F,2011
W01000201,Denbighshire 008B,780,60,45,50,38,49,45,50,52,62,52,51,42,51,42,42,18,13,10,8,F,2011
W01000217,Denbighshire 008C,1059,54,54,71,68,59,36,58,55,87,83,67,71,67,59,57,53,34,10,16,F,2011
W01000248,Denbighshire 008D,831,36,40,44,55,34,30,36,57,65,65,62,56,87,50,39,28,25,16,6,F,2011
W01000191,Denbighshire 009A,1106,75,68,64,56,71,63,78,87,99,73,55,72,79,57,38,28,24,13,6,F,2011
W01000223,Denbighshire 009B,694,22,32,43,48,23,40,31,40,52,59,47,48,54,39,38,32,29,11,6,F,2011
W01000224,Denbighshire 009C,727,32,35,43,47,44,27,27,46,43,45,51,33,62,44,54,37,17,21,19,F,2011
W01000225,Denbighshire 009D,793,51,39,35,35,42,52,49,56,54,43,50,48,61,61,49,27,21,16,4,F,2011
W01000245,Denbighshire 010A,848,47,27,43,42,43,29,34,56,60,58,61,64,61,56,52,38,28,29,20,F,2011
W01000246,Denbighshire 010B,887,50,35,52,61,57,43,33,51,62,75,50,48,71,58,38,36,26,21,20,F,2011
W01000247,Denbighshire 010C,1007,49,47,45,40,36,37,48,38,73,81,65,72,96,75,63,59,28,25,30,F,2011
W01000194,Denbighshire 011A,1085,79,41,49,121,68,76,68,73,66,73,69,53,69,59,41,23,23,21,13,F,2011
W01000198,Denbighshire 011B,718,63,40,42,44,58,48,54,48,34,58,38,46,44,31,26,21,13,6,4,F,2011
W01000199,Denbighshire 011C,837,36,37,36,70,48,25,46,42,69,80,49,71,59,53,34,28,26,20,8,F,2011
W01000195,Denbighshire 012A,726,30,33,33,43,25,24,25,49,52,48,50,45,52,58,51,44,33,24,7,F,2011
W01000196,Denbighshire 012B,768,52,36,55,60,44,38,49,64,68,63,46,53,37,37,24,13,10,9,10,F,2011
W01000197,Denbighshire 012C,844,37,47,55,60,27,35,40,42,77,73,64,57,57,36,33,33,33,23,15,F,2011
W01000211,Denbighshire 012D,926,44,48,62,40,34,30,37,40,73,79,73,79,77,51,61,36,24,23,15,F,2011
W01000203,Denbighshire 013A,1209,49,65,73,77,46,36,47,69,91,103,101,95,109,80,51,49,39,17,12,F,2011
W01000204,Denbighshire 013B,703,23,23,26,45,20,21,35,26,32,70,65,51,65,55,42,40,27,24,13,F,2011
W01000206,Denbighshire 013C,1088,52,61,68,68,40,34,43,71,90,92,88,71,93,78,39,48,26,21,5,F,2011
W01000242,Denbighshire 014A,987,63,50,52,62,60,63,61,56,82,61,59,38,52,61,40,43,33,26,25,F,2011
W01000243,Denbighshire 014B,933,65,35,41,80,54,50,39,51,54,67,55,47,66,53,43,48,38,24,23,F,2011
W01000244,Denbighshire 014C,886,41,51,52,51,34,33,35,56,54,78,57,53,66,58,47,44,35,30,11,F,2011
W01000193,Denbighshire 015A,640,27,31,42,46,36,34,36,42,45,44,40,44,58,41,35,15,9,6,9,F,2011
W01000202,Denbighshire 015B,867,50,58,71,54,30,33,26,37,87,85,57,53,68,57,32,28,22,13,6,F,2011
W01000207,Denbighshire 015C,1110,56,64,51,75,46,37,50,55,68,103,85,97,97,78,47,42,33,14,12,F,2011
W01000192,Denbighshire 016A,496,17,16,28,31,25,15,13,31,35,42,31,39,47,35,32,18,16,9,16,F,2011
W01000205,Denbighshire 016B,538,16,32,23,22,26,23,28,29,33,41,47,41,47,42,25,19,24,16,4,F,2011
W01000208,Denbighshire 016C,579,19,18,17,36,34,26,23,23,45,55,43,41,52,37,29,26,22,17,16,F,2011
W01000209,Denbighshire 016D,762,40,40,29,42,41,28,36,43,51,60,51,37,59,49,42,42,32,29,11,F,2011
W01000210,Denbighshire 016E,713,30,25,29,30,32,19,21,36,49,53,54,47,65,60,48,30,31,32,22,F,2011
W01000231,Denbighshire 017A,755,29,28,51,54,45,35,39,39,55,54,54,57,46,36,38,35,30,17,13,F,2011
W01000232,Denbighshire 017B,826,44,40,52,48,56,41,43,56,60,57,64,43,61,42,43,34,25,13,4,F,2011
W01000233,Denbighshire 017C,661,40,20,25,34,42,33,41,30,47,43,53,46,52,48,28,31,25,14,9,F,2011
W01000235,Denbighshire 017D,674,32,35,47,40,29,34,38,54,59,55,43,50,45,44,26,17,17,8,1,F,2011
W01000229,Denbighshire 017E,839,39,34,45,23,32,49,36,38,38,44,55,49,92,65,70,57,38,22,13,F,2011
W01000230,Denbighshire 017F,1018,46,36,46,49,57,44,38,52,62,68,74,71,86,72,76,59,48,24,10,F,2011
W01000234,Denbighshire 017G,750,63,43,42,53,57,56,64,46,48,55,44,36,38,29,33,17,15,9,2,F,2011
W06000005,,77386,4589,4211,4325,4557,4307,4204,4271,4808,5967,6003,5105,4798,5601,4383,3498,2650,2010,1281,818,F,2011
W01000287,Flintshire 001A,919,35,39,50,57,47,38,36,38,86,73,61,50,79,73,58,49,29,15,6,F,2011
W01000298,Flintshire 001B,763,44,31,38,46,31,41,23,42,55,56,50,48,77,63,49,32,25,10,2,F,2011
W01000338,Flintshire 001C,948,37,50,49,60,39,42,31,56,70,91,73,72,73,64,60,35,28,11,7,F,2011
W01000306,Flintshire 002A,1186,76,53,53,96,67,68,63,82,82,80,83,78,88,58,56,46,31,12,14,F,2011
W01000320,Flintshire 002B,940,64,46,50,73,63,49,41,46,64,80,83,41,51,51,58,39,22,15,4,F,2011
W01000340,Flintshire 002C,1133,53,52,66,66,53,42,42,71,99,92,85,89,92,67,61,39,30,19,15,F,2011
W01000253,Flintshire 003A,976,59,57,61,67,51,57,46,58,70,82,79,55,61,52,47,37,23,11,3,F,2011
W01000254,Flintshire 003B,1139,94,70,65,62,84,84,47,66,76,77,83,70,70,60,48,30,23,23,7,F,2011
W01000296,Flintshire 003C,759,59,44,38,38,46,57,44,42,46,57,44,37,59,47,30,30,15,19,7,F,2011
W01000297,Flintshire 003D,643,56,51,37,50,46,54,47,51,60,53,41,24,27,17,13,8,5,3,0,F,2011
W01000304,Flintshire 003E,1025,81,65,61,54,68,53,64,56,60,68,60,53,49,51,64,37,46,26,9,F,2011
W01000305,Flintshire 003F,887,52,52,40,46,49,52,48,55,63,68,53,60,80,62,50,24,18,12,3,F,2011
W01000288,Flintshire 004A,1192,92,88,61,59,82,77,60,73,69,69,65,74,70,56,62,39,57,23,16,F,2011
W01000290,Flintshire 004B,643,32,38,25,28,32,45,25,23,43,45,28,37,52,39,35,37,44,27,8,F,2011
W01000292,Flintshire 004C,779,58,55,56,67,51,51,54,42,61,48,51,40,40,23,18,26,16,15,7,F,2011
W01000293,Flintshire 004D,745,44,36,41,41,50,60,40,50,61,51,54,49,51,26,26,22,22,16,5,F,2011
W01000289,Flintshire 005A,678,46,40,29,51,43,38,48,34,59,59,67,40,36,37,24,13,8,6,0,F,2011
W01000291,Flintshire 005B,739,63,47,40,44,47,47,61,52,69,50,37,36,57,34,13,18,13,8,3,F,2011
W01000294,Flintshire 005C,943,38,55,56,66,43,42,52,72,82,76,71,74,76,44,35,26,19,9,7,F,2011
W01000295,Flintshire 005D,868,39,37,70,46,34,53,47,51,68,59,40,45,63,51,45,36,19,22,43,F,2011
W01000258,Flintshire 006A,1072,40,56,59,64,40,42,53,53,86,81,77,91,101,66,64,41,31,13,14,F,2011
W01000270,Flintshire 006B,631,22,29,33,34,31,19,24,28,44,63,77,62,60,25,27,28,12,11,2,F,2011
W01000271,Flintshire 006C,654,34,29,25,34,28,34,37,30,45,48,54,56,51,36,39,24,14,20,16,F,2011
W01000272,Flintshire 006D,948,37,46,53,53,37,28,28,48,61,72,89,81,103,79,53,33,27,17,3,F,2011
W01000301,Flintshire 006E,894,40,37,51,50,38,36,36,59,61,87,77,87,75,51,41,31,23,5,9,F,2011
W01000273,Flintshire 007A,822,67,50,37,51,59,42,57,46,50,44,56,41,74,42,46,29,19,7,5,F,2011
W01000274,Flintshire 007B,884,80,51,44,52,76,65,62,57,54,58,46,37,39,34,41,28,32,16,12,F,2011
W01000275,Flintshire 007C,609,32,25,49,45,42,34,39,32,44,51,39,56,32,43,18,12,10,3,3,F,2011
W01000278,Flintshire 007D,779,69,53,47,51,54,70,52,53,83,44,35,43,53,19,24,9,9,6,5,F,2011
W01000276,Flintshire 008A,690,69,48,45,48,40,66,68,64,72,58,34,29,31,6,7,5,0,0,0,F,2011
W01000277,Flintshire 008B,730,70,42,52,45,43,67,66,48,67,46,53,39,38,21,14,6,9,4,0,F,2011
W01000279,Flintshire 008C,661,30,20,23,43,38,23,32,29,49,52,28,36,60,62,47,35,24,19,11,F,2011
W01000281,Flintshire 008D,610,30,35,25,36,35,46,26,29,37,46,52,47,58,37,30,25,11,5,0,F,2011
W01000283,Flintshire 008E,1141,60,61,67,60,94,59,74,74,73,95,71,59,65,62,49,43,46,16,13,F,2011
W01000332,Flintshire 009A,777,78,41,30,34,46,81,79,44,65,51,37,51,49,34,25,15,12,3,2,F,2011
W01000333,Flintshire 009B,729,59,43,42,48,55,60,51,36,59,52,41,39,28,26,30,20,27,7,6,F,2011
W01000334,Flintshire 009C,970,73,40,48,58,77,82,50,63,66,82,57,59,60,46,31,31,26,15,6,F,2011
W01000335,Flintshire 009D,582,42,22,33,35,30,37,36,24,34,36,27,40,36,22,31,28,36,16,17,F,2011
W01000336,Flintshire 009E,754,71,56,49,50,65,47,48,47,52,56,41,33,20,23,20,22,18,24,12,F,2011
W01000337,Flintshire 009F,1048,69,54,52,63,89,64,65,56,68,81,66,67,63,34,49,46,25,21,16,F,2011
W01000252,Flintshire 010A,823,34,26,28,35,31,30,30,43,53,51,53,48,88,82,92,41,28,18,12,F,2011
W01000280,Flintshire 010B,715,40,30,38,51,24,23,41,53,51,54,59,57,73,38,33,24,13,8,5,F,2011
W01000282,Flintshire 010C,865,50,77,80,80,48,35,60,80,120,106,52,23,27,8,13,2,4,0,0,F,2011
W01000325,Flintshire 010D,784,32,33,45,42,39,19,29,46,70,67,55,57,76,62,39,32,24,9,8,F,2011
W01000311,Flintshire 011A,883,47,48,64,50,48,42,49,54,74,66,59,57,56,46,39,36,23,15,10,F,2011
W01000312,Flintshire 011B,866,42,51,50,60,36,54,60,77,56,57,44,45,57,61,49,36,19,8,4,F,2011
W01000328,Flintshire 011C,1009,60,44,43,67,99,73,57,65,70,75,69,48,71,50,41,33,22,14,8,F,2011
W01000264,Flintshire 012A,859,49,72,63,68,53,47,58,71,76,69,51,36,43,35,24,20,9,9,6,F,2011
W01000265,Flintshire 012B,672,30,28,26,33,42,30,32,36,53,49,38,57,72,47,31,29,23,9,7,F,2011
W01000323,Flintshire 012C,786,48,38,37,26,38,29,26,46,63,69,53,55,83,64,35,25,28,15,8,F,2011
W01000324,Flintshire 012D,789,43,36,56,56,32,29,42,39,67,70,55,59,68,45,31,30,17,9,5,F,2011
W01000251,Flintshire 013A,774,47,44,52,66,50,37,35,45,55,70,49,55,56,39,25,13,9,21,6,F,2011
W01000268,Flintshire 013B,883,56,52,69,54,31,24,48,82,86,58,62,49,60,50,35,27,22,10,8,F,2011
W01000284,Flintshire 013C,865,51,56,51,62,32,36,50,63,76,86,79,48,50,41,26,30,10,10,8,F,2011
W01000285,Flintshire 013D,760,36,40,38,41,26,28,32,48,49,64,63,50,73,60,41,29,20,13,9,F,2011
W01000286,Flintshire 013E,1133,83,68,87,63,52,73,102,108,113,83,79,50,46,40,29,27,12,11,7,F,2011
W01000302,Flintshire 013F,999,40,53,58,49,27,23,40,52,72,69,59,77,79,83,67,62,36,32,21,F,2011
W01000249,Flintshire 014A,662,28,29,45,45,34,26,31,40,63,55,48,45,60,38,27,20,12,10,6,F,2011
W01000250,Flintshire 014B,782,29,35,48,28,32,36,44,48,62,50,49,52,71,60,47,51,23,10,7,F,2011
W01000261,Flintshire 014C,790,33,44,35,33,52,51,43,67,50,43,55,49,67,52,41,25,22,15,13,F,2011
W01000321,Flintshire 014D,852,45,51,45,40,37,38,51,59,66,64,59,55,98,51,31,24,21,14,3,F,2011
W01000322,Flintshire 014E,699,23,34,40,38,34,28,28,41,42,59,56,33,81,61,38,21,20,10,12,F,2011
W01000255,Flintshire 015A,1164,68,56,68,82,49,84,68,79,83,95,70,56,73,68,57,36,32,31,9,F,2011
W01000256,Flintshire 015B,799,53,53,40,42,53,56,65,73,71,66,38,44,42,30,23,17,12,10,11,F,2011
W01000257,Flintshire 015C,1037,38,49,51,53,50,66,65,68,90,105,65,83,90,67,39,24,20,10,4,F,2011
W01000329,Flintshire 015D,700,73,38,30,46,65,61,55,36,52,39,37,26,23,37,29,21,21,6,5,F,2011
W01000330,Flintshire 015E,1088,81,74,61,63,81,126,86,74,74,73,55,49,51,26,33,33,18,21,9,F,2011
W01000331,Flintshire 015F,813,33,35,52,61,60,38,44,49,72,85,66,49,55,42,25,20,20,4,3,F,2011
W01000313,Flintshire 016A,838,68,56,38,56,41,47,37,46,63,70,63,54,47,39,37,26,25,12,13,F,2011
W01000314,Flintshire 016B,581,18,36,25,28,33,33,22,32,36,36,32,33,40,28,34,43,29,29,14,F,2011
W01000315,Flintshire 016C,1040,70,49,50,56,37,46,49,62,73,63,61,51,82,62,66,53,51,39,20,F,2011
W01000316,Flintshire 016D,704,28,40,49,41,23,23,40,43,45,51,45,41,54,54,41,26,22,19,19,F,2011
W01000317,Flintshire 016E,684,32,50,52,42,26,11,18,47,57,65,60,67,61,33,32,19,5,3,4,F,2011
W01000318,Flintshire 016F,595,47,49,36,43,35,35,42,30,49,47,35,27,22,33,19,11,12,17,6,F,2011
W01000319,Flintshire 016G,734,52,32,26,39,45,42,42,52,49,58,47,48,51,46,34,30,24,7,10,F,2011
W01000259,Flintshire 017A,852,52,30,33,46,53,39,50,43,70,47,38,53,62,45,43,40,38,32,38,F,2011
W01000260,Flintshire 017B,938,51,47,44,47,46,54,70,54,79,66,53,61,80,67,47,35,23,9,5,F,2011
W01000262,Flintshire 017C,773,66,38,58,39,66,56,57,46,60,68,45,42,29,36,25,22,5,11,4,F,2011
W01000263,Flintshire 017D,746,40,52,46,45,42,46,42,49,69,55,40,29,47,47,31,16,14,19,17,F,2011
W01000266,Flintshire 017E,668,53,25,20,31,59,51,37,38,45,53,30,32,47,50,36,34,11,12,4,F,2011
W01000267,Flintshire 017F,804,50,47,41,27,37,47,53,69,60,57,43,41,60,55,47,19,27,14,10,F,2011
W01000303,Flintshire 018A,882,47,64,52,52,36,30,42,49,80,79,79,48,87,49,27,29,18,8,6,F,2011
W01000326,Flintshire 018B,862,36,54,56,58,37,28,46,49,75,62,63,70,68,62,32,26,18,14,8,F,2011
W01000327,Flintshire 018C,1089,43,65,67,52,56,45,53,73,106,93,87,74,70,75,47,35,22,10,16,F,2011
W01000299,Flintshire 019A,986,38,34,55,44,34,25,39,51,68,86,72,70,105,86,54,37,44,28,16,F,2011
W01000300,Flintshire 019B,883,46,45,45,36,40,31,35,41,73,77,56,77,96,63,50,31,15,22,4,F,2011
W01000309,Flintshire 019C,1075,68,50,71,73,68,49,57,72,77,99,69,62,82,62,38,27,34,11,6,F,2011
W01000339,Flintshire 019D,829,43,46,53,44,32,38,25,52,51,79,56,68,58,69,25,33,31,17,9,F,2011
W01000269,Flintshire 020A,825,42,43,35,28,53,54,48,44,49,53,52,45,60,51,46,44,33,24,21,F,2011
W01000307,Flintshire 020B,692,32,34,46,41,32,21,25,45,56,73,45,40,49,37,38,29,24,12,13,F,2011
W01000308,Flintshire 020C,627,37,33,38,38,37,26,36,42,55,52,33,39,37,39,31,23,15,10,6,F,2011
W01000310,Flintshire 020D,938,44,54,39,46,41,33,33,57,80,80,59,89,71,69,40,40,26,20,17,F,2011
W06000006,,67930,4335,3681,3712,3812,4080,4425,4099,4266,5114,4834,4360,4219,4477,3589,2770,2288,1863,1236,770,F,2011
W01000374,Wrexham 003A,712,41,36,48,31,32,43,47,45,49,49,47,35,65,48,33,16,25,13,9,F,2011
W01000375,Wrexham 003B,1024,93,76,48,55,62,86,103,89,81,70,74,51,35,26,26,15,22,7,5,F,2011
W01000376,Wrexham 003C,683,26,36,50,32,33,29,49,40,56,58,42,51,70,42,27,21,15,2,4,F,2011
W01000391,Wrexham 003D,708,42,34,37,26,25,44,42,37,57,42,52,67,62,62,32,17,23,3,4,F,2011
W01000392,Wrexham 003E,890,74,67,65,56,48,67,61,51,64,57,62,45,33,44,37,26,18,10,5,F,2011
W01000377,Wrexham 004A,770,61,31,49,48,46,52,44,60,69,52,48,48,58,36,24,18,11,5,10,F,2011
W01000378,Wrexham 004B,710,76,53,39,47,46,63,55,57,48,43,35,38,37,29,22,11,2,4,5,F,2011
W01000379,Wrexham 004C,801,48,40,40,59,47,51,53,50,58,50,43,51,60,54,34,29,18,10,6,F,2011
W01000380,Wrexham 004D,721,27,39,35,30,36,42,50,50,52,65,60,55,48,29,9,27,22,28,17,F,2011
W01000351,Wrexham 005A,1109,68,58,60,54,81,92,61,78,87,81,86,50,70,56,43,26,26,15,17,F,2011
W01000373,Wrexham 005B,923,75,60,53,60,61,67,61,65,79,58,56,49,44,41,22,36,21,10,5,F,2011
W01000400,Wrexham 005C,846,65,41,42,50,56,57,74,55,59,62,52,57,43,37,33,33,17,6,7,F,2011
W01000401,Wrexham 005D,920,82,60,58,50,60,69,79,69,58,69,52,38,48,35,22,38,14,15,4,F,2011
W01000347,Wrexham 006A,1259,109,77,63,43,106,180,130,98,82,75,68,51,47,46,27,23,16,11,7,F,2011
W01000348,Wrexham 006B,747,63,54,46,37,59,63,48,55,45,52,40,38,35,34,25,15,12,18,8,F,2011
W01000362,Wrexham 006C,788,57,44,55,47,72,52,50,44,54,64,53,53,36,42,30,18,10,5,2,F,2011
W01000363,Wrexham 006D,784,45,35,33,37,42,39,37,40,57,53,55,59,46,54,33,33,41,26,19,F,2011
W01000364,Wrexham 006E,794,46,40,45,44,33,36,45,47,71,65,50,66,57,52,34,21,14,11,17,F,2011
W01000343,Wrexham 007A,541,23,16,24,27,16,12,25,19,30,45,30,36,51,56,51,33,26,14,7,F,2011
W01000344,Wrexham 007B,676,17,29,32,16,25,26,26,33,46,47,35,51,70,78,61,35,33,12,4,F,2011
W01000415,Wrexham 007C,756,35,34,27,20,38,28,38,48,49,63,42,62,59,59,50,49,31,15,9,F,2011
W01000416,Wrexham 007D,627,34,23,24,38,37,34,44,47,36,60,64,63,44,23,19,15,14,6,2,F,2011
W01000368,Wrexham 008A,1035,51,55,45,46,34,42,37,61,84,78,66,64,84,74,70,63,46,25,10,F,2011
W01000371,Wrexham 008B,589,38,30,28,33,76,52,36,35,34,37,39,30,32,21,24,16,14,11,3,F,2011
W01000372,Wrexham 008C,726,34,18,27,77,110,75,42,35,42,37,39,22,31,21,25,21,29,22,19,F,2011
W01000387,Wrexham 008D,652,24,37,39,41,26,23,31,35,50,45,45,45,60,43,46,27,20,11,4,F,2011
W01000388,Wrexham 008E,546,33,25,28,27,28,22,18,35,38,47,34,37,45,37,26,33,12,16,5,F,2011
W01000422,Wrexham 008F,1066,41,49,39,60,48,63,45,52,74,65,65,76,87,73,57,47,48,47,30,F,2011
W01000341,Wrexham 009A,839,55,41,52,52,48,47,45,57,60,65,52,31,48,38,36,41,28,32,11,F,2011
W01000342,Wrexham 009B,837,44,43,36,50,65,48,37,53,62,45,34,38,52,48,40,49,48,27,18,F,2011
W01000393,Wrexham 009C,992,54,59,41,53,38,50,52,55,68,64,67,60,84,61,57,51,41,27,10,F,2011
W01000352,Wrexham 010A,507,26,22,28,26,25,25,16,31,35,47,32,27,31,29,25,20,26,28,8,F,2011
W01000353,Wrexham 010B,706,71,44,64,54,46,48,53,48,49,59,30,33,33,25,13,12,9,13,2,F,2011
W01000413,Wrexham 010C,746,102,68,62,52,82,68,45,45,39,40,32,25,26,16,20,9,10,1,4,F,2011
W01000414,Wrexham 010D,638,73,47,37,21,59,69,48,33,46,47,37,30,23,27,15,14,9,3,0,F,2011
W01000425,Wrexham 010E,1180,117,80,86,105,79,100,76,87,72,72,59,59,54,43,36,21,19,11,4,F,2011
W01000349,Wrexham 011A,927,55,46,36,51,73,88,79,68,79,75,54,44,41,38,33,24,23,10,10,F,2011
W01000350,Wrexham 011B,735,50,32,22,48,118,92,69,57,42,38,37,27,29,16,18,17,12,3,8,F,2011
W01000365,Wrexham 011C,1070,40,49,53,55,75,59,48,54,61,66,82,79,87,61,50,35,43,34,39,F,2011
W01000402,Wrexham 011D,1240,84,45,55,68,157,148,103,89,79,74,70,56,57,40,35,31,26,16,7,F,2011
W01000381,Wrexham 012A,556,26,22,20,29,31,38,41,29,38,39,23,38,41,35,31,25,16,16,18,F,2011
W01000382,Wrexham 012B,527,36,29,31,25,29,60,44,37,37,30,36,39,31,19,19,12,9,3,1,F,2011
W01000423,Wrexham 012D,1149,124,93,73,57,86,132,108,95,104,59,60,42,39,30,22,16,6,3,0,F,2011
W01000424,Wrexham 012E,629,46,29,25,28,51,47,36,40,48,48,47,46,48,32,18,17,12,9,2,F,2011
W01001929,Wrexham 012F,603,39,18,20,19,66,82,43,32,34,35,43,40,37,25,20,16,18,7,9,F,2011
W01001931,Wrexham 012G,647,51,28,20,38,70,69,49,27,35,48,34,33,28,27,29,18,16,19,8,F,2011
W01000398,Wrexham 013A,642,29,32,41,37,26,28,36,39,39,46,50,70,45,47,37,14,12,10,4,F,2011
W01000399,Wrexham 013B,573,20,24,42,32,31,16,30,34,51,47,44,67,40,26,22,19,16,9,3,F,2011
W01000406,Wrexham 013C,1112,85,69,78,66,63,85,87,64,95,77,62,57,75,50,30,33,23,10,3,F,2011
W01000408,Wrexham 013D,601,36,36,44,36,24,31,30,40,51,42,46,35,53,27,23,17,13,12,5,F,2011
W01000366,Wrexham 014A,734,48,33,36,40,52,62,55,39,58,51,53,40,40,31,34,34,14,9,5,F,2011
W01000367,Wrexham 014B,638,38,41,27,43,22,30,33,49,65,66,48,42,39,22,20,21,17,12,3,F,2011
W01000385,Wrexham 014C,877,36,38,45,43,39,46,47,61,68,61,78,69,59,52,50,44,27,9,5,F,2011
W01000410,Wrexham 014D,823,56,48,38,41,50,47,51,56,57,65,41,49,50,44,33,25,38,12,22,F,2011
W01000386,Wrexham 015A,778,57,54,45,45,53,82,48,52,67,45,36,37,44,35,22,26,16,8,6,F,2011
W01000405,Wrexham 015B,1219,114,72,90,68,72,94,72,67,100,65,58,63,71,50,30,29,43,38,23,F,2011
W01000411,Wrexham 015C,820,69,37,31,43,64,44,49,51,39,56,46,49,49,40,30,32,37,30,24,F,2011
W01000412,Wrexham 015D,777,50,44,35,38,47,55,43,47,56,66,51,44,65,39,33,26,17,15,6,F,2011
W01000394,Wrexham 016A,621,20,32,46,36,31,15,29,42,61,61,66,45,53,28,22,13,10,9,2,F,2011
W01000395,Wrexham 016B,550,26,29,28,26,25,30,23,32,41,38,39,41,46,42,22,26,20,12,4,F,2011
W01000407,Wrexham 016C,692,39,43,32,33,37,37,40,46,59,57,42,37,58,43,37,27,14,6,5,F,2011
W01000419,Wrexham 016D,767,46,50,48,67,44,56,63,55,65,56,44,44,27,31,22,17,17,10,5,F,2011
W01000420,Wrexham 016E,710,43,39,28,36,51,54,53,40,58,49,47,40,46,37,18,29,29,11,2,F,2011
W01000354,Wrexham 017A,855,34,38,45,61,41,45,42,48,78,53,64,58,76,56,44,34,18,14,6,F,2011
W01000355,Wrexham 017B,792,38,40,26,40,40,55,59,37,52,50,51,46,51,49,38,39,29,35,17,F,2011
W01000356,Wrexham 017C,868,59,44,68,54,49,65,40,52,86,61,51,40,58,47,29,19,20,18,8,F,2011
W01000389,Wrexham 017D,1034,52,61,52,56,63,48,45,80,81,84,63,75,69,53,47,38,35,24,8,F,2011
W01000409,Wrexham 017E,1034,146,85,50,65,102,93,69,54,75,49,38,51,54,37,32,17,9,5,3,F,2011
W01000345,Wrexham 018A,798,24,37,54,36,31,24,36,38,64,53,59,73,86,67,34,29,24,19,10,F,2011
W01000346,Wrexham 018B,812,38,40,58,60,24,25,33,40,69,80,73,62,52,55,36,27,24,10,6,F,2011
W01000403,Wrexham 018C,659,33,32,39,43,23,27,27,34,53,43,53,51,49,48,25,27,26,21,5,F,2011
W01000404,Wrexham 018D,1004,49,69,61,63,36,51,47,58,98,88,70,50,66,59,37,41,33,14,14,F,2011
W01000359,Wrexham 019C,618,43,46,30,33,24,37,42,35,57,44,35,49,51,29,27,18,7,8,3,F,2011
W01000360,Wrexham 019D,639,34,38,42,43,25,24,39,32,45,38,58,34,44,33,39,31,23,11,6,F,2011
W01000361,Wrexham 019E,1057,67,45,69,61,57,62,71,74,63,78,61,65,68,58,45,31,35,27,20,F,2011
W01001930,Wrexham 019F,1062,42,42,50,66,41,35,59,60,92,79,80,86,95,57,57,56,36,22,7,F,2011
W01000383,Wrexham 020A,1220,78,85,95,70,47,54,69,114,143,105,92,75,65,38,43,24,15,4,4,F,2011
W01000384,Wrexham 020B,587,36,33,24,27,11,16,18,32,37,52,44,44,46,34,29,24,33,36,11,F,2011
W01000390,Wrexham 020C,833,38,42,42,57,35,24,31,47,61,64,71,62,94,61,28,27,16,17,16,F,2011
W01000417,Wrexham 020D,785,43,39,42,50,18,24,33,49,55,80,68,76,60,52,45,23,17,8,3,F,2011
W01000418,Wrexham 020E,822,58,36,50,36,29,43,39,59,54,70,48,57,62,58,32,30,30,18,13,F,2011
W01000369,Wrexham 020F,669,18,30,24,30,16,19,16,40,61,38,42,50,55,54,59,51,39,16,11,F,2011
W01000370,Wrexham 020G,762,35,34,35,29,18,33,32,45,65,44,38,49,56,47,52,30,31,36,53,F,2011
W01000396,Wrexham 020H,629,21,26,48,39,23,17,23,41,53,54,47,51,69,40,21,22,18,5,11,F,2011
W01000397,Wrexham 020I,526,16,26,34,41,15,13,17,16,45,39,40,51,45,51,27,28,11,6,5,F,2011
W06000023,,67320,3237,3265,3712,3908,2965,2829,2914,3542,4558,4975,4807,4785,5435,4651,3539,3094,2367,1699,1038,F,2011
W01000461,Powys 001A,724,33,36,41,37,48,33,30,43,52,47,43,45,61,40,38,37,21,29,10,F,2011
W01000470,Powys 001D,965,43,33,59,46,46,43,42,49,60,71,60,77,75,51,60,48,47,38,17,F,2011
W01000475,Powys 001E,1205,44,56,66,70,58,39,30,58,92,102,101,100,88,103,70,53,35,26,14,F,2011
W01001906,Powys 001F,946,46,50,40,53,31,32,38,42,54,90,69,85,100,81,44,42,23,15,11,F,2011
W01001907,Powys 001G,693,32,43,39,40,23,23,23,59,45,60,44,42,59,46,39,38,18,15,5,F,2011
W01000444,Powys 002A,1194,58,56,72,69,57,39,38,57,79,81,90,79,110,76,70,50,62,34,17,F,2011
W01000457,Powys 002B,1109,54,82,69,54,35,38,51,82,91,89,86,66,81,81,53,47,26,20,4,F,2011
W01000458,Powys 002C,904,43,53,47,34,28,52,45,47,77,66,71,65,63,52,52,49,24,24,12,F,2011
W01000498,Powys 003A,789,54,36,52,53,62,32,48,37,49,54,67,43,36,41,29,37,36,14,9,F,2011
W01000499,Powys 003B,662,46,28,34,47,42,47,27,41,51,36,43,28,34,22,28,33,21,27,27,F,2011
W01000500,Powys 003C,772,46,32,53,53,38,40,33,42,61,65,65,53,53,35,34,18,28,15,8,F,2011
W01000501,Powys 003D,1171,65,55,54,48,52,67,49,51,86,89,58,72,81,81,66,51,57,52,37,F,2011
W01000442,Powys 004A,1031,49,51,64,49,49,44,40,50,85,69,84,75,97,66,51,34,36,26,12,F,2011
W01000452,Powys 004B,932,33,51,40,56,29,32,19,59,55,76,84,71,96,74,57,36,32,21,11,F,2011
W01000473,Powys 004C,1160,62,55,73,67,61,59,64,67,75,68,75,82,81,44,63,59,40,36,29,F,2011
W01000428,Powys 005A,649,13,23,35,35,37,22,20,18,52,49,63,44,66,48,36,42,21,17,8,F,2011
W01000441,Powys 005B,726,46,40,44,44,26,30,30,47,51,53,37,52,50,60,39,31,27,16,3,F,2011
W01000476,Powys 005C,676,29,30,38,45,24,22,30,41,43,50,43,43,57,48,49,31,20,18,15,F,2011
W01000497,Powys 005D,715,47,38,46,51,19,29,33,42,56,64,36,53,54,40,42,36,15,9,5,F,2011
W01000433,Powys 006A,1158,57,64,37,68,56,44,51,58,78,79,89,81,116,88,67,50,40,22,13,F,2011
W01000460,Powys 006B,917,43,55,69,73,39,28,44,50,64,93,66,55,63,59,50,25,22,14,5,F,2011
W01000488,Powys 006C,1055,47,48,59,54,56,45,40,51,75,99,88,72,113,65,52,36,29,13,13,F,2011
W01000434,Powys 007A,843,36,51,43,52,19,19,23,50,55,61,56,66,76,69,57,44,32,21,13,F,2011
W01000439,Powys 007B,995,48,73,50,63,30,40,43,58,77,83,68,75,95,69,44,31,28,16,4,F,2011
W01000447,Powys 007C,1024,49,65,69,57,35,35,40,56,75,83,71,67,94,64,44,48,37,25,10,F,2011
W01000480,Powys 008A,1044,58,48,61,65,80,71,52,55,69,80,84,61,73,43,32,35,36,25,16,F,2011
W01000481,Powys 008B,1168,60,48,50,68,55,54,50,71,88,84,77,93,80,78,59,58,49,27,19,F,2011
W01000482,Powys 008C,908,49,38,49,55,57,41,40,51,68,67,49,54,72,65,50,46,31,17,9,F,2011
W01000478,Powys 009A,895,78,67,75,68,58,58,69,58,74,57,57,45,44,41,13,18,6,9,0,F,2011
W01000479,Powys 009B,799,68,54,56,52,47,55,57,41,49,38,49,42,35,37,25,30,25,24,15,F,2011
W01000483,Powys 009C,981,77,74,69,76,56,54,64,66,61,70,54,64,55,49,39,17,17,16,3,F,2011
W01000429,Powys 010A,1114,48,62,70,66,32,27,40,55,93,81,112,82,97,94,58,46,30,9,12,F,2011
W01000453,Powys 010B,692,27,32,48,39,26,13,20,38,48,59,67,53,69,56,41,24,12,16,4,F,2011
W01000466,Powys 010C,760,45,31,33,51,37,39,35,38,50,49,44,32,58,43,42,44,41,24,24,F,2011
W01000467,Powys 010D,726,32,15,28,38,45,36,34,25,43,44,51,66,55,53,44,47,32,23,15,F,2011
W01000427,Powys 011A,696,35,24,44,41,37,28,19,45,37,55,45,50,70,62,31,40,17,5,11,F,2011
W01000448,Powys 011B,734,31,34,33,49,37,27,31,32,48,58,39,64,60,47,46,37,32,18,11,F,2011
W01000449,Powys 011C,782,29,42,39,51,30,29,32,42,46,68,44,55,71,61,41,33,35,25,9,F,2011
W01000464,Powys 011D,627,25,31,31,37,19,16,19,23,50,46,53,51,62,61,35,33,20,10,5,F,2011
W01000484,Powys 011E,758,20,34,31,47,27,16,24,29,54,65,58,55,100,66,46,34,24,21,7,F,2011
W01000485,Powys 011F,815,28,19,33,47,35,26,21,35,33,50,58,61,85,85,58,55,34,37,15,F,2011
W01000486,Powys 011G,577,35,28,26,37,24,30,37,33,44,37,35,31,31,37,27,34,25,12,14,F,2011
W01000438,Powys 012A,627,22,18,24,34,24,13,16,31,25,42,47,47,60,72,51,52,23,21,5,F,2011
W01000451,Powys 012B,579,23,34,42,33,14,25,21,27,34,43,51,43,41,54,29,30,16,17,2,F,2011
W01000472,Powys 012C,569,22,23,29,25,11,22,24,32,34,43,39,40,57,50,42,43,19,9,5,F,2011
W01000477,Powys 012D,725,31,44,32,39,24,23,23,33,36,54,67,68,67,77,52,31,17,6,1,F,2011
W01000487,Powys 012E,1088,60,36,40,53,59,44,34,45,56,78,63,74,90,80,61,66,61,45,43,F,2011
W01000454,Powys 013A,602,25,23,22,41,28,34,17,32,35,36,34,38,36,43,40,32,34,25,27,F,2011
W01000455,Powys 013B,1058,61,60,53,81,52,58,61,60,84,73,77,55,71,81,44,30,26,19,12,F,2011
W01000456,Powys 013C,1054,42,36,55,53,54,39,52,42,56,74,61,67,77,74,71,67,74,29,31,F,2011
W01000431,Powys 014A,664,51,39,35,49,33,47,46,42,43,48,45,43,38,21,22,20,19,20,3,F,2011
W01000432,Powys 014B,655,31,38,30,43,16,33,21,51,39,46,39,36,41,48,37,43,26,22,15,F,2011
W01000450,Powys 014C,695,28,35,42,30,22,16,26,36,46,54,47,60,73,43,45,33,21,21,17,F,2011
W01000459,Powys 014D,608,30,32,40,35,14,20,22,32,48,38,47,54,53,50,28,30,18,9,8,F,2011
W01000471,Powys 014E,926,45,42,48,45,35,37,46,41,45,75,71,86,86,73,45,48,32,20,6,F,2011
W01000430,Powys 015A,654,38,33,34,39,26,28,24,37,42,52,39,63,49,38,32,40,14,16,10,F,2011
W01000443,Powys 015B,1177,59,34,56,59,37,44,57,53,76,75,93,122,121,96,71,49,38,25,12,F,2011
W01000445,Powys 015C,754,40,23,42,44,34,32,34,40,38,48,85,64,68,62,40,25,11,14,10,F,2011
W01000446,Powys 015D,827,34,47,37,36,39,26,41,43,58,57,48,65,57,58,46,44,45,27,19,F,2011
W01000494,Powys 015E,872,37,46,51,51,46,41,33,45,63,77,60,54,56,54,46,33,32,28,19,F,2011
W01000489,Powys 017A,916,49,39,64,104,43,64,57,41,57,48,52,48,54,47,39,23,32,22,33,F,2011
W01000492,Powys 017D,813,33,27,47,37,50,61,60,34,45,45,45,51,62,47,50,32,32,32,23,F,2011
W01000493,Powys 017E,744,42,47,47,42,33,32,49,44,54,50,46,43,44,32,50,39,31,19,0,F,2011
W01001901,Powys 017F,1051,46,51,61,59,37,44,53,61,68,57,63,71,78,63,62,49,53,48,27,F,2011
W01001902,Powys 017G,764,50,48,56,45,44,49,40,54,57,50,66,60,40,38,20,23,13,8,3,F,2011
W01000465,Powys 018E,528,18,17,35,33,13,15,10,16,30,46,35,51,62,39,26,32,26,13,11,F,2011
W01001903,Powys 018F,1068,32,51,55,51,42,28,34,47,66,80,71,94,115,94,58,49,40,40,21,F,2011
W01001904,Powys 018G,883,35,50,50,44,30,24,41,45,76,68,71,77,69,71,36,38,32,17,9,F,2011
W01001905,Powys 018H,1058,42,40,66,65,34,30,34,46,80,90,82,77,99,84,64,43,38,33,11,F,2011
W01000440,Powys 020A,687,31,29,35,49,31,22,22,32,54,53,62,45,59,64,34,29,20,7,9,F,2011
W01000474,Powys 020B,856,37,46,50,34,34,33,31,62,62,67,76,71,70,64,36,26,32,16,9,F,2011
W01000503,Powys 020C,531,16,29,36,39,12,20,18,20,28,46,51,59,44,34,26,18,19,9,7,F,2011
W01001897,Powys 020D,965,38,46,41,45,36,32,38,54,78,88,63,60,95,71,50,47,41,27,15,F,2011
W01000426,Powys 021A,727,36,28,46,40,38,32,45,29,55,61,52,47,52,39,41,33,28,20,5,F,2011
W01000496,Powys 021B,1058,34,38,54,52,41,35,41,66,74,78,87,79,73,81,51,62,40,35,37,F,2011
W01000502,Powys 021C,1074,36,43,58,54,43,51,46,44,77,65,75,55,92,94,66,70,47,30,28,F,2011
W01000504,Powys 021D,577,35,36,31,29,36,37,36,38,31,45,35,31,48,33,24,23,12,17,0,F,2011
W01000505,Powys 021E,725,33,26,38,46,35,32,34,38,52,55,51,45,56,54,31,50,25,15,9,F,2011
W01001899,Powys 021F,1070,47,46,61,45,63,52,52,57,63,85,78,92,66,47,52,55,37,37,35,F,2011
W06000008,,37816,1708,1594,1736,2980,3875,1680,1579,1767,2172,2472,2443,2479,2794,2417,1868,1562,1246,903,541,F,2011
W01000523,Ceredigion 001C,927,49,41,61,48,34,34,52,50,83,77,78,55,79,64,51,28,23,12,8,F,2011
W01000548,Ceredigion 001D,973,53,53,62,53,35,47,43,42,72,77,69,61,68,66,40,33,25,39,35,F,2011
W01000549,Ceredigion 001E,863,49,43,53,59,45,46,36,50,70,71,78,48,59,47,33,30,30,12,4,F,2011
W01001937,Ceredigion 001F,1061,48,51,56,68,34,35,51,59,75,103,79,60,104,80,58,40,34,14,12,F,2011
W01000512,Ceredigion 002A,958,30,23,12,251,254,38,41,26,27,38,26,29,33,30,28,24,17,17,14,F,2011
W01000513,Ceredigion 002B,1116,24,14,11,81,663,72,40,31,31,12,25,22,18,18,8,12,13,16,5,F,2011
W01000517,Ceredigion 002D,651,11,13,17,49,315,32,27,21,17,18,19,17,15,11,15,16,17,13,8,F,2011
W01001934,Ceredigion 002F,1917,47,29,37,390,727,96,53,50,50,54,50,41,55,58,42,43,38,45,12,F,2011
W01000515,Ceredigion 003A,708,51,32,40,46,60,49,52,55,45,50,30,42,34,32,26,24,18,13,9,F,2011
W01000516,Ceredigion 003B,837,55,52,58,51,63,52,47,50,75,60,48,45,44,43,36,22,19,14,3,F,2011
W01000518,Ceredigion 003C,621,21,12,16,31,133,27,32,27,25,35,26,35,27,36,19,43,31,35,10,F,2011
W01001935,Ceredigion 003E,537,33,27,13,27,113,37,50,35,22,35,31,16,24,18,18,13,15,8,2,F,2011
W01001936,Ceredigion 003F,1138,27,34,19,410,270,31,30,32,24,40,46,42,35,29,19,21,14,10,5,F,2011
W01000506,Ceredigion 005A,746,25,22,24,30,27,31,30,29,29,45,48,62,70,54,51,59,46,41,23,F,2011
W01000524,Ceredigion 005B,978,47,46,63,50,36,38,40,54,80,68,78,70,88,67,52,45,29,15,12,F,2011
W01000538,Ceredigion 005C,784,44,31,48,50,25,34,43,46,45,51,59,68,90,51,38,23,26,10,2,F,2011
W01000539,Ceredigion 005D,595,25,20,29,41,24,31,23,22,46,52,40,53,59,54,25,24,13,8,6,F,2011
W01000540,Ceredigion 005E,603,27,22,24,21,23,36,23,31,31,45,31,50,44,44,41,43,34,21,12,F,2011
W01000529,Ceredigion 007A,786,40,42,42,42,27,35,37,37,62,50,49,67,67,58,47,30,24,24,6,F,2011
W01000532,Ceredigion 007B,991,47,41,47,52,33,37,42,40,53,72,66,89,92,80,73,51,43,15,18,F,2011
W01000544,Ceredigion 007C,551,24,26,33,25,19,17,26,30,31,37,42,41,48,46,39,21,25,14,7,F,2011
W01000545,Ceredigion 007D,1025,30,40,47,60,35,25,35,45,48,68,110,93,113,84,65,52,30,28,17,F,2011
W01000527,Ceredigion 008A,698,28,28,30,125,165,38,22,24,32,29,16,21,24,22,18,27,19,20,10,F,2011
W01000528,Ceredigion 008B,757,48,31,37,40,39,41,36,43,44,55,48,55,47,42,41,37,36,21,16,F,2011
W01000535,Ceredigion 008C,1004,48,48,55,44,33,39,39,51,59,77,72,82,83,100,58,47,33,26,10,F,2011
W01000537,Ceredigion 008D,744,29,39,41,39,31,28,22,31,42,58,49,72,85,67,32,28,26,10,15,F,2011
W01000541,Ceredigion 008E,955,46,46,57,54,43,55,36,51,50,67,86,71,78,79,49,36,29,15,7,F,2011
W01000507,Ceredigion 009A,614,30,22,21,26,15,37,13,27,36,42,29,48,61,47,58,47,25,23,7,F,2011
W01000508,Ceredigion 009B,579,32,29,21,29,29,37,24,22,34,46,41,46,41,26,41,37,20,14,10,F,2011
W01000509,Ceredigion 009C,945,45,44,39,47,35,46,37,44,41,57,71,55,62,83,77,48,53,40,21,F,2011
W01000510,Ceredigion 009D,630,37,28,28,25,21,35,24,36,44,30,42,35,35,37,40,38,36,36,23,F,2011
W01000511,Ceredigion 009E,573,48,36,42,45,43,35,30,38,33,56,34,37,24,21,16,11,14,5,5,F,2011
W01000546,Ceredigion 009F,565,14,24,26,29,19,21,16,18,36,36,39,47,68,53,33,37,27,12,10,F,2011
W01000547,Ceredigion 009G,621,29,29,36,33,16,20,27,27,36,43,51,56,54,45,39,22,33,15,10,F,2011
W01000519,Ceredigion 010A,820,42,41,23,37,29,29,33,37,48,58,79,81,90,56,42,39,24,22,10,F,2011
W01000522,Ceredigion 010B,637,26,28,25,40,25,20,19,25,35,58,62,54,64,56,39,22,22,12,5,F,2011
W01000531,Ceredigion 010C,948,46,35,46,59,33,38,35,52,58,66,53,72,93,73,50,54,38,20,27,F,2011
W01000533,Ceredigion 010D,746,39,25,49,44,34,33,28,34,64,51,45,48,56,53,38,38,30,18,19,F,2011
W01000551,Ceredigion 010E,671,30,41,34,33,18,19,30,26,35,49,59,52,80,53,40,24,22,22,4,F,2011
W01000525,Ceredigion 011A,644,21,27,24,26,55,14,19,25,37,38,40,36,44,51,45,41,35,33,33,F,2011
W01000534,Ceredigion 011B,779,48,47,40,35,30,44,43,42,50,67,57,50,68,54,36,30,23,12,3,F,2011
W01000543,Ceredigion 011C,1018,47,54,63,45,43,40,50,53,68,80,83,92,97,61,50,39,26,18,9,F,2011
W01000552,Ceredigion 011D,1027,52,61,59,59,35,45,49,68,65,94,71,73,68,73,54,31,29,23,18,F,2011
W01000536,Ceredigion 011E,742,36,34,33,33,25,28,20,36,48,45,68,63,69,65,52,40,30,12,5,F,2011
W01000542,Ceredigion 011F,1116,45,59,68,67,41,35,53,65,92,74,75,76,96,88,59,45,31,34,13,F,2011
W01000550,Ceredigion 011G,617,35,24,27,31,23,23,21,30,44,38,45,51,41,42,37,47,21,16,21,F,2011
W06000009,,62662,3320,3065,3490,3763,3197,2857,2996,3342,4081,4642,4203,4197,4868,4167,3204,2815,2084,1477,894,F,2011
W01000558,Pembrokeshire 001A,1058,57,59,52,58,46,42,61,58,68,71,68,85,103,67,57,37,28,24,17,F,2011
W01000559,Pembrokeshire 001B,706,26,35,41,31,22,30,23,36,35,58,62,60,58,71,41,38,20,8,11,F,2011
W01000560,Pembrokeshire 001C,577,27,29,22,38,24,24,23,22,32,50,49,51,55,45,29,14,25,16,2,F,2011
W01000561,Pembrokeshire 001D,630,40,34,37,39,36,26,29,32,46,53,40,42,51,45,29,21,16,10,4,F,2011
W01000613,Pembrokeshire 001E,1124,49,49,49,57,43,44,36,38,54,101,98,92,111,90,71,69,36,22,15,F,2011
W01000562,Pembrokeshire 002A,859,38,36,32,55,31,37,29,39,52,52,66,80,83,73,46,48,28,20,14,F,2011
W01000565,Pembrokeshire 002B,990,43,42,44,51,38,48,36,39,54,72,42,64,76,79,64,71,53,43,31,F,2011
W01000566,Pembrokeshire 002C,804,47,27,39,35,51,32,30,43,53,45,55,53,68,70,50,39,31,29,7,F,2011
W01000567,Pembrokeshire 002D,991,66,43,63,58,68,48,56,44,76,72,63,72,63,64,43,32,26,25,9,F,2011
W01000597,Pembrokeshire 002E,639,39,20,24,34,27,19,36,25,25,32,38,45,61,60,45,30,34,31,14,F,2011
W01000617,Pembrokeshire 002F,742,52,49,37,41,31,40,34,45,46,50,50,57,56,46,37,28,19,13,11,F,2011
W01000579,Pembrokeshire 003A,1203,74,72,75,72,51,42,52,84,78,86,73,87,80,76,76,49,38,20,18,F,2011
W01000581,Pembrokeshire 003B,729,18,21,39,40,28,29,17,46,55,52,65,80,62,58,41,28,31,14,5,F,2011
W01000612,Pembrokeshire 003C,930,30,36,66,43,25,33,46,47,57,62,67,83,78,84,44,41,34,35,19,F,2011
W01000618,Pembrokeshire 003D,844,40,43,53,49,41,45,61,41,55,51,57,60,66,55,48,35,20,20,4,F,2011
W01000582,Pembrokeshire 004A,853,24,45,55,47,30,21,31,39,64,83,66,69,74,77,46,38,26,11,7,F,2011
W01000583,Pembrokeshire 004B,746,44,40,46,59,32,23,36,63,63,54,44,33,49,60,30,24,28,8,10,F,2011
W01000611,Pembrokeshire 004C,855,30,30,53,47,21,22,30,33,62,76,57,64,82,69,58,46,33,30,12,F,2011
W01000623,Pembrokeshire 004D,1000,35,48,75,65,41,43,38,46,83,87,66,69,71,69,42,42,33,28,19,F,2011
W01000568,Pembrokeshire 005A,1135,65,45,67,84,114,65,64,63,72,101,83,58,62,55,45,33,34,10,15,F,2011
W01000569,Pembrokeshire 005B,694,67,59,40,33,54,53,56,54,41,47,38,22,28,21,26,25,17,11,2,F,2011
W01000570,Pembrokeshire 005C,792,93,71,64,65,91,59,71,59,53,46,44,24,14,12,7,9,7,1,2,F,2011
W01000572,Pembrokeshire 005D,972,37,58,69,65,54,47,45,61,67,73,59,57,59,49,56,52,34,24,6,F,2011
W01000571,Pembrokeshire 006A,1192,64,42,73,71,44,56,36,63,86,89,69,65,90,74,65,80,56,44,25,F,2011
W01000573,Pembrokeshire 006B,1338,102,71,74,61,85,73,85,80,99,111,77,74,76,63,58,55,46,39,9,F,2011
W01000586,Pembrokeshire 006C,1143,67,61,72,70,81,60,70,64,83,85,72,66,73,75,39,35,24,30,16,F,2011
W01000577,Pembrokeshire 007A,824,41,37,52,45,39,37,32,28,55,71,70,70,72,56,38,31,28,13,9,F,2011
W01000585,Pembrokeshire 007B,705,23,22,40,50,23,27,19,43,47,67,54,64,47,41,35,36,28,20,19,F,2011
W01000595,Pembrokeshire 007C,1029,41,50,58,59,42,55,52,58,68,64,53,59,92,63,41,52,57,39,26,F,2011
W01000596,Pembrokeshire 007D,783,21,47,33,55,38,31,35,49,44,61,54,58,64,51,39,27,30,26,20,F,2011
W01000555,Pembrokeshire 008A,688,26,22,32,39,27,33,25,25,40,64,56,66,72,53,35,37,21,13,2,F,2011
W01000556,Pembrokeshire 008B,593,18,21,26,27,21,12,23,29,30,42,38,46,73,55,40,41,33,9,9,F,2011
W01000575,Pembrokeshire 008C,1336,76,64,74,79,77,50,70,81,87,86,87,90,89,72,57,60,48,43,46,F,2011
W01000614,Pembrokeshire 008D,716,30,28,31,47,29,23,34,33,36,63,55,67,77,38,47,31,24,14,9,F,2011
W01000622,Pembrokeshire 008E,786,43,37,54,35,26,23,26,45,67,63,48,59,55,74,36,30,25,22,18,F,2011
W01000554,Pembrokeshire 009A,951,49,38,55,52,42,33,39,47,73,84,76,77,76,70,44,36,24,26,10,F,2011
W01000580,Pembrokeshire 009B,1203,66,66,61,81,52,50,52,65,111,90,75,83,98,77,63,66,23,13,11,F,2011
W01000598,Pembrokeshire 009C,1162,53,54,56,79,58,55,61,53,90,91,76,65,97,81,64,52,41,22,14,F,2011
W01000599,Pembrokeshire 009D,1104,54,69,80,68,57,49,76,62,67,79,76,80,83,63,60,38,23,12,8,F,2011
W01000587,Pembrokeshire 010A,998,55,42,44,55,58,61,46,54,55,75,63,60,66,63,68,55,46,20,12,F,2011
W01000588,Pembrokeshire 010B,1112,98,59,83,86,77,70,59,68,65,77,82,63,48,50,40,30,25,17,15,F,2011
W01000593,Pembrokeshire 010C,1412,85,65,78,80,78,84,82,92,64,95,89,90,120,64,84,62,54,31,15,F,2011
W01000553,Pembrokeshire 011A,624,27,17,29,27,24,20,24,24,40,41,57,59,68,55,34,32,19,19,8,F,2011
W01000563,Pembrokeshire 011B,610,28,38,30,29,23,21,29,21,49,50,47,41,71,32,33,24,17,16,11,F,2011
W01000564,Pembrokeshire 011C,614,25,22,23,36,25,25,22,33,35,50,40,40,46,33,36,47,38,23,15,F,2011
W01000576,Pembrokeshire 011D,1142,51,50,72,58,39,39,41,62,71,83,70,70,96,100,77,77,49,29,8,F,2011
W01000615,Pembrokeshire 011E,769,24,32,41,33,25,18,29,38,46,46,42,55,82,71,66,45,40,28,8,F,2011
W01000616,Pembrokeshire 011F,557,24,27,15,30,17,22,18,20,29,37,42,37,54,52,41,40,23,17,12,F,2011
W01000589,Pembrokeshire 012A,595,40,35,38,31,49,45,30,40,23,44,29,30,29,29,31,26,27,18,1,F,2011
W01000590,Pembrokeshire 012B,577,11,19,21,27,30,18,20,21,43,29,47,39,54,42,40,49,36,21,10,F,2011
W01000591,Pembrokeshire 012C,631,39,35,33,56,44,32,41,26,38,60,40,36,35,29,33,25,13,10,6,F,2011
W01000592,Pembrokeshire 012D,668,33,56,42,57,37,54,34,30,41,55,60,33,34,23,31,28,14,6,0,F,2011
W01000594,Pembrokeshire 012E,1121,93,58,56,80,71,71,73,78,54,75,86,58,58,63,46,49,31,11,10,F,2011
W01000600,Pembrokeshire 013A,809,58,39,33,49,58,57,37,35,60,59,47,50,52,43,26,34,34,18,20,F,2011
W01000601,Pembrokeshire 013B,826,57,80,51,62,63,39,33,64,59,50,50,37,44,55,31,25,16,5,5,F,2011
W01000602,Pembrokeshire 013C,663,39,25,32,45,39,28,37,28,44,50,39,38,55,33,36,34,22,22,17,F,2011
W01000603,Pembrokeshire 013D,947,58,43,64,87,61,51,62,55,70,74,47,49,74,38,41,36,17,10,10,F,2011
W01000604,Pembrokeshire 013E,759,62,44,45,55,41,50,46,58,51,47,41,45,55,56,24,24,4,6,5,F,2011
W01000605,Pembrokeshire 013F,914,59,59,62,80,52,53,49,54,89,60,51,67,52,41,35,22,18,11,0,F,2011
W01000557,Pembrokeshire 014A,789,41,41,53,58,39,40,39,46,56,59,58,62,65,48,16,27,16,19,6,F,2011
W01000578,Pembrokeshire 014B,842,31,38,49,37,30,22,38,46,45,62,62,62,78,86,53,42,25,27,9,F,2011
W01000584,Pembrokeshire 014C,1058,46,57,64,60,37,38,45,60,70,81,81,81,97,78,64,42,26,20,11,F,2011
W01000609,Pembrokeshire 014D,1266,56,50,53,51,39,36,54,47,87,81,78,95,140,122,101,67,52,34,23,F,2011
W01000574,Pembrokeshire 015A,939,42,42,52,73,42,32,46,50,67,75,70,52,93,76,43,32,24,19,9,F,2011
W01000606,Pembrokeshire 015B,884,70,68,78,59,62,65,51,54,63,64,46,42,41,41,36,21,10,6,7,F,2011
W01000607,Pembrokeshire 015C,1055,62,58,56,60,73,47,59,77,65,72,58,55,83,60,33,37,37,38,25,F,2011
W01000608,Pembrokeshire 015D,711,35,27,34,44,46,33,35,40,39,50,51,49,59,43,39,30,22,21,14,F,2011
W01000610,Pembrokeshire 016A,894,34,36,42,35,38,33,37,36,47,67,67,45,73,86,58,51,45,31,33,F,2011
W01000619,Pembrokeshire 016B,1125,41,43,62,73,43,50,47,50,66,90,74,69,103,80,60,60,44,34,36,F,2011
W01000620,Pembrokeshire 016C,503,29,10,9,20,42,26,27,20,24,33,29,35,43,29,33,42,27,17,8,F,2011
W01000621,Pembrokeshire 016D,822,52,30,33,46,55,38,31,33,52,67,74,57,56,45,23,44,31,35,20,F,2011
W06000010,,94068,5069,4651,5055,5578,5158,4806,4908,5189,6243,6949,6598,6268,6732,5829,4485,3865,3126,2195,1364,F,2011
W01000685,Carmarthenshire 001A,787,46,44,45,36,42,41,47,29,53,66,54,59,66,48,33,31,14,14,19,F,2011
W01000686,Carmarthenshire 001B,629,23,32,44,33,28,32,25,37,41,40,41,57,50,57,29,32,12,11,5,F,2011
W01000701,Carmarthenshire 001C,812,43,41,53,33,40,33,45,52,52,51,48,60,51,57,43,36,23,31,20,F,2011
W01000702,Carmarthenshire 001D,612,38,26,28,51,47,35,28,26,34,46,36,37,52,41,26,17,22,12,10,F,2011
W01000647,Carmarthenshire 002A,774,37,37,53,48,28,20,34,27,52,62,57,65,79,55,48,25,28,16,3,F,2011
W01000650,Carmarthenshire 002B,791,24,29,32,29,35,31,34,17,55,66,83,78,95,59,35,34,22,15,18,F,2011
W01000678,Carmarthenshire 002C,717,23,33,28,42,39,23,18,30,33,67,36,39,60,68,49,39,49,23,18,F,2011
W01000679,Carmarthenshire 002D,637,31,24,31,60,28,32,26,35,39,51,47,43,41,39,32,27,26,12,13,F,2011
W01000646,Carmarthenshire 003A,1150,58,46,74,58,55,45,45,53,83,67,78,84,107,78,60,42,54,38,25,F,2011
W01000688,Carmarthenshire 003B,909,47,52,56,49,58,39,42,56,56,65,68,49,79,71,43,34,28,10,7,F,2011
W01000689,Carmarthenshire 003C,841,30,37,42,61,24,33,30,41,55,71,57,77,67,70,61,40,24,11,10,F,2011
W01000728,Carmarthenshire 003D,1005,31,55,53,50,37,37,35,53,73,89,88,83,85,86,47,44,32,21,6,F,2011
W01000676,Carmarthenshire 004A,774,27,24,45,41,23,32,32,29,45,57,59,76,60,54,41,43,35,34,17,F,2011
W01000677,Carmarthenshire 004B,772,49,42,30,37,37,41,39,48,46,59,47,46,46,44,31,36,36,36,22,F,2011
W01000687,Carmarthenshire 004C,957,32,54,53,51,39,29,39,50,73,79,60,80,91,71,55,36,32,20,13,F,2011
W01000709,Carmarthenshire 004D,1140,52,50,66,78,45,41,38,48,82,85,95,90,101,90,84,40,33,13,9,F,2011
W01000624,Carmarthenshire 005A,1166,52,46,82,70,33,37,45,58,91,111,104,75,86,90,57,55,40,15,19,F,2011
W01000682,Carmarthenshire 005B,727,44,44,47,46,22,22,32,44,47,67,46,52,49,55,33,29,22,17,9,F,2011
W01000683,Carmarthenshire 005C,517,16,25,31,33,12,18,21,21,36,54,45,52,47,41,30,14,13,5,3,F,2011
W01000684,Carmarthenshire 005D,930,42,51,52,71,17,32,35,58,54,59,80,85,77,80,52,39,24,10,12,F,2011
W01000643,Carmarthenshire 006A,916,86,64,43,51,67,57,79,46,63,51,57,58,36,37,30,39,24,15,13,F,2011
W01000644,Carmarthenshire 006B,1040,53,54,38,166,255,63,50,55,53,50,41,33,29,30,27,17,13,11,2,F,2011
W01000645,Carmarthenshire 006C,923,80,53,47,59,80,57,53,61,59,58,50,41,38,27,36,33,45,25,21,F,2011
W01000648,Carmarthenshire 006D,727,34,37,46,46,31,27,29,38,57,60,54,67,54,60,30,27,17,8,5,F,2011
W01000649,Carmarthenshire 006E,776,37,41,41,34,27,32,34,41,50,47,65,67,65,52,61,35,23,17,7,F,2011
W01000637,Carmarthenshire 007A,749,42,50,40,44,41,52,57,46,42,53,50,55,28,33,34,28,23,22,9,F,2011
W01000638,Carmarthenshire 007B,606,59,56,37,35,47,60,46,32,39,34,44,27,32,16,12,11,10,8,1,F,2011
W01000639,Carmarthenshire 007C,701,40,28,32,48,55,33,43,40,41,56,47,49,41,34,23,33,26,23,9,F,2011
W01000640,Carmarthenshire 007D,591,22,21,25,29,25,26,26,35,43,40,52,46,50,49,27,36,17,11,11,F,2011
W01000641,Carmarthenshire 008A,1033,46,28,30,47,107,86,55,51,39,56,48,55,64,48,53,70,67,46,37,F,2011
W01000642,Carmarthenshire 008B,916,30,42,41,40,41,42,39,36,63,48,81,56,78,51,43,65,43,47,30,F,2011
W01000693,Carmarthenshire 008C,588,36,25,25,27,32,21,31,18,31,38,31,35,58,46,44,42,30,11,7,F,2011
W01000694,Carmarthenshire 008D,654,18,18,37,45,28,21,23,41,34,43,60,44,75,66,33,27,15,17,9,F,2011
W01000656,Carmarthenshire 010A,1115,67,54,72,79,71,51,71,55,67,87,72,67,72,58,54,35,37,29,17,F,2011
W01000657,Carmarthenshire 010B,568,22,28,30,38,27,25,26,29,44,33,40,41,44,28,39,24,19,16,15,F,2011
W01000658,Carmarthenshire 010C,629,28,31,46,39,25,36,47,25,44,58,45,40,40,35,30,28,15,11,6,F,2011
W01000718,Carmarthenshire 010D,724,41,39,39,51,46,44,35,47,52,47,39,52,53,50,20,21,25,13,10,F,2011
W01000719,Carmarthenshire 010E,755,40,42,36,57,42,29,38,39,57,55,51,55,68,38,31,34,22,16,5,F,2011
W01000680,Carmarthenshire 011A,1041,47,67,54,53,35,35,54,58,64,82,72,72,89,69,67,49,40,22,12,F,2011
W01000681,Carmarthenshire 011B,997,46,50,64,45,49,65,60,47,81,62,69,66,76,59,41,35,37,25,20,F,2011
W01000724,Carmarthenshire 011C,992,57,49,54,49,47,59,63,68,75,67,61,62,50,72,47,36,30,25,21,F,2011
W01000725,Carmarthenshire 011D,1142,39,53,49,56,50,46,57,66,66,71,99,78,84,86,54,51,56,46,35,F,2011
W01000675,Carmarthenshire 012A,1009,54,39,47,46,39,36,41,52,62,86,74,96,99,86,54,41,27,21,9,F,2011
W01000695,Carmarthenshire 012B,766,38,34,40,49,32,36,45,33,59,59,59,63,60,48,32,33,27,11,8,F,2011
W01000696,Carmarthenshire 012C,780,35,40,33,37,34,28,33,47,49,58,72,68,57,48,36,42,32,25,6,F,2011
W01000722,Carmarthenshire 012D,656,12,22,25,30,36,21,26,28,41,47,51,50,67,51,42,29,34,29,15,F,2011
W01000723,Carmarthenshire 012E,688,36,29,29,38,23,26,22,32,38,63,60,66,66,50,31,31,29,10,9,F,2011
W01000625,Carmarthenshire 013A,622,28,44,39,42,29,41,34,36,38,49,32,35,37,45,25,29,17,14,8,F,2011
W01000626,Carmarthenshire 013B,741,33,28,43,46,37,39,29,43,45,51,47,36,47,44,43,40,47,28,15,F,2011
W01000627,Carmarthenshire 013C,1114,75,49,64,52,72,71,67,62,79,78,77,61,72,58,44,56,40,19,18,F,2011
W01000714,Carmarthenshire 013D,737,36,35,49,45,40,41,33,53,49,38,68,47,53,27,31,30,28,17,17,F,2011
W01000715,Carmarthenshire 013E,657,26,29,35,37,29,29,29,48,46,56,44,44,59,50,34,37,8,7,10,F,2011
W01000697,Carmarthenshire 015A,924,44,48,43,49,58,58,57,55,61,70,46,50,57,59,46,44,31,27,21,F,2011
W01000698,Carmarthenshire 015B,1005,64,62,62,43,53,74,73,53,58,77,77,53,57,49,48,47,31,17,7,F,2011
W01000699,Carmarthenshire 015C,762,44,33,34,38,44,29,29,55,56,75,75,55,46,50,39,30,18,8,4,F,2011
W01000712,Carmarthenshire 015D,744,50,38,32,58,47,53,45,44,57,47,45,48,53,42,35,20,19,8,3,F,2011
W01000713,Carmarthenshire 015E,689,29,45,43,55,31,36,37,55,58,51,48,31,46,39,34,15,17,14,5,F,2011
W01000662,Carmarthenshire 016A,1092,51,50,48,70,63,64,56,54,75,105,75,82,72,59,66,40,34,22,6,F,2011
W01000663,Carmarthenshire 016B,1209,62,48,53,84,53,48,58,85,69,89,103,75,105,69,73,46,45,26,18,F,2011
W01000664,Carmarthenshire 016C,921,47,43,34,66,50,37,58,69,56,77,61,59,54,53,43,58,26,23,7,F,2011
W01000716,Carmarthenshire 016D,675,40,30,37,39,40,36,24,37,41,74,55,38,41,50,30,24,19,11,9,F,2011
W01000717,Carmarthenshire 016E,727,40,36,38,46,42,38,47,28,50,45,56,40,46,42,38,40,19,23,13,F,2011
W01000665,Carmarthenshire 017A,901,45,43,45,50,43,39,41,52,62,90,79,76,76,47,38,19,27,19,10,F,2011
W01000666,Carmarthenshire 017B,739,47,45,36,28,37,47,73,47,46,50,34,52,46,32,40,26,24,18,11,F,2011
W01000731,Carmarthenshire 017C,1216,69,59,55,64,65,83,78,74,76,91,98,93,82,82,41,44,31,19,12,F,2011
W01000670,Carmarthenshire 018A,842,46,34,49,55,40,33,48,43,51,63,50,69,63,60,43,41,28,18,8,F,2011
W01000671,Carmarthenshire 018B,993,64,49,64,52,46,54,45,46,69,68,56,87,81,70,39,36,29,20,18,F,2011
W01000729,Carmarthenshire 018C,675,40,31,37,57,42,40,27,31,34,47,45,52,52,29,31,23,33,15,9,F,2011
W01000730,Carmarthenshire 018D,643,35,27,33,39,45,29,29,41,42,50,60,49,51,37,30,20,11,8,7,F,2011
W01000690,Carmarthenshire 019A,881,54,43,33,41,23,46,60,69,55,64,66,48,58,67,39,43,27,28,17,F,2011
W01000691,Carmarthenshire 019B,820,44,39,42,40,40,27,33,45,53,71,61,57,56,66,47,51,24,17,7,F,2011
W01000692,Carmarthenshire 019C,813,54,65,50,42,39,52,59,70,75,56,39,33,51,46,27,25,20,8,2,F,2011
W01000726,Carmarthenshire 019D,770,29,25,40,52,32,35,32,39,58,69,65,60,79,50,33,31,21,14,6,F,2011
W01000727,Carmarthenshire 019E,530,13,21,15,29,15,20,20,25,37,35,33,36,62,59,48,28,21,10,3,F,2011
W01000651,Carmarthenshire 020A,822,29,40,58,57,46,54,47,50,64,72,57,42,48,38,33,29,28,20,10,F,2011
W01000652,Carmarthenshire 020B,1066,71,62,76,51,78,66,65,50,70,52,59,61,47,51,47,47,41,29,43,F,2011
W01000655,Carmarthenshire 020C,1091,78,62,61,76,78,65,63,53,89,74,61,62,72,52,38,33,33,23,18,F,2011
W01000632,Carmarthenshire 021A,741,34,43,46,36,34,43,30,44,56,60,53,48,53,48,43,19,19,22,10,F,2011
W01000633,Carmarthenshire 021B,718,28,27,32,46,35,30,28,36,50,46,42,44,55,50,40,39,40,33,17,F,2011
W01000634,Carmarthenshire 021C,709,40,20,24,34,30,28,26,29,43,31,43,47,72,82,60,41,26,27,6,F,2011
W01000710,Carmarthenshire 021D,1159,55,69,86,56,51,27,59,73,80,99,90,50,96,91,52,47,26,28,24,F,2011
W01000711,Carmarthenshire 021E,1067,48,50,57,59,53,46,45,67,70,80,73,68,88,73,57,47,45,28,13,F,2011
W01000703,Carmarthenshire 022A,965,68,60,59,44,50,59,63,66,70,51,66,51,57,58,39,24,33,25,22,F,2011
W01000704,Carmarthenshire 022B,854,41,33,42,56,30,31,49,32,50,59,65,55,72,61,48,48,38,27,17,F,2011
W01000705,Carmarthenshire 022C,1013,66,67,68,53,51,63,69,63,62,58,64,42,58,68,38,40,48,31,4,F,2011
W01000653,Carmarthenshire 023A,773,37,36,31,39,35,41,31,40,46,69,48,58,47,52,39,44,31,29,20,F,2011
W01000654,Carmarthenshire 023B,863,39,42,50,59,58,42,52,50,52,59,66,51,47,33,34,44,39,28,18,F,2011
W01000667,Carmarthenshire 023C,734,38,47,47,31,39,38,34,44,48,46,47,58,36,40,44,43,26,21,7,F,2011
W01001925,Carmarthenshire 023F,1192,46,64,66,72,55,43,47,65,86,110,87,84,83,80,65,46,43,33,17,F,2011
W01000628,Carmarthenshire 024A,806,40,33,45,52,37,39,33,47,66,52,58,54,59,63,36,28,26,23,15,F,2011
W01000629,Carmarthenshire 024B,901,62,48,34,65,50,56,51,70,57,68,54,49,53,40,38,28,36,26,16,F,2011
W01000630,Carmarthenshire 024C,845,65,45,46,56,52,53,60,53,61,69,52,61,42,24,24,21,24,24,13,F,2011
W01000631,Carmarthenshire 024D,904,62,48,59,55,64,55,52,43,55,70,56,65,65,33,45,40,21,11,5,F,2011
W01000635,Carmarthenshire 025A,1174,70,56,71,69,64,82,86,79,102,100,84,67,58,48,36,43,20,27,12,F,2011
W01000636,Carmarthenshire 025B,1019,79,54,50,63,73,82,66,56,68,65,66,45,52,50,36,31,43,20,20,F,2011
W01000706,Carmarthenshire 025C,843,68,58,52,40,53,65,49,48,52,64,57,50,63,37,32,25,19,6,5,F,2011
W01000707,Carmarthenshire 025D,774,73,48,49,47,62,59,48,30,44,63,47,29,49,26,30,25,27,14,4,F,2011
W01000708,Carmarthenshire 025E,690,58,36,52,55,58,39,55,39,45,43,32,33,36,29,29,17,9,19,6,F,2011
W01000659,Carmarthenshire 026A,820,93,54,48,58,55,69,59,30,48,56,46,50,43,37,18,26,15,10,5,F,2011
W01000660,Carmarthenshire 026B,800,68,37,40,46,58,51,48,46,45,55,49,48,48,49,34,27,27,15,9,F,2011
W01000732,Carmarthenshire 026D,699,32,26,25,41,60,56,35,49,37,57,39,45,42,27,33,19,34,24,18,F,2011
W01000733,Carmarthenshire 026E,627,34,23,39,41,40,39,46,24,42,48,37,46,38,31,25,21,21,24,8,F,2011
W01000734,Carmarthenshire 026F,693,53,43,43,58,56,42,55,33,45,47,61,30,32,24,30,17,9,12,3,F,2011
W01001923,Carmarthenshire 026G,630,49,18,23,33,58,65,44,52,36,50,48,36,38,20,21,14,10,8,7,F,2011
W01001924,Carmarthenshire 026H,688,59,35,34,34,65,50,54,45,46,33,44,38,28,30,30,24,20,11,8,F,2011
W01000674,Carmarthenshire 027A,1006,41,48,53,55,43,24,38,61,83,78,93,78,98,76,46,39,32,13,7,F,2011
W01000720,Carmarthenshire 027B,829,31,38,26,44,42,45,36,51,44,71,63,58,67,47,46,40,32,23,25,F,2011
W01000721,Carmarthenshire 027C,725,48,30,47,45,31,42,40,56,52,57,39,43,39,30,34,31,22,19,20,F,2011
W01000735,Carmarthenshire 027D,1163,56,62,79,76,57,64,59,69,94,84,83,63,66,80,50,51,31,23,16,F,2011
W01000672,Carmarthenshire 027E,832,41,37,48,65,42,32,28,45,61,64,51,65,64,68,41,37,23,16,4,F,2011
W01000673,Carmarthenshire 027F,624,36,31,29,28,36,24,25,31,36,46,52,52,53,36,28,37,26,12,6,F,2011
W01000700,Carmarthenshire 027G,1038,34,36,62,49,43,31,39,33,79,86,98,80,104,85,61,45,36,29,8,F,2011
W06000011,,120732,6265,6036,6326,7518,9790,7373,6935,7286,7987,8119,7897,7164,7779,6457,5411,4810,3726,2405,1448,F,2011
W01000845,Swansea 001A,1078,57,79,66,64,50,47,68,84,85,84,75,61,51,55,39,47,32,21,13,F,2011
W01000846,Swansea 001B,883,55,47,67,51,56,70,76,50,71,58,49,44,49,36,25,27,25,17,10,F,2011
W01000847,Swansea 001C,638,28,26,32,38,25,29,38,34,41,43,52,42,40,37,33,32,33,23,12,F,2011
W01000848,Swansea 001D,634,40,35,41,40,39,50,31,36,45,34,35,47,46,39,21,16,17,11,11,F,2011
W01000750,Swansea 002A,823,41,42,42,46,55,37,42,46,41,73,48,42,62,59,33,40,29,24,21,F,2011
W01000751,Swansea 002B,730,31,26,37,32,25,26,26,43,50,47,58,65,63,63,34,38,28,22,16,F,2011
W01000752,Swansea 002C,798,68,59,51,47,45,72,50,46,56,57,50,56,39,29,21,21,16,7,8,F,2011
W01000753,Swansea 002D,754,50,45,49,49,52,53,46,48,48,60,50,42,41,32,22,32,13,14,8,F,2011
W01000754,Swansea 002E,817,47,51,50,58,40,36,50,63,56,58,62,54,44,42,39,24,23,10,10,F,2011
W01000803,Swansea 002F,895,49,44,45,40,41,34,45,44,85,81,67,68,68,67,45,30,21,10,11,F,2011
W01000806,Swansea 003A,790,52,36,43,44,39,38,42,54,62,51,53,52,65,51,36,27,19,19,7,F,2011
W01000807,Swansea 003B,706,33,24,28,39,52,40,39,35,43,57,85,84,56,34,25,15,7,7,3,F,2011
W01000808,Swansea 003C,761,33,30,29,41,32,32,33,32,59,54,54,46,63,69,55,42,26,22,9,F,2011
W01000810,Swansea 003D,730,44,42,42,43,36,48,47,52,51,49,44,32,53,28,26,28,36,20,9,F,2011
W01000815,Swansea 003E,807,32,40,48,44,38,41,31,43,55,68,61,60,83,61,35,34,15,14,4,F,2011
W01000816,Swansea 003F,885,55,50,55,52,49,55,66,69,78,66,53,64,49,35,33,25,21,8,2,F,2011
W01000791,Swansea 004A,772,51,48,40,44,39,51,61,63,71,66,65,44,52,16,13,23,17,7,1,F,2011
W01000792,Swansea 004B,850,37,32,63,40,37,38,35,54,93,76,55,55,60,69,32,30,18,13,13,F,2011
W01000793,Swansea 004C,961,69,75,62,48,39,64,89,101,91,74,60,46,52,32,18,19,11,9,2,F,2011
W01000837,Swansea 004D,823,42,46,52,45,35,51,49,65,76,49,67,56,59,48,30,25,16,9,3,F,2011
W01000838,Swansea 004E,657,43,30,40,42,38,49,49,38,41,49,31,42,38,38,34,17,16,19,3,F,2011
W01000773,Swansea 005A,1343,103,82,97,68,84,128,111,104,101,87,67,52,60,54,42,42,25,22,14,F,2011
W01000774,Swansea 005B,822,39,51,43,42,23,53,41,38,60,54,63,42,44,57,50,40,35,31,16,F,2011
W01000841,Swansea 005C,749,36,32,29,51,38,42,41,48,52,53,53,50,43,43,42,44,22,24,6,F,2011
W01000842,Swansea 005D,733,25,35,43,38,34,21,42,50,43,52,54,50,78,48,29,30,28,24,9,F,2011
W01000843,Swansea 005E,706,29,33,43,40,41,42,37,42,65,67,52,48,50,38,34,18,15,4,8,F,2011
W01000844,Swansea 005F,621,31,49,29,47,33,37,31,33,55,58,52,32,34,27,19,26,17,5,6,F,2011
W01000795,Swansea 006A,815,49,43,45,48,42,54,68,72,67,62,56,53,38,37,30,27,14,5,5,F,2011
W01000796,Swansea 006B,1350,117,103,78,67,71,125,158,131,106,77,79,72,70,36,29,13,11,6,1,F,2011
W01000800,Swansea 006C,790,58,28,43,40,30,38,57,56,53,53,65,61,64,47,26,23,20,15,13,F,2011
W01000801,Swansea 006D,801,48,44,57,51,53,53,47,55,51,72,53,46,47,38,28,30,15,8,5,F,2011
W01000784,Swansea 007A,700,33,42,35,41,25,37,41,42,43,45,51,45,61,43,30,35,22,21,8,F,2011
W01000785,Swansea 007B,652,19,31,29,32,33,29,29,38,58,50,55,41,62,53,39,27,13,10,4,F,2011
W01000786,Swansea 007C,713,33,22,33,49,24,41,35,32,48,50,60,58,53,48,46,23,30,21,7,F,2011
W01000802,Swansea 007D,1206,71,78,66,74,65,83,63,79,90,92,79,91,77,64,45,32,31,14,12,F,2011
W01000877,Swansea 007E,777,33,49,40,39,43,36,33,55,50,62,51,58,63,43,47,26,30,11,8,F,2011
W01000878,Swansea 007F,635,35,31,27,39,39,37,30,43,54,48,34,33,41,41,32,26,21,16,8,F,2011
W01000809,Swansea 008A,837,57,47,47,52,56,62,61,56,67,61,58,46,41,31,21,16,30,16,12,F,2011
W01000811,Swansea 008B,780,51,48,52,46,62,57,52,58,46,61,56,33,49,37,24,25,16,3,4,F,2011
W01000812,Swansea 008C,722,50,34,30,38,58,63,50,42,52,60,49,30,33,36,30,35,15,9,8,F,2011
W01000813,Swansea 008D,824,46,34,50,36,51,55,62,54,48,53,72,38,41,59,31,41,31,16,6,F,2011
W01000814,Swansea 008E,785,55,43,46,47,54,67,67,39,60,60,48,40,28,33,21,27,20,11,19,F,2011
W01000817,Swansea 009A,936,60,50,61,55,63,65,64,59,57,63,78,58,53,35,40,28,22,11,14,F,2011
W01000818,Swansea 009B,813,52,38,54,45,46,57,44,45,47,62,51,46,63,60,32,25,20,18,8,F,2011
W01000819,Swansea 009C,725,16,29,42,33,31,22,26,26,51,62,43,46,74,76,57,44,29,15,3,F,2011
W01000820,Swansea 009D,702,28,24,45,42,27,42,39,52,51,57,45,40,59,37,37,21,26,16,14,F,2011
W01000821,Swansea 009E,773,31,41,38,34,47,32,47,50,49,56,68,39,58,41,48,31,29,18,16,F,2011
W01000822,Swansea 009F,624,24,26,20,14,26,21,30,22,33,33,51,42,66,78,36,45,31,18,8,F,2011
W01000794,Swansea 010A,1091,86,81,55,52,72,99,109,106,86,76,71,58,48,25,30,15,14,7,1,F,2011
W01000797,Swansea 010B,776,22,38,52,49,44,35,39,35,66,64,60,49,63,44,48,37,17,9,5,F,2011
W01000798,Swansea 010C,735,26,29,33,36,45,40,34,35,44,48,42,49,91,52,59,44,19,6,3,F,2011
W01000799,Swansea 010D,989,75,78,84,58,77,90,89,71,74,69,58,35,43,31,12,18,18,4,5,F,2011
W01000830,Swansea 011A,901,84,78,75,96,68,86,62,53,59,54,48,37,29,26,17,10,12,6,1,F,2011
W01000832,Swansea 011B,785,61,42,54,58,61,48,45,48,59,44,42,44,56,39,16,24,23,14,7,F,2011
W01000833,Swansea 011C,902,69,75,74,61,75,67,62,60,53,57,44,48,41,28,21,18,27,12,10,F,2011
W01000834,Swansea 011D,837,61,61,73,55,38,55,47,63,50,56,47,39,61,35,36,27,16,8,9,F,2011
W01000836,Swansea 011E,1185,129,98,79,71,98,118,114,96,70,73,76,49,34,26,19,15,13,4,3,F,2011
W01000759,Swansea 012A,810,33,39,30,30,23,38,36,43,44,55,67,55,71,50,48,48,43,32,25,F,2011
W01000777,Swansea 012B,938,37,45,55,49,39,47,42,65,71,64,62,59,76,67,67,37,32,16,8,F,2011
W01000778,Swansea 012C,973,58,52,70,45,55,57,55,80,89,82,77,63,53,51,41,20,17,5,3,F,2011
W01000779,Swansea 012D,778,47,45,58,58,43,42,26,46,78,58,50,47,57,33,26,26,17,14,7,F,2011
W01000760,Swansea 013A,848,53,41,54,42,57,64,61,49,70,55,63,49,55,45,29,28,22,8,3,F,2011
W01000761,Swansea 013B,785,49,41,47,44,59,69,57,58,49,55,48,44,45,33,32,33,13,6,3,F,2011
W01000762,Swansea 013C,795,32,35,70,61,53,28,39,51,63,71,64,43,49,32,24,29,18,18,15,F,2011
W01000831,Swansea 013D,944,81,49,51,48,86,88,64,60,52,53,50,55,45,46,39,27,24,22,4,F,2011
W01000835,Swansea 013E,798,44,73,58,38,35,47,59,50,38,40,48,45,60,41,28,25,27,23,19,F,2011
W01000738,Swansea 014A,920,69,57,59,66,62,79,40,55,61,72,60,46,46,57,36,33,9,10,3,F,2011
W01000739,Swansea 014B,907,55,53,59,61,92,114,61,68,70,59,48,42,47,32,14,12,13,3,4,F,2011
W01000740,Swansea 014C,877,27,45,46,45,46,32,40,27,75,58,61,52,69,47,65,47,32,31,32,F,2011
W01000741,Swansea 014D,841,48,50,46,42,49,52,49,48,49,47,58,44,48,52,52,32,42,20,13,F,2011
W01000763,Swansea 015A,798,50,52,56,45,41,70,63,59,46,63,62,43,44,27,22,25,20,7,3,F,2011
W01000764,Swansea 015B,811,61,44,40,48,68,77,55,51,50,67,46,46,41,24,31,31,18,7,6,F,2011
W01000765,Swansea 015C,820,44,36,46,47,42,61,64,50,44,57,77,39,56,31,38,30,31,23,4,F,2011
W01000766,Swansea 015D,847,43,65,53,54,45,51,59,55,62,56,69,53,48,39,23,27,23,16,6,F,2011
W01000767,Swansea 015E,789,37,37,35,39,43,45,47,38,42,56,42,57,60,36,39,51,38,27,20,F,2011
W01000742,Swansea 016A,753,41,44,41,34,58,53,52,49,44,45,54,42,46,34,36,34,19,17,10,F,2011
W01000744,Swansea 016B,729,52,29,35,39,70,77,53,55,50,51,48,37,35,33,21,19,18,7,0,F,2011
W01000787,Swansea 016C,758,50,41,33,42,57,75,62,43,51,47,62,45,40,29,17,22,22,8,12,F,2011
W01000788,Swansea 016D,734,40,37,44,44,41,65,39,58,51,64,52,41,45,32,24,21,17,9,10,F,2011
W01000789,Swansea 016E,739,41,32,52,42,61,60,60,46,58,37,53,52,52,22,27,16,21,4,3,F,2011
W01000790,Swansea 016F,860,67,51,42,38,68,71,64,56,49,44,58,58,55,34,42,22,24,13,4,F,2011
W01000755,Swansea 017A,1009,59,56,52,56,55,72,80,64,68,68,66,59,61,41,56,42,27,20,7,F,2011
W01000756,Swansea 017B,821,53,50,56,56,46,41,55,50,71,69,53,40,57,33,27,20,24,14,6,F,2011
W01000757,Swansea 017C,808,33,29,25,42,27,41,34,42,44,56,57,64,60,57,53,59,47,24,14,F,2011
W01000758,Swansea 017D,954,68,52,41,36,54,57,73,65,62,71,62,56,55,47,50,40,30,20,15,F,2011
W01000772,Swansea 018A,842,36,41,49,84,41,33,40,39,54,63,65,67,76,48,30,36,20,13,7,F,2011
W01000828,Swansea 018B,870,38,57,42,42,34,22,31,53,67,62,65,67,70,62,48,48,29,25,8,F,2011
W01000829,Swansea 018C,988,41,34,60,70,42,46,43,63,73,64,65,74,73,73,44,45,39,17,22,F,2011
W01000862,Swansea 019A,848,89,68,68,70,66,71,66,70,59,47,50,37,38,19,15,9,5,0,1,F,2011
W01000863,Swansea 019B,813,74,48,35,66,68,66,55,60,58,47,42,33,29,32,35,28,18,14,5,F,2011
W01000864,Swansea 019C,855,100,55,50,69,86,86,56,41,55,57,58,34,26,26,24,16,12,2,2,F,2011
W01000865,Swansea 019D,730,45,35,41,50,46,48,50,48,49,56,46,34,33,38,31,35,29,14,2,F,2011
W01000866,Swansea 019E,653,51,44,41,39,50,51,37,36,51,37,40,30,38,26,27,31,14,8,2,F,2011
W01000867,Swansea 019F,712,51,49,50,49,43,45,47,44,44,53,52,37,45,34,24,21,19,5,0,F,2011
W01000768,Swansea 020A,699,22,20,43,39,29,22,29,39,56,62,55,48,78,48,41,31,24,12,1,F,2011
W01000769,Swansea 020B,747,32,44,46,50,38,24,37,39,56,40,41,55,60,66,53,26,23,12,5,F,2011
W01000770,Swansea 020C,790,27,42,39,66,24,28,49,63,58,61,46,54,63,57,42,32,22,11,6,F,2011
W01000771,Swansea 020D,671,26,29,51,28,24,28,28,39,45,57,40,55,63,44,37,38,23,12,4,F,2011
W01000849,Swansea 021A,958,79,62,57,66,75,76,65,52,63,70,54,57,36,35,48,32,13,13,5,F,2011
W01000850,Swansea 021B,1039,45,54,40,48,88,94,89,67,55,70,57,68,78,52,45,38,34,12,5,F,2011
W01000851,Swansea 021C,792,51,32,43,51,68,69,57,42,47,53,59,50,45,40,28,26,16,9,6,F,2011
W01000852,Swansea 021D,776,39,40,48,65,40,41,58,53,50,61,52,38,49,42,34,37,11,14,4,F,2011
W01000853,Swansea 022A,730,39,32,34,47,31,25,35,50,61,68,40,49,52,39,35,34,25,24,10,F,2011
W01000854,Swansea 022B,713,30,36,43,45,30,27,39,42,57,55,90,44,33,39,21,29,22,23,8,F,2011
W01000855,Swansea 022C,780,18,30,31,47,38,20,23,38,45,61,63,61,71,52,57,63,34,16,12,F,2011
W01000856,Swansea 022D,899,31,32,53,42,36,36,42,47,70,69,49,38,43,42,58,58,63,53,37,F,2011
W01000857,Swansea 022E,947,22,40,36,46,31,39,34,39,58,64,54,48,59,64,61,70,84,60,38,F,2011
W01000781,Swansea 023B,888,31,49,56,54,24,25,31,50,70,66,55,48,59,66,55,70,38,34,7,F,2011
W01000782,Swansea 023C,563,24,23,16,26,30,17,22,31,35,39,46,33,31,43,46,52,30,17,2,F,2011
W01001956,Swansea 023E,1428,40,40,39,449,167,46,48,51,69,76,78,47,67,64,50,44,21,23,9,F,2011
W01000747,Swansea 024A,805,28,28,23,71,246,75,40,43,36,23,28,30,17,15,23,22,15,24,18,F,2011
W01000868,Swansea 024B,696,40,23,29,83,73,35,42,39,35,43,45,52,48,25,29,25,19,8,3,F,2011
W01000869,Swansea 024C,749,33,23,25,37,120,65,53,42,28,38,50,47,41,34,28,34,28,12,11,F,2011
W01000870,Swansea 024D,775,25,32,25,44,206,66,50,42,39,31,47,40,32,24,27,15,15,11,4,F,2011
W01000872,Swansea 024E,714,34,35,27,29,66,42,29,47,57,53,47,37,50,41,36,32,27,12,13,F,2011
W01000874,Swansea 024F,984,21,26,25,55,418,57,34,30,46,51,34,26,27,25,26,26,36,13,8,F,2011
W01000745,Swansea 025B,928,44,25,29,68,259,100,61,40,31,47,42,45,42,36,20,19,12,6,2,F,2011
W01000746,Swansea 025C,779,24,22,20,45,155,79,64,42,40,41,47,48,32,32,32,20,20,13,3,F,2011
W01001938,Swansea 025E,447,7,1,2,24,83,71,37,24,11,20,29,27,28,21,16,16,17,8,5,F,2011
W01001955,Swansea 025F,610,16,3,5,40,81,56,38,38,30,31,28,37,34,29,38,42,36,15,13,F,2011
W01001957,Swansea 025G,368,9,17,14,16,60,31,21,20,17,20,23,13,28,22,23,13,13,3,5,F,2011
W01001958,Swansea 025H,528,19,8,7,23,115,69,37,30,20,25,28,35,29,19,20,14,17,8,5,F,2011
W01000749,Swansea 026A,910,27,42,36,37,145,70,40,41,41,37,42,40,54,43,54,50,44,47,20,F,2011
W01000871,Swansea 026B,771,15,16,21,58,302,63,36,39,31,25,26,26,32,26,17,18,13,6,1,F,2011
W01000873,Swansea 026C,824,19,11,7,69,414,47,21,22,18,14,22,31,30,16,10,28,21,10,14,F,2011
W01000875,Swansea 026D,887,14,18,13,66,418,61,34,29,23,22,29,30,25,27,20,22,17,10,9,F,2011
W01000876,Swansea 026E,941,21,24,13,63,500,52,31,31,28,20,32,30,23,12,19,16,15,7,4,F,2011
W01000858,Swansea 027A,817,34,36,41,54,71,48,47,45,51,62,55,62,63,47,31,24,27,15,4,F,2011
W01000859,Swansea 027B,745,15,22,23,38,36,12,22,26,28,46,50,56,76,70,65,72,48,26,14,F,2011
W01000860,Swansea 027C,769,18,28,30,47,42,20,30,36,41,50,62,56,58,71,54,51,43,24,8,F,2011
W01000861,Swansea 027D,944,11,13,18,304,197,27,17,18,33,38,19,24,28,38,34,39,33,36,17,F,2011
W01000736,Swansea 028A,894,31,31,49,39,25,24,30,57,59,61,72,65,67,67,66,60,42,27,22,F,2011
W01000737,Swansea 028B,812,18,44,34,37,22,26,20,48,34,54,65,47,72,54,53,71,49,45,19,F,2011
W01000804,Swansea 028C,784,29,40,36,19,19,23,26,34,46,42,44,62,72,78,59,54,45,34,22,F,2011
W01000805,Swansea 028D,620,24,29,48,39,14,17,13,35,48,45,50,44,59,45,35,23,31,19,2,F,2011
W01000879,Swansea 029A,918,39,39,42,56,28,27,31,65,60,60,72,67,92,64,58,47,38,21,12,F,2011
W01000880,Swansea 029B,811,31,31,29,27,27,26,25,40,48,43,67,65,60,64,66,59,52,31,20,F,2011
W01000881,Swansea 029C,715,26,38,29,28,30,33,36,48,45,32,37,37,53,51,44,48,41,25,34,F,2011
W01000882,Swansea 029D,929,50,47,51,30,42,45,66,72,53,58,53,51,60,61,55,41,36,36,22,F,2011
W01000775,Swansea 030A,937,37,44,56,48,35,15,40,40,60,80,77,87,79,61,60,40,33,20,25,F,2011
W01000776,Swansea 030B,928,30,51,42,40,22,30,27,60,69,77,51,74,103,79,60,41,29,23,20,F,2011
W01000839,Swansea 030C,516,23,32,27,20,5,9,17,31,37,41,30,35,27,50,50,33,23,13,13,F,2011
W01000840,Swansea 030D,847,38,35,38,35,18,12,20,43,61,54,61,62,87,76,69,61,29,27,21,F,2011
W01000823,Swansea 031A,926,34,49,42,43,26,23,36,43,50,65,56,64,97,63,74,66,38,35,22,F,2011
W01000824,Swansea 031B,838,40,26,33,22,19,35,24,45,57,53,40,75,59,82,60,39,40,39,50,F,2011
W01000825,Swansea 031C,755,30,23,22,24,34,56,51,44,60,48,53,58,44,53,47,37,32,24,15,F,2011
W01000826,Swansea 031D,715,32,24,33,27,23,27,27,42,46,41,51,45,60,52,52,47,45,27,14,F,2011
W01000827,Swansea 031E,694,27,30,34,23,31,43,42,50,48,45,49,52,51,42,33,40,35,14,5,F,2011
W06000012,,71458,3723,3674,3855,4099,3963,4300,4038,4361,4913,5334,5012,4714,4808,3984,3284,2699,2266,1545,886,F,2011
W01000918,Neath Port Talbot 002A,985,53,46,55,62,57,54,48,46,60,78,64,72,76,59,44,50,24,26,11,F,2011
W01000944,Neath Port Talbot 002B,594,26,29,27,30,28,38,42,36,39,41,47,39,51,36,32,20,16,13,4,F,2011
W01000965,Neath Port Talbot 002C,1069,64,65,54,60,58,80,52,61,74,60,72,79,72,75,50,46,26,13,8,F,2011
W01000893,Neath Port Talbot 003A,1012,43,63,51,67,58,67,40,62,70,88,78,55,68,70,40,35,32,15,10,F,2011
W01000925,Neath Port Talbot 003B,795,47,50,48,54,52,46,49,36,58,57,44,47,41,36,32,37,20,24,17,F,2011
W01000926,Neath Port Talbot 003C,940,50,32,35,42,40,63,41,49,60,79,44,69,85,72,59,50,32,23,15,F,2011
W01000888,Neath Port Talbot 004A,1180,53,69,56,76,69,69,65,102,100,108,83,80,60,61,36,25,32,26,10,F,2011
W01000946,Neath Port Talbot 004B,828,41,43,48,55,38,44,32,52,71,67,56,53,43,43,34,31,24,24,29,F,2011
W01000947,Neath Port Talbot 004C,1052,67,58,66,59,64,65,61,72,79,81,70,48,82,56,38,37,17,17,15,F,2011
W01000948,Neath Port Talbot 004D,872,40,33,39,50,48,41,31,57,67,64,63,75,67,51,38,32,33,25,18,F,2011
W01000955,Neath Port Talbot 004E,645,31,30,34,40,35,22,32,41,48,48,48,48,47,46,33,23,20,10,9,F,2011
W01000956,Neath Port Talbot 004F,606,19,25,29,20,23,16,25,30,36,43,51,40,74,52,48,29,23,14,9,F,2011
W01000971,Neath Port Talbot 004G,727,26,37,42,55,28,40,39,51,56,73,41,43,58,33,34,36,22,11,2,F,2011
W01000887,Neath Port Talbot 005A,1233,76,76,78,74,55,72,106,85,97,86,83,82,85,62,37,31,25,13,10,F,2011
W01000953,Neath Port Talbot 005B,863,46,42,49,56,67,54,34,56,65,67,57,48,55,54,37,28,21,20,7,F,2011
W01000954,Neath Port Talbot 005C,723,34,36,33,41,43,33,37,53,41,47,56,56,52,39,36,32,28,15,11,F,2011
W01000970,Neath Port Talbot 005D,644,29,36,32,36,41,30,41,33,40,59,42,27,25,33,28,34,33,26,19,F,2011
W01000902,Neath Port Talbot 006A,555,14,28,25,29,21,16,28,21,34,35,32,44,63,51,43,25,23,15,8,F,2011
W01000903,Neath Port Talbot 006B,587,18,27,25,34,11,25,21,31,38,33,48,55,53,51,28,27,32,21,9,F,2011
W01000904,Neath Port Talbot 006C,779,42,48,50,33,34,46,41,72,78,57,44,54,53,48,35,18,13,12,1,F,2011
W01000905,Neath Port Talbot 006D,811,51,56,51,49,47,32,58,58,71,59,58,52,41,35,24,27,17,17,8,F,2011
W01000908,Neath Port Talbot 006E,848,39,35,36,43,27,37,40,42,72,76,54,56,65,54,63,46,34,23,6,F,2011
W01000906,Neath Port Talbot 007A,542,15,15,29,29,29,15,10,17,37,40,48,43,58,44,34,33,24,16,6,F,2011
W01000907,Neath Port Talbot 007B,908,43,61,46,55,51,47,61,58,63,69,67,47,55,43,48,41,26,19,8,F,2011
W01000922,Neath Port Talbot 007C,860,46,47,65,49,55,49,47,66,68,69,54,46,46,48,33,28,19,18,7,F,2011
W01000923,Neath Port Talbot 007D,740,26,27,32,37,37,32,44,43,52,57,61,64,58,52,48,31,26,8,5,F,2011
W01000934,Neath Port Talbot 008A,636,32,35,36,33,45,47,33,47,45,49,39,42,41,28,26,28,17,10,3,F,2011
W01000935,Neath Port Talbot 008B,768,34,23,23,47,60,50,36,41,46,53,50,50,53,57,36,38,38,18,15,F,2011
W01000938,Neath Port Talbot 008C,732,17,34,25,28,24,20,23,27,45,52,57,34,60,71,47,50,48,36,34,F,2011
W01000939,Neath Port Talbot 008D,620,40,18,23,24,37,43,36,21,32,34,38,41,46,33,33,36,40,24,21,F,2011
W01000940,Neath Port Talbot 008E,677,32,40,39,30,32,58,50,41,34,43,45,52,50,32,37,21,19,18,4,F,2011
W01000909,Neath Port Talbot 009A,659,22,38,40,30,29,24,22,36,44,40,49,42,59,51,34,36,15,27,21,F,2011
W01000910,Neath Port Talbot 009B,760,31,28,37,43,43,39,37,35,43,58,68,72,73,59,40,19,16,11,8,F,2011
W01000911,Neath Port Talbot 009C,631,33,25,28,43,31,28,40,41,38,56,60,50,54,42,24,18,9,8,3,F,2011
W01000969,Neath Port Talbot 009D,641,17,31,40,42,28,32,21,28,65,73,52,50,47,37,28,22,13,7,8,F,2011
W01000912,Neath Port Talbot 010A,660,20,35,37,25,29,39,47,33,39,39,41,31,53,28,29,37,34,38,26,F,2011
W01000913,Neath Port Talbot 010B,600,28,30,36,30,47,45,32,34,37,46,44,30,30,28,35,23,25,13,7,F,2011
W01000914,Neath Port Talbot 010C,843,55,53,49,51,67,54,45,50,60,57,47,51,56,35,36,23,23,17,14,F,2011
W01000915,Neath Port Talbot 010D,615,36,36,34,38,31,44,41,29,50,44,41,37,47,35,22,21,14,11,4,F,2011
W01000916,Neath Port Talbot 010E,585,38,24,37,29,29,49,41,51,39,45,35,35,38,32,22,15,12,9,5,F,2011
W01000917,Neath Port Talbot 010F,1350,79,55,88,82,91,84,84,102,106,103,91,80,92,69,35,44,31,30,4,F,2011
W01000920,Neath Port Talbot 011A,612,35,27,39,36,31,33,38,36,47,55,41,43,44,34,23,24,12,8,6,F,2011
W01000921,Neath Port Talbot 011B,812,51,41,47,68,56,40,34,56,42,51,61,60,44,50,39,29,14,11,18,F,2011
W01000924,Neath Port Talbot 011C,551,41,31,22,36,28,36,27,29,34,30,40,37,48,31,19,29,14,11,8,F,2011
W01000930,Neath Port Talbot 011D,693,46,30,47,46,46,33,35,44,58,40,36,41,42,49,36,23,26,12,3,F,2011
W01000936,Neath Port Talbot 012A,779,55,43,48,69,43,59,47,45,59,78,59,43,35,24,25,12,19,13,3,F,2011
W01000941,Neath Port Talbot 012B,789,56,59,48,38,44,57,39,59,61,65,55,40,42,30,33,21,25,15,2,F,2011
W01000942,Neath Port Talbot 012C,964,72,58,40,68,60,82,61,70,56,79,58,52,47,41,36,21,25,30,8,F,2011
W01000943,Neath Port Talbot 012D,778,36,32,53,46,32,45,37,52,61,67,52,56,46,44,48,25,34,7,5,F,2011
W01000894,Neath Port Talbot 013A,713,22,32,34,40,35,51,35,28,54,48,41,53,46,45,44,34,33,26,12,F,2011
W01000895,Neath Port Talbot 013B,768,39,40,41,42,42,63,54,39,46,58,68,44,49,38,35,22,25,16,7,F,2011
W01000896,Neath Port Talbot 013C,916,60,60,73,68,75,67,57,56,63,74,62,38,34,28,28,21,30,17,5,F,2011
W01000897,Neath Port Talbot 013D,673,36,21,36,45,32,38,51,41,45,43,36,46,49,45,25,35,23,18,8,F,2011
W01000937,Neath Port Talbot 013E,1016,64,55,40,54,60,76,93,67,62,73,78,58,60,41,49,29,27,17,13,F,2011
W01000898,Neath Port Talbot 014A,736,45,33,39,45,29,33,36,51,46,66,61,54,61,44,27,21,22,15,8,F,2011
W01000899,Neath Port Talbot 014B,866,39,49,54,55,35,55,37,62,67,81,58,44,58,60,49,23,26,9,5,F,2011
W01000900,Neath Port Talbot 014C,874,26,32,41,55,63,45,51,45,65,71,59,61,65,47,43,26,33,21,25,F,2011
W01000901,Neath Port Talbot 014D,879,53,41,47,47,58,71,46,40,73,68,68,58,54,41,41,23,30,15,5,F,2011
W01000945,Neath Port Talbot 014E,575,26,27,36,22,29,36,31,43,38,38,38,48,49,31,25,23,17,12,6,F,2011
W01000889,Neath Port Talbot 015A,919,46,42,36,51,41,58,52,57,61,65,68,56,75,60,55,32,38,16,10,F,2011
W01000890,Neath Port Talbot 015B,852,36,40,54,50,39,35,37,50,57,52,72,65,80,51,54,28,37,12,3,F,2011
W01000891,Neath Port Talbot 015C,794,52,36,37,35,44,46,66,44,41,67,31,58,42,40,37,36,39,27,16,F,2011
W01000892,Neath Port Talbot 015D,960,42,43,44,37,38,41,56,61,59,65,63,63,68,70,77,48,54,22,9,F,2011
W01000883,Neath Port Talbot 016A,694,24,23,28,30,35,39,41,34,31,58,79,89,64,40,33,29,11,6,0,F,2011
W01000958,Neath Port Talbot 016B,896,57,63,57,52,62,56,53,51,46,56,68,65,57,31,17,25,22,29,29,F,2011
W01000961,Neath Port Talbot 016C,828,44,32,60,33,48,45,43,49,48,51,68,50,37,46,32,81,43,16,2,F,2011
W01000962,Neath Port Talbot 016D,823,57,57,64,49,53,53,59,53,58,54,48,57,50,26,21,20,29,14,1,F,2011
W01000963,Neath Port Talbot 016E,974,56,53,63,62,50,52,54,53,58,55,74,53,55,31,42,54,71,30,8,F,2011
W01000964,Neath Port Talbot 016F,910,40,40,55,65,43,49,50,50,49,63,75,60,44,37,63,58,42,15,12,F,2011
W01000884,Neath Port Talbot 017A,611,56,38,29,33,49,63,40,31,32,39,43,31,25,26,30,24,11,7,4,F,2011
W01000885,Neath Port Talbot 017B,697,37,43,25,47,57,64,47,34,39,45,50,39,30,38,45,14,21,13,9,F,2011
W01000886,Neath Port Talbot 017C,727,54,39,28,49,66,60,44,47,45,44,58,53,34,24,27,22,14,12,7,F,2011
W01000957,Neath Port Talbot 017D,892,36,32,35,57,54,46,37,38,57,56,54,63,65,63,50,47,42,38,22,F,2011
W01000959,Neath Port Talbot 017E,904,38,41,56,72,46,51,62,59,52,65,83,57,66,33,43,37,22,13,8,F,2011
W01000960,Neath Port Talbot 017F,885,43,36,41,55,42,57,63,62,63,70,61,58,55,45,46,31,22,26,9,F,2011
W01000949,Neath Port Talbot 018A,665,36,22,32,27,24,37,41,42,43,62,52,52,47,41,34,31,20,12,10,F,2011
W01000950,Neath Port Talbot 018B,783,44,52,35,45,60,66,62,55,40,61,44,53,38,36,21,24,23,14,10,F,2011
W01000951,Neath Port Talbot 018C,779,40,46,48,40,54,55,55,47,52,60,63,49,42,18,33,16,25,17,19,F,2011
W01000952,Neath Port Talbot 018D,617,45,37,29,34,47,42,25,39,36,43,58,40,34,24,15,24,20,14,11,F,2011
W01000966,Neath Port Talbot 018E,694,28,24,36,36,31,40,44,26,51,64,40,41,44,55,50,25,21,24,14,F,2011
W01000932,Neath Port Talbot 019A,518,27,16,21,29,30,28,23,28,26,50,39,34,34,27,28,36,18,13,11,F,2011
W01000933,Neath Port Talbot 019B,1028,67,82,69,50,44,47,70,100,107,88,64,48,70,52,30,20,5,11,4,F,2011
W01000967,Neath Port Talbot 019C,757,40,43,34,51,42,53,50,48,58,53,47,54,45,37,36,21,15,20,10,F,2011
W01000968,Neath Port Talbot 019D,980,53,54,44,53,51,81,66,65,70,64,73,73,67,65,32,31,24,7,7,F,2011
W01000919,Neath Port Talbot 020A,594,25,36,31,41,26,32,27,36,50,38,42,45,45,39,29,14,18,13,7,F,2011
W01000927,Neath Port Talbot 020B,865,59,54,52,36,53,81,53,50,55,68,61,54,55,41,38,22,18,11,4,F,2011
W01000928,Neath Port Talbot 020C,821,44,41,45,50,51,45,39,52,53,58,55,61,52,57,24,25,29,20,20,F,2011
W01000929,Neath Port Talbot 020D,635,26,46,33,27,31,39,36,50,42,51,50,43,48,41,27,23,17,3,2,F,2011
W01000931,Neath Port Talbot 020E,671,40,44,47,35,36,37,48,44,49,32,37,56,47,33,28,25,16,14,3,F,2011
W01000973,Neath Port Talbot 020F,749,34,35,36,39,42,47,36,40,52,62,47,52,40,44,43,32,28,25,15,F,2011
W01001900,Neath Port Talbot 020G,767,42,54,59,39,37,46,37,57,59,57,52,47,48,49,23,20,20,17,4,F,2011
W06000013,,70504,3670,3702,4029,4000,3968,4022,4062,4539,5347,5416,4746,4365,4705,3908,3329,2688,1949,1301,758,F,2011
W01000991,Bridgend 001A,574,41,29,33,46,34,36,30,37,43,40,38,33,42,32,20,14,11,9,6,F,2011
W01000992,Bridgend 001B,769,51,45,56,52,46,57,50,40,51,61,44,36,46,36,43,23,17,8,7,F,2011
W01000993,Bridgend 001C,761,62,35,39,45,63,59,53,55,45,45,44,63,45,26,36,15,19,5,7,F,2011
W01000994,Bridgend 001D,704,43,39,48,54,51,49,40,51,58,45,33,43,46,33,29,17,18,6,1,F,2011
W01000995,Bridgend 001E,750,41,47,41,35,49,46,41,35,55,64,45,42,47,51,42,32,21,7,9,F,2011
W01001014,Bridgend 002A,841,39,27,45,49,48,50,55,52,56,59,55,56,57,46,39,46,33,16,13,F,2011
W01001015,Bridgend 002B,778,35,59,57,46,31,35,38,52,70,59,53,61,48,47,35,15,16,17,4,F,2011
W01001017,Bridgend 002C,768,28,40,54,53,37,34,33,60,52,62,53,54,59,41,32,31,28,11,6,F,2011
W01001018,Bridgend 002D,695,37,24,30,47,51,30,35,48,58,60,47,46,56,36,26,30,18,11,5,F,2011
W01001020,Bridgend 002E,721,41,55,36,39,46,46,50,51,53,63,58,43,40,33,31,15,11,6,4,F,2011
W01000976,Bridgend 003A,581,38,40,36,35,49,47,23,36,33,48,38,22,42,25,19,26,14,4,6,F,2011
W01000977,Bridgend 003B,691,41,39,39,46,36,43,38,44,60,46,50,48,46,43,32,25,6,7,2,F,2011
W01001024,Bridgend 003C,574,34,31,37,33,36,44,30,20,44,49,39,36,47,28,23,19,11,8,5,F,2011
W01001025,Bridgend 003D,635,38,31,30,34,43,54,45,48,46,54,37,38,38,34,26,21,5,10,3,F,2011
W01001033,Bridgend 003E,903,59,57,64,53,59,51,36,63,75,60,53,53,57,44,46,28,25,13,7,F,2011
W01001034,Bridgend 003F,697,34,23,37,50,51,35,29,45,59,39,55,48,49,31,32,37,22,13,8,F,2011
W01000975,Bridgend 004A,1164,76,84,92,73,83,79,59,78,84,87,74,71,59,49,47,29,22,15,3,F,2011
W01000978,Bridgend 004B,901,48,60,55,50,46,52,59,60,76,66,48,44,62,53,44,29,27,14,8,F,2011
W01001009,Bridgend 004C,606,33,25,34,29,40,41,43,33,45,52,42,41,57,41,17,12,15,3,3,F,2011
W01001042,Bridgend 004D,663,50,51,39,46,37,47,41,44,60,34,42,40,39,23,36,19,10,4,1,F,2011
W01001043,Bridgend 004E,593,41,34,30,37,44,36,27,35,50,38,39,35,34,33,29,23,14,8,6,F,2011
W01001012,Bridgend 005A,772,39,44,53,52,45,43,42,60,67,72,58,39,57,38,29,22,8,2,2,F,2011
W01001013,Bridgend 005B,762,39,45,37,27,36,28,38,49,47,39,76,56,60,49,40,40,27,22,7,F,2011
W01001016,Bridgend 005C,841,34,39,41,41,36,39,31,38,48,44,54,72,85,76,70,37,36,11,9,F,2011
W01001019,Bridgend 005D,763,45,50,37,44,31,36,44,49,51,63,54,46,50,51,46,36,14,12,4,F,2011
W01000974,Bridgend 006A,1022,43,46,60,58,60,58,71,84,75,83,76,65,77,44,46,35,21,15,5,F,2011
W01001057,Bridgend 006B,730,38,25,42,42,59,60,44,46,47,55,56,47,49,31,37,21,14,10,7,F,2011
W01001058,Bridgend 006C,1002,46,58,52,63,55,66,65,80,95,94,60,56,41,48,43,22,26,21,11,F,2011
W01000986,Bridgend 007A,681,36,36,45,42,40,43,49,50,73,61,51,37,43,31,13,14,11,2,4,F,2011
W01000987,Bridgend 007B,1157,84,65,67,58,86,93,76,83,74,93,79,66,60,57,41,41,25,6,3,F,2011
W01001055,Bridgend 007C,615,32,34,40,40,33,37,40,38,39,53,33,41,35,37,30,22,22,3,6,F,2011
W01001056,Bridgend 007D,609,23,22,28,34,37,24,24,26,51,51,48,46,52,45,43,21,14,18,2,F,2011
W01000996,Bridgend 008A,768,31,35,42,47,44,35,33,41,57,59,72,51,61,43,41,29,27,15,5,F,2011
W01001048,Bridgend 008B,700,29,37,33,43,44,36,38,52,60,61,49,50,47,38,27,24,13,11,8,F,2011
W01001049,Bridgend 008C,677,43,32,42,41,45,42,36,31,59,57,36,40,36,43,34,25,21,11,3,F,2011
W01001050,Bridgend 008D,778,33,41,37,56,56,53,45,43,54,73,48,45,41,46,31,40,12,15,9,F,2011
W01001051,Bridgend 008E,878,57,45,68,47,49,73,67,78,68,70,42,38,50,46,43,26,8,3,0,F,2011
W01001052,Bridgend 008F,705,34,36,33,38,30,37,51,43,50,58,51,37,62,27,28,34,27,17,12,F,2011
W01001004,Bridgend 009A,535,25,20,21,33,28,26,35,38,44,30,37,39,38,32,26,33,17,10,3,F,2011
W01001005,Bridgend 009B,856,41,34,34,44,47,46,58,51,59,82,50,65,49,49,42,41,28,29,7,F,2011
W01001006,Bridgend 009C,1204,57,67,61,63,45,53,65,73,116,76,71,88,110,112,63,33,26,15,10,F,2011
W01001007,Bridgend 009D,866,58,68,43,44,48,52,67,57,72,69,44,50,71,45,37,19,10,7,5,F,2011
W01001039,Bridgend 009E,824,29,48,41,51,47,37,33,65,66,73,69,75,54,54,26,19,16,16,5,F,2011
W01001040,Bridgend 009F,732,27,47,32,39,34,33,40,50,63,74,44,50,65,52,26,22,22,11,1,F,2011
W01000999,Bridgend 010A,734,34,34,39,43,40,32,34,40,62,54,57,37,58,44,49,31,27,15,4,F,2011
W01001000,Bridgend 010B,921,41,45,41,48,43,53,52,66,67,71,59,66,59,61,41,30,34,27,17,F,2011
W01001001,Bridgend 010C,753,36,43,51,35,36,39,36,50,57,41,44,41,76,55,39,37,17,17,3,F,2011
W01001002,Bridgend 010D,1247,113,88,63,62,125,148,102,92,78,71,56,65,64,52,25,20,12,9,2,F,2011
W01000998,Bridgend 011A,630,33,32,29,36,40,36,52,62,40,48,40,31,41,25,29,25,18,10,3,F,2011
W01001008,Bridgend 011B,1088,35,45,51,59,54,29,36,64,77,91,82,72,102,85,77,70,31,17,11,F,2011
W01001038,Bridgend 011C,1176,60,61,69,59,75,60,68,99,88,69,75,67,58,59,53,53,39,42,22,F,2011
W01000997,Bridgend 012A,795,39,21,35,41,32,33,34,40,48,63,57,56,52,73,60,55,33,15,8,F,2011
W01001010,Bridgend 012B,643,32,42,38,47,35,42,46,43,46,60,39,51,45,29,21,14,7,3,3,F,2011
W01001011,Bridgend 012C,692,35,40,43,43,42,52,42,44,45,50,55,50,47,23,23,26,17,11,4,F,2011
W01001026,Bridgend 012D,1023,52,43,59,48,55,72,60,57,72,70,64,53,66,54,48,37,52,35,26,F,2011
W01000989,Bridgend 013A,731,25,37,47,40,39,30,40,31,45,62,48,59,57,49,33,46,23,17,3,F,2011
W01001037,Bridgend 013B,827,28,37,45,48,30,29,27,42,67,71,64,55,67,56,46,36,43,25,11,F,2011
W01001041,Bridgend 013C,1238,48,61,68,85,49,41,53,70,111,117,107,64,97,82,66,55,33,18,13,F,2011
W01001021,Bridgend 014A,799,49,25,41,46,55,45,62,60,51,60,42,39,41,44,47,43,22,22,5,F,2011
W01001022,Bridgend 014B,710,35,51,53,45,33,54,38,41,54,39,33,43,40,52,34,31,12,18,4,F,2011
W01001023,Bridgend 014C,846,37,32,36,47,63,53,66,46,48,61,59,56,50,42,48,32,35,25,10,F,2011
W01001028,Bridgend 014D,954,42,36,40,64,58,44,59,60,60,78,63,64,67,60,48,53,32,19,7,F,2011
W01001035,Bridgend 014E,793,56,33,30,56,79,66,60,50,54,51,58,38,27,24,37,28,21,20,5,F,2011
W01000979,Bridgend 015A,885,62,60,61,57,57,79,89,64,59,75,56,57,38,25,18,17,3,5,3,F,2011
W01000983,Bridgend 015B,766,50,53,44,38,46,81,66,63,64,67,55,39,34,23,22,12,5,3,1,F,2011
W01000985,Bridgend 015C,716,34,35,70,68,53,30,39,42,60,99,65,45,36,21,8,5,4,0,2,F,2011
W01001003,Bridgend 015D,725,16,21,29,25,19,20,21,25,41,43,54,56,70,63,63,47,38,42,32,F,2011
W01000980,Bridgend 016A,683,31,33,41,41,53,42,49,47,49,74,66,48,35,32,22,7,9,4,0,F,2011
W01000981,Bridgend 016B,650,56,41,54,38,54,45,49,57,54,55,39,34,25,16,9,12,3,6,3,F,2011
W01000982,Bridgend 016C,769,29,21,46,37,56,33,38,36,61,67,58,52,64,42,45,33,22,17,12,F,2011
W01000984,Bridgend 016D,1096,76,64,52,63,94,119,113,74,72,78,75,54,52,29,34,26,10,5,6,F,2011
W01000990,Bridgend 017B,783,38,55,58,36,31,47,37,45,70,53,59,51,51,37,33,31,26,17,8,F,2011
W01001027,Bridgend 017C,839,30,39,38,32,34,29,29,30,66,66,55,60,60,60,51,66,53,27,14,F,2011
W01001036,Bridgend 017D,828,26,39,46,46,36,30,23,54,63,70,77,45,59,43,43,32,47,29,20,F,2011
W01001918,Bridgend 017E,808,97,76,65,39,36,50,80,114,83,61,38,20,23,13,6,1,3,2,1,F,2011
W01001919,Bridgend 017F,726,63,50,63,44,22,69,80,101,61,53,38,28,23,13,6,7,2,2,1,F,2011
W01001920,Bridgend 017G,601,44,45,50,31,29,46,49,47,81,49,45,27,20,14,12,7,4,1,0,F,2011
W01001921,Bridgend 017H,816,81,71,77,50,40,46,76,79,92,70,36,30,28,13,10,12,2,3,0,F,2011
W01001031,Bridgend 018A,828,15,34,51,37,37,19,22,28,49,65,73,52,84,46,56,40,43,34,43,F,2011
W01001032,Bridgend 018B,941,30,35,49,42,30,28,39,55,68,58,55,62,63,89,71,88,38,28,13,F,2011
W01001046,Bridgend 018C,918,27,30,39,48,38,41,28,47,82,47,59,64,69,64,54,48,52,43,38,F,2011
W01001047,Bridgend 018D,854,33,42,50,43,33,34,33,38,73,60,59,54,68,53,63,49,34,26,9,F,2011
W01001053,Bridgend 018E,511,11,14,27,28,13,10,20,17,26,30,34,43,51,54,48,22,31,21,11,F,2011
W01001054,Bridgend 018F,685,15,21,33,29,22,12,18,16,42,52,54,39,45,44,64,63,37,36,43,F,2011
W01001029,Bridgend 019A,928,27,24,38,41,31,31,34,44,56,60,56,78,91,76,55,54,53,38,41,F,2011
W01001030,Bridgend 019B,949,37,45,48,41,31,25,30,66,65,72,63,64,80,71,64,43,44,31,29,F,2011
W01001044,Bridgend 019C,853,36,46,48,37,31,43,35,37,56,65,49,54,60,66,60,46,43,23,18,F,2011
W01001045,Bridgend 019D,900,43,53,53,58,44,34,51,44,76,79,81,50,53,53,42,36,27,16,7,F,2011
W06000014,,64937,3608,3413,3835,4023,3191,3337,3589,3994,4785,4873,4605,4255,4387,3642,2937,2324,1956,1397,786,F,2011
W01001105,The Vale of Glamorgan 001A,1327,48,83,77,88,30,44,40,68,102,129,121,109,112,99,65,50,31,22,9,F,2011
W01001127,The Vale of Glamorgan 001B,611,17,38,33,27,11,14,24,23,57,43,32,63,70,56,26,33,24,11,9,F,2011
W01001128,The Vale of Glamorgan 001C,727,25,31,39,35,39,24,25,36,54,67,69,64,57,58,37,24,21,12,10,F,2011
W01001082,The Vale of Glamorgan 002A,787,15,33,31,29,20,22,21,36,46,45,57,57,67,78,69,52,51,36,22,F,2011
W01001083,The Vale of Glamorgan 002B,816,30,38,45,33,21,18,26,36,54,63,52,66,107,63,50,40,35,19,20,F,2011
W01001084,The Vale of Glamorgan 002C,829,25,41,34,30,23,27,21,48,53,45,59,72,93,69,61,46,27,31,24,F,2011
W01001085,The Vale of Glamorgan 002D,743,36,32,59,51,17,14,27,28,76,68,62,63,62,53,36,25,23,11,0,F,2011
W01001113,The Vale of Glamorgan 003A,1147,60,69,75,52,34,23,37,69,95,115,89,102,105,87,56,35,24,16,4,F,2011
W01001119,The Vale of Glamorgan 003B,883,49,63,61,67,32,20,35,48,79,88,80,71,46,56,41,17,17,10,3,F,2011
W01001135,The Vale of Glamorgan 003C,770,35,39,45,66,22,18,25,61,49,64,60,52,61,57,38,26,36,14,2,F,2011
W01001136,The Vale of Glamorgan 003D,607,23,20,27,37,17,17,19,32,45,41,44,45,53,50,48,33,25,20,11,F,2011
W01001075,The Vale of Glamorgan 004A,639,36,36,40,36,24,21,34,46,55,59,44,40,49,33,27,17,16,19,7,F,2011
W01001076,The Vale of Glamorgan 004B,767,62,59,37,54,37,54,67,61,59,64,50,42,26,34,27,12,13,8,1,F,2011
W01001077,The Vale of Glamorgan 004C,766,21,33,47,46,35,34,30,41,45,63,50,50,66,58,50,25,27,31,14,F,2011
W01001078,The Vale of Glamorgan 004D,660,28,45,49,44,23,18,33,42,62,58,38,39,44,33,32,33,14,19,6,F,2011
W01001104,The Vale of Glamorgan 004E,1009,52,44,43,48,39,44,53,84,86,71,69,73,68,74,55,38,43,11,14,F,2011
W01001129,The Vale of Glamorgan 004F,712,31,43,61,58,38,30,28,47,53,63,53,36,30,24,34,26,27,20,10,F,2011
W01001116,The Vale of Glamorgan 005A,1128,43,50,57,49,27,36,39,50,77,77,73,61,71,68,54,54,76,84,82,F,2011
W01001123,The Vale of Glamorgan 005B,835,39,29,32,37,39,46,48,56,33,51,54,63,71,51,47,36,47,32,24,F,2011
W01001124,The Vale of Glamorgan 005C,717,41,24,43,27,34,61,71,43,61,63,56,48,38,35,18,20,17,11,6,F,2011
W01001125,The Vale of Glamorgan 005D,752,45,39,39,44,37,24,43,63,51,66,42,36,45,38,35,20,29,33,23,F,2011
W01001126,The Vale of Glamorgan 005E,905,45,42,22,29,72,109,89,78,61,60,66,52,64,37,32,22,17,3,5,F,2011
W01001130,The Vale of Glamorgan 005F,654,44,35,49,31,30,23,34,33,58,48,64,39,45,35,23,18,20,17,8,F,2011
W01001086,The Vale of Glamorgan 006A,769,33,35,35,35,26,30,28,34,63,61,48,51,69,68,42,45,34,23,9,F,2011
W01001087,The Vale of Glamorgan 006B,798,38,28,38,47,39,22,37,38,50,66,56,50,62,61,61,34,51,14,6,F,2011
W01001088,The Vale of Glamorgan 006C,981,42,49,39,67,49,32,40,46,68,72,50,65,79,71,64,53,50,18,27,F,2011
W01001089,The Vale of Glamorgan 006D,778,27,31,46,42,36,33,33,42,48,51,59,65,67,47,40,34,33,21,23,F,2011
W01001090,The Vale of Glamorgan 006E,764,43,33,34,50,29,25,52,37,53,60,43,63,56,72,49,30,20,11,4,F,2011
W01001081,The Vale of Glamorgan 007A,837,52,59,59,72,59,43,51,45,52,62,52,33,49,33,37,30,27,15,7,F,2011
W01001092,The Vale of Glamorgan 007B,897,56,45,59,76,53,45,45,75,61,61,48,56,48,49,39,32,24,19,6,F,2011
W01001094,The Vale of Glamorgan 007C,750,53,61,51,56,62,53,53,41,60,63,54,31,25,43,23,14,5,2,0,F,2011
W01001095,The Vale of Glamorgan 007D,820,83,54,56,61,61,49,52,45,48,63,46,36,43,45,27,24,13,11,3,F,2011
W01001096,The Vale of Glamorgan 007E,709,34,28,28,38,42,36,43,41,43,42,49,43,52,45,47,40,36,20,2,F,2011
W01001097,The Vale of Glamorgan 007F,882,59,62,78,77,45,57,47,61,57,78,57,49,48,35,19,18,13,17,5,F,2011
W01001114,The Vale of Glamorgan 008A,802,26,24,41,49,25,15,15,32,49,72,72,61,77,67,45,61,34,27,10,F,2011
W01001115,The Vale of Glamorgan 008B,1149,76,79,76,54,47,44,51,79,91,87,78,61,58,51,54,65,56,31,11,F,2011
W01001131,The Vale of Glamorgan 008C,938,65,54,56,57,42,43,77,68,64,73,61,46,51,42,44,19,28,29,19,F,2011
W01001132,The Vale of Glamorgan 008D,723,22,28,58,48,35,26,40,45,64,64,55,61,55,37,23,28,21,8,5,F,2011
W01001133,The Vale of Glamorgan 008E,1018,35,52,37,64,57,42,29,59,53,70,72,74,82,65,77,49,46,38,17,F,2011
W01001134,The Vale of Glamorgan 008F,607,28,21,34,29,8,23,24,34,53,48,60,67,36,52,41,27,13,8,1,F,2011
W01001067,The Vale of Glamorgan 009A,743,40,42,41,43,34,39,33,46,33,59,43,58,62,42,53,37,17,12,9,F,2011
W01001068,The Vale of Glamorgan 009B,939,67,63,65,72,73,76,77,71,84,65,65,55,44,22,20,11,6,2,1,F,2011
W01001070,The Vale of Glamorgan 009C,545,47,32,36,35,47,71,40,37,34,28,41,30,24,17,9,9,3,4,1,F,2011
W01001071,The Vale of Glamorgan 009D,796,66,33,50,50,43,58,55,57,50,49,70,44,51,41,18,23,22,11,5,F,2011
W01001072,The Vale of Glamorgan 009E,1336,74,90,97,79,68,75,113,112,147,119,100,69,76,45,32,21,5,10,4,F,2011
W01001091,The Vale of Glamorgan 010A,841,21,22,46,41,34,45,26,35,58,72,65,90,73,68,48,50,24,13,10,F,2011
W01001098,The Vale of Glamorgan 010B,571,16,30,24,32,19,24,26,30,45,30,54,37,62,50,40,24,16,8,4,F,2011
W01001100,The Vale of Glamorgan 010C,776,27,41,52,45,28,19,30,41,49,82,56,69,50,46,41,30,31,23,16,F,2011
W01001103,The Vale of Glamorgan 010D,662,16,32,40,48,37,26,31,36,45,60,51,57,56,34,37,25,20,9,2,F,2011
W01001106,The Vale of Glamorgan 011A,726,22,27,43,50,50,24,24,37,47,61,66,54,72,51,41,21,23,10,3,F,2011
W01001107,The Vale of Glamorgan 011B,822,29,26,33,49,33,30,26,42,36,61,59,49,86,69,57,55,36,35,11,F,2011
W01001109,The Vale of Glamorgan 011C,769,40,34,55,45,26,24,37,28,71,43,36,65,70,57,47,27,29,27,8,F,2011
W01001110,The Vale of Glamorgan 011D,829,30,37,37,240,28,14,19,33,61,50,56,40,54,48,30,23,20,8,1,F,2011
W01001111,The Vale of Glamorgan 011E,789,46,54,50,46,53,45,40,48,56,55,59,57,45,45,36,22,17,12,3,F,2011
W01001112,The Vale of Glamorgan 011F,738,51,47,46,38,36,52,48,50,81,70,58,34,34,33,27,18,7,5,3,F,2011
W01001063,The Vale of Glamorgan 012A,883,79,54,55,53,54,69,82,57,63,65,52,46,38,37,29,21,12,8,9,F,2011
W01001065,The Vale of Glamorgan 012B,828,49,50,55,74,61,41,59,33,72,57,54,53,36,33,26,17,30,21,7,F,2011
W01001069,The Vale of Glamorgan 012C,729,61,47,37,33,54,73,57,56,46,41,54,44,35,28,17,21,16,6,3,F,2011
W01001079,The Vale of Glamorgan 012E,874,81,66,61,45,57,81,83,59,64,37,48,36,51,29,25,24,14,8,5,F,2011
W01001080,The Vale of Glamorgan 012F,822,42,39,71,53,62,54,54,55,52,61,62,50,49,26,36,23,20,9,4,F,2011
W01001910,The Vale of Glamorgan 012G,817,64,61,57,45,68,94,80,58,58,48,62,37,30,19,15,9,7,2,3,F,2011
W01001911,The Vale of Glamorgan 012H,609,57,29,35,52,50,47,46,40,39,36,35,34,39,22,10,16,14,5,3,F,2011
W01001062,The Vale of Glamorgan 013A,714,48,45,48,42,31,38,40,58,57,58,61,30,28,22,26,20,27,21,14,F,2011
W01001064,The Vale of Glamorgan 013B,783,47,32,44,41,41,37,38,46,64,53,46,50,46,32,21,35,35,41,34,F,2011
W01001093,The Vale of Glamorgan 013C,946,53,52,56,52,50,50,52,54,67,59,59,50,47,39,45,39,35,48,39,F,2011
W01001099,The Vale of Glamorgan 013D,697,36,32,53,39,28,45,40,49,55,32,64,32,40,39,31,26,28,24,4,F,2011
W01001101,The Vale of Glamorgan 013E,737,47,54,49,33,44,53,60,70,55,49,46,48,26,24,29,26,12,10,2,F,2011
W01001102,The Vale of Glamorgan 013F,820,87,34,40,45,48,85,66,69,50,48,41,36,43,26,30,21,14,16,21,F,2011
W01001108,The Vale of Glamorgan 014A,827,84,39,40,32,64,82,64,55,54,52,53,46,50,43,24,27,9,8,1,F,2011
W01001117,The Vale of Glamorgan 014B,719,43,32,31,36,34,27,40,41,55,47,52,64,63,42,47,31,18,14,2,F,2011
W01001118,The Vale of Glamorgan 014C,1214,73,66,79,78,40,62,70,94,105,114,93,83,67,64,41,36,21,24,4,F,2011
W01001120,The Vale of Glamorgan 014D,703,32,32,32,36,33,29,31,32,75,63,72,50,64,37,26,18,20,13,8,F,2011
W01001121,The Vale of Glamorgan 014E,761,33,30,59,50,31,30,25,60,52,47,65,59,39,46,46,38,22,13,16,F,2011
W01001122,The Vale of Glamorgan 014F,1174,116,96,101,81,73,90,104,95,114,87,59,47,45,25,10,14,11,3,3,F,2011
W01001059,The Vale of Glamorgan 015A,661,26,26,25,33,21,17,34,29,51,49,58,57,49,46,34,34,34,25,13,F,2011
W01001060,The Vale of Glamorgan 015B,764,25,36,40,29,21,22,29,37,49,60,57,55,69,51,55,45,49,31,4,F,2011
W01001061,The Vale of Glamorgan 015C,1128,74,55,69,77,64,71,84,80,75,94,68,76,65,52,25,31,21,22,25,F,2011
W01001066,The Vale of Glamorgan 015D,823,64,31,67,54,34,55,67,56,62,56,51,54,43,28,32,24,28,12,5,F,2011
W01001073,The Vale of Glamorgan 015E,1009,73,56,46,57,103,104,73,57,66,52,70,55,59,35,28,27,19,22,7,F,2011
W06000015,,175580,10915,8940,9022,12486,19633,14932,12630,10761,11201,11465,10331,8735,8303,6433,5735,5245,4147,3015,1651,F,2011
W01001777,Cardiff 001A,758,28,48,35,44,26,21,22,37,51,60,55,58,58,60,35,49,38,23,10,F,2011
W01001778,Cardiff 001B,938,35,59,60,59,32,13,23,54,74,87,81,69,85,59,50,46,32,13,7,F,2011
W01001794,Cardiff 001C,765,49,41,38,56,47,62,50,60,51,70,78,47,41,26,13,17,9,7,3,F,2011
W01001799,Cardiff 001D,672,24,21,31,46,15,16,21,23,33,49,46,46,49,40,43,44,38,48,39,F,2011
W01001793,Cardiff 002A,729,47,49,47,45,51,56,46,66,75,69,66,28,36,20,9,7,9,2,1,F,2011
W01001795,Cardiff 002B,801,45,55,54,53,38,60,51,63,80,77,66,51,30,31,17,19,5,5,1,F,2011
W01001796,Cardiff 002C,783,38,29,43,49,46,42,55,49,55,77,72,54,47,35,28,25,25,9,5,F,2011
W01001798,Cardiff 002D,783,49,29,49,46,39,49,49,42,53,59,76,51,46,40,38,28,27,13,0,F,2011
W01001841,Cardiff 003A,1043,70,73,86,71,47,70,75,83,108,88,73,69,55,29,23,17,2,3,1,F,2011
W01001842,Cardiff 003B,894,96,64,33,41,56,105,126,91,72,52,38,36,31,19,12,10,7,4,1,F,2011
W01001843,Cardiff 003C,1092,104,71,70,61,59,89,99,98,92,97,89,53,40,22,18,10,7,10,3,F,2011
W01001844,Cardiff 003D,1069,86,59,76,67,64,105,107,99,99,70,64,47,45,29,24,10,11,6,1,F,2011
W01001849,Cardiff 004A,819,36,38,37,58,32,33,21,37,66,68,69,58,52,44,44,45,47,26,8,F,2011
W01001852,Cardiff 004B,968,57,52,55,73,33,22,28,57,70,91,79,47,63,53,52,55,42,25,14,F,2011
W01001853,Cardiff 004C,824,32,32,31,29,25,26,33,32,44,55,51,48,50,57,65,89,68,44,13,F,2011
W01001854,Cardiff 004D,855,25,25,39,22,24,26,44,33,55,41,42,39,69,69,64,73,65,62,38,F,2011
W01001791,Cardiff 005A,850,48,35,49,41,37,42,38,44,58,68,43,48,63,46,40,42,54,33,21,F,2011
W01001792,Cardiff 005B,860,53,43,57,56,47,47,62,54,57,60,48,64,60,37,34,26,27,18,10,F,2011
W01001797,Cardiff 005C,733,34,38,33,40,31,35,35,38,49,73,58,43,55,36,19,38,27,39,12,F,2011
W01001800,Cardiff 005D,821,45,37,55,50,37,51,55,54,58,54,60,39,42,37,26,33,36,35,17,F,2011
W01001949,Cardiff 005F,664,60,30,13,20,75,116,110,56,34,25,16,15,13,19,13,20,12,11,6,F,2011
W01001953,Cardiff 005G,766,51,39,38,61,37,61,59,53,59,57,45,42,35,25,22,30,16,18,18,F,2011
W01001820,Cardiff 006A,597,27,33,32,38,16,23,32,51,54,70,39,52,34,32,22,21,13,7,1,F,2011
W01001846,Cardiff 006C,872,54,69,72,53,31,39,60,84,81,86,56,56,44,28,17,18,13,8,3,F,2011
W01001847,Cardiff 006D,777,23,27,36,32,26,22,24,32,44,71,56,67,101,65,59,42,19,20,11,F,2011
W01001948,Cardiff 006E,831,77,56,45,55,47,74,100,89,58,64,65,23,28,15,13,7,10,5,0,F,2011
W01001954,Cardiff 006F,786,31,33,58,49,14,16,24,36,50,90,57,47,66,51,43,47,30,30,14,F,2011
W01001802,Cardiff 007A,839,45,22,46,47,62,50,34,36,52,56,72,65,54,35,39,37,51,27,9,F,2011
W01001807,Cardiff 007B,858,67,66,78,68,35,69,57,56,75,56,54,44,32,20,18,34,21,6,2,F,2011
W01001808,Cardiff 007C,895,66,91,73,67,57,66,76,51,60,59,60,34,28,24,22,22,27,8,4,F,2011
W01001840,Cardiff 007D,875,39,34,50,44,58,59,49,47,68,77,74,86,50,46,28,34,18,6,8,F,2011
W01001730,Cardiff 008A,779,30,39,30,46,25,15,25,30,42,58,67,52,76,67,50,42,39,36,10,F,2011
W01001731,Cardiff 008B,748,39,48,61,47,29,21,34,53,55,67,51,35,61,41,24,25,29,22,6,F,2011
W01001736,Cardiff 008C,740,29,38,35,43,25,23,28,32,49,58,60,56,46,61,43,44,30,21,19,F,2011
W01001815,Cardiff 008D,712,40,36,47,60,36,36,45,50,47,49,49,53,71,40,15,19,13,5,1,F,2011
W01001811,Cardiff 009A,796,73,77,71,58,46,65,55,74,50,30,37,47,40,31,18,15,7,2,0,F,2011
W01001816,Cardiff 009B,1379,133,89,69,66,101,187,134,103,80,80,63,65,60,24,28,19,20,29,29,F,2011
W01001817,Cardiff 009C,738,35,43,51,54,52,48,46,59,44,57,48,60,52,31,27,17,6,3,5,F,2011
W01001818,Cardiff 009D,788,64,50,47,43,48,74,80,69,47,49,49,36,51,29,21,17,10,2,2,F,2011
W01001888,Cardiff 010A,861,49,53,58,50,28,48,51,66,82,80,70,58,42,36,36,23,17,8,6,F,2011
W01001893,Cardiff 010B,987,59,51,44,73,57,56,65,51,82,78,91,71,69,37,31,24,28,14,6,F,2011
W01001894,Cardiff 010C,819,35,45,48,47,31,38,51,43,62,63,53,67,53,43,43,42,29,21,5,F,2011
W01001895,Cardiff 010D,795,51,32,32,28,32,57,52,40,55,42,40,59,54,40,34,39,44,40,24,F,2011
W01001877,Cardiff 011A,864,58,40,44,49,65,72,66,50,63,80,83,49,46,28,25,28,9,4,5,F,2011
W01001878,Cardiff 011B,858,66,54,39,52,52,66,80,44,50,52,65,57,41,27,28,16,20,27,22,F,2011
W01001882,Cardiff 011C,925,68,47,63,57,55,92,102,84,86,63,61,44,35,23,17,14,7,5,2,F,2011
W01001885,Cardiff 011D,1069,129,77,73,70,55,88,116,87,86,66,67,43,28,36,24,20,4,0,0,F,2011
W01001773,Cardiff 012A,1271,105,83,87,60,62,126,111,96,112,71,71,51,42,48,38,51,25,23,9,F,2011
W01001848,Cardiff 012B,746,47,32,37,34,17,27,44,54,55,61,56,47,53,47,38,39,31,17,10,F,2011
W01001850,Cardiff 012C,997,51,44,51,56,38,29,37,55,69,77,72,75,75,65,54,48,51,34,16,F,2011
W01001851,Cardiff 012D,756,33,41,43,18,25,20,39,47,44,50,50,55,60,52,52,41,46,30,10,F,2011
W01001879,Cardiff 013A,1022,107,65,65,50,62,119,95,68,60,62,61,34,34,37,23,32,16,24,8,F,2011
W01001880,Cardiff 013B,858,103,83,85,73,57,81,78,58,57,56,31,35,23,16,8,7,5,1,1,F,2011
W01001881,Cardiff 013C,771,67,35,45,49,66,56,51,44,52,33,54,69,48,32,31,17,6,11,5,F,2011
W01001884,Cardiff 013D,779,90,71,60,53,84,80,62,51,66,53,34,27,26,8,10,0,3,1,0,F,2011
W01001727,Cardiff 014A,600,26,33,39,36,12,14,27,30,48,60,43,44,60,43,33,13,15,14,10,F,2011
W01001728,Cardiff 014B,739,26,57,42,46,22,21,28,46,53,71,69,61,67,66,28,18,11,3,4,F,2011
W01001729,Cardiff 014C,1132,75,68,82,69,39,53,77,85,101,86,104,76,54,42,34,28,22,19,18,F,2011
W01001819,Cardiff 014D,1182,62,66,64,83,49,44,54,55,78,104,95,83,129,93,41,42,16,21,3,F,2011
W01001803,Cardiff 015A,844,60,48,43,44,43,53,44,38,42,64,58,56,42,34,33,47,45,39,11,F,2011
W01001804,Cardiff 015B,778,39,43,56,43,46,55,63,44,59,67,61,40,27,18,24,35,43,15,0,F,2011
W01001805,Cardiff 015C,766,61,43,46,56,51,51,62,51,41,59,53,51,33,25,17,18,29,11,8,F,2011
W01001806,Cardiff 015D,834,21,46,38,54,36,44,46,34,59,67,48,57,50,44,61,41,38,36,14,F,2011
W01001866,Cardiff 016A,806,42,43,46,50,31,55,30,39,46,40,54,47,53,48,41,27,35,48,31,F,2011
W01001867,Cardiff 016B,767,73,51,62,72,53,50,46,43,58,58,45,33,25,24,22,28,11,9,4,F,2011
W01001883,Cardiff 016C,844,59,49,59,60,66,57,60,44,36,65,66,48,32,36,49,34,14,10,0,F,2011
W01001886,Cardiff 016D,629,45,35,37,60,46,53,41,30,59,62,34,30,16,18,24,21,9,8,1,F,2011
W01001809,Cardiff 017A,666,39,33,37,59,32,43,41,58,41,39,50,50,51,34,27,15,9,4,4,F,2011
W01001810,Cardiff 017B,874,68,66,68,61,49,58,74,75,66,55,39,48,58,40,20,15,10,3,1,F,2011
W01001812,Cardiff 017C,685,41,38,56,50,45,50,40,45,56,43,27,39,57,39,23,25,8,3,0,F,2011
W01001813,Cardiff 017D,779,78,42,31,54,45,65,58,57,52,43,45,41,47,36,35,22,16,9,3,F,2011
W01001814,Cardiff 017E,738,48,30,33,46,35,61,61,46,58,55,39,52,43,47,29,34,13,5,3,F,2011
W01001769,Cardiff 018A,806,51,49,38,39,32,35,35,55,64,71,67,55,61,38,22,28,24,31,11,F,2011
W01001770,Cardiff 018B,553,28,17,14,19,35,33,48,38,16,45,48,28,36,33,24,27,37,15,12,F,2011
W01001771,Cardiff 018C,826,51,46,47,43,32,50,44,65,67,70,52,56,44,37,38,33,25,15,11,F,2011
W01001774,Cardiff 018D,707,54,54,42,30,24,23,36,61,46,57,46,47,42,36,33,23,27,20,6,F,2011
W01001732,Cardiff 019A,818,35,39,57,58,28,36,44,44,45,75,59,51,55,44,40,33,35,27,13,F,2011
W01001733,Cardiff 019B,1003,22,35,39,213,173,44,36,32,38,58,48,45,47,37,35,42,33,20,6,F,2011
W01001734,Cardiff 019C,793,37,50,50,60,37,22,32,33,69,63,53,58,53,35,38,42,32,18,11,F,2011
W01001735,Cardiff 019D,872,31,46,58,47,31,52,42,42,54,54,58,58,53,46,50,41,39,33,37,F,2011
W01001887,Cardiff 020A,793,51,50,43,49,35,22,26,62,70,61,57,58,55,45,29,30,23,17,10,F,2011
W01001889,Cardiff 020B,783,32,33,32,33,29,33,34,52,59,56,53,52,69,42,44,42,46,25,17,F,2011
W01001891,Cardiff 020C,898,62,32,44,40,52,49,55,51,51,60,58,48,55,43,46,51,47,42,12,F,2011
W01001892,Cardiff 020D,751,31,26,41,44,32,24,25,49,37,61,62,61,52,31,42,49,42,29,13,F,2011
W01001896,Cardiff 020E,813,52,45,46,52,36,26,38,53,62,77,60,58,38,39,36,46,20,22,7,F,2011
W01001772,Cardiff 021A,748,30,40,39,35,30,33,32,49,49,61,53,40,55,51,46,41,34,23,7,F,2011
W01001775,Cardiff 021B,814,48,41,36,38,59,64,66,52,50,64,62,57,50,33,24,24,22,15,9,F,2011
W01001776,Cardiff 021C,701,46,36,40,37,31,30,53,43,57,61,56,40,39,26,33,29,22,15,7,F,2011
W01001890,Cardiff 021D,854,35,33,33,111,74,39,66,47,55,53,60,51,48,31,44,28,28,12,6,F,2011
W01001863,Cardiff 022A,805,35,41,62,42,42,38,52,32,64,74,64,64,46,26,34,29,27,18,15,F,2011
W01001864,Cardiff 022B,781,37,31,39,55,37,37,26,42,44,68,59,56,62,44,42,40,31,22,9,F,2011
W01001865,Cardiff 022C,687,37,40,36,47,40,27,26,46,52,62,56,51,48,28,27,29,13,13,9,F,2011
W01001868,Cardiff 022D,814,49,51,49,63,41,52,39,48,59,65,51,50,50,37,27,27,24,17,15,F,2011
W01001785,Cardiff 023A,660,44,35,53,55,33,33,38,37,55,55,46,30,27,26,25,20,20,18,10,F,2011
W01001786,Cardiff 023B,798,43,37,60,47,27,58,53,63,70,60,61,43,44,47,28,23,13,14,7,F,2011
W01001787,Cardiff 023C,732,43,51,39,53,43,44,50,42,59,69,38,52,42,31,23,27,12,5,9,F,2011
W01001788,Cardiff 023D,706,51,34,47,51,43,37,34,42,49,64,49,43,29,39,24,25,12,16,17,F,2011
W01001789,Cardiff 023E,795,45,39,35,32,39,75,68,86,69,55,56,41,39,27,24,23,23,12,7,F,2011
W01001790,Cardiff 023F,646,40,26,39,45,42,39,40,42,48,42,34,44,46,35,27,27,11,7,12,F,2011
W01001821,Cardiff 024A,1016,30,35,30,303,101,43,33,42,40,50,33,24,32,31,37,32,45,36,39,F,2011
W01001826,Cardiff 024B,719,38,23,35,41,43,34,41,27,39,39,50,42,67,55,41,47,36,16,5,F,2011
W01001827,Cardiff 024C,870,38,41,68,57,31,35,35,38,65,74,65,54,51,49,44,41,45,31,8,F,2011
W01001828,Cardiff 024D,786,27,32,36,49,25,25,33,30,51,55,71,64,68,46,65,50,26,25,8,F,2011
W01001755,Cardiff 025A,688,36,16,21,23,205,117,51,43,31,32,30,16,10,11,18,10,12,6,0,F,2011
W01001756,Cardiff 025B,2127,64,33,39,964,495,97,58,42,57,54,44,43,32,28,14,28,19,10,6,F,2011
W01001757,Cardiff 025C,754,45,39,30,29,187,108,67,33,31,27,38,24,16,6,18,17,17,15,7,F,2011
W01001758,Cardiff 025D,1130,45,21,14,137,406,164,74,37,37,25,28,35,21,18,17,20,16,9,6,F,2011
W01001779,Cardiff 026A,743,27,26,32,48,34,40,42,46,49,54,68,40,40,45,52,38,33,17,12,F,2011
W01001780,Cardiff 026B,964,22,36,41,156,127,43,40,37,67,67,67,82,46,35,24,34,16,17,7,F,2011
W01001781,Cardiff 026C,886,40,42,54,45,26,60,57,35,59,59,71,52,55,52,41,40,36,38,24,F,2011
W01001782,Cardiff 026D,729,34,43,33,43,25,27,36,40,65,71,60,62,45,42,35,22,25,13,8,F,2011
W01001783,Cardiff 026E,666,37,45,44,55,24,46,39,33,48,63,48,55,41,34,17,16,13,5,3,F,2011
W01001784,Cardiff 026F,702,27,30,26,48,39,35,40,33,43,57,63,59,57,37,21,24,23,22,18,F,2011
W01001747,Cardiff 027A,853,43,31,33,41,48,72,76,64,62,63,60,53,56,41,30,26,28,17,9,F,2011
W01001748,Cardiff 027B,821,61,46,46,54,48,54,43,66,54,58,53,52,35,34,37,26,22,23,9,F,2011
W01001749,Cardiff 027C,763,54,38,25,46,49,62,55,41,38,54,58,36,38,22,45,44,38,15,5,F,2011
W01001751,Cardiff 027D,848,68,49,50,65,72,74,48,42,68,59,46,35,40,28,41,26,20,9,8,F,2011
W01001718,Cardiff 028A,785,32,13,13,25,417,104,50,26,20,21,21,7,7,1,7,10,4,3,4,F,2011
W01001719,Cardiff 028B,1050,35,23,24,91,491,112,51,31,26,20,15,32,17,15,6,21,17,16,7,F,2011
W01001720,Cardiff 028C,962,18,13,10,48,640,73,34,18,11,17,16,16,8,7,13,6,8,4,2,F,2011
W01001722,Cardiff 028D,794,21,10,10,35,519,63,21,14,20,12,10,12,13,2,10,9,6,5,2,F,2011
W01001726,Cardiff 028E,862,12,6,21,42,474,90,33,29,16,22,16,11,15,8,8,17,11,16,15,F,2011
W01001822,Cardiff 029A,888,38,47,32,34,58,78,69,44,53,77,60,60,64,48,29,46,26,14,11,F,2011
W01001823,Cardiff 029B,690,74,41,31,34,46,35,60,63,45,57,54,39,30,25,18,14,7,13,4,F,2011
W01001824,Cardiff 029C,761,49,37,30,22,119,106,71,45,52,38,38,30,30,22,21,17,11,13,10,F,2011
W01001825,Cardiff 029D,886,66,49,32,33,68,94,83,71,69,54,56,58,29,23,27,25,21,14,14,F,2011
W01001831,Cardiff 030A,776,39,27,26,24,240,120,72,42,31,35,31,14,25,17,10,10,5,2,6,F,2011
W01001836,Cardiff 030B,751,42,48,32,55,179,98,59,45,48,42,22,20,19,16,13,3,3,3,4,F,2011
W01001837,Cardiff 030C,692,29,18,17,95,258,67,41,18,20,26,25,18,14,15,8,11,6,3,3,F,2011
W01001838,Cardiff 030D,870,35,37,32,41,277,120,73,55,37,30,25,28,22,15,12,12,13,4,2,F,2011
W01001839,Cardiff 030E,812,33,23,18,32,304,123,74,25,31,19,25,16,26,15,12,21,6,5,4,F,2011
W01001750,Cardiff 031A,876,43,44,44,43,41,50,43,50,52,71,45,44,56,50,56,50,41,31,22,F,2011
W01001752,Cardiff 031B,819,32,38,37,61,39,47,44,37,69,79,64,53,45,44,51,30,22,16,11,F,2011
W01001753,Cardiff 031C,897,57,71,72,76,48,64,62,51,95,78,63,30,36,28,36,21,6,3,0,F,2011
W01001754,Cardiff 031D,905,45,40,34,38,40,47,65,60,68,76,65,56,52,40,35,47,42,35,20,F,2011
W01001721,Cardiff 032A,1556,18,19,13,322,793,140,33,17,19,11,13,15,20,15,16,17,28,14,33,F,2011
W01001724,Cardiff 032C,1062,9,8,3,61,836,46,14,9,9,8,8,7,9,9,10,5,7,3,1,F,2011
W01001725,Cardiff 032D,1063,10,11,11,105,797,43,18,9,15,9,10,9,3,2,4,4,3,0,0,F,2011
W01001922,Cardiff 032E,862,6,2,6,205,530,48,12,10,6,5,6,6,4,2,8,3,2,0,1,F,2011
W01001939,Cardiff 032F,378,32,9,4,11,81,98,53,19,17,8,6,9,10,11,4,2,2,1,1,F,2011
W01001941,Cardiff 032G,415,22,8,7,11,127,125,43,20,12,14,6,11,3,2,1,0,2,0,1,F,2011
W01001829,Cardiff 033A,796,34,21,21,41,295,105,73,38,28,29,26,16,13,11,14,13,10,7,1,F,2011
W01001830,Cardiff 033B,712,28,20,16,26,199,160,80,47,27,30,16,19,13,4,8,5,8,5,1,F,2011
W01001832,Cardiff 033C,707,12,6,5,58,361,115,48,17,6,18,5,19,13,6,6,6,4,1,1,F,2011
W01001833,Cardiff 033D,763,40,27,37,49,91,84,67,49,61,52,43,24,34,17,21,22,18,14,13,F,2011
W01001834,Cardiff 033E,784,50,23,15,32,223,102,72,50,26,27,37,25,31,8,24,14,12,11,2,F,2011
W01001835,Cardiff 033F,715,16,8,19,18,133,93,60,31,35,40,34,28,25,32,35,27,36,26,19,F,2011
W01001858,Cardiff 034A,864,48,26,33,33,63,105,92,72,70,67,49,33,31,32,29,22,21,22,16,F,2011
W01001859,Cardiff 034B,704,50,33,13,22,42,99,102,55,53,36,39,33,35,29,20,13,7,14,9,F,2011
W01001860,Cardiff 034C,852,40,41,31,38,49,98,112,66,76,62,52,48,31,28,36,13,15,9,7,F,2011
W01001861,Cardiff 034D,829,54,36,37,27,68,144,84,61,55,57,43,17,36,14,16,15,26,28,11,F,2011
W01001714,Cardiff 035A,798,44,56,52,35,34,40,26,66,75,60,58,61,58,31,26,33,22,17,4,F,2011
W01001715,Cardiff 035B,769,37,40,24,32,43,73,86,66,59,55,57,38,46,25,32,24,12,14,6,F,2011
W01001716,Cardiff 035C,649,46,34,26,38,34,37,52,47,60,46,55,30,36,21,19,28,19,13,8,F,2011
W01001717,Cardiff 035D,825,48,30,30,38,52,81,100,69,64,68,39,37,42,33,32,28,20,11,3,F,2011
W01001694,Cardiff 036A,905,65,64,51,64,83,125,86,69,67,63,44,32,18,24,19,12,9,8,2,F,2011
W01001695,Cardiff 036B,1372,67,45,37,363,419,129,86,51,43,41,26,17,8,13,10,7,5,2,3,F,2011
W01001696,Cardiff 036C,774,53,36,58,44,79,79,73,53,55,63,37,31,29,20,25,9,15,9,6,F,2011
W01001697,Cardiff 036D,825,65,39,34,37,75,108,79,70,52,61,47,33,29,31,20,22,11,8,4,F,2011
W01001698,Cardiff 036E,889,59,46,36,82,139,146,95,68,40,37,39,26,20,22,10,9,9,3,3,F,2011
W01001870,Cardiff 037A,696,49,35,39,52,31,70,69,63,41,62,42,27,29,22,19,18,13,11,4,F,2011
W01001871,Cardiff 037B,851,76,42,68,69,63,73,66,57,53,65,52,39,25,21,22,30,13,15,2,F,2011
W01001875,Cardiff 037C,1361,127,90,92,68,93,190,207,107,90,90,60,41,24,19,30,14,9,6,4,F,2011
W01001876,Cardiff 037D,786,67,65,36,55,57,88,42,54,47,56,50,37,35,22,19,19,22,11,4,F,2011
W01001869,Cardiff 038A,729,52,26,33,32,57,69,72,64,51,53,41,42,30,32,27,14,17,11,6,F,2011
W01001872,Cardiff 038B,755,62,27,45,45,56,70,65,46,60,47,61,44,29,21,25,22,20,5,5,F,2011
W01001873,Cardiff 038C,854,74,39,47,41,74,105,79,74,48,75,50,30,24,23,31,15,17,5,3,F,2011
W01001874,Cardiff 038D,734,75,36,48,29,56,86,79,51,53,54,39,24,31,23,15,14,11,5,5,F,2011
W01001737,Cardiff 039A,844,77,57,57,69,60,76,51,48,51,46,45,46,55,28,28,21,14,11,4,F,2011
W01001738,Cardiff 039B,752,88,65,70,39,57,71,51,47,44,53,39,32,21,16,19,18,14,4,4,F,2011
W01001739,Cardiff 039C,710,79,53,48,48,73,53,59,49,48,55,31,27,28,16,16,9,10,6,2,F,2011
W01001740,Cardiff 039D,805,57,51,50,63,66,58,54,43,48,52,54,40,37,38,37,27,19,6,5,F,2011
W01001741,Cardiff 039E,901,116,72,69,74,74,87,62,57,54,52,43,38,28,27,14,14,9,10,1,F,2011
W01001709,Cardiff 040A,955,60,79,49,53,62,81,72,77,70,69,68,55,41,26,18,25,22,19,9,F,2011
W01001710,Cardiff 040B,780,54,40,43,40,63,71,66,53,56,50,53,40,42,22,37,15,17,12,6,F,2011
W01001711,Cardiff 040C,850,62,48,45,39,55,72,48,68,46,57,48,43,43,34,40,40,31,26,5,F,2011
W01001712,Cardiff 040D,810,52,39,27,29,36,106,97,68,60,45,48,28,29,29,31,17,22,31,16,F,2011
W01001713,Cardiff 040E,829,62,50,39,32,53,109,97,75,61,61,46,33,35,16,21,15,13,9,2,F,2011
W01001704,Cardiff 041A,867,87,59,49,96,59,58,66,47,58,56,45,38,37,31,20,20,9,23,9,F,2011
W01001706,Cardiff 041B,649,49,30,32,36,41,47,31,40,44,50,46,30,48,34,37,26,13,9,6,F,2011
W01001707,Cardiff 041C,1073,88,80,84,69,54,73,80,78,80,74,61,54,56,32,39,26,26,15,4,F,2011
W01001746,Cardiff 041D,834,73,50,48,50,52,73,52,42,61,37,44,47,42,35,28,24,27,24,25,F,2011
W01001855,Cardiff 042A,872,74,80,44,49,67,113,93,82,43,42,38,27,34,29,17,17,17,1,5,F,2011
W01001856,Cardiff 042B,778,67,48,39,56,104,116,80,50,40,45,43,29,14,9,10,14,12,2,0,F,2011
W01001857,Cardiff 042C,877,71,53,42,48,64,92,69,71,46,42,56,43,37,34,26,29,17,17,20,F,2011
W01001862,Cardiff 042D,755,73,38,57,45,80,100,74,47,53,25,53,21,30,11,22,11,8,6,1,F,2011
W01001742,Cardiff 043A,841,89,54,75,44,67,79,53,59,54,54,32,30,33,34,28,26,13,13,4,F,2011
W01001743,Cardiff 043B,731,33,20,42,47,41,32,37,37,60,65,50,65,50,48,42,29,23,10,0,F,2011
W01001744,Cardiff 043C,839,60,41,64,54,51,63,54,50,71,50,40,48,35,28,38,42,22,17,11,F,2011
W01001745,Cardiff 043D,699,38,40,38,53,36,36,34,46,59,54,43,40,41,35,41,42,12,8,3,F,2011
W01001764,Cardiff 044A,955,82,68,55,162,93,73,67,68,56,39,50,30,26,24,28,12,8,10,4,F,2011
W01001765,Cardiff 044B,671,55,57,45,38,48,71,66,46,37,44,40,16,27,16,26,20,8,10,1,F,2011
W01001766,Cardiff 044C,819,82,65,50,41,55,113,73,58,52,48,36,24,26,23,18,23,18,9,5,F,2011
W01001767,Cardiff 044D,798,85,55,47,45,71,103,81,57,46,39,41,32,24,23,16,13,10,5,5,F,2011
W01001768,Cardiff 044E,814,91,75,74,70,74,59,75,58,61,38,39,21,15,22,17,12,5,6,2,F,2011
W01001702,Cardiff 045A,972,96,52,62,69,57,82,78,65,75,77,66,39,50,25,30,21,18,8,2,F,2011
W01001703,Cardiff 045B,642,44,35,51,41,40,44,49,40,48,41,57,41,30,30,13,11,14,12,1,F,2011
W01001705,Cardiff 045C,935,64,62,71,59,60,77,68,60,63,73,60,43,45,34,25,31,13,15,12,F,2011
W01001708,Cardiff 045D,798,66,50,53,47,60,60,67,49,52,40,51,43,50,24,26,20,14,15,11,F,2011
W01001759,Cardiff 046A,791,52,52,51,35,50,79,88,58,59,56,48,37,41,27,16,20,9,9,4,F,2011
W01001760,Cardiff 046B,884,63,55,70,58,56,72,61,70,45,61,60,39,40,39,23,38,21,8,5,F,2011
W01001761,Cardiff 046C,848,84,78,41,36,45,100,76,69,52,49,39,26,25,34,25,28,21,15,5,F,2011
W01001762,Cardiff 046D,877,80,79,57,74,59,69,85,55,73,62,39,39,32,18,24,13,14,3,2,F,2011
W01001940,Cardiff 048A,461,29,4,1,6,58,147,82,27,27,14,16,13,18,8,6,3,2,0,0,F,2011
W01001943,Cardiff 048B,484,27,18,12,7,73,133,89,28,22,15,19,13,6,9,9,3,1,0,0,F,2011
W01001944,Cardiff 048C,442,19,11,16,12,77,124,83,42,12,11,13,12,3,1,1,4,1,0,0,F,2011
W01001945,Cardiff 048D,535,17,4,1,3,109,170,101,39,17,17,23,13,9,6,4,1,1,0,0,F,2011
W01001947,Cardiff 048E,744,52,14,5,21,138,205,131,50,26,23,27,23,11,8,4,3,1,2,0,F,2011
W01001699,Cardiff 049A,1019,86,78,63,55,97,130,97,58,57,56,48,32,29,32,45,26,16,9,5,F,2011
W01001942,Cardiff 049B,644,40,35,27,33,52,89,57,48,38,35,33,36,31,25,13,17,16,11,8,F,2011
W01001946,Cardiff 049C,632,50,38,37,25,59,122,75,47,35,27,23,24,14,16,19,13,1,6,1,F,2011
W01001950,Cardiff 049D,473,27,7,2,7,64,110,77,37,23,16,25,18,17,15,10,7,10,1,0,F,2011
W01001951,Cardiff 049E,431,33,12,2,13,75,110,68,28,21,19,17,12,8,3,3,3,4,0,0,F,2011
W01001952,Cardiff 049F,590,26,11,18,22,123,152,56,31,16,17,14,11,11,7,9,10,14,20,22,F,2011
W06000016,,119777,7044,6516,6831,7255,7974,7625,7154,7363,8628,8444,7801,7003,7777,6290,5110,4254,3139,2244,1325,F,2011
W01001186,Rhondda Cynon Taf 001A,896,81,54,56,45,56,61,63,62,87,42,60,65,56,34,20,23,12,12,7,F,2011
W01001187,Rhondda Cynon Taf 001B,675,28,45,32,42,33,41,38,48,41,61,38,44,65,27,34,25,9,16,8,F,2011
W01001188,Rhondda Cynon Taf 001C,538,33,28,22,21,45,32,26,21,40,28,46,33,48,38,25,19,17,11,5,F,2011
W01001221,Rhondda Cynon Taf 001D,796,63,46,56,51,54,57,30,39,50,45,45,55,56,43,38,24,20,18,6,F,2011
W01001222,Rhondda Cynon Taf 001E,846,58,64,62,68,71,58,44,46,63,60,35,38,52,47,30,22,13,11,4,F,2011
W01001233,Rhondda Cynon Taf 001F,854,28,30,56,53,50,30,38,38,66,76,68,52,82,67,46,23,26,16,9,F,2011
W01001148,Rhondda Cynon Taf 002A,853,46,48,54,46,46,59,56,61,68,56,54,46,45,48,37,32,26,16,9,F,2011
W01001152,Rhondda Cynon Taf 002B,802,35,33,41,51,37,29,42,47,77,66,45,58,69,48,60,27,25,12,0,F,2011
W01001153,Rhondda Cynon Taf 002C,770,40,35,50,43,42,49,38,51,55,57,55,47,37,38,39,16,27,28,23,F,2011
W01001155,Rhondda Cynon Taf 002D,815,35,35,38,40,63,51,35,47,55,57,56,50,42,44,36,30,27,43,31,F,2011
W01001149,Rhondda Cynon Taf 003A,737,29,35,37,49,48,49,34,36,50,50,49,57,52,35,28,35,28,27,9,F,2011
W01001150,Rhondda Cynon Taf 003B,883,55,52,39,42,67,68,66,45,57,49,55,45,61,44,35,29,25,21,28,F,2011
W01001151,Rhondda Cynon Taf 003C,858,34,33,44,40,33,24,36,49,65,60,46,50,86,74,55,40,30,33,26,F,2011
W01001154,Rhondda Cynon Taf 003D,730,35,45,35,50,51,42,43,40,48,51,45,42,54,43,36,23,25,13,9,F,2011
W01001156,Rhondda Cynon Taf 003E,775,39,46,67,58,44,21,38,75,80,81,64,51,46,34,16,6,6,0,3,F,2011
W01001147,Rhondda Cynon Taf 004A,949,38,48,56,42,42,39,48,60,78,59,76,68,60,43,47,50,35,29,31,F,2011
W01001168,Rhondda Cynon Taf 004B,788,42,45,40,50,49,45,45,33,47,48,49,59,43,52,53,25,37,14,12,F,2011
W01001169,Rhondda Cynon Taf 004C,832,52,51,48,51,57,69,61,67,56,63,60,44,47,26,27,27,21,4,1,F,2011
W01001170,Rhondda Cynon Taf 004D,635,28,32,38,21,27,39,21,32,53,39,57,47,58,53,36,25,11,10,8,F,2011
W01001137,Rhondda Cynon Taf 005A,1249,102,46,67,75,87,85,79,64,84,88,75,70,89,62,57,53,27,24,15,F,2011
W01001138,Rhondda Cynon Taf 005B,708,50,41,45,43,41,59,40,31,63,49,31,38,43,49,25,24,13,12,11,F,2011
W01001139,Rhondda Cynon Taf 005C,735,48,42,40,51,44,61,50,51,50,53,44,36,46,31,34,25,17,9,3,F,2011
W01001140,Rhondda Cynon Taf 005D,717,44,29,39,50,58,45,35,42,43,48,54,48,48,40,32,34,16,9,3,F,2011
W01001141,Rhondda Cynon Taf 005E,829,60,41,44,58,65,65,38,29,59,64,37,49,47,49,38,31,23,12,20,F,2011
W01001142,Rhondda Cynon Taf 005F,798,61,51,58,68,41,57,32,48,66,36,44,41,48,42,39,25,22,15,4,F,2011
W01001204,Rhondda Cynon Taf 006A,696,50,47,36,29,46,47,46,41,52,48,44,41,49,33,24,21,21,10,11,F,2011
W01001205,Rhondda Cynon Taf 006B,812,45,36,28,52,33,38,41,38,67,52,63,66,52,48,45,44,26,22,16,F,2011
W01001206,Rhondda Cynon Taf 006C,791,52,40,49,45,41,48,30,52,41,59,57,40,43,42,39,39,33,19,22,F,2011
W01001207,Rhondda Cynon Taf 006D,715,54,40,36,61,62,44,53,34,35,59,42,49,46,30,20,25,12,8,5,F,2011
W01001208,Rhondda Cynon Taf 006E,840,41,53,39,47,56,57,33,46,63,62,46,42,58,47,42,38,31,20,19,F,2011
W01001265,Rhondda Cynon Taf 007A,803,58,48,42,51,55,50,45,51,44,60,49,38,55,37,41,36,18,14,11,F,2011
W01001266,Rhondda Cynon Taf 007B,691,38,40,32,43,44,44,39,34,36,47,43,43,40,28,26,31,36,19,28,F,2011
W01001267,Rhondda Cynon Taf 007C,715,42,24,47,39,47,35,44,32,43,53,52,47,46,45,38,36,21,16,8,F,2011
W01001268,Rhondda Cynon Taf 007D,717,48,30,40,40,48,42,32,32,38,60,59,38,36,45,40,42,26,12,9,F,2011
W01001209,Rhondda Cynon Taf 008A,707,48,53,53,55,43,53,50,46,52,47,41,35,36,34,19,19,12,4,7,F,2011
W01001210,Rhondda Cynon Taf 008B,748,33,42,35,45,60,62,35,22,52,60,56,44,46,48,39,39,15,11,4,F,2011
W01001211,Rhondda Cynon Taf 008C,828,49,55,42,52,55,47,50,42,53,64,59,46,48,52,40,29,21,13,11,F,2011
W01001212,Rhondda Cynon Taf 008D,701,52,35,37,57,55,54,38,54,45,47,46,32,42,27,28,25,18,5,4,F,2011
W01001175,Rhondda Cynon Taf 009A,754,35,42,38,49,48,42,41,31,36,62,48,46,58,42,31,39,33,17,16,F,2011
W01001177,Rhondda Cynon Taf 009B,643,37,31,35,39,42,29,41,35,44,41,50,41,54,36,29,22,15,14,8,F,2011
W01001202,Rhondda Cynon Taf 009C,882,46,37,54,41,54,46,48,40,51,71,59,52,80,58,49,55,19,14,8,F,2011
W01001203,Rhondda Cynon Taf 009D,721,44,49,47,46,54,34,43,38,46,50,43,40,50,44,29,21,20,15,8,F,2011
W01001269,Rhondda Cynon Taf 010A,736,20,42,44,37,33,39,35,41,52,50,54,38,47,56,40,39,33,19,17,F,2011
W01001270,Rhondda Cynon Taf 010B,741,18,32,32,42,42,28,43,33,48,63,55,44,45,46,46,46,40,21,17,F,2011
W01001271,Rhondda Cynon Taf 010C,802,49,40,60,51,50,51,44,60,51,60,58,46,53,35,36,27,15,12,4,F,2011
W01001272,Rhondda Cynon Taf 010D,798,56,61,44,53,31,46,50,45,62,53,63,40,46,46,40,28,23,6,5,F,2011
W01001273,Rhondda Cynon Taf 010E,865,39,42,41,50,46,55,33,43,58,56,65,59,65,70,34,40,32,22,15,F,2011
W01001213,Rhondda Cynon Taf 011A,727,42,49,43,42,35,49,48,47,42,34,42,42,47,38,30,33,30,25,9,F,2011
W01001214,Rhondda Cynon Taf 011B,663,31,39,49,33,27,36,30,29,55,48,54,42,47,43,35,26,23,10,6,F,2011
W01001215,Rhondda Cynon Taf 011C,522,29,27,22,27,32,40,33,28,41,36,22,23,39,32,29,25,15,16,6,F,2011
W01001216,Rhondda Cynon Taf 011D,789,61,33,35,62,52,61,41,54,50,50,52,44,48,32,37,27,14,22,14,F,2011
W01001143,Rhondda Cynon Taf 012A,809,53,48,40,49,45,48,53,43,56,68,60,41,54,39,34,39,20,14,5,F,2011
W01001144,Rhondda Cynon Taf 012B,830,56,59,59,56,66,65,55,52,54,51,54,42,43,31,25,33,18,6,5,F,2011
W01001145,Rhondda Cynon Taf 012C,886,62,47,54,50,71,73,65,49,67,59,53,39,34,45,33,37,21,18,9,F,2011
W01001146,Rhondda Cynon Taf 012D,724,38,43,35,30,47,59,45,50,37,52,44,54,45,44,33,26,17,19,6,F,2011
W01001176,Rhondda Cynon Taf 013A,744,51,40,31,61,59,44,41,39,54,52,51,42,50,44,22,33,14,12,4,F,2011
W01001274,Rhondda Cynon Taf 013B,696,52,52,56,43,52,47,52,46,46,37,35,36,40,35,24,25,7,7,4,F,2011
W01001275,Rhondda Cynon Taf 013C,918,45,57,55,54,63,71,54,48,66,64,62,52,46,38,44,43,25,18,13,F,2011
W01001276,Rhondda Cynon Taf 013D,710,38,35,32,61,47,46,37,45,38,61,52,42,48,32,27,33,18,16,2,F,2011
W01001200,Rhondda Cynon Taf 014A,529,24,27,33,33,29,28,24,39,42,39,47,32,20,19,25,20,24,15,9,F,2011
W01001201,Rhondda Cynon Taf 014B,623,31,36,39,33,37,39,37,25,55,32,39,41,36,43,30,25,23,13,9,F,2011
W01001260,Rhondda Cynon Taf 014C,583,37,41,42,26,50,45,31,37,27,33,36,36,37,23,26,24,21,9,2,F,2011
W01001285,Rhondda Cynon Taf 014D,756,32,44,38,39,40,32,46,25,48,44,53,44,53,53,44,31,33,34,23,F,2011
W01001286,Rhondda Cynon Taf 014E,781,36,43,40,58,50,50,45,46,56,64,44,47,48,35,32,30,30,19,8,F,2011
W01001287,Rhondda Cynon Taf 014F,725,31,32,41,65,44,37,38,45,53,62,49,48,53,42,41,21,12,6,5,F,2011
W01001288,Rhondda Cynon Taf 014G,716,45,30,39,52,37,71,32,40,65,39,43,47,47,40,26,28,18,15,2,F,2011
W01001180,Rhondda Cynon Taf 015A,763,74,39,41,51,65,72,41,39,53,45,54,43,36,38,24,21,11,12,4,F,2011
W01001181,Rhondda Cynon Taf 015B,708,28,28,46,47,52,38,29,50,66,61,44,53,52,34,26,24,16,12,2,F,2011
W01001282,Rhondda Cynon Taf 015C,1024,57,49,59,66,70,73,48,57,79,80,74,52,50,63,42,46,31,18,10,F,2011
W01001283,Rhondda Cynon Taf 015D,789,41,42,45,35,48,46,45,45,58,54,59,49,62,44,39,31,26,16,4,F,2011
W01001284,Rhondda Cynon Taf 015E,569,33,35,47,36,30,37,40,46,58,60,37,23,29,27,12,7,6,6,0,F,2011
W01001166,Rhondda Cynon Taf 016A,660,37,35,37,45,54,46,34,40,40,36,57,36,35,41,32,21,16,9,9,F,2011
W01001167,Rhondda Cynon Taf 016B,774,55,48,51,44,56,51,44,39,48,51,41,49,57,40,37,21,27,12,3,F,2011
W01001247,Rhondda Cynon Taf 016C,865,53,54,53,54,44,64,46,37,77,48,51,48,49,50,46,41,25,19,6,F,2011
W01001248,Rhondda Cynon Taf 016D,991,45,41,76,55,78,56,61,69,72,84,35,51,73,46,43,39,28,26,13,F,2011
W01001171,Rhondda Cynon Taf 017A,654,32,20,41,42,26,40,33,37,50,46,50,58,47,30,27,28,21,16,10,F,2011
W01001229,Rhondda Cynon Taf 017B,686,36,28,39,38,41,47,38,25,66,46,58,56,38,32,37,27,12,20,2,F,2011
W01001230,Rhondda Cynon Taf 017C,808,39,46,41,40,39,49,41,55,58,49,60,51,37,39,32,43,30,25,34,F,2011
W01001231,Rhondda Cynon Taf 017D,794,48,45,37,51,52,65,49,46,51,62,51,41,42,39,32,35,23,19,6,F,2011
W01001280,Rhondda Cynon Taf 017E,836,47,35,52,74,75,43,54,44,54,53,45,45,51,40,36,25,32,22,9,F,2011
W01001281,Rhondda Cynon Taf 017F,867,52,42,45,49,53,64,42,55,62,57,53,47,57,47,50,39,25,18,10,F,2011
W01001217,Rhondda Cynon Taf 018A,603,44,46,40,28,45,35,34,37,43,41,34,39,40,28,20,21,13,14,1,F,2011
W01001218,Rhondda Cynon Taf 018B,780,47,38,40,55,46,56,41,42,55,73,57,49,49,32,25,28,25,11,11,F,2011
W01001219,Rhondda Cynon Taf 018C,665,30,28,31,34,52,44,37,36,37,39,52,41,44,28,32,26,23,31,20,F,2011
W01001220,Rhondda Cynon Taf 018D,757,39,45,51,39,41,50,54,47,56,60,34,46,53,38,43,22,14,21,4,F,2011
W01001259,Rhondda Cynon Taf 018E,871,58,56,37,52,51,60,50,49,48,53,56,39,59,50,38,45,32,26,12,F,2011
W01001261,Rhondda Cynon Taf 018F,628,41,21,40,34,73,42,46,35,42,27,38,31,42,34,32,16,14,17,3,F,2011
W01001164,Rhondda Cynon Taf 019A,789,53,47,55,48,50,69,63,45,64,50,49,31,41,42,21,25,22,13,1,F,2011
W01001165,Rhondda Cynon Taf 019B,693,40,44,39,43,39,47,37,53,59,55,46,43,44,35,22,13,14,19,1,F,2011
W01001256,Rhondda Cynon Taf 019C,622,52,26,28,26,39,53,33,49,37,28,40,39,40,31,22,21,25,20,13,F,2011
W01001257,Rhondda Cynon Taf 019D,648,24,29,38,35,25,21,31,36,52,49,53,39,54,38,35,29,29,14,17,F,2011
W01001258,Rhondda Cynon Taf 019E,653,42,25,26,31,36,57,37,50,38,57,36,41,29,31,24,38,26,22,7,F,2011
W01001172,Rhondda Cynon Taf 020A,770,47,42,50,51,48,47,51,40,57,49,57,37,52,42,34,31,20,8,7,F,2011
W01001173,Rhondda Cynon Taf 020B,687,41,28,37,48,44,46,32,41,51,53,43,41,45,48,31,20,17,12,9,F,2011
W01001174,Rhondda Cynon Taf 020C,737,47,41,42,49,59,52,32,47,50,45,63,44,37,35,30,22,21,13,8,F,2011
W01001232,Rhondda Cynon Taf 020D,704,34,33,36,51,44,57,31,43,38,59,38,47,52,39,25,19,20,22,16,F,2011
W01001182,Rhondda Cynon Taf 021A,744,59,47,40,42,56,69,51,43,60,59,38,31,42,30,34,15,11,14,3,F,2011
W01001183,Rhondda Cynon Taf 021B,490,30,18,15,28,67,57,49,32,28,27,28,11,18,14,15,15,16,11,11,F,2011
W01001227,Rhondda Cynon Taf 021C,677,36,46,27,39,32,36,41,39,50,51,52,41,68,46,28,23,13,8,1,F,2011
W01001228,Rhondda Cynon Taf 021D,754,29,40,34,44,27,32,42,45,56,52,48,44,65,65,46,36,25,14,10,F,2011
W01001234,Rhondda Cynon Taf 021E,745,47,29,42,32,55,46,41,44,53,66,49,58,55,33,29,32,20,11,3,F,2011
W01001235,Rhondda Cynon Taf 021F,890,60,38,46,53,35,54,62,54,65,64,38,38,33,53,38,45,43,36,35,F,2011
W01001236,Rhondda Cynon Taf 021G,791,44,56,57,33,42,44,44,50,67,51,56,39,45,38,39,34,30,18,4,F,2011
W01001185,Rhondda Cynon Taf 022A,829,58,35,41,46,56,54,63,42,48,42,61,58,55,43,38,37,21,19,12,F,2011
W01001237,Rhondda Cynon Taf 022B,791,60,38,59,57,52,50,43,36,49,43,44,47,54,40,36,30,26,20,7,F,2011
W01001238,Rhondda Cynon Taf 022C,901,70,71,81,72,84,62,60,61,67,48,41,37,55,33,33,17,7,2,0,F,2011
W01001262,Rhondda Cynon Taf 022D,633,34,35,29,43,143,66,53,28,22,27,23,32,30,19,15,11,13,6,4,F,2011
W01001263,Rhondda Cynon Taf 022E,782,19,20,27,58,322,74,30,27,25,24,31,17,23,16,20,21,13,9,6,F,2011
W01001264,Rhondda Cynon Taf 022F,882,9,13,17,202,350,59,25,19,20,32,17,21,20,27,12,13,8,11,7,F,2011
W01001178,Rhondda Cynon Taf 023A,883,53,52,41,72,69,64,56,50,55,58,72,54,42,42,39,27,18,13,6,F,2011
W01001179,Rhondda Cynon Taf 023B,896,52,46,51,65,65,59,48,51,67,81,64,48,50,42,50,28,18,7,4,F,2011
W01001253,Rhondda Cynon Taf 023C,742,43,38,45,53,46,53,45,54,60,60,38,41,54,49,27,17,8,7,4,F,2011
W01001255,Rhondda Cynon Taf 023E,826,36,58,51,48,51,63,53,49,59,73,56,48,50,43,25,26,21,10,6,F,2011
W01001914,Rhondda. Cynon. Taff 023F,910,54,75,78,45,37,44,77,102,109,74,40,39,31,18,19,11,14,21,22,F,2011
W01001917,Rhondda. Cynon. Taff 023G,755,37,36,46,47,52,41,44,44,56,55,58,31,54,51,35,26,24,10,8,F,2011
W01001249,Rhondda Cynon Taf 024A,707,28,35,50,29,33,49,36,36,61,44,47,45,50,41,48,22,28,15,10,F,2011
W01001250,Rhondda Cynon Taf 024B,755,28,39,58,46,36,31,29,37,63,56,52,55,61,48,35,27,18,21,15,F,2011
W01001251,Rhondda Cynon Taf 024C,815,60,57,64,41,65,62,50,57,50,51,54,45,38,39,32,20,23,4,3,F,2011
W01001252,Rhondda Cynon Taf 024D,776,44,40,43,47,51,54,53,52,55,53,55,49,64,40,40,17,6,12,1,F,2011
W01001162,Rhondda Cynon Taf 025A,877,61,62,47,45,62,54,55,64,52,55,44,51,54,50,42,32,20,16,11,F,2011
W01001244,Rhondda Cynon Taf 025B,719,26,28,33,32,17,21,25,28,43,44,50,56,88,68,57,47,31,20,5,F,2011
W01001245,Rhondda Cynon Taf 025C,660,28,30,29,32,30,24,28,38,37,39,52,66,85,68,28,26,12,7,1,F,2011
W01001246,Rhondda Cynon Taf 025D,714,37,35,21,41,31,37,27,43,37,30,41,47,71,61,58,43,26,18,10,F,2011
W01001184,Rhondda Cynon Taf 026A,996,36,46,60,48,44,47,52,54,82,64,74,61,90,50,47,63,35,27,16,F,2011
W01001239,Rhondda Cynon Taf 026B,690,46,35,37,37,48,40,41,48,51,57,45,42,39,34,27,23,24,13,3,F,2011
W01001240,Rhondda Cynon Taf 026C,992,57,26,53,58,58,62,66,65,57,91,74,65,68,40,29,34,27,24,38,F,2011
W01001241,Rhondda Cynon Taf 026D,887,58,42,35,50,69,68,81,66,71,50,55,44,54,43,39,22,21,11,8,F,2011
W01001196,Rhondda Cynon Taf 027B,789,48,41,43,45,48,42,60,56,77,57,67,51,52,39,25,13,6,10,9,F,2011
W01001197,Rhondda Cynon Taf 027C,629,26,41,37,29,21,22,13,36,64,56,56,38,68,43,29,25,15,7,3,F,2011
W01001198,Rhondda Cynon Taf 027D,799,35,56,39,38,39,58,53,61,61,66,56,58,71,41,28,23,13,3,0,F,2011
W01001199,Rhondda Cynon Taf 027E,895,55,49,51,40,46,72,67,64,63,60,64,63,65,56,36,16,15,7,6,F,2011
W01001915,Rhondda. Cynon. Taff 027F,900,63,87,72,60,24,32,73,107,90,71,48,42,35,26,14,11,14,17,14,F,2011
W01001916,Rhondda. Cynon. Taff 027G,788,66,73,57,47,30,44,79,87,89,62,46,40,36,18,7,4,1,2,0,F,2011
W01001157,Rhondda Cynon Taf 028A,727,57,39,30,42,52,61,46,47,44,53,54,55,55,30,35,15,8,1,3,F,2011
W01001158,Rhondda Cynon Taf 028B,745,42,29,39,43,57,50,42,60,56,63,58,46,52,39,22,21,18,6,2,F,2011
W01001159,Rhondda Cynon Taf 028C,660,48,31,48,51,37,45,68,49,54,69,56,35,31,7,11,7,7,2,4,F,2011
W01001277,Rhondda Cynon Taf 028D,625,40,28,41,39,36,27,36,38,53,41,53,53,60,38,12,16,7,5,2,F,2011
W01001278,Rhondda Cynon Taf 028E,566,40,46,44,33,24,46,36,42,44,46,28,26,24,27,19,12,22,7,0,F,2011
W01001279,Rhondda Cynon Taf 028F,633,43,46,35,36,42,43,34,26,44,48,25,31,46,40,38,24,16,14,2,F,2011
W01001160,Rhondda Cynon Taf 029A,797,36,45,38,28,44,62,57,51,49,58,73,44,71,42,36,31,18,9,5,F,2011
W01001161,Rhondda Cynon Taf 029B,1137,83,64,69,59,74,96,97,75,89,88,83,62,70,40,27,24,21,13,3,F,2011
W01001189,Rhondda Cynon Taf 029C,864,74,63,68,34,45,58,74,54,64,62,57,44,62,44,26,15,12,7,1,F,2011
W01001190,Rhondda Cynon Taf 029D,1276,79,84,69,94,63,79,116,92,112,119,86,67,57,48,45,23,22,15,6,F,2011
W01001193,Rhondda Cynon Taf 030A,621,32,33,27,38,34,30,27,37,49,54,42,47,47,44,28,26,15,9,2,F,2011
W01001194,Rhondda Cynon Taf 030B,1094,78,57,57,60,56,78,91,98,93,78,56,61,87,62,34,20,14,12,2,F,2011
W01001195,Rhondda Cynon Taf 030C,756,49,33,29,45,45,41,49,44,69,71,57,53,38,36,46,20,19,6,6,F,2011
W01001242,Rhondda Cynon Taf 030D,680,26,26,36,37,39,32,24,39,53,49,37,44,56,44,47,41,26,18,6,F,2011
W01001243,Rhondda Cynon Taf 030E,720,36,31,34,44,41,33,47,49,45,44,43,44,50,37,35,30,29,33,15,F,2011
W01001191,Rhondda Cynon Taf 031A,1257,96,87,72,54,61,98,107,124,114,83,74,79,78,52,23,29,11,11,4,F,2011
W01001192,Rhondda Cynon Taf 031B,767,68,43,56,26,45,57,53,44,48,40,69,37,38,33,28,39,24,14,5,F,2011
W01001223,Rhondda Cynon Taf 031C,818,40,33,37,50,40,32,55,54,57,74,51,52,56,54,49,40,27,15,2,F,2011
W01001224,Rhondda Cynon Taf 031D,1092,95,96,74,51,37,40,96,146,104,86,62,45,51,41,24,19,14,8,3,F,2011
W01001225,Rhondda Cynon Taf 031E,810,42,42,53,41,15,34,54,64,61,64,48,65,71,51,45,31,15,7,7,F,2011
W01001226,Rhondda Cynon Taf 031F,923,80,55,61,49,40,43,79,88,66,56,58,57,38,45,37,22,25,16,8,F,2011
W06000024,,30053,1701,1528,1743,1884,1956,2188,1732,1730,2182,2249,2060,1751,1922,1464,1275,1051,805,520,312,F,2011
W01001295,Merthyr Tydfil 002A,814,52,37,58,48,63,67,51,45,47,49,53,34,62,39,34,27,22,22,4,F,2011
W01001296,Merthyr Tydfil 002B,858,37,44,54,65,51,55,39,43,88,67,66,52,70,48,35,18,17,6,3,F,2011
W01001297,Merthyr Tydfil 002C,937,56,47,56,46,83,85,68,62,69,89,57,50,39,32,40,28,12,11,7,F,2011
W01001298,Merthyr Tydfil 002D,926,52,49,41,53,75,84,58,50,62,77,57,45,51,47,34,26,30,23,12,F,2011
W01001310,Merthyr Tydfil 002E,830,52,36,47,47,52,61,35,65,54,68,55,52,49,33,43,27,27,15,12,F,2011
W01001311,Merthyr Tydfil 002F,584,44,25,29,36,42,69,38,29,40,33,28,36,30,26,25,25,16,13,0,F,2011
W01001291,Merthyr Tydfil 003A,947,70,55,57,57,57,68,66,64,76,60,76,76,55,34,15,20,9,15,17,F,2011
W01001294,Merthyr Tydfil 003B,828,50,38,37,46,34,60,39,47,60,63,66,51,84,59,40,24,19,8,3,F,2011
W01001305,Merthyr Tydfil 003C,670,29,25,38,49,52,30,33,31,54,51,60,38,36,32,37,27,25,14,9,F,2011
W01001306,Merthyr Tydfil 003D,794,27,30,48,45,42,49,50,35,82,60,74,60,45,37,32,26,30,11,11,F,2011
W01001324,Merthyr Tydfil 003E,1039,38,45,51,46,43,55,50,61,75,80,61,68,96,60,70,47,41,26,26,F,2011
W01001292,Merthyr Tydfil 004A,914,64,53,52,65,67,70,58,60,73,58,64,57,50,25,20,37,25,12,4,F,2011
W01001293,Merthyr Tydfil 004B,858,33,30,45,50,54,74,48,47,54,60,54,54,56,50,49,44,31,15,10,F,2011
W01001307,Merthyr Tydfil 004C,747,34,23,35,34,44,43,41,30,45,49,50,48,59,39,45,43,32,29,24,F,2011
W01001315,Merthyr Tydfil 004D,814,45,32,30,48,53,63,42,37,56,59,58,45,58,41,38,32,33,30,14,F,2011
W01001314,Merthyr Tydfil 005A,1113,58,80,67,48,43,92,81,76,80,82,68,63,72,58,51,38,24,22,10,F,2011
W01001316,Merthyr Tydfil 005B,1448,89,86,76,91,103,125,109,94,122,128,85,67,74,70,43,50,20,11,5,F,2011
W01001317,Merthyr Tydfil 005C,826,40,35,47,54,52,35,32,47,59,75,50,44,71,70,47,33,16,12,7,F,2011
W01001318,Merthyr Tydfil 005D,732,42,36,34,44,41,50,34,48,54,54,47,41,58,35,39,31,24,9,11,F,2011
W01001289,Merthyr Tydfil 006A,710,29,30,36,41,49,47,48,39,49,54,56,41,61,36,27,35,12,13,7,F,2011
W01001302,Merthyr Tydfil 006B,547,32,25,29,39,45,45,24,24,45,38,37,35,37,29,24,13,14,8,4,F,2011
W01001303,Merthyr Tydfil 006C,618,39,46,47,47,52,52,38,25,40,52,39,37,24,21,18,18,13,5,5,F,2011
W01001304,Merthyr Tydfil 006D,751,33,23,55,54,55,49,24,52,50,70,45,38,58,35,36,29,20,13,12,F,2011
W01001312,Merthyr Tydfil 006E,817,37,31,41,46,40,46,30,44,41,60,49,44,51,47,51,44,44,37,34,F,2011
W01001313,Merthyr Tydfil 006F,811,40,49,43,55,56,62,43,45,58,63,64,43,51,39,28,25,25,17,5,F,2011
W01001290,Merthyr Tydfil 007A,935,47,45,60,57,61,63,55,51,75,77,64,71,63,45,36,25,18,10,12,F,2011
W01001319,Merthyr Tydfil 007B,819,26,35,55,52,47,47,48,40,66,87,78,56,62,33,26,24,22,10,5,F,2011
W01001320,Merthyr Tydfil 007C,777,36,39,51,62,43,45,48,56,44,62,59,64,50,27,31,26,19,11,4,F,2011
W01001321,Merthyr Tydfil 007D,824,62,44,56,66,50,66,63,48,59,49,45,42,42,45,22,25,24,11,5,F,2011
W01001322,Merthyr Tydfil 007E,813,55,33,36,45,61,66,51,49,50,55,62,48,63,47,29,26,18,12,7,F,2011
W01001299,Merthyr Tydfil 008A,872,67,53,50,73,73,74,53,51,58,61,59,38,37,38,39,22,21,5,0,F,2011
W01001300,Merthyr Tydfil 008B,935,74,61,45,61,80,81,54,54,64,54,69,42,47,43,40,26,18,16,6,F,2011
W01001301,Merthyr Tydfil 008C,1001,80,76,64,66,60,84,69,48,67,68,60,46,33,44,47,38,35,12,4,F,2011
W01001308,Merthyr Tydfil 008D,699,47,55,76,53,52,47,38,49,51,50,44,24,31,17,23,21,11,9,1,F,2011
W01001309,Merthyr Tydfil 008E,673,43,39,57,48,38,43,35,38,49,29,49,41,50,33,26,17,17,14,7,F,2011
W01001898,Merthyr Tydfil 008F,772,42,38,40,47,43,36,39,46,66,58,52,60,47,50,35,34,21,13,5,F,2011
W06000018,,91144,5469,4999,5340,5702,5307,5801,5636,5731,6712,6499,5964,5548,5984,4798,3887,3199,2166,1567,835,F,2011
W01001374,Caerphilly 001A,744,39,48,47,63,41,44,34,42,63,66,48,35,40,39,38,23,16,15,3,F,2011
W01001375,Caerphilly 001B,765,40,31,48,50,36,57,46,45,51,78,49,39,62,33,29,26,21,17,7,F,2011
W01001376,Caerphilly 001C,792,37,55,47,44,49,70,55,42,51,42,52,38,41,44,36,27,20,25,17,F,2011
W01001406,Caerphilly 001D,963,45,48,43,56,61,63,38,55,67,84,73,60,66,60,55,38,20,16,15,F,2011
W01001428,Caerphilly 001E,667,45,57,34,47,44,42,51,48,32,48,38,36,45,32,35,18,10,3,2,F,2011
W01001429,Caerphilly 001F,597,29,23,35,36,38,32,38,47,36,44,44,40,42,39,21,25,14,10,4,F,2011
W01001360,Caerphilly 002A,689,47,42,40,51,49,33,36,40,56,42,44,34,47,45,30,20,17,7,9,F,2011
W01001361,Caerphilly 002B,644,41,35,48,44,42,49,37,28,50,48,43,27,43,24,44,15,14,7,5,F,2011
W01001384,Caerphilly 002C,823,66,53,27,50,60,76,43,52,49,62,59,44,41,44,32,27,16,13,9,F,2011
W01001385,Caerphilly 002D,807,46,35,45,47,50,50,42,51,52,59,46,46,48,34,43,35,31,29,18,F,2011
W01001386,Caerphilly 002E,869,70,55,51,58,72,56,59,46,62,53,48,36,53,54,34,25,18,15,4,F,2011
W01001325,Caerphilly 003A,770,56,40,42,60,44,55,37,54,53,64,44,43,45,45,29,31,17,9,2,F,2011
W01001326,Caerphilly 003B,1058,83,56,48,61,85,87,64,68,62,57,82,70,65,48,36,37,25,19,5,F,2011
W01001362,Caerphilly 003C,1057,68,51,45,59,57,69,43,46,90,79,59,63,83,64,61,45,42,22,11,F,2011
W01001336,Caerphilly 004A,702,38,23,34,43,48,47,33,32,50,58,53,44,62,38,40,35,12,8,4,F,2011
W01001337,Caerphilly 004B,788,37,37,47,74,39,54,47,44,59,66,60,40,49,42,28,28,16,16,5,F,2011
W01001338,Caerphilly 004C,857,63,47,46,55,58,67,58,51,55,58,51,56,47,33,36,34,22,12,8,F,2011
W01001339,Caerphilly 004D,794,70,56,52,51,60,57,44,31,48,55,44,45,41,27,29,29,18,19,18,F,2011
W01001334,Caerphilly 005A,761,54,50,60,52,43,53,52,43,57,46,52,39,53,39,21,16,16,11,4,F,2011
W01001335,Caerphilly 005B,639,41,41,24,47,41,39,40,44,31,40,58,45,49,33,23,22,7,9,5,F,2011
W01001347,Caerphilly 005C,738,23,30,50,55,27,26,40,43,64,61,55,38,50,48,37,40,21,20,10,F,2011
W01001351,Caerphilly 005D,752,23,28,42,47,24,28,30,34,64,65,56,61,83,54,38,29,27,14,5,F,2011
W01001356,Caerphilly 006A,631,29,35,41,51,39,26,34,38,55,50,34,30,45,45,28,26,11,8,6,F,2011
W01001357,Caerphilly 006B,796,40,32,49,53,46,43,39,57,71,69,57,53,63,49,29,28,8,7,3,F,2011
W01001358,Caerphilly 006C,782,35,43,46,57,58,47,34,43,51,64,57,45,38,42,44,43,13,20,2,F,2011
W01001359,Caerphilly 006D,777,52,34,41,35,54,57,48,51,43,67,50,58,44,40,29,22,20,15,17,F,2011
W01001390,Caerphilly 006E,926,70,55,61,58,34,49,70,75,77,72,53,60,56,33,35,26,19,10,13,F,2011
W01001391,Caerphilly 006F,844,46,46,41,57,55,58,47,46,70,54,59,49,50,48,39,32,21,19,7,F,2011
W01001352,Caerphilly 007A,960,56,45,75,62,68,61,58,58,79,65,63,58,56,51,42,27,20,10,6,F,2011
W01001353,Caerphilly 007B,805,36,36,40,48,24,31,38,25,56,46,57,78,95,59,48,44,25,13,6,F,2011
W01001387,Caerphilly 007C,648,36,48,39,32,36,46,46,40,41,42,52,29,29,27,37,38,18,8,4,F,2011
W01001388,Caerphilly 007D,985,76,71,76,83,74,57,57,73,75,64,58,49,49,46,36,19,13,8,1,F,2011
W01001389,Caerphilly 007E,581,34,34,30,34,23,39,39,33,42,41,37,32,37,32,38,14,18,9,15,F,2011
W01001414,Caerphilly 008A,820,51,54,65,63,59,60,53,60,68,42,49,47,53,39,29,12,9,5,2,F,2011
W01001415,Caerphilly 008B,918,63,57,52,49,64,61,92,52,60,55,69,51,45,39,35,35,17,13,9,F,2011
W01001416,Caerphilly 008C,750,27,25,32,44,53,49,30,42,41,59,63,46,62,49,39,43,29,16,1,F,2011
W01001417,Caerphilly 008D,745,29,47,56,38,37,59,49,60,66,58,46,67,45,37,32,12,2,4,1,F,2011
W01001418,Caerphilly 008E,755,37,46,33,41,55,61,44,34,59,56,50,45,48,41,44,27,17,11,6,F,2011
W01001348,Caerphilly 009A,980,53,60,82,80,46,58,70,85,66,66,49,41,66,41,34,31,24,15,13,F,2011
W01001349,Caerphilly 009B,988,64,71,66,73,50,50,62,97,100,89,59,56,45,31,20,21,17,7,10,F,2011
W01001350,Caerphilly 009C,891,38,47,51,59,34,52,47,61,67,57,66,57,77,50,35,42,30,14,7,F,2011
W01001392,Caerphilly 009D,906,49,43,58,34,40,59,51,62,56,59,55,75,74,61,40,37,23,20,10,F,2011
W01001380,Caerphilly 010A,909,50,36,57,50,53,71,41,61,58,74,56,65,67,46,34,42,24,18,6,F,2011
W01001381,Caerphilly 010B,778,44,48,50,60,49,49,37,48,60,51,40,54,71,28,27,28,20,13,1,F,2011
W01001382,Caerphilly 010C,846,29,39,39,37,48,37,42,43,58,63,63,48,54,69,46,35,37,40,19,F,2011
W01001383,Caerphilly 010D,775,44,40,50,32,41,57,43,38,61,44,59,43,46,37,29,47,34,18,12,F,2011
W01001401,Caerphilly 011A,983,45,45,39,59,57,62,52,48,56,64,56,81,71,71,41,47,28,38,23,F,2011
W01001402,Caerphilly 011B,866,51,60,76,53,44,74,65,53,59,59,50,52,40,34,28,27,17,20,4,F,2011
W01001403,Caerphilly 011C,819,44,61,52,42,57,52,66,54,58,49,55,60,45,29,20,24,16,18,17,F,2011
W01001404,Caerphilly 011D,694,25,30,37,32,25,17,42,33,44,52,50,49,88,64,41,33,16,12,4,F,2011
W01001405,Caerphilly 011E,957,74,66,46,61,46,58,60,70,79,57,56,58,51,47,39,37,18,23,11,F,2011
W01001363,Caerphilly 012A,762,53,41,37,70,47,52,38,51,66,63,58,55,28,27,28,23,17,5,3,F,2011
W01001364,Caerphilly 012B,980,74,69,83,72,47,72,64,74,62,67,44,66,52,36,14,22,26,18,18,F,2011
W01001365,Caerphilly 012C,1093,84,57,82,80,66,58,84,64,82,85,78,64,61,44,24,27,25,19,9,F,2011
W01001369,Caerphilly 012D,1137,50,51,63,64,54,63,54,62,69,95,98,89,87,73,56,40,29,25,15,F,2011
W01001377,Caerphilly 013A,804,45,35,42,49,41,34,42,41,59,57,56,62,74,58,45,36,17,9,2,F,2011
W01001378,Caerphilly 013B,845,31,33,51,59,47,29,35,51,67,55,55,38,75,50,40,42,40,27,20,F,2011
W01001379,Caerphilly 013C,735,40,42,39,24,33,38,54,56,63,58,50,44,56,40,49,25,14,6,4,F,2011
W01001432,Caerphilly 013D,1136,72,69,73,49,94,97,93,76,76,71,55,49,91,40,47,34,16,17,17,F,2011
W01001433,Caerphilly 013E,749,51,41,42,39,48,40,48,39,48,42,45,37,41,46,44,45,29,16,8,F,2011
W01001434,Caerphilly 013F,718,34,43,44,48,31,23,52,68,67,59,55,44,41,33,25,26,13,10,2,F,2011
W01001327,Caerphilly 014A,1086,76,51,55,57,72,100,74,83,87,93,71,55,74,41,25,22,28,17,5,F,2011
W01001328,Caerphilly 014B,797,48,55,59,45,38,53,47,61,55,45,50,56,50,37,24,35,10,19,10,F,2011
W01001329,Caerphilly 014C,816,43,54,44,57,53,54,44,52,49,65,51,44,49,37,45,31,26,12,6,F,2011
W01001354,Caerphilly 014D,833,56,38,42,42,64,55,67,56,55,58,40,64,58,28,35,30,18,19,8,F,2011
W01001355,Caerphilly 015A,805,35,31,30,42,45,46,43,40,63,50,40,42,63,51,45,49,40,33,17,F,2011
W01001430,Caerphilly 015B,1222,73,62,95,70,74,76,91,81,100,89,69,58,67,59,49,50,30,16,13,F,2011
W01001431,Caerphilly 015C,806,42,43,42,54,51,44,49,55,67,62,50,40,60,46,34,22,22,11,12,F,2011
W01001407,Caerphilly 016A,715,40,28,37,33,63,43,51,42,59,64,61,47,59,31,27,15,9,5,1,F,2011
W01001408,Caerphilly 016B,790,49,42,69,59,39,57,64,50,58,56,40,53,46,35,25,19,13,9,7,F,2011
W01001409,Caerphilly 016C,877,42,42,45,64,52,49,50,46,60,61,68,52,54,58,46,46,21,14,7,F,2011
W01001410,Caerphilly 016D,915,44,41,57,51,54,72,68,55,70,56,61,46,59,58,48,37,15,17,6,F,2011
W01001411,Caerphilly 017A,890,44,20,32,63,39,55,44,57,61,60,63,50,64,60,54,33,32,36,23,F,2011
W01001412,Caerphilly 017B,855,38,33,35,48,61,51,53,53,59,57,72,44,62,51,47,32,27,25,7,F,2011
W01001413,Caerphilly 017C,961,47,59,52,69,61,50,54,59,76,73,49,60,68,48,43,39,23,22,9,F,2011
W01001330,Caerphilly 018A,728,32,49,44,41,36,45,52,51,48,54,48,37,45,40,33,29,15,19,10,F,2011
W01001331,Caerphilly 018B,903,71,54,56,75,59,101,66,44,63,53,63,46,52,36,23,20,9,9,3,F,2011
W01001332,Caerphilly 018C,948,85,47,62,81,62,83,56,54,58,70,66,42,51,32,43,22,20,10,4,F,2011
W01001333,Caerphilly 018D,845,70,78,66,61,55,63,65,56,67,55,50,37,39,38,17,9,9,7,3,F,2011
W01001366,Caerphilly 019A,853,58,42,43,38,43,67,55,50,63,66,54,65,63,60,38,24,14,6,4,F,2011
W01001367,Caerphilly 019B,750,36,45,38,47,40,61,49,50,60,69,43,37,56,39,36,22,10,9,3,F,2011
W01001368,Caerphilly 019C,797,61,45,43,64,36,47,44,59,62,58,57,65,44,35,30,18,17,11,1,F,2011
W01001393,Caerphilly 019D,675,38,41,22,45,47,54,35,40,39,54,42,47,31,48,33,30,18,8,3,F,2011
W01001397,Caerphilly 019E,873,63,50,55,58,57,55,53,49,75,71,66,65,36,40,41,16,14,9,0,F,2011
W01001400,Caerphilly 019F,767,61,66,59,47,45,55,57,60,59,48,48,40,39,20,21,25,8,8,1,F,2011
W01001340,Caerphilly 020A,897,55,53,57,42,44,32,47,64,86,74,61,60,80,50,35,20,25,5,7,F,2011
W01001341,Caerphilly 020B,957,42,50,58,65,65,45,61,46,61,64,80,52,68,44,47,42,48,11,8,F,2011
W01001344,Caerphilly 020C,872,38,46,40,51,62,40,35,53,76,64,47,63,50,54,45,46,24,24,14,F,2011
W01001346,Caerphilly 020D,793,40,49,48,42,39,54,45,53,45,55,41,43,52,44,54,34,25,24,6,F,2011
W01001342,Caerphilly 021A,603,41,35,31,32,18,35,46,29,55,53,32,39,35,44,25,22,15,11,5,F,2011
W01001343,Caerphilly 021B,601,25,38,30,45,18,18,24,43,58,46,48,51,50,32,29,22,14,7,3,F,2011
W01001345,Caerphilly 021C,807,94,62,60,57,86,67,54,55,57,33,40,32,34,31,20,9,10,3,3,F,2011
W01001419,Caerphilly 021D,758,37,39,41,38,36,31,40,49,60,64,69,70,58,36,36,28,11,10,5,F,2011
W01001371,Caerphilly 022A,769,59,34,49,39,46,58,52,44,57,52,58,41,60,45,32,15,13,11,4,F,2011
W01001372,Caerphilly 022B,1031,71,52,71,65,47,59,81,79,71,58,63,69,83,63,37,28,19,12,3,F,2011
W01001373,Caerphilly 022C,852,55,42,51,45,58,58,71,49,56,61,57,50,43,57,25,26,23,13,12,F,2011
W01001420,Caerphilly 022D,675,39,30,36,42,49,43,32,24,53,57,55,53,54,42,24,20,14,6,2,F,2011
W01001421,Caerphilly 022E,818,57,50,66,59,57,65,57,47,49,43,54,55,44,40,31,20,12,10,2,F,2011
W01001422,Caerphilly 022F,806,63,44,49,52,31,59,36,29,56,47,45,44,47,81,49,39,19,13,3,F,2011
W01001370,Caerphilly 023A,871,34,32,32,55,46,37,48,56,62,53,59,52,79,58,46,46,42,23,11,F,2011
W01001394,Caerphilly 023B,672,42,39,43,40,35,26,55,48,61,53,54,56,51,37,15,12,2,3,0,F,2011
W01001395,Caerphilly 023C,763,39,46,42,48,26,37,41,38,45,62,43,56,57,43,42,36,30,22,10,F,2011
W01001396,Caerphilly 023D,869,66,57,62,60,55,56,72,63,57,51,48,60,47,38,18,23,18,14,4,F,2011
W01001399,Caerphilly 023E,665,40,23,32,47,30,43,38,39,50,47,41,56,53,37,25,30,18,15,1,F,2011
W01001398,Caerphilly 024A,1242,112,74,68,79,71,129,139,118,111,98,68,45,53,26,14,9,12,9,7,F,2011
W01001423,Caerphilly 024B,725,33,35,26,28,28,29,41,37,44,42,44,61,67,64,50,37,35,19,5,F,2011
W01001424,Caerphilly 024C,800,46,29,29,53,46,43,45,42,56,49,52,44,49,48,44,41,30,24,30,F,2011
W01001425,Caerphilly 024D,830,52,39,39,49,53,43,44,62,57,66,42,52,32,45,53,43,30,13,16,F,2011
W01001426,Caerphilly 024E,682,35,29,37,38,27,31,42,41,64,39,62,43,48,42,47,25,15,12,5,F,2011
W01001427,Caerphilly 024F,929,80,80,70,39,43,67,72,112,115,66,59,46,30,18,17,7,4,2,2,F,2011
W06000019,,35502,1893,1817,2000,2346,2340,2221,1989,2038,2744,2608,2343,2048,2278,1995,1543,1293,931,672,403,F,2011
W01001440,Blaenau Gwent 001A,716,41,38,54,32,34,47,43,45,50,42,57,43,54,32,37,34,13,13,7,F,2011
W01001441,Blaenau Gwent 001B,635,37,22,35,60,36,62,31,32,45,36,48,36,34,19,25,23,14,26,14,F,2011
W01001442,Blaenau Gwent 001C,628,42,30,32,37,33,33,25,40,46,56,44,44,41,44,33,18,14,10,6,F,2011
W01001470,Blaenau Gwent 001D,752,39,27,24,38,46,35,34,62,51,59,55,42,58,65,45,37,18,14,3,F,2011
W01001471,Blaenau Gwent 001E,898,67,51,57,65,69,59,45,46,83,58,50,52,58,45,32,30,15,11,5,F,2011
W01001446,Blaenau Gwent 002A,661,27,23,31,45,27,43,29,39,53,47,44,42,33,38,22,33,26,34,25,F,2011
W01001447,Blaenau Gwent 002B,806,62,62,63,54,59,61,53,40,67,52,54,34,45,30,23,25,14,6,2,F,2011
W01001448,Blaenau Gwent 002C,586,19,15,27,30,42,42,27,36,52,36,40,27,40,46,23,36,21,16,11,F,2011
W01001449,Blaenau Gwent 002D,731,52,25,26,33,58,55,25,42,42,52,52,50,57,38,33,30,28,20,13,F,2011
W01001472,Blaenau Gwent 003A,725,27,35,35,56,39,27,35,40,67,58,62,40,45,41,32,38,27,17,4,F,2011
W01001473,Blaenau Gwent 003B,753,43,33,54,58,59,45,43,40,53,39,52,43,53,51,26,27,15,17,2,F,2011
W01001474,Blaenau Gwent 003C,764,46,37,45,46,46,36,42,45,57,52,65,44,64,47,45,18,20,6,3,F,2011
W01001475,Blaenau Gwent 003D,626,42,28,26,31,46,46,43,32,50,57,38,37,37,30,28,25,17,9,4,F,2011
W01001480,Blaenau Gwent 003E,779,35,44,40,58,45,35,41,51,44,66,41,44,55,51,33,44,28,16,8,F,2011
W01001438,Blaenau Gwent 004A,746,19,22,42,59,38,26,27,45,54,57,48,52,58,46,41,43,30,17,22,F,2011
W01001439,Blaenau Gwent 004B,845,36,34,47,54,58,46,41,46,69,71,57,51,62,56,49,32,19,13,4,F,2011
W01001456,Blaenau Gwent 004C,698,36,43,39,48,49,52,41,31,65,42,31,37,47,47,35,19,15,14,7,F,2011
W01001457,Blaenau Gwent 004D,929,57,61,53,78,59,68,48,48,69,69,50,60,80,32,28,27,21,13,8,F,2011
W01001458,Blaenau Gwent 004E,766,34,33,39,57,43,57,46,50,65,61,54,30,51,51,36,26,13,15,5,F,2011
W01001443,Blaenau Gwent 005A,656,24,21,32,36,42,41,42,28,46,62,40,35,52,55,27,22,29,13,9,F,2011
W01001444,Blaenau Gwent 005B,994,49,69,66,66,52,58,71,44,86,85,74,50,60,60,40,26,22,9,7,F,2011
W01001445,Blaenau Gwent 005C,765,46,47,59,46,53,46,43,46,47,66,53,34,34,50,29,22,23,12,9,F,2011
W01001467,Blaenau Gwent 005D,1013,61,69,69,69,53,59,61,71,93,75,57,56,58,57,37,36,13,15,4,F,2011
W01001468,Blaenau Gwent 005E,699,29,40,47,35,51,37,43,35,57,60,47,43,48,33,35,23,16,13,7,F,2011
W01001469,Blaenau Gwent 005F,644,39,44,47,34,54,44,37,39,53,42,46,46,38,25,23,14,12,7,0,F,2011
W01001462,Blaenau Gwent 006A,796,49,51,38,59,47,50,46,50,62,65,50,34,45,48,31,28,25,8,10,F,2011
W01001463,Blaenau Gwent 006B,990,57,49,53,61,62,74,51,57,93,62,67,57,64,69,23,37,26,20,8,F,2011
W01001478,Blaenau Gwent 006C,756,32,34,39,56,52,38,41,38,74,68,49,43,49,41,35,31,21,10,5,F,2011
W01001479,Blaenau Gwent 006D,797,50,64,52,46,59,52,50,44,47,34,57,53,51,41,31,32,19,15,0,F,2011
W01001481,Blaenau Gwent 006E,781,37,30,42,43,54,42,42,50,43,58,50,41,45,50,34,41,35,22,22,F,2011
W01001450,Blaenau Gwent 007A,666,31,24,42,41,42,38,30,49,49,43,48,53,36,46,32,21,25,10,6,F,2011
W01001451,Blaenau Gwent 007B,722,40,42,31,42,53,57,42,39,51,50,43,38,48,35,39,25,21,15,11,F,2011
W01001452,Blaenau Gwent 007C,760,36,47,46,45,53,39,50,56,72,70,54,64,44,25,25,17,7,3,7,F,2011
W01001459,Blaenau Gwent 007D,583,34,35,49,53,44,43,40,36,49,40,31,26,24,31,26,10,8,3,1,F,2011
W01001460,Blaenau Gwent 007E,870,58,37,50,47,48,72,69,61,55,67,48,40,51,47,30,22,24,26,18,F,2011
W01001461,Blaenau Gwent 007F,716,30,33,42,44,54,47,48,35,68,52,44,37,30,46,34,18,20,20,14,F,2011
W01001435,Blaenau Gwent 008A,716,22,40,42,53,58,57,24,48,57,70,60,38,44,23,33,25,8,8,6,F,2011
W01001436,Blaenau Gwent 008B,704,35,29,44,48,58,37,38,31,43,49,54,41,33,34,38,33,30,14,15,F,2011
W01001437,Blaenau Gwent 008C,795,37,46,53,50,60,43,44,46,60,57,61,42,49,44,37,23,22,17,4,F,2011
W01001453,Blaenau Gwent 008D,792,48,55,42,59,39,37,51,49,50,53,45,68,52,39,44,16,17,23,5,F,2011
W01001454,Blaenau Gwent 008E,737,38,30,40,56,46,50,45,37,51,63,55,43,46,37,31,27,27,8,7,F,2011
W01001455,Blaenau Gwent 008F,892,50,43,38,55,52,51,64,43,67,55,45,58,48,54,42,40,25,31,31,F,2011
W01001464,Blaenau Gwent 009A,753,42,40,32,59,53,52,49,39,53,48,56,40,48,35,25,32,21,18,11,F,2011
W01001465,Blaenau Gwent 009B,803,62,36,34,55,58,44,53,50,64,48,41,39,75,50,33,23,17,12,9,F,2011
W01001466,Blaenau Gwent 009C,795,40,28,36,55,67,61,37,29,76,60,52,41,53,42,44,34,16,14,10,F,2011
W01001476,Blaenau Gwent 009D,537,31,29,23,36,48,34,26,31,37,41,30,37,27,32,24,23,13,10,5,F,2011
W01001477,Blaenau Gwent 009E,726,25,42,43,58,42,43,33,47,59,55,44,43,54,37,35,27,21,9,9,F,2011
W06000020,,46768,2659,2454,2766,2998,2797,2829,2634,2655,3293,3441,3105,2880,3072,2476,2019,1824,1368,910,588,F,2011
W01001487,Torfaen 001A,757,41,45,44,49,51,36,38,49,58,63,43,36,58,36,40,25,20,19,6,F,2011
W01001488,Torfaen 001B,824,70,49,49,51,61,68,53,54,43,52,35,36,50,43,30,34,17,18,11,F,2011
W01001489,Torfaen 001C,838,47,55,56,48,53,50,61,37,52,45,57,52,62,42,35,32,18,22,14,F,2011
W01001490,Torfaen 001D,667,44,35,35,31,48,38,46,39,49,45,44,33,39,36,36,28,21,12,8,F,2011
W01001482,Torfaen 002A,606,39,39,37,35,35,45,30,44,46,48,41,35,39,28,24,21,10,8,2,F,2011
W01001483,Torfaen 002B,737,46,62,45,61,50,54,33,45,55,42,42,32,38,35,31,34,19,8,5,F,2011
W01001484,Torfaen 002C,900,48,65,50,56,34,64,53,43,65,94,52,54,57,51,42,32,20,16,4,F,2011
W01001485,Torfaen 002D,646,35,27,43,50,31,36,38,42,32,44,33,45,31,50,30,17,30,13,19,F,2011
W01001486,Torfaen 002E,764,48,49,38,49,46,54,50,42,57,49,62,43,45,39,29,20,14,12,18,F,2011
W01001525,Torfaen 003A,776,33,47,64,58,34,41,42,54,62,49,45,47,54,43,30,25,26,15,7,F,2011
W01001529,Torfaen 003B,1025,66,46,54,62,76,52,47,58,86,87,75,52,63,39,52,41,30,22,17,F,2011
W01001530,Torfaen 003C,985,85,85,57,81,96,74,65,50,76,63,55,51,32,54,33,16,9,1,2,F,2011
W01001531,Torfaen 003D,884,62,52,59,63,60,52,56,54,55,63,47,60,50,42,33,36,19,9,12,F,2011
W01001491,Torfaen 004A,936,74,50,39,47,74,69,68,50,54,49,58,54,61,51,52,36,21,19,10,F,2011
W01001496,Torfaen 004B,748,47,35,38,61,53,40,22,51,72,47,51,45,60,44,27,21,13,12,9,F,2011
W01001523,Torfaen 004C,765,42,39,34,56,56,50,50,52,54,77,56,35,49,31,25,24,19,10,6,F,2011
W01001524,Torfaen 004D,900,37,27,46,48,54,53,51,49,66,60,56,60,88,49,35,41,39,26,15,F,2011
W01001540,Torfaen 004E,644,48,28,38,38,48,42,38,32,47,54,49,46,34,23,31,15,19,10,4,F,2011
W01001541,Torfaen 004F,613,31,30,32,42,30,24,32,38,36,56,43,48,45,32,25,25,13,10,21,F,2011
W01001510,Torfaen 005A,805,44,37,42,47,51,40,40,43,52,55,61,53,59,41,40,29,31,25,15,F,2011
W01001511,Torfaen 005B,831,44,34,51,40,39,37,45,49,58,53,53,55,72,59,34,39,32,24,13,F,2011
W01001512,Torfaen 005C,674,22,20,28,28,18,33,22,28,41,43,68,57,82,66,43,35,21,10,9,F,2011
W01001513,Torfaen 005D,749,32,28,37,52,20,23,23,51,66,67,56,53,72,58,41,24,24,13,9,F,2011
W01001514,Torfaen 006A,604,33,23,38,28,25,33,36,29,38,40,45,51,48,39,35,20,19,14,10,F,2011
W01001515,Torfaen 006B,781,54,44,39,47,54,53,56,60,53,58,43,40,42,31,28,31,22,14,12,F,2011
W01001516,Torfaen 006C,726,30,37,37,55,51,42,33,39,59,51,55,48,49,42,29,25,14,18,12,F,2011
W01001517,Torfaen 006D,988,70,60,55,58,58,94,73,77,90,66,54,51,43,45,26,16,27,15,10,F,2011
W01001518,Torfaen 006E,547,15,23,25,22,19,22,17,30,43,36,37,42,61,48,32,37,18,16,4,F,2011
W01001519,Torfaen 007A,670,41,32,42,43,50,55,42,39,33,49,66,41,34,22,21,31,17,11,1,F,2011
W01001520,Torfaen 007B,940,54,43,55,69,64,55,62,50,78,63,58,60,48,53,28,37,20,25,18,F,2011
W01001521,Torfaen 007C,721,33,41,52,45,37,60,40,39,62,55,48,31,45,25,36,32,26,10,4,F,2011
W01001522,Torfaen 007D,881,61,33,59,59,64,51,30,47,72,59,51,46,47,44,28,48,35,24,23,F,2011
W01001537,Torfaen 007E,598,27,23,26,35,28,30,31,27,44,59,49,49,44,46,31,23,13,10,3,F,2011
W01001493,Torfaen 008A,1007,51,47,52,59,51,64,68,49,59,73,70,57,70,55,57,56,35,23,11,F,2011
W01001494,Torfaen 008B,778,22,44,36,46,33,39,33,38,60,61,46,29,58,48,54,63,37,21,10,F,2011
W01001495,Torfaen 008C,965,38,37,45,50,45,43,26,40,57,76,66,50,62,67,58,85,55,38,27,F,2011
W01001507,Torfaen 008D,1063,37,45,63,68,65,52,73,41,63,82,61,51,68,60,73,75,47,31,8,F,2011
W01001501,Torfaen 009A,682,56,39,53,50,49,61,54,59,42,36,46,53,29,17,14,14,7,2,1,F,2011
W01001503,Torfaen 009B,730,57,61,63,49,54,71,50,54,37,45,40,41,31,22,22,16,8,7,2,F,2011
W01001536,Torfaen 009C,652,35,57,50,60,53,52,58,40,44,49,32,24,31,14,10,15,7,11,10,F,2011
W01001538,Torfaen 009D,704,49,43,48,47,45,53,54,36,44,52,35,45,36,33,26,27,16,14,1,F,2011
W01001539,Torfaen 009E,784,47,63,50,39,61,51,50,37,55,56,49,57,36,37,27,37,21,9,2,F,2011
W01001506,Torfaen 010A,682,27,28,44,54,43,19,42,25,56,50,41,42,41,33,34,36,29,25,13,F,2011
W01001526,Torfaen 010B,714,54,40,49,57,59,64,40,38,38,31,30,44,47,43,40,22,5,11,2,F,2011
W01001527,Torfaen 010C,631,39,19,21,20,40,42,22,32,29,37,50,44,42,43,33,35,41,25,17,F,2011
W01001528,Torfaen 010D,582,37,31,37,33,40,32,35,35,36,29,36,29,52,41,31,26,13,7,2,F,2011
W01001532,Torfaen 010E,920,59,54,62,69,61,50,57,57,63,50,55,56,44,35,36,35,42,17,18,F,2011
W01001497,Torfaen 011A,806,45,39,55,66,38,51,45,41,45,56,50,34,51,48,45,29,37,15,16,F,2011
W01001498,Torfaen 011B,613,29,41,46,48,27,27,38,41,41,46,31,32,51,45,32,16,12,6,4,F,2011
W01001499,Torfaen 011C,601,40,27,34,33,48,53,51,35,51,58,37,52,30,22,11,10,6,3,0,F,2011
W01001500,Torfaen 011D,686,31,39,35,44,41,41,43,40,47,75,54,67,51,22,11,10,12,13,10,F,2011
W01001502,Torfaen 011E,687,41,43,46,45,34,35,40,36,52,63,51,60,55,35,17,24,4,4,2,F,2011
W01001492,Torfaen 012A,1200,75,64,81,84,61,70,67,71,86,98,97,75,91,69,40,26,32,9,4,F,2011
W01001533,Torfaen 012B,813,46,32,65,61,37,34,46,59,73,97,73,55,53,29,21,19,6,5,2,F,2011
W01001534,Torfaen 012C,738,36,45,39,41,35,44,42,44,48,55,51,68,55,30,36,27,28,9,5,F,2011
W01001535,Torfaen 012D,668,27,26,37,47,31,47,27,44,70,51,52,51,59,32,22,26,10,8,1,F,2011
W01001504,Torfaen 013A,1068,84,51,56,70,55,84,65,52,73,74,56,56,61,55,54,38,37,27,20,F,2011
W01001505,Torfaen 013B,1068,54,50,66,59,69,47,35,63,90,90,73,72,68,53,47,37,41,34,20,F,2011
W01001508,Torfaen 013C,638,20,12,30,39,23,17,28,22,33,48,47,43,42,48,38,39,43,29,37,F,2011
W01001509,Torfaen 013D,758,20,34,59,46,31,16,22,35,47,62,88,52,57,53,38,31,41,16,10,F,2011
W06000021,,46543,2298,2284,2780,2755,1965,1815,2153,2555,3515,3912,3338,3208,3480,2885,2300,1957,1572,1091,680,F,2011
W01001545,Monmouthshire 001A,785,20,31,40,31,20,17,20,31,36,48,51,64,65,61,59,68,46,40,37,F,2011
W01001548,Monmouthshire 001B,1084,62,46,81,59,35,34,44,60,87,94,76,96,114,60,48,43,14,20,11,F,2011
W01001557,Monmouthshire 001C,990,54,40,43,43,57,59,70,54,79,82,65,47,68,44,51,40,41,38,15,F,2011
W01001571,Monmouthshire 001D,621,21,23,34,33,32,20,18,30,38,58,49,60,56,45,41,27,19,7,10,F,2011
W01001579,Monmouthshire 001E,789,33,25,31,31,35,26,39,33,44,49,69,51,61,53,43,45,59,37,25,F,2011
W01001546,Monmouthshire 002A,792,54,43,65,54,35,48,51,59,68,56,43,49,48,31,26,25,13,19,5,F,2011
W01001558,Monmouthshire 002C,793,35,25,46,38,32,31,36,44,56,47,65,56,55,64,36,40,40,30,17,F,2011
W01001580,Monmouthshire 002E,926,51,53,49,46,40,37,40,59,60,65,64,57,70,62,54,44,35,26,14,F,2011
W01001909,Monmouthshire 002F,1385,104,82,84,64,96,63,71,87,78,110,95,81,103,78,64,39,38,27,21,F,2011
W01001561,Monmouthshire 003A,760,19,30,36,29,10,15,20,19,43,64,44,61,90,72,58,60,47,15,28,F,2011
W01001562,Monmouthshire 003B,709,29,30,38,48,29,19,52,46,63,75,59,58,45,37,31,21,18,7,4,F,2011
W01001563,Monmouthshire 003C,535,19,19,35,35,16,18,26,32,22,38,52,39,41,31,30,36,28,10,8,F,2011
W01001564,Monmouthshire 003D,1199,52,60,88,63,52,44,44,57,74,97,88,68,93,85,81,59,50,30,14,F,2011
W01001569,Monmouthshire 003E,743,39,27,39,45,39,24,27,41,45,54,49,55,65,56,45,42,29,15,7,F,2011
W01001552,Monmouthshire 004A,791,28,37,56,42,18,21,26,26,55,60,66,75,68,72,53,34,29,18,7,F,2011
W01001553,Monmouthshire 004B,1420,95,95,99,97,52,60,74,91,153,127,86,75,90,68,66,40,19,21,12,F,2011
W01001554,Monmouthshire 004C,846,43,23,77,113,38,37,31,35,45,43,50,39,34,47,44,38,47,29,33,F,2011
W01001576,Monmouthshire 004D,563,41,15,33,35,28,35,31,41,49,51,27,34,37,35,23,15,18,10,5,F,2011
W01001577,Monmouthshire 004E,710,37,27,24,40,23,34,26,35,36,48,46,41,45,30,34,49,53,52,30,F,2011
W01001599,Monmouthshire 004F,1099,47,55,67,52,34,37,62,51,76,99,62,69,93,66,71,59,33,47,19,F,2011
W01001566,Monmouthshire 005A,610,17,28,42,28,26,25,28,31,47,47,51,62,48,50,29,19,18,8,6,F,2011
W01001567,Monmouthshire 005B,534,16,17,22,34,15,22,12,16,33,35,53,55,57,34,28,36,21,16,12,F,2011
W01001568,Monmouthshire 005C,908,32,49,63,48,35,20,25,47,68,75,81,76,91,60,48,39,25,12,14,F,2011
W01001575,Monmouthshire 005D,597,31,31,27,32,8,22,26,25,47,53,46,66,58,46,34,18,14,8,5,F,2011
W01001581,Monmouthshire 005E,998,42,38,51,61,39,21,30,42,62,94,78,74,76,87,50,52,44,36,21,F,2011
W01001555,Monmouthshire 006A,629,16,34,41,45,23,15,11,29,48,54,52,54,56,41,35,38,16,13,8,F,2011
W01001556,Monmouthshire 006B,623,30,44,35,34,18,23,34,39,48,42,52,49,48,34,34,28,17,10,4,F,2011
W01001560,Monmouthshire 006C,638,20,22,38,52,24,13,22,33,50,66,61,50,64,51,31,20,13,6,2,F,2011
W01001565,Monmouthshire 006D,917,35,51,47,71,26,25,26,41,65,103,67,71,87,54,59,35,26,15,13,F,2011
W01001596,Monmouthshire 006E,511,24,22,30,15,12,13,16,19,34,27,31,28,39,31,40,42,33,31,24,F,2011
W01001597,Monmouthshire 006F,756,36,35,47,42,30,37,34,48,65,55,51,60,46,49,43,35,18,20,5,F,2011
W01001549,Monmouthshire 007A,726,29,23,50,43,23,23,26,31,51,65,69,70,79,58,31,23,21,8,3,F,2011
W01001583,Monmouthshire 007B,814,44,40,50,48,21,12,35,31,66,66,69,60,70,70,50,38,24,13,7,F,2011
W01001585,Monmouthshire 007C,687,41,32,35,43,26,21,28,43,60,52,35,57,54,40,31,21,35,23,10,F,2011
W01001586,Monmouthshire 007D,1320,99,91,76,82,45,40,55,116,129,124,97,68,81,63,37,43,37,20,17,F,2011
W01001594,Monmouthshire 007E,719,30,39,41,28,20,18,23,33,47,88,72,52,55,48,33,29,23,16,24,F,2011
W01001595,Monmouthshire 007F,661,24,31,49,43,23,14,21,24,50,63,53,58,61,55,36,22,18,10,6,F,2011
W01001559,Monmouthshire 008A,698,29,33,38,37,38,25,27,34,43,50,42,44,54,49,50,27,37,26,15,F,2011
W01001584,Monmouthshire 008B,963,51,53,60,64,56,46,69,55,87,80,52,59,55,41,39,25,38,25,8,F,2011
W01001587,Monmouthshire 008C,956,64,36,39,49,58,66,85,68,68,52,61,36,60,34,40,41,40,35,24,F,2011
W01001592,Monmouthshire 008D,909,72,81,56,71,63,69,70,68,74,76,44,24,40,31,22,14,15,14,5,F,2011
W01001593,Monmouthshire 008E,909,53,44,60,74,50,55,64,51,88,99,63,38,44,32,34,24,20,14,2,F,2011
W01001542,Monmouthshire 009A,884,36,35,49,46,31,40,29,54,79,72,79,64,67,64,33,40,25,18,23,F,2011
W01001543,Monmouthshire 009B,733,29,51,48,52,22,21,37,46,72,70,45,52,61,46,31,27,10,9,4,F,2011
W01001578,Monmouthshire 009C,1045,40,36,54,67,43,46,40,62,79,105,85,85,68,78,56,39,37,16,9,F,2011
W01001590,Monmouthshire 009D,1087,39,44,76,70,32,21,36,48,77,106,93,95,104,92,56,42,28,21,7,F,2011
W01001551,Monmouthshire 010C,604,31,48,43,33,22,31,31,33,50,53,40,26,28,35,26,27,31,14,2,F,2011
W01001588,Monmouthshire 010D,880,41,32,41,51,43,29,39,45,69,79,49,58,73,69,54,51,28,20,9,F,2011
W01001589,Monmouthshire 010E,733,38,28,33,41,40,50,42,37,45,46,66,58,58,46,32,36,19,15,3,F,2011
W01001598,Monmouthshire 010F,831,54,44,51,42,57,49,46,50,61,60,35,56,56,39,31,29,25,25,21,F,2011
W01001908,Monmouthshire 010G,1099,68,48,43,59,79,58,52,46,66,71,85,64,65,85,69,57,45,24,15,F,2011
W01001572,Monmouthshire 011A,811,31,41,64,50,31,24,37,45,79,78,55,61,58,41,25,28,33,17,13,F,2011
W01001573,Monmouthshire 011B,739,30,46,50,43,40,24,30,46,59,100,55,57,48,41,22,22,16,6,4,F,2011
W01001574,Monmouthshire 011C,739,41,47,33,39,40,44,48,49,73,72,47,55,47,33,27,23,15,6,0,F,2011
W01001582,Monmouthshire 011D,939,46,79,65,63,51,43,60,65,97,92,51,47,45,34,25,25,21,18,12,F,2011
W01001591,Monmouthshire 011E,796,56,45,68,57,34,31,51,74,72,77,67,44,38,27,21,18,10,5,1,F,2011
W06000022,,74389,4670,4270,4551,4826,5080,4945,4533,4411,5492,5471,4695,3921,4297,3547,2998,2579,1960,1361,782,F,2011
W01001623,Newport 001A,780,30,33,47,44,45,38,32,41,49,70,56,45,54,38,35,31,36,37,19,F,2011
W01001624,Newport 001B,678,26,39,63,42,23,25,35,49,57,59,60,48,44,24,19,16,18,10,21,F,2011
W01001625,Newport 001C,646,23,31,37,47,25,17,28,26,61,56,49,50,49,37,44,21,25,14,6,F,2011
W01001626,Newport 001D,683,28,21,39,41,37,31,25,26,43,59,53,51,57,58,44,34,20,14,2,F,2011
W01001627,Newport 001E,783,18,41,57,52,47,26,28,28,71,69,72,64,73,50,37,18,17,10,5,F,2011
W01001628,Newport 001F,571,19,23,24,39,48,29,28,24,46,34,31,27,41,34,35,36,21,23,9,F,2011
W01001651,Newport 002A,777,12,46,39,35,44,25,23,42,57,60,59,47,66,57,49,54,28,20,14,F,2011
W01001652,Newport 002B,949,67,56,69,75,56,62,52,60,62,69,38,47,43,44,37,29,24,35,24,F,2011
W01001653,Newport 002C,746,35,33,51,37,34,20,34,51,58,55,41,40,72,58,51,41,16,13,6,F,2011
W01001654,Newport 002D,846,57,56,49,43,43,49,54,57,59,66,57,34,55,37,45,37,28,12,8,F,2011
W01001655,Newport 002E,832,40,44,47,47,40,31,48,43,60,63,52,54,80,56,45,29,30,17,6,F,2011
W01001617,Newport 003A,665,54,36,53,44,58,50,41,28,47,39,33,24,34,53,39,17,8,3,4,F,2011
W01001618,Newport 003B,574,32,23,22,42,41,39,26,26,42,61,37,22,31,35,46,28,8,9,4,F,2011
W01001619,Newport 003C,717,50,47,49,60,65,66,30,37,63,53,35,19,43,53,26,14,2,3,2,F,2011
W01001620,Newport 003D,626,33,41,54,54,54,38,48,38,58,31,31,19,31,40,32,10,5,4,5,F,2011
W01001621,Newport 003E,725,46,24,56,45,63,47,32,38,65,43,44,33,49,60,36,17,8,10,9,F,2011
W01001622,Newport 003F,661,42,26,38,45,47,49,37,33,53,66,33,30,52,36,26,16,14,9,9,F,2011
W01001639,Newport 004A,989,57,65,92,68,31,46,44,68,109,101,69,60,51,58,24,16,19,9,2,F,2011
W01001640,Newport 004B,589,19,17,25,22,26,13,21,19,33,64,51,40,58,51,52,26,26,21,5,F,2011
W01001641,Newport 004C,686,17,32,46,47,19,24,20,32,48,68,63,53,67,52,38,21,21,11,7,F,2011
W01001649,Newport 004D,723,30,43,35,35,32,42,30,37,51,49,66,54,58,53,39,28,30,8,3,F,2011
W01001650,Newport 004E,768,51,44,37,51,58,62,58,47,46,73,48,48,32,32,32,21,19,5,4,F,2011
W01001614,Newport 005A,790,51,33,36,59,39,42,47,42,53,42,43,44,42,49,33,30,45,39,21,F,2011
W01001615,Newport 005B,795,57,54,47,56,40,46,45,53,79,52,48,45,36,27,24,26,20,31,9,F,2011
W01001616,Newport 005C,731,40,22,33,41,41,38,37,26,62,55,69,56,50,38,21,34,29,31,8,F,2011
W01001678,Newport 005D,782,56,50,49,51,42,56,42,49,51,69,54,52,48,37,29,18,16,9,4,F,2011
W01001601,Newport 006A,732,43,50,56,61,65,55,48,56,72,56,45,33,21,26,15,10,6,12,2,F,2011
W01001681,Newport 006B,674,58,33,23,40,54,73,49,41,39,47,45,26,29,13,30,29,24,11,10,F,2011
W01001682,Newport 006C,702,36,28,43,35,34,35,37,35,61,59,38,39,45,37,36,23,35,26,20,F,2011
W01001683,Newport 006D,573,32,38,36,38,41,44,32,40,67,40,31,25,25,19,21,20,15,6,3,F,2011
W01001684,Newport 006E,718,53,39,31,34,57,73,62,43,54,60,60,41,35,24,11,18,18,2,3,F,2011
W01001675,Newport 007A,776,52,44,50,61,67,56,44,43,62,72,39,42,37,27,22,20,18,14,6,F,2011
W01001676,Newport 007B,817,56,48,55,46,84,83,74,58,57,45,55,32,42,21,16,19,14,8,4,F,2011
W01001677,Newport 007C,752,56,31,30,30,34,61,51,47,46,54,37,48,50,57,43,27,30,12,8,F,2011
W01001679,Newport 007D,590,33,29,34,34,31,26,26,34,40,58,40,41,44,38,16,21,20,19,6,F,2011
W01001680,Newport 007E,630,33,35,45,36,47,47,54,28,54,47,51,37,34,15,19,28,8,7,5,F,2011
W01001606,Newport 008A,674,29,41,34,46,32,38,28,25,54,49,58,35,43,37,44,34,27,13,7,F,2011
W01001608,Newport 008B,776,33,43,51,53,51,35,32,46,71,70,46,39,50,38,50,27,20,19,2,F,2011
W01001663,Newport 008C,821,45,47,41,47,36,39,29,33,50,60,61,49,45,45,60,68,40,13,13,F,2011
W01001665,Newport 008D,872,46,41,38,54,56,35,51,45,47,63,50,32,61,50,53,48,52,30,20,F,2011
W01001669,Newport 009A,668,18,30,47,47,19,15,15,26,65,62,77,61,60,50,32,19,15,5,5,F,2011
W01001670,Newport 009B,1182,94,75,87,63,40,41,90,99,108,95,70,67,74,44,40,27,25,26,17,F,2011
W01001672,Newport 009C,913,66,49,76,35,42,34,52,62,86,65,54,53,51,47,29,39,21,32,20,F,2011
W01001673,Newport 009D,724,18,28,32,34,38,32,25,35,39,69,42,65,66,66,47,43,20,15,10,F,2011
W01001674,Newport 009E,772,45,35,51,40,34,41,44,49,49,55,53,47,51,43,27,36,32,22,18,F,2011
W01001664,Newport 010A,730,55,46,39,44,52,47,37,33,43,55,46,38,33,17,35,55,32,15,8,F,2011
W01001666,Newport 010B,794,58,58,50,55,44,57,38,35,49,68,38,32,40,26,40,57,21,11,17,F,2011
W01001667,Newport 010C,713,49,47,60,55,48,62,33,35,61,50,39,34,33,29,41,25,9,1,2,F,2011
W01001668,Newport 010D,564,44,31,41,40,30,43,26,23,39,42,31,32,24,33,25,29,17,10,4,F,2011
W01001611,Newport 011A,691,59,34,51,48,51,46,41,46,58,48,50,35,28,29,22,22,9,8,6,F,2011
W01001612,Newport 011B,758,47,44,32,45,63,62,40,36,52,53,53,45,42,34,40,32,16,14,8,F,2011
W01001613,Newport 011C,798,51,59,50,54,30,55,63,53,70,68,47,36,39,26,31,25,25,9,7,F,2011
W01001691,Newport 011D,741,37,44,44,47,48,71,56,44,53,39,55,45,33,26,22,22,27,11,17,F,2011
W01001692,Newport 011E,932,82,59,56,65,102,93,71,73,50,61,47,40,34,25,22,19,15,13,5,F,2011
W01001600,Newport 012A,805,44,43,40,28,29,38,33,45,69,43,51,55,54,70,45,47,33,21,17,F,2011
W01001602,Newport 012B,795,37,38,31,39,33,25,47,47,52,53,59,56,56,56,49,38,37,26,16,F,2011
W01001603,Newport 012C,692,45,35,40,30,41,47,56,45,55,50,41,36,49,25,19,22,29,14,13,F,2011
W01001604,Newport 012D,750,33,39,43,29,31,24,27,38,61,51,48,57,53,44,42,51,36,35,8,F,2011
W01001642,Newport 013A,882,97,33,45,49,80,92,69,60,40,60,56,48,48,26,28,19,19,10,3,F,2011
W01001643,Newport 013B,773,81,65,65,63,54,75,66,54,49,51,44,37,23,13,12,6,5,5,5,F,2011
W01001644,Newport 013C,1339,131,94,70,68,172,205,127,93,71,68,64,39,42,27,24,18,15,9,2,F,2011
W01001690,Newport 013D,1116,94,72,67,76,100,121,112,89,83,65,56,42,33,24,37,16,13,9,7,F,2011
W01001693,Newport 013E,770,55,61,50,56,88,80,71,44,46,40,45,28,32,19,27,18,6,4,0,F,2011
W01001605,Newport 014A,638,35,37,32,33,39,48,34,46,40,47,32,31,49,29,17,32,24,20,13,F,2011
W01001685,Newport 014B,792,65,41,25,32,98,71,72,56,48,61,47,21,43,31,20,22,23,10,6,F,2011
W01001686,Newport 014C,722,38,31,49,36,49,47,52,39,48,66,40,34,41,29,27,20,23,29,24,F,2011
W01001687,Newport 014D,785,54,37,34,39,78,91,76,59,49,44,49,37,38,32,18,21,11,12,6,F,2011
W01001607,Newport 015A,769,86,62,75,61,65,54,51,64,47,64,42,32,14,17,16,13,3,1,2,F,2011
W01001609,Newport 015B,810,72,73,52,79,74,65,47,48,70,59,43,32,32,16,7,18,14,7,2,F,2011
W01001610,Newport 015C,639,43,27,39,56,38,42,43,31,54,41,45,30,45,31,27,23,11,10,3,F,2011
W01001645,Newport 015D,708,43,47,55,52,47,49,41,42,64,61,55,40,37,25,17,17,8,5,3,F,2011
W01001646,Newport 015E,1085,57,48,55,191,221,58,38,51,51,29,39,53,59,31,41,23,23,10,7,F,2011
W01001647,Newport 015F,760,30,28,32,48,47,41,33,35,49,53,65,39,56,59,60,47,24,12,2,F,2011
W01001648,Newport 015G,801,41,46,51,56,59,41,34,42,67,58,58,38,40,38,40,38,29,15,10,F,2011
W01001635,Newport 016A,698,34,43,49,45,24,20,33,42,65,66,53,49,57,48,18,28,13,8,3,F,2011
W01001637,Newport 016B,884,38,63,60,55,36,30,48,58,83,56,52,41,69,48,37,41,29,28,12,F,2011
W01001638,Newport 016C,604,21,42,42,38,22,19,20,42,55,50,42,38,40,46,38,24,12,11,2,F,2011
W01001671,Newport 016D,902,39,49,48,38,56,64,75,52,71,63,45,49,63,42,50,32,36,22,8,F,2011
W01001629,Newport 017A,728,30,19,36,35,28,37,32,30,43,53,51,43,46,61,36,43,45,37,23,F,2011
W01001630,Newport 017B,743,31,34,33,39,31,35,28,34,39,52,40,45,50,46,42,66,51,33,14,F,2011
W01001631,Newport 017C,745,41,26,53,40,28,43,50,45,55,51,50,48,51,45,33,23,28,21,14,F,2011
W01001632,Newport 017D,718,39,41,52,48,32,40,39,50,51,65,39,41,46,30,23,17,23,32,10,F,2011
W01001659,Newport 018A,868,68,79,74,53,52,76,75,56,55,50,53,37,33,31,18,13,16,16,13,F,2011
W01001660,Newport 018B,800,62,45,52,73,77,70,44,46,55,48,58,33,23,23,27,24,15,12,13,F,2011
W01001661,Newport 018C,1274,98,69,67,185,309,145,90,51,53,35,36,46,21,20,15,16,13,5,0,F,2011
W01001662,Newport 018D,688,59,46,35,55,56,61,34,46,42,35,28,33,39,36,20,32,20,8,3,F,2011
W01001633,Newport 019A,803,77,71,69,52,57,53,67,57,51,55,36,42,36,25,23,15,8,5,4,F,2011
W01001634,Newport 019B,825,57,67,64,52,50,52,65,47,58,72,40,32,50,42,31,23,11,10,2,F,2011
W01001688,Newport 019C,1381,132,98,77,82,100,149,148,97,108,108,80,75,52,32,16,15,4,5,3,F,2011
W01001689,Newport 019D,970,61,87,64,60,49,66,62,47,56,56,51,29,52,49,49,50,39,22,21,F,2011
W01001636,Newport 020A,948,62,78,67,65,36,46,66,95,111,94,71,33,43,34,11,15,15,3,3,F,2011
W01001657,Newport 020C,748,45,54,52,45,35,35,37,53,68,80,73,42,44,27,30,12,8,7,1,F,2011
W01001658,Newport 020D,992,60,70,66,69,28,42,59,71,94,79,77,55,57,39,36,34,30,14,12,F,2011
W01001912,Newport 020E,746,43,35,32,30,31,54,51,55,47,55,48,45,81,56,37,31,8,5,2,F,2011
W01001913,Newport 020F,694,74,31,32,37,72,84,88,66,40,48,43,25,15,16,8,6,6,2,1,F,2011
